1.2    -1.11796    0.000101337    -0.629992    -2.6426    0.147538
1.20202    -1.11816    0.000385713    -0.629614    -2.64097    0.148878
1.20596    -1.11855    0.000817944    -0.628882    -2.63777    0.151451
1.2117    -1.1191    0.00135765    -0.62782    -2.63314    0.155127
1.2191    -1.11978    0.00196243    -0.626457    -2.6272    0.159742
1.22799    -1.12054    0.00259082    -0.624828    -2.6201    0.165115
1.2382    -1.12134    0.00320491    -0.622969    -2.612    0.171061
1.24956    -1.12216    0.00377218    -0.620917    -2.60305    0.177399
1.26189    -1.12296    0.00426677    -0.618709    -2.59344    0.183961
1.27499    -1.12371    0.00466994    -0.616381    -2.5833    0.190598
1.28871    -1.12439    0.00497002    -0.613969    -2.57279    0.197183
1.30286    -1.12499    0.00516191    -0.611503    -2.56206    0.203611
1.31727    -1.12549    0.00524616    -0.609016    -2.55123    0.209801
1.33181    -1.12589    0.00522804    -0.606533    -2.54043    0.215691
1.34632    -1.12619    0.00511641    -0.60408    -2.52975    0.221239
1.36067    -1.12639    0.00492269    -0.601676    -2.5193    0.226418
1.37475    -1.12651    0.00465994    -0.599342    -2.50914    0.231215
1.38845    -1.12654    0.00434199    -0.597093    -2.49936    0.235625
1.40168    -1.12651    0.00398279    -0.594941    -2.49    0.239653
1.41434    -1.12641    0.00359584    -0.592899    -2.48112    0.243311
1.42638    -1.12627    0.00319385    -0.590975    -2.47275    0.246612
1.43772    -1.12609    0.00278834    -0.589176    -2.46492    0.249574
1.44831    -1.12588    0.00238957    -0.587508    -2.45767    0.252216
1.45812    -1.12566    0.00200637    -0.585975    -2.45099    0.254557
1.46711    -1.12543    0.00164609    -0.584578    -2.44492    0.256617
1.47525    -1.1252    0.0013147    -0.583321    -2.43945    0.258415
1.48253    -1.12497    0.00101674    -0.582203    -2.43459    0.259968
1.48893    -1.12477    0.00075548    -0.581225    -2.43033    0.261293
1.49445    -1.12458    0.000532974    -0.580385    -2.42667    0.262406
1.49908    -1.12441    0.000350188    -0.579682    -2.42361    0.263319
1.50283    -1.12427    0.000207112    -0.579114    -2.42114    0.264045
1.50572    -1.12416    0.000102871    -0.578678    -2.41924    0.264595
1.50776    -1.12409    3.58467e-05    -0.578371    -2.41791    0.264978
1.50896    -1.12404    3.77936e-06    -0.57819    -2.41712    0.265203
1.50935    -1.12403    3.87956e-06    -0.578132    -2.41686    0.265275
1.50895    -1.12404    3.29252e-05    -0.578191    -2.41712    0.265202
1.5078    -1.12409    8.73562e-05    -0.578365    -2.41788    0.264986
1.50593    -1.12416    0.000163362    -0.578647    -2.41911    0.264633
1.50336    -1.12425    0.000256967    -0.579035    -2.42079    0.264145
1.50014    -1.12437    0.000364104    -0.579521    -2.42291    0.263524
1.49631    -1.12451    0.000480693    -0.580102    -2.42544    0.262774
1.49192    -1.12466    0.000602705    -0.580771    -2.42835    0.261897
1.48699    -1.12483    0.000726231    -0.581522    -2.43162    0.260893
1.48158    -1.125    0.000847544    -0.58235    -2.43522    0.259766
1.47574    -1.12518    0.000963157    -0.583248    -2.43912    0.258517
1.46951    -1.12536    0.00106987    -0.584209    -2.4433    0.257151
1.46295    -1.12554    0.00116485    -0.585226    -2.44773    0.255669
1.4561    -1.12571    0.00124562    -0.586292    -2.45237    0.254078
1.44901    -1.12587    0.00131017    -0.5874    -2.45719    0.252383
1.44175    -1.12602    0.00135694    -0.588541    -2.46215    0.25059
1.43436    -1.12615    0.00138486    -0.589709    -2.46723    0.248708
1.42689    -1.12626    0.0013934    -0.590895    -2.47239    0.246746
1.4194    -1.12636    0.00138253    -0.59209    -2.47759    0.244715
1.41194    -1.12644    0.00135275    -0.593287    -2.48279    0.242628
1.40456    -1.12649    0.00130507    -0.594477    -2.48797    0.240499
1.39731    -1.12653    0.00124097    -0.595651    -2.49308    0.238343
1.39024    -1.12654    0.00116238    -0.596802    -2.49809    0.236178
1.3834    -1.12654    0.00107159    -0.597922    -2.50296    0.234022
1.37683    -1.12652    0.000971239    -0.599002    -2.50765    0.231895
1.37057    -1.12648    0.000864163    -0.600034    -2.51214    0.229816
1.36467    -1.12644    0.000753355    -0.601012    -2.5164    0.227806
1.35916    -1.12638    0.000641848    -0.601929    -2.52039    0.225886
1.35408    -1.12631    0.000532617    -0.602778    -2.52408    0.224075
1.34945    -1.12624    0.000428477    -0.603554    -2.52746    0.222392
1.34529    -1.12617    0.000331987    -0.604253    -2.5305    0.220857
1.34164    -1.1261    0.000245367    -0.604869    -2.53318    0.219483
1.33849    -1.12604    0.000170424    -0.6054    -2.53549    0.218286
1.33588    -1.12598    0.000108496    -0.605844    -2.53742    0.217277
1.33378    -1.12593    6.04196e-05    -0.606198    -2.53897    0.216465
1.33222    -1.1259    2.65142e-05    -0.606463    -2.54012    0.215854
1.33119    -1.12587    6.59532e-06    -0.606639    -2.54088    0.215447
1.33068    -1.12586    2.72983e-09    -0.606726    -2.54126    0.215243
1.33067    -1.12586    5.65151e-06    -0.606728    -2.54127    0.215239
1.33114    -1.12587    2.20979e-05    -0.606647    -2.54092    0.215428
1.33209    -1.12589    4.76172e-05    -0.606487    -2.54022    0.215799
1.33347    -1.12593    8.02893e-05    -0.606251    -2.5392    0.216342
1.33527    -1.12597    0.000118087    -0.605946    -2.53787    0.217043
1.33745    -1.12602    0.00015896    -0.605577    -2.53626    0.217886
1.33998    -1.12607    0.000200921    -0.605149    -2.5344    0.218854
1.34282    -1.12613    0.000242109    -0.604669    -2.53231    0.219932
1.34595    -1.12618    0.000280854    -0.604143    -2.53002    0.2211
1.34931    -1.12624    0.000315723    -0.603577    -2.52756    0.222342
1.35288    -1.12629    0.000345549    -0.602979    -2.52496    0.223641
1.35661    -1.12634    0.000369451    -0.602355    -2.52225    0.22498
1.36046    -1.12639    0.000386837    -0.601712    -2.51945    0.226344
1.36441    -1.12643    0.0003974    -0.601055    -2.51659    0.227717
1.36841    -1.12647    0.000401099    -0.600391    -2.5137    0.229087
1.37243    -1.1265    0.000398132    -0.599726    -2.51081    0.230441
1.37643    -1.12652    0.000388911    -0.599066    -2.50793    0.231768
1.38039    -1.12653    0.000374018    -0.598414    -2.5051    0.233058
1.38427    -1.12654    0.000354176    -0.597777    -2.50233    0.234304
1.38805    -1.12654    0.000330207    -0.597159    -2.49964    0.235497
1.3917    -1.12654    0.000302997    -0.596564    -2.49705    0.236632
1.39519    -1.12654    0.00027346    -0.595995    -2.49458    0.237703
1.39851    -1.12652    0.000242508    -0.595456    -2.49223    0.238706
1.40163    -1.12651    0.000211022    -0.594949    -2.49003    0.239639
1.40455    -1.12649    0.000179831    -0.594477    -2.48798    0.240498
1.40724    -1.12647    0.000149687    -0.594043    -2.48609    0.241282
1.40969    -1.12646    0.000121255    -0.593647    -2.48436    0.241989
1.4119    -1.12644    9.51008e-05    -0.593291    -2.48282    0.24262
1.41386    -1.12642    7.16823e-05    -0.592977    -2.48145    0.243174
1.41556    -1.1264    5.13471e-05    -0.592704    -2.48026    0.243651
1.417    -1.12639    3.43324e-05    -0.592474    -2.47926    0.244052
1.41817    -1.12637    2.07678e-05    -0.592285    -2.47844    0.244378
1.41909    -1.12636    1.06807e-05    -0.592139    -2.4778    0.244631
1.41975    -1.12636    4.00341e-06    -0.592034    -2.47735    0.244812
1.42015    -1.12635    5.82811e-07    -0.59197    -2.47707    0.244922
1.4203    -1.12635    1.90617e-07    -0.591945    -2.47696    0.244964
1.42021    -1.12635    2.535e-06    -0.591959    -2.47702    0.24494
1.41989    -1.12635    7.27276e-06    -0.59201    -2.47725    0.244852
1.41935    -1.12636    1.40218e-05    -0.592097    -2.47762    0.244703
1.4186    -1.12637    2.23738e-05    -0.592217    -2.47814    0.244496
1.41765    -1.12638    3.19063e-05    -0.592369    -2.47881    0.244233
1.41652    -1.12639    4.21948e-05    -0.592551    -2.4796    0.243918
1.41521    -1.12641    5.28237e-05    -0.59276    -2.48051    0.243553
1.41376    -1.12642    6.33969e-05    -0.592994    -2.48152    0.243143
1.41216    -1.12643    7.35464e-05    -0.593251    -2.48264    0.242691
1.41044    -1.12645    8.29411e-05    -0.593528    -2.48385    0.242201
1.40861    -1.12646    9.12927e-05    -0.593822    -2.48513    0.241677
1.40669    -1.12648    9.83617e-05    -0.594132    -2.48647    0.241122
1.4047    -1.12649    0.000103961    -0.594453    -2.48787    0.240542
1.40265    -1.1265    0.000107956    -0.594784    -2.48931    0.23994
1.40057    -1.12651    0.000110272    -0.595122    -2.49078    0.239322
1.39846    -1.12652    0.000110883    -0.595463    -2.49226    0.238692
1.39635    -1.12653    0.000109819    -0.595807    -2.49376    0.238054
1.39425    -1.12654    0.000107157    -0.596149    -2.49524    0.237414
1.39217    -1.12654    0.000103021    -0.596487    -2.49672    0.236777
1.39013    -1.12654    9.75683e-05    -0.596819    -2.49816    0.236146
1.38815    -1.12654    9.09921e-05    -0.597143    -2.49957    0.235528
1.38624    -1.12654    8.35079e-05    -0.597456    -2.50093    0.234925
1.3844    -1.12654    7.53481e-05    -0.597757    -2.50224    0.234344
1.38266    -1.12654    6.67538e-05    -0.598042    -2.50348    0.233788
1.38102    -1.12653    5.79672e-05    -0.598311    -2.50465    0.23326
1.37949    -1.12653    4.92237e-05    -0.598562    -2.50574    0.232766
1.37808    -1.12653    4.07452e-05    -0.598794    -2.50675    0.232308
1.3768    -1.12652    3.27336e-05    -0.599005    -2.50767    0.231888
1.37565    -1.12651    2.53661e-05    -0.599194    -2.50849    0.23151
1.37464    -1.12651    1.87901e-05    -0.599361    -2.50922    0.231176
1.37377    -1.1265    1.31211e-05    -0.599505    -2.50984    0.230888
1.37305    -1.1265    8.43992e-06    -0.599625    -2.51036    0.230646
1.37246    -1.1265    4.79264e-06    -0.599721    -2.51078    0.230452
1.37203    -1.12649    2.19101e-06    -0.599793    -2.5111    0.230305
1.37173    -1.12649    6.14096e-07    -0.599843    -2.51131    0.230205
1.37157    -1.12649    1.09722e-08    -0.599869    -2.51143    0.230152
1.37155    -1.12649    3.04226e-07    -0.599872    -2.51144    0.230145
1.37166    -1.12649    1.39415e-06    -0.599854    -2.51136    0.230183
1.3719    -1.12649    3.16343e-06    -0.599815    -2.51119    0.230262
1.37225    -1.1265    5.48207e-06    -0.599756    -2.51093    0.230381
1.37272    -1.1265    8.21251e-06    -0.599678    -2.5106    0.230538
1.3733    -1.1265    1.12145e-05    -0.599583    -2.51018    0.23073
1.37397    -1.12651    1.435e-05    -0.599472    -2.5097    0.230954
1.37473    -1.12651    1.74872e-05    -0.599346    -2.50916    0.231206
1.37557    -1.12651    2.05045e-05    -0.599208    -2.50855    0.231483
1.37648    -1.12652    2.32937e-05    -0.599058    -2.5079    0.231782
1.37745    -1.12652    2.57623e-05    -0.598899    -2.50721    0.2321
1.37847    -1.12653    2.78353e-05    -0.598731    -2.50648    0.232433
1.37953    -1.12653    2.94565e-05    -0.598557    -2.50572    0.232777
1.38061    -1.12653    3.05884e-05    -0.598378    -2.50494    0.23313
1.38172    -1.12654    3.12126e-05    -0.598196    -2.50415    0.233488
1.38285    -1.12654    3.13281e-05    -0.598012    -2.50335    0.233848
1.38397    -1.12654    3.09506e-05    -0.597827    -2.50255    0.234207
1.38509    -1.12654    3.01105e-05    -0.597644    -2.50175    0.234562
1.38619    -1.12654    2.88506e-05    -0.597464    -2.50097    0.23491
1.38726    -1.12654    2.72242e-05    -0.597288    -2.5002    0.23525
1.38831    -1.12654    2.52924e-05    -0.597117    -2.49946    0.235579
1.38932    -1.12654    2.31214e-05    -0.596952    -2.49874    0.235894
1.39029    -1.12654    2.07805e-05    -0.596794    -2.49805    0.236194
1.3912    -1.12654    1.83394e-05    -0.596645    -2.4974    0.236478
1.39206    -1.12654    1.58664e-05    -0.596505    -2.49679    0.236743
1.39286    -1.12654    1.3426e-05    -0.596374    -2.49623    0.23699
1.39359    -1.12654    1.10775e-05    -0.596255    -2.49571    0.237215
1.39426    -1.12654    8.8736e-06    -0.596146    -2.49523    0.23742
1.39486    -1.12654    6.85926e-06    -0.596049    -2.49481    0.237602
1.39539    -1.12653    5.07097e-06    -0.595963    -2.49444    0.237762
1.39584    -1.12653    3.53622e-06    -0.59589    -2.49412    0.2379
1.39622    -1.12653    2.27343e-06    -0.595828    -2.49385    0.238014
1.39652    -1.12653    1.29198e-06    -0.595779    -2.49364    0.238106
1.39675    -1.12653    5.9261e-07    -0.595742    -2.49348    0.238175
1.3969    -1.12653    1.6799e-07    -0.595717    -2.49337    0.238221
1.39698    -1.12653    3.51362e-09    -0.595704    -2.49331    0.238246
1.39699    -1.12653    7.82081e-08    -0.595702    -2.4933    0.23825
1.39694    -1.12653    3.65782e-07    -0.595711    -2.49334    0.238233
1.39682    -1.12653    8.35745e-07    -0.59573    -2.49343    0.238196
1.39663    -1.12653    1.45457e-06    -0.59576    -2.49356    0.238141
1.39639    -1.12653    2.18688e-06    -0.5958    -2.49373    0.238067
1.39609    -1.12653    2.99655e-06    -0.595848    -2.49394    0.237977
1.39575    -1.12653    3.84785e-06    -0.595904    -2.49418    0.237872
1.39535    -1.12653    4.70641e-06    -0.595968    -2.49446    0.237752
1.39492    -1.12654    5.54015e-06    -0.596039    -2.49477    0.23762
1.39445    -1.12654    6.32004e-06    -0.596116    -2.4951    0.237476
1.39394    -1.12654    7.02075e-06    -0.596198    -2.49546    0.237321
1.39341    -1.12654    7.62114e-06    -0.596285    -2.49584    0.237158
1.39286    -1.12654    8.10461e-06    -0.596375    -2.49623    0.236988
1.39228    -1.12654    8.4593e-06    -0.596468    -2.49663    0.236813
1.3917    -1.12654    8.67811e-06    -0.596563    -2.49705    0.236632
1.39111    -1.12654    8.75862e-06    -0.59666    -2.49747    0.23645
1.39052    -1.12654    8.70285e-06    -0.596757    -2.49789    0.236266
1.38992    -1.12654    8.51692e-06    -0.596853    -2.49831    0.236082
1.38934    -1.12654    8.21059e-06    -0.596949    -2.49873    0.235899
1.38876    -1.12654    7.79676e-06    -0.597043    -2.49913    0.23572
1.3882    -1.12654    7.29088e-06    -0.597134    -2.49953    0.235544
1.38766    -1.12654    6.71027e-06    -0.597223    -2.49992    0.235374
1.38714    -1.12654    6.07356e-06    -0.597308    -2.50029    0.235211
1.38665    -1.12654    5.39997e-06    -0.597389    -2.50064    0.235055
1.38618    -1.12654    4.70872e-06    -0.597465    -2.50097    0.234908
1.38574    -1.12654    4.01845e-06    -0.597537    -2.50128    0.23477
1.38534    -1.12654    3.34666e-06    -0.597602    -2.50157    0.234643
1.38498    -1.12654    2.70926e-06    -0.597663    -2.50183    0.234526
1.38464    -1.12654    2.12019e-06    -0.597717    -2.50207    0.234422
1.38435    -1.12654    1.59112e-06    -0.597765    -2.50227    0.234329
1.3841    -1.12654    1.1312e-06    -0.597806    -2.50245    0.234248
1.38389    -1.12654    7.4699e-07    -0.597841    -2.50261    0.23418
1.38371    -1.12654    4.42379e-07    -0.597869    -2.50273    0.234125
1.38358    -1.12654    2.18669e-07    -0.597891    -2.50283    0.234082
1.38349    -1.12654    7.46844e-08    -0.597907    -2.50289    0.234052
1.38343    -1.12654    6.97519e-09    -0.597916    -2.50293    0.234035
1.38341    -1.12654    1.00707e-08    -0.597918    -2.50294    0.234029
1.38343    -1.12654    7.67799e-08    -0.597915    -2.50293    0.234036
1.38349    -1.12654    1.98526e-07    -0.597906    -2.50289    0.234053
1.38358    -1.12654    3.65704e-07    -0.597891    -2.50283    0.234082
1.3837    -1.12654    5.6804e-07    -0.597871    -2.50274    0.234121
1.38385    -1.12654    7.94956e-07    -0.597847    -2.50263    0.234169
1.38403    -1.12654    1.03591e-06    -0.597817    -2.5025    0.234226
1.38423    -1.12654    1.28072e-06    -0.597784    -2.50236    0.234291
1.38446    -1.12654    1.51986e-06    -0.597747    -2.5022    0.234363
1.38471    -1.12654    1.74468e-06    -0.597706    -2.50202    0.234442
1.38497    -1.12654    1.94762e-06    -0.597663    -2.50183    0.234526
1.38525    -1.12654    2.1224e-06    -0.597617    -2.50163    0.234615
1.38555    -1.12654    2.26406e-06    -0.597569    -2.50142    0.234708
1.38585    -1.12654    2.36907e-06    -0.597519    -2.50121    0.234803
1.38616    -1.12654    2.43529e-06    -0.597469    -2.50099    0.234901
1.38647    -1.12654    2.462e-06    -0.597418    -2.50077    0.235
1.38679    -1.12654    2.44975e-06    -0.597366    -2.50054    0.235099
1.3871    -1.12654    2.4003e-06    -0.597315    -2.50032    0.235198
1.38741    -1.12654    2.31645e-06    -0.597264    -2.5001    0.235296
1.38772    -1.12654    2.20191e-06    -0.597214    -2.49988    0.235392
1.38801    -1.12654    2.06109e-06    -0.597165    -2.49967    0.235485
1.3883    -1.12654    1.89895e-06    -0.597118    -2.49946    0.235575
1.38858    -1.12654    1.72076e-06    -0.597073    -2.49927    0.235662
1.38884    -1.12654    1.53199e-06    -0.59703    -2.49908    0.235744
1.38909    -1.12654    1.33804e-06    -0.596989    -2.4989    0.235822
1.38932    -1.12654    1.14416e-06    -0.596951    -2.49874    0.235894
1.38954    -1.12654    9.55255e-07    -0.596916    -2.49858    0.235961
1.38973    -1.12654    7.75776e-07    -0.596884    -2.49845    0.236022
1.38991    -1.12654    6.09613e-07    -0.596856    -2.49832    0.236077
1.39007    -1.12654    4.60018e-07    -0.59683    -2.49821    0.236126
1.3902    -1.12654    3.29548e-07    -0.596808    -2.49811    0.236168
1.39032    -1.12654    2.20039e-07    -0.596789    -2.49803    0.236204
1.39041    -1.12654    1.32598e-07    -0.596774    -2.49796    0.236233
1.39048    -1.12654    6.76179e-08    -0.596762    -2.49791    0.236256
1.39054    -1.12654    2.48171e-08    -0.596753    -2.49787    0.236272
1.39057    -1.12654    3.29111e-09    -0.596748    -2.49785    0.236282
1.39058    -1.12654    1.58239e-09    -0.596746    -2.49784    0.236286
1.39057    -1.12654    1.77608e-08    -0.596747    -2.49785    0.236283
1.39055    -1.12654    4.95128e-08    -0.596752    -2.49787    0.236275
1.3905    -1.12654    9.42359e-08    -0.596759    -2.4979    0.236261
1.39044    -1.12654    1.49135e-07    -0.596769    -2.49794    0.236242
1.39036    -1.12654    2.1132e-07    -0.596782    -2.498    0.236218
1.39027    -1.12654    2.77894e-07    -0.596797    -2.49806    0.236189
1.39016    -1.12654    3.46046e-07    -0.596814    -2.49814    0.236156
1.39005    -1.12654    4.1312e-07    -0.596833    -2.49822    0.23612
1.38992    -1.12654    4.76694e-07    -0.596854    -2.49831    0.236079
1.38978    -1.12654    5.34625e-07    -0.596877    -2.49841    0.236036
1.38963    -1.12654    5.85104e-07    -0.596901    -2.49852    0.235991
1.38948    -1.12654    6.26679e-07    -0.596926    -2.49863    0.235943
1.38932    -1.12654    6.58281e-07    -0.596952    -2.49874    0.235893
1.38916    -1.12654    6.79226e-07    -0.596979    -2.49886    0.235843
1.38899    -1.12654    6.89209e-07    -0.597006    -2.49897    0.235791
1.38882    -1.12654    6.88291e-07    -0.597033    -2.49909    0.235739
1.38866    -1.12654    6.76868e-07    -0.59706    -2.49921    0.235687
1.38849    -1.12654    6.55641e-07    -0.597087    -2.49933    0.235635
1.38833    -1.12654    6.2557e-07    -0.597114    -2.49944    0.235584
1.38817    -1.12654    5.87829e-07    -0.597139    -2.49956    0.235535
1.38802    -1.12654    5.43758e-07    -0.597165    -2.49966    0.235486
1.38787    -1.12654    4.94808e-07    -0.597189    -2.49977    0.23544
1.38773    -1.12654    4.42491e-07    -0.597212    -2.49987    0.235396
1.38759    -1.12654    3.88329e-07    -0.597234    -2.49997    0.235354
1.38747    -1.12654    3.33809e-07    -0.597254    -2.50005    0.235314
1.38735    -1.12654    2.80337e-07    -0.597273    -2.50014    0.235278
1.38725    -1.12654    2.29203e-07    -0.597291    -2.50021    0.235245
1.38715    -1.12654    1.81549e-07    -0.597306    -2.50028    0.235214
1.38707    -1.12654    1.38342e-07    -0.59732    -2.50034    0.235187
1.38699    -1.12654    1.00359e-07    -0.597332    -2.50039    0.235164
1.38693    -1.12654    6.81728e-08    -0.597343    -2.50044    0.235144
1.38688    -1.12654    4.21507e-08    -0.597351    -2.50048    0.235127
1.38683    -1.12654    2.24553e-08    -0.597358    -2.50051    0.235114
1.3868    -1.12654    9.05353e-09    -0.597363    -2.50053    0.235105
1.38678    -1.12654    1.73064e-09    -0.597366    -2.50054    0.235099
1.38678    -1.12654    1.08617e-10    -0.597368    -2.50055    0.235096
1.38678    -1.12654    3.66855e-09    -0.597367    -2.50055    0.235097
1.38679    -1.12654    1.17757e-08    -0.597365    -2.50054    0.235101
1.38681    -1.12654    2.37062e-08    -0.597362    -2.50052    0.235108
1.38684    -1.12654    3.86755e-08    -0.597357    -2.5005    0.235117
1.38688    -1.12654    5.58653e-08    -0.59735    -2.50047    0.23513
1.38693    -1.12654    7.44513e-08    -0.597342    -2.50044    0.235145
1.38699    -1.12654    9.3628e-08    -0.597333    -2.5004    0.235162
1.38705    -1.12654    1.12632e-07    -0.597323    -2.50036    0.235181
1.38711    -1.12654    1.30762e-07    -0.597312    -2.50031    0.235203
1.38719    -1.12654    1.47395e-07    -0.597301    -2.50026    0.235225
1.38726    -1.12654    1.62002e-07    -0.597288    -2.5002    0.23525
1.38734    -1.12654    1.74154e-07    -0.597275    -2.50014    0.235275
1.38743    -1.12654    1.83533e-07    -0.597261    -2.50008    0.235301
1.38751    -1.12654    1.89927e-07    -0.597247    -2.50002    0.235328
1.3876    -1.12654    1.93236e-07    -0.597233    -2.49996    0.235356
1.38769    -1.12654    1.93462e-07    -0.597218    -2.4999    0.235384
1.38778    -1.12654    1.90706e-07    -0.597204    -2.49983    0.235411
1.38787    -1.12654    1.85153e-07    -0.597189    -2.49977    0.235439
1.38795    -1.12654    1.77068e-07    -0.597175    -2.49971    0.235466
1.38804    -1.12654    1.66773e-07    -0.597162    -2.49965    0.235492
1.38812    -1.12654    1.54642e-07    -0.597148    -2.49959    0.235518
1.3882    -1.12654    1.41078e-07    -0.597135    -2.49954    0.235543
1.38827    -1.12654    1.26508e-07    -0.597123    -2.49948    0.235566
1.38834    -1.12654    1.11358e-07    -0.597111    -2.49943    0.235589
1.38841    -1.12654    9.60493e-08    -0.5971    -2.49938    0.23561
1.38847    -1.12654    8.09791e-08    -0.59709    -2.49934    0.235629
1.38853    -1.12654    6.65143e-08    -0.597081    -2.4993    0.235647
1.38858    -1.12654    5.29806e-08    -0.597072    -2.49926    0.235663
1.38863    -1.12654    4.06559e-08    -0.597065    -2.49923    0.235678
1.38867    -1.12654    2.9765e-08    -0.597058    -2.4992    0.23569
1.3887    -1.12654    2.04764e-08    -0.597053    -2.49918    0.235701
1.38873    -1.12654    1.29008e-08    -0.597048    -2.49916    0.23571
1.38875    -1.12654    7.09179e-09    -0.597044    -2.49914    0.235717
1.38877    -1.12654    3.04816e-09    -0.597041    -2.49913    0.235723
1.38878    -1.12654    7.1739e-10    -0.59704    -2.49912    0.235726
1.38879    -1.12654    7.51118e-13    -0.597039    -2.49912    0.235728
1.38879    -1.12654    7.59357e-10    -0.597039    -2.49912    0.235728
1.38878    -1.12654    2.82101e-09    -0.59704    -2.49912    0.235726
1.38877    -1.12654    5.98759e-09    -0.597041    -2.49913    0.235723
1.38876    -1.12654    1.00427e-08    -0.597044    -2.49914    0.235718
1.38874    -1.12654    1.47595e-08    -0.597047    -2.49915    0.235711
1.38871    -1.12654    1.9908e-08    -0.597051    -2.49917    0.235704
1.38868    -1.12654    2.52621e-08    -0.597056    -2.49919    0.235695
1.38865    -1.12654    3.06067e-08    -0.597061    -2.49921    0.235685
1.38862    -1.12654    3.57423e-08    -0.597067    -2.49924    0.235674
1.38858    -1.12654    4.04911e-08    -0.597073    -2.49927    0.235662
1.38854    -1.12654    4.46999e-08    -0.59708    -2.49929    0.235649
1.3885    -1.12654    4.82436e-08    -0.597086    -2.49932    0.235636
1.38845    -1.12654    5.10268e-08    -0.597094    -2.49936    0.235622
1.38841    -1.12654    5.29846e-08    -0.597101    -2.49939    0.235608
1.38836    -1.12654    5.40825e-08    -0.597109    -2.49942    0.235594
1.38831    -1.12654    5.43154e-08    -0.597116    -2.49945    0.235579
1.38827    -1.12654    5.37058e-08    -0.597124    -2.49949    0.235564
1.38822    -1.12654    5.2301e-08    -0.597131    -2.49952    0.23555
1.38817    -1.12654    5.01702e-08    -0.597139    -2.49955    0.235536
1.38813    -1.12654    4.74006e-08    -0.597146    -2.49958    0.235521
1.38809    -1.12654    4.4094e-08    -0.597153    -2.49962    0.235508
1.38804    -1.12654    4.03621e-08    -0.59716    -2.49965    0.235495
1.388    -1.12654    3.6323e-08    -0.597167    -2.49967    0.235482
1.38796    -1.12654    3.20968e-08    -0.597173    -2.4997    0.23547
1.38793    -1.12654    2.78019e-08    -0.597179    -2.49973    0.235459
1.3879    -1.12654    2.35516e-08    -0.597185    -2.49975    0.235448
1.38786    -1.12654    1.9451e-08    -0.59719    -2.49977    0.235438
1.38784    -1.12654    1.55939e-08    -0.597194    -2.49979    0.23543
1.38781    -1.12654    1.20616e-08    -0.597198    -2.49981    0.235422
1.38779    -1.12654    8.92027e-09    -0.597202    -2.49983    0.235415
1.38777    -1.12654    6.22071e-09    -0.597205    -2.49984    0.235409
1.38775    -1.12654    3.9974e-09    -0.597208    -2.49985    0.235404
1.38774    -1.12654    2.2687e-09    -0.59721    -2.49986    0.2354
1.38773    -1.12654    1.03733e-09    -0.597211    -2.49987    0.235397
1.38773    -1.12654    2.9132e-10    -0.597212    -2.49987    0.235395
1.38772    -1.12654    5.38009e-12    -0.597213    -2.49987    0.235394
1.38772    -1.12654    1.42514e-10    -0.597213    -2.49987    0.235394
1.38772    -1.12654    6.55933e-10    -0.597212    -2.49987    0.235395
1.38773    -1.12654    1.49111e-09    -0.597212    -2.49987    0.235396
1.38774    -1.12654    2.58796e-09    -0.59721    -2.49986    0.235399
1.38775    -1.12654    3.88298e-09    -0.597209    -2.49986    0.235402
1.38776    -1.12654    5.31143e-09    -0.597207    -2.49985    0.235406
1.38777    -1.12654    6.80935e-09    -0.597204    -2.49984    0.23541
1.38779    -1.12654    8.3154e-09    -0.597202    -2.49983    0.235415
1.38781    -1.12654    9.77257e-09    -0.597199    -2.49981    0.235421
1.38783    -1.12654    1.11296e-08    -0.597195    -2.4998    0.235427
1.38785    -1.12654    1.2342e-08    -0.597192    -2.49978    0.235434
1.38787    -1.12654    1.33732e-08    -0.597188    -2.49977    0.235441
1.3879    -1.12654    1.41948e-08    -0.597184    -2.49975    0.235448
1.38792    -1.12654    1.4787e-08    -0.597181    -2.49973    0.235456
1.38794    -1.12654    1.51387e-08    -0.597177    -2.49972    0.235464
1.38797    -1.12654    1.52471e-08    -0.597172    -2.4997    0.235471
1.38799    -1.12654    1.51171e-08    -0.597168    -2.49968    0.235479
1.38802    -1.12654    1.47611e-08    -0.597164    -2.49966    0.235487
1.38804    -1.12654    1.41973e-08    -0.59716    -2.49965    0.235494
1.38807    -1.12654    1.34496e-08    -0.597157    -2.49963    0.235502
1.38809    -1.12654    1.25459e-08    -0.597153    -2.49961    0.235509
1.38811    -1.12654    1.15172e-08    -0.597149    -2.4996    0.235516
1.38813    -1.12654    1.03965e-08    -0.597146    -2.49958    0.235523
1.38815    -1.12654    9.21742e-09    -0.597142    -2.49957    0.235529
1.38817    -1.12654    8.01342e-09    -0.597139    -2.49955    0.235535
1.38819    -1.12654    6.81656e-09    -0.597136    -2.49954    0.235541
1.38821    -1.12654    5.65674e-09    -0.597133    -2.49953    0.235546
1.38822    -1.12654    4.56093e-09    -0.597131    -2.49952    0.235551
1.38824    -1.12654    3.5525e-09    -0.597129    -2.49951    0.235555
1.38825    -1.12654    2.65079e-09    -0.597127    -2.4995    0.235559
1.38826    -1.12654    1.87077e-09    -0.597125    -2.49949    0.235562
1.38827    -1.12654    1.22291e-09    -0.597124    -2.49949    0.235565
1.38828    -1.12654    7.13124e-10    -0.597122    -2.49948    0.235567
1.38828    -1.12654    3.42928e-10    -0.597122    -2.49948    0.235569
1.38828    -1.12654    1.09667e-10    -0.597121    -2.49947    0.23557
1.38829    -1.12654    6.88096e-12    -0.597121    -2.49947    0.235571
1.38829    -1.12654    2.47523e-11    -0.597121    -2.49947    0.235571
1.38829    -1.12654    1.50625e-10    -0.597121    -2.49947    0.235571
1.38828    -1.12654    3.69575e-10    -0.597121    -2.49948    0.23557
1.38828    -1.12654    6.65008e-10    -0.597122    -2.49948    0.235569
1.38827    -1.12654    1.01927e-09    -0.597123    -2.49948    0.235567
1.38827    -1.12654    1.41426e-09    -0.597124    -2.49949    0.235565
1.38826    -1.12654    1.83198e-09    -0.597125    -2.49949    0.235563
1.38825    -1.12654    2.25508e-09    -0.597126    -2.4995    0.23556
1.38824    -1.12654    2.66733e-09    -0.597128    -2.4995    0.235557
1.38823    -1.12654    3.05406e-09    -0.59713    -2.49951    0.235554
1.38822    -1.12654    3.40243e-09    -0.597131    -2.49952    0.23555
1.38821    -1.12654    3.70176e-09    -0.597133    -2.49953    0.235546
1.3882    -1.12654    3.94366e-09    -0.597135    -2.49954    0.235543
1.38818    -1.12654    4.12212e-09    -0.597137    -2.49955    0.235539
1.38817    -1.12654    4.23357e-09    -0.597139    -2.49955    0.235535
1.38816    -1.12654    4.27677e-09    -0.597142    -2.49956    0.235531
1.38815    -1.12654    4.25273e-09    -0.597144    -2.49957    0.235526
1.38813    -1.12654    4.16449e-09    -0.597146    -2.49958    0.235522
1.38812    -1.12654    4.01691e-09    -0.597148    -2.49959    0.235518
1.38811    -1.12654    3.81638e-09    -0.59715    -2.4996    0.235514
1.38809    -1.12654    3.57053e-09    -0.597152    -2.49961    0.23551
1.38808    -1.12654    3.28792e-09    -0.597154    -2.49962    0.235507
1.38807    -1.12654    2.9777e-09    -0.597156    -2.49963    0.235503
1.38806    -1.12654    2.64931e-09    -0.597158    -2.49963    0.2355
1.38805    -1.12654    2.31215e-09    -0.597159    -2.49964    0.235496
1.38804    -1.12654    1.97532e-09    -0.597161    -2.49965    0.235493
1.38803    -1.12654    1.64733e-09    -0.597162    -2.49965    0.235491
1.38802    -1.12654    1.33594e-09    -0.597164    -2.49966    0.235488
1.38802    -1.12654    1.04791e-09    -0.597165    -2.49967    0.235486
1.38801    -1.12654    7.88877e-10    -0.597166    -2.49967    0.235484
1.388    -1.12654    5.633e-10    -0.597167    -2.49967    0.235482
1.388    -1.12654    3.74355e-10    -0.597168    -2.49968    0.23548
1.38799    -1.12654    2.23945e-10    -0.597168    -2.49968    0.235479
1.38799    -1.12654    1.12727e-10    -0.597169    -2.49968    0.235478
1.38799    -1.12654    4.01705e-11    -0.597169    -2.49968    0.235478
1.38799    -1.12654    4.65519e-12    -0.597169    -2.49969    0.235477
1.38799    -1.12654    3.59173e-12    -0.597169    -2.49969    0.235477
1.38799    -1.12654    3.35642e-11    -0.597169    -2.49969    0.235477
1.38799    -1.12654    9.04886e-11    -0.597169    -2.49968    0.235478
1.38799    -1.12654    1.6978e-10    -0.597169    -2.49968    0.235478
1.38799    -1.12654    2.66523e-10    -0.597168    -2.49968    0.235479
1.388    -1.12654    3.75643e-10    -0.597168    -2.49968    0.23548
1.388    -1.12654    4.9207e-10    -0.597167    -2.49968    0.235481
1.38801    -1.12654    6.10888e-10    -0.597167    -2.49967    0.235483
1.38801    -1.12654    7.27472e-10    -0.597166    -2.49967    0.235484
1.38802    -1.12654    8.37612e-10    -0.597165    -2.49967    0.235486
1.38802    -1.12654    9.37604e-10    -0.597164    -2.49966    0.235488
1.38803    -1.12654    1.02433e-09    -0.597163    -2.49966    0.23549
1.38803    -1.12654    1.09532e-09    -0.597162    -2.49965    0.235492
1.38804    -1.12654    1.14876e-09    -0.597161    -2.49965    0.235494
1.38805    -1.12654    1.18352e-09    -0.59716    -2.49964    0.235496
1.38805    -1.12654    1.19915e-09    -0.597159    -2.49964    0.235498
1.38806    -1.12654    1.1958e-09    -0.597157    -2.49963    0.2355
1.38807    -1.12654    1.17425e-09    -0.597156    -2.49963    0.235502
1.38808    -1.12654    1.13575e-09    -0.597155    -2.49962    0.235504
1.38808    -1.12654    1.08204e-09    -0.597154    -2.49962    0.235507
1.38809    -1.12654    1.01521e-09    -0.597153    -2.49961    0.235509
1.3881    -1.12654    9.37605e-10    -0.597152    -2.49961    0.235511
1.3881    -1.12654    8.51781e-10    -0.597151    -2.4996    0.235513
1.38811    -1.12654    7.60376e-10    -0.59715    -2.4996    0.235514
1.38811    -1.12654    6.66036e-10    -0.597149    -2.4996    0.235516
1.38812    -1.12654    5.71333e-10    -0.597148    -2.49959    0.235518
1.38812    -1.12654    4.78695e-10    -0.597147    -2.49959    0.235519
1.38813    -1.12654    3.90335e-10    -0.597147    -2.49959    0.235521
1.38813    -1.12654    3.08203e-10    -0.597146    -2.49958    0.235522
1.38813    -1.12654    2.33945e-10    -0.597146    -2.49958    0.235523
1.38814    -1.12654    1.6887e-10    -0.597145    -2.49958    0.235524
1.38814    -1.12654    1.13935e-10    -0.597145    -2.49958    0.235525
1.38814    -1.12654    6.97382e-11    -0.597144    -2.49958    0.235525
1.38814    -1.12654    3.65262e-11    -0.597144    -2.49957    0.235526
1.38815    -1.12654    1.42092e-11    -0.597144    -2.49957    0.235526
1.38815    -1.12654    2.38639e-12    -0.597144    -2.49957    0.235527
1.38815    -1.12654    3.78287e-13    -0.597144    -2.49957    0.235527
1.38815    -1.12654    7.26626e-12    -0.597144    -2.49957    0.235527
1.38815    -1.12654    2.19359e-11    -0.597144    -2.49957    0.235527
1.38814    -1.12654    4.31236e-11    -0.597144    -2.49957    0.235526
1.38814    -1.12654    6.94647e-11    -0.597144    -2.49957    0.235526
1.38814    -1.12654    9.95409e-11    -0.597144    -2.49958    0.235525
1.38814    -1.12654    1.31927e-10    -0.597145    -2.49958    0.235525
1.38814    -1.12654    1.65233e-10    -0.597145    -2.49958    0.235524
1.38813    -1.12654    1.98145e-10    -0.597145    -2.49958    0.235523
1.38813    -1.12654    2.29458e-10    -0.597146    -2.49958    0.235522
1.38813    -1.12654    2.58105e-10    -0.597146    -2.49959    0.235521
1.38813    -1.12654    2.83182e-10    -0.597147    -2.49959    0.23552
1.38812    -1.12654    3.03958e-10    -0.597147    -2.49959    0.235519
1.38812    -1.12654    3.19892e-10    -0.597148    -2.49959    0.235518
1.38812    -1.12654    3.30632e-10    -0.597149    -2.49959    0.235517
1.38811    -1.12654    3.36014e-10    -0.597149    -2.4996    0.235516
1.38811    -1.12654    3.36053e-10    -0.59715    -2.4996    0.235515
1.3881    -1.12654    3.30933e-10    -0.59715    -2.4996    0.235514
1.3881    -1.12654    3.20985e-10    -0.597151    -2.49961    0.235512
1.3881    -1.12654    3.0667e-10    -0.597152    -2.49961    0.235511
1.38809    -1.12654    2.88557e-10    -0.597152    -2.49961    0.23551
1.38809    -1.12654    2.67295e-10    -0.597153    -2.49961    0.235509
1.38809    -1.12654    2.43591e-10    -0.597153    -2.49962    0.235508
1.38808    -1.12654    2.18182e-10    -0.597154    -2.49962    0.235507
1.38808    -1.12654    1.91812e-10    -0.597154    -2.49962    0.235506
1.38808    -1.12654    1.65209e-10    -0.597155    -2.49962    0.235505
1.38808    -1.12654    1.39061e-10    -0.597155    -2.49962    0.235504
1.38807    -1.12654    1.14004e-10    -0.597156    -2.49963    0.235504
1.38807    -1.12654    9.05978e-11    -0.597156    -2.49963    0.235503
1.38807    -1.12654    6.9322e-11    -0.597156    -2.49963    0.235502
1.38807    -1.12654    5.05617e-11    -0.597157    -2.49963    0.235502
1.38807    -1.12654    3.4604e-11    -0.597157    -2.49963    0.235502
1.38806    -1.12654    2.16358e-11    -0.597157    -2.49963    0.235501
1.38806    -1.12654    1.17442e-11    -0.597157    -2.49963    0.235501
1.38806    -1.12654    4.92124e-12    -0.597157    -2.49963    0.235501
1.38806    -1.12654    1.07002e-12    -0.597157    -2.49963    0.2355
1.38806    -1.12654    1.36111e-14    -0.597157    -2.49963    0.2355
1.38806    -1.12654    1.50581e-12    -0.597157    -2.49963    0.2355
1.38806    -1.12654    5.24308e-12    -0.597157    -2.49963    0.235501
1.38806    -1.12654    1.08776e-11    -0.597157    -2.49963    0.235501
1.38806    -1.12654    1.80306e-11    -0.597157    -2.49963    0.235501
1.38806    -1.12654    2.63059e-11    -0.597157    -2.49963    0.235501
1.38807    -1.12654    3.53029e-11    -0.597157    -2.49963    0.235501
1.38807    -1.12654    4.46289e-11    -0.597157    -2.49963    0.235502
1.38807    -1.12654    5.39104e-11    -0.597156    -2.49963    0.235502
1.38807    -1.12654    6.28029e-11    -0.597156    -2.49963    0.235503
1.38807    -1.12654    7.09995e-11    -0.597156    -2.49963    0.235503
1.38807    -1.12654    7.82372e-11    -0.597156    -2.49963    0.235504
1.38807    -1.12654    8.43022e-11    -0.597155    -2.49962    0.235504
1.38808    -1.12654    8.90324e-11    -0.597155    -2.49962    0.235505
1.38808    -1.12654    9.23195e-11    -0.597155    -2.49962    0.235505
1.38808    -1.12654    9.41078e-11    -0.597154    -2.49962    0.235506
1.38808    -1.12654    9.43926e-11    -0.597154    -2.49962    0.235507
1.38808    -1.12654    9.32168e-11    -0.597154    -2.49962    0.235507
1.38809    -1.12654    9.06663e-11    -0.597153    -2.49962    0.235508
1.38809    -1.12654    8.68645e-11    -0.597153    -2.49961    0.235508
1.38809    -1.12654    8.19657e-11    -0.597153    -2.49961    0.235509
1.38809    -1.12654    7.61485e-11    -0.597152    -2.49961    0.23551
1.38809    -1.12654    6.96088e-11    -0.597152    -2.49961    0.23551
1.3881    -1.12654    6.25524e-11    -0.597152    -2.49961    0.235511
1.3881    -1.12654    5.51881e-11    -0.597152    -2.49961    0.235511
1.3881    -1.12654    4.77214e-11    -0.597151    -2.49961    0.235512
1.3881    -1.12654    4.03481e-11    -0.597151    -2.49961    0.235512
1.3881    -1.12654    3.32493e-11    -0.597151    -2.49961    0.235513
1.3881    -1.12654    2.65865e-11    -0.597151    -2.4996    0.235513
1.3881    -1.12654    2.04985e-11    -0.597151    -2.4996    0.235513
1.3881    -1.12654    1.50983e-11    -0.59715    -2.4996    0.235513
1.3881    -1.12654    1.04717e-11    -0.59715    -2.4996    0.235514
1.38811    -1.12654    6.67625e-12    -0.59715    -2.4996    0.235514
1.38811    -1.12654    3.74146e-12    -0.59715    -2.4996    0.235514
1.38811    -1.12654    1.66987e-12    -0.59715    -2.4996    0.235514
1.38811    -1.12654    4.38759e-13    -0.59715    -2.4996    0.235514
1.38811    -1.12654    2.41894e-15    -0.59715    -2.4996    0.235514
1.38811    -1.12654    2.95104e-13    -0.59715    -2.4996    0.235514
1.38811    -1.12654    1.23436e-12    -0.59715    -2.4996    0.235514
1.38811    -1.12654    2.72461e-12    -0.59715    -2.4996    0.235514
1.38811    -1.12654    4.66093e-12    -0.59715    -2.4996    0.235514
1.38811    -1.12654    6.93283e-12    -0.59715    -2.4996    0.235514
1.38811    -1.12654    9.42788e-12    -0.59715    -2.4996    0.235514
1.3881    -1.12654    1.20353e-11    -0.59715    -2.4996    0.235514
1.3881    -1.12654    1.4649e-11    -0.597151    -2.4996    0.235513
1.3881    -1.12654    1.71707e-11    -0.597151    -2.4996    0.235513
1.3881    -1.12654    1.95123e-11    -0.597151    -2.4996    0.235513
1.3881    -1.12654    2.15975e-11    -0.597151    -2.4996    0.235513
1.3881    -1.12654    2.33637e-11    -0.597151    -2.49961    0.235512
1.3881    -1.12654    2.47628e-11    -0.597151    -2.49961    0.235512
1.3881    -1.12654    2.57615e-11    -0.597151    -2.49961    0.235512
1.3881    -1.12654    2.63416e-11    -0.597152    -2.49961    0.235511
1.3881    -1.12654    2.6499e-11    -0.597152    -2.49961    0.235511
1.3881    -1.12654    2.62435e-11    -0.597152    -2.49961    0.235511
1.38809    -1.12654    2.55971e-11    -0.597152    -2.49961    0.23551
1.38809    -1.12654    2.45924e-11    -0.597152    -2.49961    0.23551
1.38809    -1.12654    2.32714e-11    -0.597152    -2.49961    0.23551
1.38809    -1.12654    2.16831e-11    -0.597153    -2.49961    0.23551
1.38809    -1.12654    1.98816e-11    -0.597153    -2.49961    0.235509
1.38809    -1.12654    1.79243e-11    -0.597153    -2.49961    0.235509
1.38809    -1.12654    1.58698e-11    -0.597153    -2.49961    0.235509
1.38809    -1.12654    1.3776e-11    -0.597153    -2.49961    0.235508
1.38809    -1.12654    1.16986e-11    -0.597153    -2.49961    0.235508
1.38809    -1.12654    9.68907e-12    -0.597153    -2.49962    0.235508
1.38809    -1.12654    7.79397e-12    -0.597153    -2.49962    0.235508
1.38809    -1.12654    6.05346e-12    -0.597154    -2.49962    0.235508
1.38808    -1.12654    4.50062e-12    -0.597154    -2.49962    0.235507
1.38808    -1.12654    3.16095e-12    -0.597154    -2.49962    0.235507
1.38808    -1.12654    2.05205e-12    -0.597154    -2.49962    0.235507
1.38808    -1.12654    1.18368e-12    -0.597154    -2.49962    0.235507
1.38808    -1.12654    5.57947e-13    -0.597154    -2.49962    0.235507
1.38808    -1.12654    1.69711e-13    -0.597154    -2.49962    0.235507
1.38808    -1.12654    7.2849e-15    -0.597154    -2.49962    0.235507
1.38808    -1.12654    5.31949e-14    -0.597154    -2.49962    0.235507
1.38808    -1.12654    2.851e-13    -0.597154    -2.49962    0.235507
1.38808    -1.12654    6.76786e-13    -0.597154    -2.49962    0.235507
1.38808    -1.12654    1.19922e-12    -0.597154    -2.49962    0.235507
1.38808    -1.12654    1.82159e-12    -0.597154    -2.49962    0.235507
1.38808    -1.12654    2.51239e-12    -0.597154    -2.49962    0.235507
1.38808    -1.12654    3.24037e-12    -0.597154    -2.49962    0.235507
1.38808    -1.12654    3.97547e-12    -0.597154    -2.49962    0.235507
1.38809    -1.12654    4.68966e-12    -0.597154    -2.49962    0.235508
1.38809    -1.12654    5.35767e-12    -0.597154    -2.49962    0.235508
1.38809    -1.12654    5.95743e-12    -0.597153    -2.49962    0.235508
1.38809    -1.12654    6.47064e-12    -0.597153    -2.49962    0.235508
1.38809    -1.12654    6.88303e-12    -0.597153    -2.49962    0.235508
1.38809    -1.12654    7.18449e-12    -0.597153    -2.49961    0.235508
1.38809    -1.12654    7.36913e-12    -0.597153    -2.49961    0.235508
1.38809    -1.12654    7.43511e-12    -0.597153    -2.49961    0.235509
1.38809    -1.12654    7.38446e-12    -0.597153    -2.49961    0.235509
1.38809    -1.12654    7.22274e-12    -0.597153    -2.49961    0.235509
1.38809    -1.12654    6.95863e-12    -0.597153    -2.49961    0.235509
1.38809    -1.12654    6.60343e-12    -0.597153    -2.49961    0.235509
1.38809    -1.12654    6.17055e-12    -0.597153    -2.49961    0.23551
1.38809    -1.12654    5.67498e-12    -0.597152    -2.49961    0.23551
1.38809    -1.12654    5.1327e-12    -0.597152    -2.49961    0.23551
1.38809    -1.12654    4.5601e-12    -0.597152    -2.49961    0.23551
1.38809    -1.12654    3.97352e-12    -0.597152    -2.49961    0.23551
1.38809    -1.12654    3.38868e-12    -0.597152    -2.49961    0.23551
1.38809    -1.12654    2.82033e-12    -0.597152    -2.49961    0.23551
1.38809    -1.12654    2.28181e-12    -0.597152    -2.49961    0.23551
1.38809    -1.12654    1.78473e-12    -0.597152    -2.49961    0.235511
1.38809    -1.12654    1.33875e-12    -0.597152    -2.49961    0.235511
1.3881    -1.12654    9.51419e-13    -0.597152    -2.49961    0.235511
1.3881    -1.12654    6.28099e-13    -0.597152    -2.49961    0.235511
1.3881    -1.12654    3.71921e-13    -0.597152    -2.49961    0.235511
1.3881    -1.12654    1.83858e-13    -0.597152    -2.49961    0.235511
1.3881    -1.12654    6.28338e-14    -0.597152    -2.49961    0.235511
1.3881    -1.12654    5.89269e-15    -0.597152    -2.49961    0.235511
1.3881    -1.12654    8.41393e-15    -0.597152    -2.49961    0.235511
1.3881    -1.12654    6.43616e-14    -0.597152    -2.49961    0.235511
1.3881    -1.12654    1.66561e-13    -0.597152    -2.49961    0.235511
1.3881    -1.12654    3.06989e-13    -0.597152    -2.49961    0.235511
1.3881    -1.12654    4.77076e-13    -0.597152    -2.49961    0.235511
1.3881    -1.12654    6.67993e-13    -0.597152    -2.49961    0.235511
1.3881    -1.12654    8.70943e-13    -0.597152    -2.49961    0.235511
1.38809    -1.12654    1.07741e-12    -0.597152    -2.49961    0.235511
1.38809    -1.12654    1.27942e-12    -0.597152    -2.49961    0.235511
1.38809    -1.12654    1.4697e-12    -0.597152    -2.49961    0.235511
1.38809    -1.12654    1.6419e-12    -0.597152    -2.49961    0.23551
1.38809    -1.12654    1.79069e-12    -0.597152    -2.49961    0.23551
1.38809    -1.12654    1.91184e-12    -0.597152    -2.49961    0.23551
1.38809    -1.12654    2.00231e-12    -0.597152    -2.49961    0.23551
1.38809    -1.12654    2.06022e-12    -0.597152    -2.49961    0.23551
1.38809    -1.12654    2.08486e-12    -0.597152    -2.49961    0.23551
1.38809    -1.12654    2.0766e-12    -0.597152    -2.49961    0.23551
1.38809    -1.12654    2.03682e-12    -0.597152    -2.49961    0.23551
1.38809    -1.12654    1.96781e-12    -0.597152    -2.49961    0.23551
1.38809    -1.12654    1.87261e-12    -0.597152    -2.49961    0.23551
1.38809    -1.12654    1.75489e-12    -0.597153    -2.49961    0.23551
1.38809    -1.12654    1.61878e-12    -0.597153    -2.49961    0.235509
1.38809    -1.12654    1.46873e-12    -0.597153    -2.49961    0.235509
1.38809    -1.12654    1.30932e-12    -0.597153    -2.49961    0.235509
1.38809    -1.12654    1.14515e-12    -0.597153    -2.49961    0.235509
1.38809    -1.12654    9.80685e-13    -0.597153    -2.49961    0.235509
1.38809    -1.12654    8.20107e-13    -0.597153    -2.49961    0.235509
1.38809    -1.12654    6.67237e-13    -0.597153    -2.49961    0.235509
1.38809    -1.12654    5.25427e-13    -0.597153    -2.49961    0.235509
1.38809    -1.12654    3.97494e-13    -0.597153    -2.49961    0.235509
1.38809    -1.12654    2.85669e-13    -0.597153    -2.49961    0.235509
1.38809    -1.12654    1.91567e-13    -0.597153    -2.49961    0.235509
1.38809    -1.12654    1.16183e-13    -0.597153    -2.49961    0.235509
1.38809    -1.12654    5.99003e-14    -0.597153    -2.49961    0.235509
1.38809    -1.12654    2.25199e-14    -0.597153    -2.49961    0.235509
1.38809    -1.12654    3.30613e-15    -0.597153    -2.49961    0.235509
1.38809    -1.12654    1.04432e-15    -0.597153    -2.49961    0.235509
1.38809    -1.12654    1.41091e-14    -0.597153    -2.49961    0.235509
1.38809    -1.12654    4.05407e-14    -0.597153    -2.49961    0.235509
1.38809    -1.12654    7.81266e-14    -0.597153    -2.49961    0.235509
1.38809    -1.12654    1.24485e-13    -0.597153    -2.49961    0.235509
1.38809    -1.12654    1.77146e-13    -0.597153    -2.49961    0.235509
1.38809    -1.12654    2.33634e-13    -0.597153    -2.49961    0.235509
1.38809    -1.12654    2.91543e-13    -0.597153    -2.49961    0.235509
1.38809    -1.12654    3.486e-13    -0.597153    -2.49961    0.235509
1.38809    -1.12654    4.02727e-13    -0.597153    -2.49961    0.235509
1.38809    -1.12654    4.52091e-13    -0.597153    -2.49961    0.235509
1.38809    -1.12654    4.95141e-13    -0.597153    -2.49961    0.235509
1.38809    -1.12654    5.30633e-13    -0.597153    -2.49961    0.235509
1.38809    -1.12654    5.57651e-13    -0.597153    -2.49961    0.235509
1.38809    -1.12654    5.7561e-13    -0.597153    -2.49961    0.235509
1.38809    -1.12654    5.84248e-13    -0.597153    -2.49961    0.235509
1.38809    -1.12654    5.83616e-13    -0.597153    -2.49961    0.235509
1.38809    -1.12654    5.74051e-13    -0.597153    -2.49961    0.235509
1.38809    -1.12654    5.56151e-13    -0.597153    -2.49961    0.235509
1.38809    -1.12654    5.30732e-13    -0.597153    -2.49961    0.235509
1.38809    -1.12654    4.98794e-13    -0.597153    -2.49961    0.23551
1.38809    -1.12654    4.61477e-13    -0.597153    -2.49961    0.23551
1.38809    -1.12654    4.20012e-13    -0.597153    -2.49961    0.23551
1.38809    -1.12654    3.75684e-13    -0.597152    -2.49961    0.23551
1.38809    -1.12654    3.29785e-13    -0.597152    -2.49961    0.23551
1.38809    -1.12654    2.83574e-13    -0.597152    -2.49961    0.23551
1.38809    -1.12654    2.38244e-13    -0.597152    -2.49961    0.23551
1.38809    -1.12654    1.94888e-13    -0.597152    -2.49961    0.23551
1.38809    -1.12654    1.54471e-13    -0.597152    -2.49961    0.23551
1.38809    -1.12654    1.17813e-13    -0.597152    -2.49961    0.23551
1.38809    -1.12654    8.55699e-14    -0.597152    -2.49961    0.23551
1.38809    -1.12654    5.8228e-14    -0.597152    -2.49961    0.23551
1.38809    -1.12654    3.6098e-14    -0.597152    -2.49961    0.23551
1.38809    -1.12654    1.93188e-14    -0.597152    -2.49961    0.23551
1.38809    -1.12654    7.86402e-15    -0.597152    -2.49961    0.23551
1.38809    -1.12654    1.55393e-15    -0.597152    -2.49961    0.23551
1.38809    -1.12654    7.12831e-17    -0.597152    -2.49961    0.23551
1.38809    -1.12654    2.9799e-15    -0.597152    -2.49961    0.23551
1.38809    -1.12654    9.74574e-15    -0.597152    -2.49961    0.23551
1.38809    -1.12654    1.97595e-14    -0.597152    -2.49961    0.23551
1.38809    -1.12654    3.236e-14    -0.597152    -2.49961    0.23551
1.38809    -1.12654    4.68574e-14    -0.597152    -2.49961    0.23551
1.38809    -1.12654    6.25562e-14    -0.597152    -2.49961    0.23551
1.38809    -1.12654    7.87758e-14    -0.597152    -2.49961    0.23551
1.38809    -1.12654    9.48706e-14    -0.597152    -2.49961    0.23551
1.38809    -1.12654    1.10247e-13    -0.597152    -2.49961    0.23551
1.38809    -1.12654    1.24376e-13    -0.597152    -2.49961    0.23551
1.38809    -1.12654    1.36809e-13    -0.597152    -2.49961    0.23551
1.38809    -1.12654    1.47179e-13    -0.597152    -2.49961    0.23551
1.38809    -1.12654    1.55213e-13    -0.597152    -2.49961    0.23551
1.38809    -1.12654    1.60728e-13    -0.597152    -2.49961    0.23551
1.38809    -1.12654    1.63636e-13    -0.597152    -2.49961    0.23551
1.38809    -1.12654    1.63935e-13    -0.597152    -2.49961    0.23551
1.38809    -1.12654    1.61705e-13    -0.597153    -2.49961    0.23551
1.38809    -1.12654    1.57101e-13    -0.597153    -2.49961    0.23551
1.38809    -1.12654    1.50341e-13    -0.597153    -2.49961    0.23551
1.38809    -1.12654    1.41698e-13    -0.597153    -2.49961    0.23551
1.38809    -1.12654    1.31483e-13    -0.597153    -2.49961    0.23551
1.38809    -1.12654    1.2004e-13    -0.597153    -2.49961    0.23551
1.38809    -1.12654    1.07727e-13    -0.597153    -2.49961    0.235509
1.38809    -1.12654    9.49064e-14    -0.597153    -2.49961    0.235509
1.38809    -1.12654    8.19341e-14    -0.597153    -2.49961    0.235509
1.38809    -1.12654    6.9149e-14    -0.597153    -2.49961    0.235509
1.38809    -1.12654    5.68631e-14    -0.597153    -2.49961    0.235509
1.38809    -1.12654    4.53546e-14    -0.597153    -2.49961    0.235509
1.38809    -1.12654    3.48613e-14    -0.597153    -2.49961    0.235509
1.38809    -1.12654    2.5576e-14    -0.597153    -2.49961    0.235509
1.38809    -1.12654    1.7644e-14    -0.597153    -2.49961    0.235509
1.38809    -1.12654    1.11615e-14    -0.597153    -2.49961    0.235509
1.38809    -1.12654    6.17636e-15    -0.597153    -2.49961    0.235509
1.38809    -1.12654    2.68946e-15    -0.597153    -2.49961    0.235509
1.38809    -1.12654    6.58096e-16    -0.597153    -2.49961    0.235509
1.38809    -1.12654    2.36193e-20    -0.597153    -2.49961    0.235509
1.38809    -1.12654    5.98632e-16    -0.597153    -2.49961    0.235509
1.38809    -1.12654    2.30873e-15    -0.597153    -2.49961    0.235509
1.38809    -1.12654    4.9628e-15    -0.597153    -2.49961    0.235509
1.38809    -1.12654    8.37759e-15    -0.597153    -2.49961    0.235509
1.38809    -1.12654    1.23606e-14    -0.597153    -2.49961    0.235509
1.38809    -1.12654    1.67165e-14    -0.597153    -2.49961    0.235509
1.38809    -1.12654    2.12533e-14    -0.597153    -2.49961    0.235509
1.38809    -1.12654    2.57876e-14    -0.597153    -2.49961    0.235509
1.38809    -1.12654    3.01498e-14    -0.597153    -2.49961    0.235509
1.38809    -1.12654    3.41881e-14    -0.597153    -2.49961    0.235509
1.38809    -1.12654    3.7772e-14    -0.597153    -2.49961    0.235509
1.38809    -1.12654    4.07945e-14    -0.597153    -2.49961    0.235509
1.38809    -1.12654    4.31739e-14    -0.597153    -2.49961    0.235509
1.38809    -1.12654    4.48544e-14    -0.597153    -2.49961    0.235509
1.38809    -1.12654    4.58062e-14    -0.597153    -2.49961    0.235509
1.38809    -1.12654    4.60244e-14    -0.597153    -2.49961    0.235509
1.38809    -1.12654    4.55273e-14    -0.597153    -2.49961    0.235509
1.38809    -1.12654    4.43549e-14    -0.597153    -2.49961    0.235509
1.38809    -1.12654    4.25651e-14    -0.597153    -2.49961    0.23551
1.38809    -1.12654    4.02319e-14    -0.597153    -2.49961    0.23551
1.38809    -1.12654    3.74412e-14    -0.597153    -2.49961    0.23551
1.38809    -1.12654    3.42876e-14    -0.597153    -2.49961    0.23551
1.38809    -1.12654    3.08711e-14    -0.597153    -2.49961    0.23551
1.38809    -1.12654    2.72934e-14    -0.597153    -2.49961    0.23551
1.38809    -1.12654    2.36551e-14    -0.597153    -2.49961    0.23551
1.38809    -1.12654    2.00522e-14    -0.597153    -2.49961    0.23551
1.38809    -1.12654    1.65738e-14    -0.597153    -2.49961    0.23551
1.38809    -1.12654    1.32998e-14    -0.597153    -2.49961    0.23551
1.38809    -1.12654    1.02992e-14    -0.597153    -2.49961    0.23551
1.38809    -1.12654    7.62846e-15    -0.597153    -2.49961    0.23551
1.38809    -1.12654    5.33079e-15    -0.597153    -2.49961    0.23551
1.38809    -1.12654    3.43579e-15    -0.597153    -2.49961    0.23551
1.38809    -1.12654    1.95932e-15    -0.597152    -2.49961    0.23551
1.38809    -1.12654    9.04035e-16    -0.597152    -2.49961    0.23551
1.38809    -1.12654    2.6013e-16    -0.597152    -2.49961    0.23551
1.38809    -1.12654    6.48623e-18    -0.597152    -2.49961    0.23551
1.38809    -1.12654    1.12058e-16    -0.597152    -2.49961    0.23551
1.38809    -1.12654    5.37469e-16    -0.597152    -2.49961    0.23551
1.38809    -1.12654    1.23676e-15    -0.597152    -2.49961    0.23551
1.38809    -1.12654    2.15919e-15    -0.597152    -2.49961    0.23551
1.38809    -1.12654    3.2511e-15    -0.597153    -2.49961    0.23551
1.38809    -1.12654    4.45774e-15    -0.597153    -2.49961    0.23551
1.38809    -1.12654    5.72493e-15    -0.597153    -2.49961    0.23551
1.38809    -1.12654    7.00069e-15    -0.597153    -2.49961    0.23551
1.38809    -1.12654    8.23663e-15    -0.597153    -2.49961    0.23551
1.38809    -1.12654    9.38918e-15    -0.597153    -2.49961    0.23551
1.38809    -1.12654    1.04205e-14    -0.597153    -2.49961    0.23551
1.38809    -1.12654    1.12994e-14    -0.597153    -2.49961    0.23551
1.38809    -1.12654    1.20017e-14    -0.597153    -2.49961    0.23551
1.38809    -1.12654    1.25102e-14    -0.597153    -2.49961    0.23551
1.38809    -1.12654    1.28153e-14    -0.597153    -2.49961    0.23551
1.38809    -1.12654    1.29143e-14    -0.597153    -2.49961    0.23551
1.38809    -1.12654    1.28113e-14    -0.597153    -2.49961    0.23551
1.38809    -1.12654    1.25164e-14    -0.597153    -2.49961    0.23551
1.38809    -1.12654    1.20449e-14    -0.597153    -2.49961    0.23551
1.38809    -1.12654    1.14169e-14    -0.597153    -2.49961    0.23551
1.38809    -1.12654    1.06559e-14    -0.597153    -2.49961    0.23551
1.38809    -1.12654    9.78803e-15    -0.597153    -2.49961    0.23551
1.38809    -1.12654    8.84115e-15    -0.597153    -2.49961    0.23551
1.38809    -1.12654    7.84381e-15    -0.597153    -2.49961    0.23551
1.38809    -1.12654    6.82429e-15    -0.597153    -2.49961    0.23551
1.38809    -1.12654    5.80985e-15    -0.597153    -2.49961    0.23551
1.38809    -1.12654    4.82589e-15    -0.597153    -2.49961    0.235509
1.38809    -1.12654    3.89535e-15    -0.597153    -2.49961    0.235509
1.38809    -1.12654    3.03817e-15    -0.597153    -2.49961    0.235509
1.38809    -1.12654    2.27085e-15    -0.597153    -2.49961    0.235509
1.38809    -1.12654    1.60623e-15    -0.597153    -2.49961    0.235509
1.38809    -1.12654    1.05333e-15    -0.597153    -2.49961    0.235509
1.38809    -1.12654    6.17282e-16    -0.597153    -2.49961    0.235509
1.38809    -1.12654    2.99519e-16    -0.597153    -2.49961    0.235509
1.38809    -1.12654    9.79096e-17    -0.597153    -2.49961    0.235509
1.38809    -1.12654    7.09078e-18    -0.597153    -2.49961    0.235509
1.38809    -1.12654    1.88364e-17    -0.597153    -2.49961    0.235509
1.38809    -1.12654    1.22498e-16    -0.597153    -2.49961    0.235509
1.38809    -1.12654    3.05485e-16    -0.597153    -2.49961    0.235509
