1.62887    -1.11629
1.61829    -1.11687
1.60682    -1.11742
1.59449    -1.11806
1.58135    -1.11867
1.56759    -1.11936
1.5536    -1.12004
1.53952    -1.1207
1.5254    -1.12132
1.51125    -1.12189
1.49707    -1.1224
1.48285    -1.12286
1.4686    -1.12326
1.45433    -1.12361
1.44001    -1.12388
1.42561    -1.12409
1.41115    -1.12423
1.39666    -1.12429
1.38224    -1.12431
1.36797    -1.12425
1.35396    -1.12412
1.3403    -1.12394
1.32709    -1.1237
1.31445    -1.12341
1.30246    -1.12309
1.29125    -1.12274
1.28089    -1.1224
1.2715    -1.12206
1.26316    -1.12175
1.25595    -1.12149
1.24995    -1.12129
1.24521    -1.12118
1.24179    -1.12115
1.23971    -1.1212
1.239    -1.12133
1.23965    -1.12163
1.24167    -1.12205
1.24501    -1.12249
1.24964    -1.12307
1.25549    -1.12362
1.26252    -1.12428
1.27063    -1.1249
1.27973    -1.12555
1.28974    -1.12615
1.30055    -1.12674
1.31207    -1.12724
1.32418    -1.1277
1.33679    -1.12806
1.34978    -1.12835
1.36306    -1.12854
1.37653    -1.12865
1.39009    -1.12867
1.40366    -1.12861
1.41714    -1.12846
1.43047    -1.12824
1.44355    -1.12795
1.45633    -1.12761
1.46874    -1.12722
1.48071    -1.12679
1.4922    -1.12632
1.50315    -1.12584
1.51352    -1.12534
1.52327    -1.12484
1.53236    -1.12433
1.54076    -1.12384
1.54845    -1.12336
1.55539    -1.12291
1.56156    -1.12248
1.56695    -1.12208
1.57155    -1.12172
1.57534    -1.1214
1.5783    -1.12115
1.58045    -1.12081
1.58176    -1.12073
1.58224    -1.1206
1.5819    -1.12069
1.58075    -1.12021
1.57877    -1.1205
1.57599    -1.12039
1.57241    -1.12063
1.56806    -1.12061
1.56294    -1.12081
1.55707    -1.12098
1.55049    -1.12122
1.54321    -1.12146
1.53526    -1.12174
1.52667    -1.12202
1.51748    -1.12232
1.50772    -1.12262
1.49744    -1.12293
1.48669    -1.12322
1.4755    -1.1235
1.46394    -1.12376
1.45206    -1.124
1.43991    -1.1242
1.42758    -1.12437
1.41511    -1.12449
1.40259    -1.12458
1.39009    -1.12461
1.37769    -1.1246
1.36546    -1.12454
1.3535    -1.12444
1.34189    -1.12429
1.33072    -1.12411
1.32007    -1.12391
1.31002    -1.12368
1.30067    -1.12344
1.29208    -1.12321
1.28435    -1.12299
1.27753    -1.1228
1.2717    -1.12265
1.2669    -1.12256
1.26319    -1.12252
1.26058    -1.12252
1.25912    -1.12276
1.25882    -1.12282
1.25966    -1.1231
1.26164    -1.12334
1.26473    -1.12373
1.2689    -1.12416
1.27409    -1.1246
1.28026    -1.12509
1.28734    -1.12556
1.29525    -1.12605
1.30393    -1.1265
1.31328    -1.12694
1.32323    -1.12732
1.33369    -1.12766
1.34456    -1.12793
1.35578    -1.12814
1.36724    -1.12829
1.37886    -1.12837
1.39057    -1.12838
1.40229    -1.12833
1.41394    -1.12821
1.42545    -1.12804
1.43676    -1.12782
1.44781    -1.12755
1.45853    -1.12724
1.46888    -1.1269
1.4788    -1.12654
1.48826    -1.12616
1.4972    -1.12576
1.50559    -1.12537
1.5134    -1.12497
1.5206    -1.12457
1.52717    -1.1242
1.53307    -1.12383
1.53829    -1.12349
1.54281    -1.12318
1.54662    -1.12289
1.54971    -1.12267
1.55207    -1.12233
1.55369    -1.12226
1.55457    -1.1221
1.55471    -1.12206
1.55412    -1.12182
1.55279    -1.1219
1.55074    -1.12182
1.54798    -1.12196
1.54452    -1.122
1.54037    -1.12208
1.53555    -1.12213
1.53008    -1.12236
1.52399    -1.12247
1.51729    -1.12272
1.51002    -1.12288
1.50221    -1.12313
1.49389    -1.12332
1.4851    -1.12357
1.47589    -1.12377
1.46628    -1.124
1.45634    -1.12418
1.44611    -1.12437
1.43564    -1.12452
1.42499    -1.12466
1.41423    -1.12476
1.40341    -1.12483
1.3926    -1.12487
1.38186    -1.12488
1.37127    -1.12484
1.36089    -1.12478
1.35081    -1.12469
1.34108    -1.12458
1.33179    -1.12444
1.32301    -1.12429
1.31481    -1.12414
1.30724    -1.12398
1.30039    -1.12384
1.2943    -1.12371
1.28903    -1.12362
1.28462    -1.12355
1.28112    -1.12353
1.27855    -1.12353
1.27694    -1.12376
1.2763    -1.12388
1.27664    -1.12381
1.27794    -1.12434
1.2802    -1.12431
1.28337    -1.12481
1.28743    -1.12502
1.29234    -1.12547
1.29805    -1.12576
1.3045    -1.12618
1.31163    -1.1265
1.31938    -1.12687
1.32767    -1.12715
1.33644    -1.12745
1.34562    -1.12767
1.35513    -1.12787
1.3649    -1.128
1.37485    -1.1281
1.38493    -1.12813
1.39505    -1.12812
1.40516    -1.12805
1.41519    -1.12795
1.42508    -1.12779
1.43478    -1.12761
1.44423    -1.12738
1.45338    -1.12713
1.46218    -1.12686
1.4706    -1.12656
1.4786    -1.12626
1.48613    -1.12594
1.49317    -1.12562
1.49968    -1.12531
1.50564    -1.125
1.51103    -1.12471
1.51583    -1.12442
1.52002    -1.12416
1.52358    -1.12392
1.5265    -1.12373
1.52879    -1.12342
1.53041    -1.12338
1.53138    -1.12322
1.5317    -1.12313
1.53136    -1.12299
1.53037    -1.12297
1.52874    -1.12294
1.52647    -1.123
1.52358    -1.12303
1.52007    -1.12311
1.51598    -1.12314
1.51131    -1.1232
1.50608    -1.12337
1.50031    -1.12347
1.49404    -1.12365
1.4873    -1.12378
1.4801    -1.12396
1.47249    -1.12411
1.46451    -1.12428
1.45619    -1.12443
1.44758    -1.12458
1.43871    -1.12471
1.42965    -1.12483
1.42044    -1.12493
1.41112    -1.12501
1.40176    -1.12506
1.39242    -1.1251
1.38315    -1.1251
1.37401    -1.12509
1.36506    -1.12505
1.35636    -1.12499
1.34799    -1.12492
1.33999    -1.12483
1.33242    -1.12473
1.32535    -1.12463
1.31884    -1.12453
1.31292    -1.12444
1.30766    -1.12437
1.30309    -1.12431
1.29926    -1.12428
1.29619    -1.12428
1.29391    -1.1243
1.29244    -1.1245
1.29179    -1.12463
1.29197    -1.12459
1.29297    -1.12488
1.29478    -1.12498
1.29737    -1.1252
1.30072    -1.12547
1.30479    -1.12582
1.30955    -1.12602
1.31495    -1.12637
1.32095    -1.12659
1.32749    -1.12689
1.33451    -1.1271
1.34196    -1.12734
1.34977    -1.12751
1.3579    -1.12768
1.36626    -1.12778
1.37481    -1.12787
1.38348    -1.1279
1.39222    -1.12791
1.40096    -1.12787
1.40965    -1.1278
1.41825    -1.12769
1.42669    -1.12755
1.43494    -1.12738
1.44294    -1.12719
1.45065    -1.12698
1.45804    -1.12675
1.46507    -1.12651
1.47171    -1.12626
1.47792    -1.12601
1.48367    -1.12576
1.48895    -1.12551
1.49374    -1.12527
1.498    -1.12504
1.50173    -1.12482
1.50491    -1.12465
1.50753    -1.12434
1.50958    -1.1243
1.51105    -1.12416
1.51195    -1.12393
1.51226    -1.12402
1.51199    -1.12373
1.51115    -1.12396
1.50974    -1.12354
1.50776    -1.12396
1.50524    -1.1237
1.50217    -1.12389
1.49858    -1.12384
1.49449    -1.12396
1.48991    -1.12401
1.48485    -1.12413
1.47936    -1.12422
1.47345    -1.12435
1.46716    -1.12446
1.46051    -1.12459
1.45354    -1.1247
1.44628    -1.12481
1.43878    -1.12492
1.43107    -1.12502
1.42319    -1.1251
1.4152    -1.12517
1.40713    -1.12523
1.39904    -1.12527
1.39097    -1.1253
1.38298    -1.1253
1.37512    -1.12529
1.36744    -1.12527
1.35999    -1.12523
1.35283    -1.12518
1.346    -1.12513
1.33956    -1.12507
1.33356    -1.12501
1.32803    -1.12495
1.32303    -1.1249
1.31859    -1.12486
1.31475    -1.12484
1.31154    -1.12483
1.30898    -1.12483
1.30709    -1.12503
1.3059    -1.12482
1.3054    -1.12492
1.3056    -1.12488
1.30648    -1.12546
1.30805    -1.12543
1.31028    -1.12567
1.31316    -1.12572
1.31664    -1.12603
1.32072    -1.12626
1.32534    -1.12655
1.33047    -1.12669
1.33607    -1.12694
1.34208    -1.12709
1.34847    -1.12729
1.35518    -1.1274
1.36215    -1.12754
1.36935    -1.12762
1.37671    -1.12769
1.38418    -1.12771
1.39172    -1.12773
1.39927    -1.12769
1.40679    -1.12764
1.41423    -1.12755
1.42155    -1.12745
1.4287    -1.12732
1.43564    -1.12717
1.44235    -1.127
1.44877    -1.12682
1.45489    -1.12663
1.46066    -1.12644
1.46607    -1.12624
1.47108    -1.12604
1.47568    -1.12584
1.47984    -1.12564
1.48354    -1.12546
1.48678    -1.12528
1.48954    -1.12514
1.4918    -1.12488
1.49356    -1.12487
1.49481    -1.12474
1.49556    -1.12454
1.49579    -1.12461
1.49551    -1.12437
1.49473    -1.12458
1.49344    -1.12416
1.49166    -1.12458
1.4894    -1.12428
1.48666    -1.12447
1.48347    -1.12446
1.47983    -1.12456
1.47578    -1.12448
1.47131    -1.12467
1.46647    -1.12465
1.46127    -1.12481
1.45573    -1.12483
1.4499    -1.12497
1.44379    -1.12502
1.43745    -1.12513
1.4309    -1.12519
1.42419    -1.12528
1.41734    -1.12532
1.41041    -1.12539
1.40343    -1.12541
1.39644    -1.12546
1.38949    -1.12547
1.38262    -1.12548
1.37588    -1.12547
1.36931    -1.12546
1.36295    -1.12543
1.35686    -1.12541
1.35107    -1.12538
1.34562    -1.12534
1.34055    -1.12531
1.33591    -1.12528
1.33173    -1.12526
1.32803    -1.12524
1.32486    -1.12524
1.32222    -1.12523
1.32014    -1.12542
1.31865    -1.12518
1.31774    -1.12545
1.31742    -1.12551
1.31769    -1.12545
1.31855    -1.12586
1.31999    -1.12572
1.322    -1.12602
1.32455    -1.12609
1.32762    -1.12633
1.33118    -1.12648
1.33521    -1.12665
1.33967    -1.12681
1.34453    -1.12696
1.34974    -1.1271
1.35527    -1.12723
1.36107    -1.12733
1.3671    -1.12742
1.37331    -1.12749
1.37967    -1.12754
1.38613    -1.12756
1.39264    -1.12756
1.39916    -1.12753
1.40565    -1.12749
1.41208    -1.12742
1.4184    -1.12733
1.42457    -1.12723
1.43057    -1.12711
1.43635    -1.12698
1.44189    -1.12683
1.44716    -1.12668
1.45213    -1.12652
1.45678    -1.12636
1.46109    -1.1262
1.46503    -1.12604
1.46858    -1.12589
1.47174    -1.12577
1.47449    -1.12549
1.4768    -1.12548
1.47869    -1.12538
1.48014    -1.12515
1.48113    -1.12521
1.48168    -1.12507
1.48179    -1.12507
1.48145    -1.12485
1.48066    -1.12505
1.47944    -1.12463
1.47778    -1.12505
1.4757    -1.12472
1.47321    -1.12492
1.47032    -1.1249
1.46706    -1.12506
1.46343    -1.12499
1.45945    -1.12505
1.45516    -1.12502
1.45055    -1.12516
1.44567    -1.12515
1.44053    -1.12527
1.43518    -1.12529
1.42962    -1.12538
1.4239    -1.12541
1.41805    -1.12548
1.41211    -1.12551
1.4061    -1.12556
1.40006    -1.12558
1.39404    -1.12561
1.38807    -1.12562
1.38218    -1.12563
1.37642    -1.12563
1.37082    -1.12563
1.36543    -1.12561
1.36027    -1.1256
1.35539    -1.12558
1.35082    -1.12557
1.34659    -1.12555
1.34274    -1.12554
1.33928    -1.12554
1.33625    -1.12554
1.33367    -1.12553
1.33156    -1.12571
1.32993    -1.12548
1.3288    -1.12571
1.32816    -1.12584
1.32804    -1.12569
1.32842    -1.12602
1.3293    -1.12592
1.33066    -1.12614
1.33251    -1.12614
1.33481    -1.12633
1.33755    -1.12642
1.3407    -1.12652
1.34424    -1.12674
1.34815    -1.12689
1.35239    -1.12696
1.35692    -1.1271
1.36172    -1.12717
1.36675    -1.12727
1.37197    -1.12732
1.37734    -1.12738
1.38283    -1.1274
1.3884    -1.12742
1.39401    -1.12741
1.39964    -1.12739
1.40523    -1.12735
1.41076    -1.12729
1.41619    -1.12722
1.4215    -1.12714
1.42665    -1.12704
1.43161    -1.12693
1.43635    -1.12682
1.44086    -1.1267
1.44511    -1.12657
1.44907    -1.12644
1.45273    -1.12631
1.45607    -1.12619
1.45908    -1.12609
1.46173    -1.12584
1.46401    -1.12584
1.46593    -1.12576
1.46746    -1.12554
1.46861    -1.1256
1.46937    -1.12545
1.46973    -1.12536
1.46971    -1.12537
1.46929    -1.12528
1.46848    -1.12525
1.4673    -1.12522
1.46573    -1.12525
1.46381    -1.12524
1.46153    -1.12525
1.45891    -1.12528
1.45596    -1.12532
1.45271    -1.12535
1.44916    -1.12539
1.44534    -1.12536
1.44127    -1.12537
1.43696    -1.12546
1.43244    -1.12546
1.42774    -1.12554
1.42289    -1.12556
1.4179    -1.12562
1.41282    -1.12564
1.40767    -1.12568
1.40248    -1.1257
1.39728    -1.12573
1.39211    -1.12574
1.38699    -1.12576
1.38197    -1.12576
1.37707    -1.12577
1.37233    -1.12577
1.36778    -1.12577
1.36344    -1.12576
1.35936    -1.12576
1.35555    -1.12575
1.35205    -1.12575
1.34887    -1.12576
1.34605    -1.12574
1.3436    -1.12592
1.34154    -1.12567
1.33989    -1.12586
1.33865    -1.12587
1.33783    -1.12598
1.33744    -1.12607
1.33749    -1.12606
1.33796    -1.12614
1.33886    -1.12623
1.34017    -1.12629
1.34188    -1.12634
1.34398    -1.12646
1.34644    -1.12655
1.34925    -1.12662
1.35239    -1.12673
1.35582    -1.12681
1.35953    -1.12698
1.36348    -1.12709
1.36766    -1.12711
1.37202    -1.12721
1.37654    -1.12722
1.38118    -1.12728
1.38592    -1.12728
1.39072    -1.1273
1.39555    -1.12728
1.40038    -1.12727
1.40518    -1.12722
1.40993    -1.12718
1.41458    -1.12712
1.41912    -1.12705
1.42352    -1.12697
1.42775    -1.12688
1.43179    -1.12679
1.43562    -1.12669
1.43922    -1.12659
1.44256    -1.12649
1.44565    -1.12641
1.44844    -1.12622
1.45095    -1.12625
1.45314    -1.12597
1.45502    -1.12606
1.45657    -1.12592
1.45778    -1.12576
1.45866    -1.12581
1.4592    -1.12567
1.4594    -1.12575
1.45925    -1.12549
1.45877    -1.12561
1.45795    -1.12541
1.4568    -1.12561
1.45533    -1.12543
1.45354    -1.1255
1.45145    -1.12551
1.44907    -1.12558
1.44641    -1.12553
1.44349    -1.1256
1.44032    -1.12563
1.43692    -1.12566
1.43332    -1.12569
1.42953    -1.12565
1.42557    -1.12564
1.42146    -1.12572
1.41723    -1.12571
1.4129    -1.12577
1.4085    -1.12577
1.40405    -1.12582
1.39959    -1.12582
1.39513    -1.12585
1.39071    -1.12586
1.38635    -1.12588
1.38209    -1.12588
1.37794    -1.12589
1.37395    -1.12589
1.37013    -1.1259
1.3665    -1.1259
1.36311    -1.12591
1.35996    -1.12591
1.35708    -1.12589
1.35449    -1.12599
1.35221    -1.12588
1.35026    -1.12611
1.34864    -1.12585
1.34737    -1.12608
1.34646    -1.12606
1.3459    -1.12618
1.34572    -1.12611
1.3459    -1.12631
1.34644    -1.12619
1.34734    -1.12654
1.34858    -1.12629
1.35016    -1.12668
1.35207    -1.12657
1.35429    -1.12663
1.3568    -1.12668
1.35957    -1.12684
1.3626    -1.12685
1.36585    -1.12703
1.36931    -1.12699
1.37294    -1.12712
1.37673    -1.1271
1.38065    -1.12718
1.38467    -1.12716
1.38876    -1.1272
1.39289    -1.12717
1.39705    -1.12718
1.4012    -1.12714
1.40531    -1.12713
1.40937    -1.12707
1.41335    -1.12703
1.41722    -1.12697
1.42096    -1.12691
1.42456    -1.12683
1.42798    -1.12676
1.43122    -1.12668
1.43425    -1.12663
1.43706    -1.12645
1.43963    -1.1265
1.44195    -1.12622
1.44401    -1.12633
1.44581    -1.1262
1.44732    -1.12604
1.44855    -1.12609
1.44949    -1.12599
1.45013    -1.12583
1.45047    -1.12596
1.45052    -1.12574
1.45027    -1.1258
1.44973    -1.12572
1.44889    -1.12575
1.44777    -1.12572
1.44638    -1.12573
1.44472    -1.12572
1.4428    -1.12574
1.44063    -1.12574
1.43823    -1.12576
1.4356    -1.12578
1.43278    -1.1258
1.42976    -1.12582
1.42658    -1.12585
1.42324    -1.12588
1.41977    -1.1259
1.41619    -1.12593
1.41251    -1.12587
1.40877    -1.12586
1.40497    -1.12592
1.40115    -1.12591
1.39732    -1.12595
1.39351    -1.12594
1.38975    -1.12597
1.38606    -1.12597
1.38246    -1.12599
1.37897    -1.12599
1.37563    -1.12601
1.37244    -1.12601
1.36943    -1.12602
1.36663    -1.126
1.36405    -1.1261
1.36171    -1.12599
1.35962    -1.12621
1.35781    -1.12596
1.35627    -1.12616
1.35502    -1.12613
1.35408    -1.12625
1.35344    -1.12615
1.3531    -1.12623
1.35308    -1.12623
1.35336    -1.12617
1.35394    -1.12656
1.35483    -1.12641
1.356    -1.12657
1.35746    -1.12653
1.35919    -1.12665
1.36117    -1.12667
1.3634    -1.12673
1.36584    -1.12678
1.36849    -1.12684
1.37133    -1.12686
1.37433    -1.12691
1.37748    -1.12694
1.38074    -1.12696
1.3841    -1.12698
1.38754    -1.127
1.39104    -1.12699
1.39456    -1.12699
1.39809    -1.12698
1.4016    -1.12696
1.40508    -1.12693
1.4085    -1.1269
1.41184    -1.12686
1.41508    -1.12681
1.41821    -1.12676
1.4212    -1.12671
1.42404    -1.12665
1.42671    -1.12659
1.42921    -1.12653
1.43151    -1.12647
1.4336    -1.12641
1.43548    -1.12635
1.43713    -1.12629
1.43855    -1.12624
1.43973    -1.12618
1.44066    -1.12614
1.44135    -1.12609
1.44178    -1.12599
1.44196    -1.12611
1.44189    -1.12591
1.44157    -1.12599
1.441    -1.12585
1.44018    -1.12597
1.43912    -1.12587
1.43784    -1.1259
1.43633    -1.12589
1.4346    -1.12593
1.43268    -1.12587
1.43056    -1.12591
1.42826    -1.1259
1.42579    -1.12589
1.42317    -1.12593
1.42041    -1.12587
1.41753    -1.126
1.41455    -1.12586
1.41148    -1.12607
1.40834    -1.12587
1.40515    -1.12612
1.40194    -1.12589
1.39871    -1.12616
1.39549    -1.12591
1.3923    -1.1262
1.38917    -1.12593
1.3861    -1.12622
1.38313    -1.12595
1.38026    -1.12624
1.37753    -1.12597
1.37494    -1.12626
1.37251    -1.126
1.37026    -1.12632
1.36821    -1.126
1.36637    -1.12624
1.36474    -1.12616
1.36334    -1.12631
1.36219    -1.12616
1.36128    -1.12627
1.36062    -1.12635
1.36022    -1.12644
1.36008    -1.12627
1.3602    -1.12651
1.36057    -1.12643
1.3612    -1.12662
1.36207    -1.12645
1.36318    -1.12671
1.36453    -1.12664
1.36609    -1.12667
1.36786    -1.1267
1.36983    -1.12681
1.37198    -1.12675
1.37428    -1.12684
1.37674    -1.1269
1.37932    -1.12684
1.38202    -1.12692
1.38481    -1.12698
1.38767    -1.12688
1.39059    -1.12696
1.39355    -1.12701
1.39652    -1.12694
1.39949    -1.12705
1.40245    -1.12687
1.40537    -1.12703
1.40823    -1.12679
1.41102    -1.12698
1.41373    -1.12671
1.41633    -1.1269
1.41881    -1.12658
1.42115    -1.12678
1.42335    -1.12664
1.4254    -1.12651
1.42727    -1.12653
1.42896    -1.12652
1.43047    -1.12634
1.43178    -1.12643
1.43289    -1.12634
1.4338    -1.12623
1.43449    -1.12629
1.43497    -1.12617
1.43523    -1.12627
1.43528    -1.126
1.4351    -1.12604
1.43472    -1.12614
1.43412    -1.1259
1.43332    -1.1261
1.43231    -1.1259
1.43111    -1.12619
1.42972    -1.12585
1.42815    -1.12606
1.42642    -1.126
1.42452    -1.12609
1.42248    -1.12601
1.4203    -1.12607
1.418    -1.12607
1.4156    -1.12609
1.4131    -1.1261
1.41052    -1.12612
1.40788    -1.12612
1.4052    -1.12614
1.40248    -1.12616
1.39976    -1.12617
1.39703    -1.12618
1.39433    -1.12619
1.39167    -1.1262
1.38906    -1.12621
1.38652    -1.12622
1.38407    -1.12623
1.38173    -1.12624
1.3795    -1.12625
1.3774    -1.12626
1.37546    -1.12627
1.37367    -1.12628
1.37205    -1.12627
1.37061    -1.12628
1.36935    -1.12629
1.3683    -1.12631
1.36745    -1.12633
1.36681    -1.12636
1.36638    -1.12646
1.36616    -1.12632
1.36616    -1.12654
1.36638    -1.12649
1.3668    -1.12657
1.36744    -1.12655
1.36828    -1.1266
1.36931    -1.12661
1.37053    -1.12667
1.37193    -1.12669
1.37349    -1.12673
1.37521    -1.12677
1.37708    -1.12681
1.37907    -1.12684
1.38119    -1.12687
1.3834    -1.12689
1.3857    -1.12689
1.38807    -1.12697
1.3905    -1.12681
1.39297    -1.12694
1.39546    -1.12695
1.39796    -1.12681
1.40045    -1.12691
1.40291    -1.12692
1.40534    -1.12676
1.40772    -1.12687
1.41002    -1.12679
1.41225    -1.12681
1.41439    -1.12664
1.41641    -1.12671
1.41832    -1.12668
1.42011    -1.12654
1.42175    -1.12661
1.42324    -1.12655
1.42459    -1.12644
1.42577    -1.12649
1.42678    -1.12641
1.42762    -1.12638
1.42829    -1.12635
1.42877    -1.12623
1.42907    -1.12637
1.42919    -1.12634
1.42913    -1.12614
1.42889    -1.1262
1.42847    -1.12613
1.42787    -1.12627
1.4271    -1.12596
1.42616    -1.12619
1.42507    -1.12599
1.42381    -1.12629
1.42242    -1.12597
1.42088    -1.12618
1.41921    -1.12609
1.41743    -1.12617
1.41554    -1.12608
1.41355    -1.12614
1.41148    -1.12611
1.40934    -1.12613
1.40714    -1.12613
1.4049    -1.12618
1.40262    -1.1261
1.40033    -1.12627
1.39803    -1.12616
1.39575    -1.12616
1.39349    -1.12629
1.39128    -1.12619
1.38911    -1.12618
1.38702    -1.12632
1.385    -1.12618
1.38308    -1.12626
1.38127    -1.12623
1.37957    -1.12636
1.378    -1.12625
1.37657    -1.12629
1.37529    -1.1264
1.37417    -1.12628
1.3732    -1.12636
1.37241    -1.12642
1.37179    -1.12637
1.37134    -1.12648
1.37108    -1.12637
1.371    -1.12639
1.37109    -1.12658
1.37136    -1.12652
1.37181    -1.12663
1.37244    -1.12648
1.37323    -1.1268
1.37418    -1.12658
1.37529    -1.1268
1.37654    -1.12657
1.37793    -1.12689
1.37944    -1.12664
1.38107    -1.12688
1.38281    -1.12679
1.38464    -1.12679
1.38655    -1.1268
1.38853    -1.12689
1.39056    -1.12679
1.39263    -1.12688
1.39473    -1.12688
1.39684    -1.12681
1.39895    -1.12688
1.40106    -1.12681
1.40313    -1.12686
1.40517    -1.12671
1.40716    -1.12679
1.40908    -1.12678
1.41093    -1.12665
1.4127    -1.12672
1.41437    -1.12669
1.41594    -1.12657
1.41739    -1.12664
1.41873    -1.12657
1.41993    -1.12651
1.421    -1.12653
1.42194    -1.12646
1.42272    -1.12645
1.42336    -1.12641
1.42385    -1.12629
1.42417    -1.12646
1.42435    -1.12642
1.42438    -1.12641
1.42425    -1.1262
1.42397    -1.12627
1.42354    -1.12618
1.42295    -1.12633
1.42223    -1.12605
1.42136    -1.12626
1.42036    -1.12608
1.41923    -1.12636
1.41798    -1.12604
1.41662    -1.12637
1.41516    -1.12601
1.4136    -1.12644
1.41197    -1.12594
1.41024    -1.12634
1.40846    -1.12607
1.40662    -1.12632
1.40474    -1.12615
1.40282    -1.12623
1.40089    -1.12626
1.39895    -1.12626
1.39701    -1.12619
1.39509    -1.12631
1.3932    -1.12621
1.39135    -1.12625
1.38955    -1.12631
1.38781    -1.12624
1.38615    -1.12629
1.38458    -1.12631
1.38309    -1.12629
1.38172    -1.12634
1.38045    -1.12632
1.37931    -1.12635
1.3783    -1.12637
1.37742    -1.12638
1.37667    -1.12641
1.37608    -1.12642
1.37563    -1.12652
1.37533    -1.12636
1.37519    -1.1264
1.37519    -1.1264
1.37534    -1.12663
1.37564    -1.12656
1.37609    -1.12665
1.37668    -1.12651
1.37741    -1.1268
1.37827    -1.1266
1.37926    -1.12678
1.38037    -1.12658
1.38159    -1.12686
1.38292    -1.12663
1.38434    -1.12685
1.38584    -1.12676
1.38742    -1.12676
1.38906    -1.12676
1.39075    -1.12684
1.39248    -1.12674
1.39424    -1.12682
1.39602    -1.12682
1.39781    -1.12676
1.39959    -1.12682
1.40136    -1.1268
1.4031    -1.12674
1.40481    -1.12679
1.40647    -1.12673
1.40807    -1.12672
1.40961    -1.12671
1.41107    -1.12666
1.41244    -1.12666
1.41373    -1.12662
1.41492    -1.12659
1.416    -1.12657
1.41697    -1.12654
1.41782    -1.12652
1.41856    -1.12648
1.41917    -1.12646
1.41965    -1.12634
1.42    -1.12653
1.42022    -1.12647
1.42031    -1.12645
1.42027    -1.12646
1.42011    -1.12625
1.41981    -1.12632
1.41939    -1.12623
1.41883    -1.12637
1.41817    -1.12613
1.41737    -1.12632
1.41648    -1.12615
1.41547    -1.1264
1.41437    -1.12612
1.41317    -1.12641
1.4119    -1.12608
1.41054    -1.12641
1.40913    -1.12608
1.40764    -1.12644
1.40612    -1.12608
1.40454    -1.12645
1.40294    -1.12604
1.40132    -1.12643
1.39968    -1.12613
1.39804    -1.12641
1.39642    -1.12619
1.3948    -1.12631
1.39322    -1.12634
1.39168    -1.12633
1.39019    -1.12628
1.38875    -1.12639
1.38738    -1.12629
1.38609    -1.12635
1.38488    -1.12638
1.38377    -1.12634
1.38275    -1.1264
1.38183    -1.12639
1.38103    -1.1264
1.38034    -1.12644
1.37977    -1.12643
1.37932    -1.12653
1.379    -1.12638
1.37881    -1.12642
1.37874    -1.12644
1.37879    -1.12643
1.37897    -1.12664
1.37928    -1.12657
1.3797    -1.12666
1.38025    -1.12653
1.38091    -1.12678
1.38169    -1.1266
1.38256    -1.12676
1.38354    -1.12653
1.3846    -1.12684
1.38575    -1.12657
1.38696    -1.1269
1.38825    -1.1266
1.3896    -1.12689
1.39099    -1.12656
1.39242    -1.12693
1.39389    -1.12658
1.39537    -1.12698
1.39687    -1.12662
1.39837    -1.12696
1.39987    -1.12659
1.40134    -1.12682
1.4028    -1.12664
1.40422    -1.12673
1.4056    -1.12665
1.40693    -1.12669
1.40819    -1.12664
1.4094    -1.12666
1.41053    -1.12661
1.41158    -1.12661
1.41255    -1.12658
1.41342    -1.12657
1.4142    -1.12654
1.41489    -1.12652
1.41546    -1.12649
1.41594    -1.12638
1.4163    -1.12657
1.41655    -1.12651
1.4167    -1.12647
1.41674    -1.12646
1.41666    -1.12648
1.41648    -1.12652
1.4162    -1.12622
1.41581    -1.12632
1.41531    -1.12627
1.41471    -1.12642
1.41401    -1.12616
1.41322    -1.12635
1.41235    -1.12623
1.41139    -1.12646
1.41036    -1.12615
1.40926    -1.12642
1.40811    -1.12613
1.40689    -1.12643
1.40563    -1.12616
1.40433    -1.12647
1.403    -1.12614
1.40165    -1.12647
1.40029    -1.12609
1.39891    -1.12642
1.39754    -1.12614
1.39618    -1.12646
1.39484    -1.12626
1.39352    -1.12642
1.39225    -1.12633
1.39101    -1.12639
1.38983    -1.12636
1.38871    -1.12639
1.38765    -1.12637
1.38667    -1.1264
1.38577    -1.12639
1.38494    -1.12642
1.38421    -1.12642
1.38358    -1.12644
1.38304    -1.12657
1.3826    -1.12633
1.38227    -1.12641
1.38203    -1.12647
1.38191    -1.1265
1.38189    -1.1265
1.38197    -1.12648
1.38217    -1.12644
1.38245    -1.12667
1.38285    -1.12658
1.38334    -1.12671
1.38393    -1.12657
1.38461    -1.12677
1.38537    -1.12659
1.38621    -1.12676
1.38713    -1.12654
1.38811    -1.12681
1.38916    -1.12657
1.39025    -1.12687
1.3914    -1.1266
1.39258    -1.12684
1.39379    -1.12655
1.39502    -1.12688
1.39627    -1.12658
1.39753    -1.12692
1.39879    -1.12662
1.40003    -1.12685
1.40127    -1.12656
1.40247    -1.12689
1.40365    -1.12648
1.40479    -1.12683
1.40589    -1.12657
1.40693    -1.12682
1.40793    -1.12658
1.40885    -1.12662
1.40971    -1.12641
1.41049    -1.12677
1.4112    -1.1266
1.41183    -1.12662
1.41237    -1.12649
1.41283    -1.12652
1.4132    -1.12643
1.41347    -1.12653
1.41365    -1.12649
1.41374    -1.12646
1.41374    -1.12647
1.41365    -1.12649
1.41346    -1.12653
1.41319    -1.12627
1.41283    -1.12636
1.41237    -1.12631
1.41184    -1.12644
1.41122    -1.12623
1.41053    -1.12639
1.40977    -1.12628
1.40894    -1.12648
1.40806    -1.12621
1.40711    -1.12644
1.40612    -1.12619
1.40508    -1.12644
1.40401    -1.12622
1.40291    -1.12648
1.40179    -1.1262
1.40064    -1.12647
1.3995    -1.12616
1.39834    -1.12643
1.3972    -1.12621
1.39606    -1.12648
1.39495    -1.12618
1.39386    -1.12644
1.3928    -1.12624
1.39178    -1.12648
1.39081    -1.1262
1.38989    -1.12642
1.38902    -1.12638
1.38822    -1.12657
1.38749    -1.12625
1.38682    -1.1264
1.38624    -1.12636
1.38573    -1.12648
1.3853    -1.12649
1.38496    -1.12657
1.38471    -1.12662
1.38455    -1.12637
1.38448    -1.12639
1.38449    -1.12639
1.38458    -1.12667
1.38477    -1.12662
1.38504    -1.12656
1.3854    -1.1267
1.38584    -1.1266
1.38636    -1.12668
1.38696    -1.12654
1.38762    -1.12673
1.38835    -1.12656
1.38914    -1.12675
1.38998    -1.12655
1.39087    -1.12679
1.39181    -1.12657
1.39278    -1.12679
1.39378    -1.12655
1.3948    -1.12681
1.39585    -1.12657
1.3969    -1.12682
1.39796    -1.12657
1.39901    -1.12683
1.40006    -1.12658
1.40108    -1.12682
1.4021    -1.12658
1.40308    -1.1268
1.40403    -1.12658
1.40494    -1.12677
1.4058    -1.12656
1.40662    -1.12674
1.40738    -1.12656
1.40809    -1.12669
1.40873    -1.12654
1.40931    -1.12665
1.40982    -1.12652
1.41025    -1.12659
1.41062    -1.12651
1.4109    -1.12654
1.41111    -1.12649
1.41124    -1.12646
1.41129    -1.12645
1.41126    -1.12645
1.41115    -1.12648
1.41097    -1.12653
1.41071    -1.12634
1.41037    -1.12642
1.40997    -1.12633
1.40949    -1.12645
1.40894    -1.12627
1.40834    -1.12641
1.40767    -1.12631
1.40695    -1.12648
1.40618    -1.12627
1.40537    -1.12647
1.40452    -1.12624
1.40363    -1.12646
1.40272    -1.12627
1.40178    -1.1265
1.40083    -1.12625
1.39986    -1.12648
1.39889    -1.12622
1.39792    -1.12645
1.39696    -1.12627
1.39601    -1.12649
1.39508    -1.12624
1.39418    -1.12646
1.3933    -1.12626
1.39246    -1.12646
1.39166    -1.12631
1.3909    -1.12649
1.3902    -1.1263
1.38955    -1.12646
1.38896    -1.12636
1.38843    -1.12649
1.38796    -1.12639
1.38756    -1.12649
1.38724    -1.12643
1.38698    -1.12649
1.3868    -1.12654
1.38669    -1.12646
1.38666    -1.12646
1.3867    -1.12646
1.38681    -1.12663
1.387    -1.12659
1.38725    -1.12653
1.38758    -1.1267
1.38798    -1.12661
1.38844    -1.12667
1.38896    -1.12654
1.38954    -1.12671
1.39018    -1.12657
1.39085    -1.12671
1.39158    -1.12654
1.39234    -1.12676
1.39314    -1.12657
1.39397    -1.12676
1.39482    -1.12655
1.39569    -1.12678
1.39657    -1.12657
1.39746    -1.1268
1.39835    -1.12658
1.39924    -1.12679
1.40012    -1.12658
1.40098    -1.12678
1.40182    -1.12657
1.40264    -1.12677
1.40343    -1.12658
1.40418    -1.12673
1.4049    -1.12655
1.40557    -1.12671
1.4062    -1.12655
1.40677    -1.12666
1.40729    -1.12654
1.40776    -1.12662
1.40816    -1.12652
1.40851    -1.12658
1.40879    -1.12651
1.409    -1.12646
1.40915    -1.12657
1.40923    -1.12655
1.40925    -1.12655
1.40921    -1.12656
1.4091    -1.12637
1.40892    -1.12641
1.40868    -1.12647
1.40838    -1.12633
1.40801    -1.12642
1.40759    -1.12635
1.40711    -1.12647
1.40659    -1.12632
1.40601    -1.12646
1.40539    -1.12634
1.40472    -1.1265
1.40403    -1.12629
1.4033    -1.12647
1.40255    -1.1263
1.40177    -1.12649
1.40097    -1.12629
1.40016    -1.12648
1.39935    -1.12627
1.39853    -1.12647
1.39771    -1.12628
1.3969    -1.12648
1.39611    -1.12629
1.39533    -1.12648
1.39457    -1.12629
1.39384    -1.12647
1.39314    -1.12633
1.39248    -1.12648
1.39186    -1.12634
1.39127    -1.12648
1.39074    -1.12637
1.39026    -1.12649
1.38983    -1.1264
1.38945    -1.12649
1.38914    -1.12644
1.38888    -1.1265
1.38868    -1.12654
1.38855    -1.12644
1.38848    -1.12646
1.38847    -1.12646
1.38852    -1.12645
1.38863    -1.12664
1.3888    -1.1266
1.38904    -1.12654
1.38933    -1.12668
1.38968    -1.1266
1.39008    -1.12666
1.39054    -1.12655
1.39104    -1.12669
1.39158    -1.12656
1.39217    -1.12669
1.39279    -1.12654
1.39344    -1.12673
1.39412    -1.12657
1.39483    -1.12672
1.39555    -1.12655
1.39629    -1.12674
1.39703    -1.12656
1.39778    -1.12676
1.39854    -1.12658
1.39928    -1.12674
1.40002    -1.12657
1.40075    -1.12674
1.40146    -1.12657
1.40214    -1.12673
1.4028    -1.12657
1.40343    -1.12669
1.40403    -1.12655
1.40458    -1.12668
1.4051    -1.12655
1.40558    -1.12664
1.40601    -1.12653
1.40638    -1.12661
1.40671    -1.12653
1.40699    -1.12657
1.40721    -1.12652
1.40738    -1.12647
1.40749    -1.12645
1.40754    -1.12657
1.40754    -1.12657
1.40748    -1.12659
1.40737    -1.12635
1.4072    -1.12639
1.40698    -1.12645
1.40671    -1.12638
1.40638    -1.12646
1.40601    -1.12637
1.40559    -1.12647
1.40513    -1.12637
1.40462    -1.12649
1.40409    -1.12635
1.40351    -1.12649
1.40292    -1.12633
1.40229    -1.12648
1.40165    -1.12634
1.40098    -1.1265
1.40031    -1.12632
1.39962    -1.12648
1.39893    -1.12631
1.39824    -1.12647
1.39755    -1.12633
1.39687    -1.12649
1.3962    -1.12632
1.39555    -1.12648
1.39492    -1.12633
1.39431    -1.12648
1.39373    -1.12636
1.39318    -1.12649
1.39267    -1.12637
1.39219    -1.12648
1.39176    -1.12641
1.39136    -1.1265
1.39102    -1.12643
1.39072    -1.1265
1.39047    -1.12656
1.39027    -1.12641
1.39013    -1.12644
1.39003    -1.12646
1.38999    -1.12647
1.38999    -1.12647
1.39005    -1.12646
1.39016    -1.12643
1.39031    -1.12666
1.39052    -1.12661
1.39078    -1.12655
1.39109    -1.12668
1.39144    -1.1266
1.39183    -1.12664
1.39227    -1.12654
1.39274    -1.12668
1.39324    -1.12656
1.39377    -1.12667
1.39433    -1.12654
1.39491    -1.12671
1.39551    -1.12656
1.39613    -1.1267
1.39676    -1.12655
1.39739    -1.12672
1.39803    -1.12656
1.39866    -1.12672
1.39929    -1.12657
1.39991    -1.12671
1.40053    -1.12656
1.40112    -1.1267
1.4017    -1.12656
1.40225    -1.12668
1.40277    -1.12656
1.40327    -1.12665
1.40373    -1.12654
1.40416    -1.12664
1.40456    -1.12654
1.40491    -1.1266
1.40522    -1.12653
1.40549    -1.12658
1.40571    -1.12652
1.40589    -1.12648
1.40601    -1.12658
1.40609    -1.12656
1.40613    -1.12655
1.40612    -1.12655
1.40606    -1.12657
1.40596    -1.12659
1.40582    -1.12636
1.40563    -1.12641
1.40539    -1.12646
1.40511    -1.12638
1.40479    -1.12646
1.40443    -1.12639
1.40404    -1.12649
1.40361    -1.12638
1.40315    -1.1265
1.40266    -1.12637
1.40215    -1.12649
1.40162    -1.12636
1.40107    -1.12649
1.40051    -1.12636
1.39993    -1.1265
1.39935    -1.12634
1.39877    -1.12648
1.39818    -1.12635
1.3976    -1.12648
1.39702    -1.12636
1.39646    -1.12649
1.39591    -1.12636
1.39538    -1.12648
1.39487    -1.12637
1.39438    -1.12649
1.39392    -1.12639
1.39348    -1.1265
1.39309    -1.12641
1.39272    -1.1265
1.39239    -1.12644
1.3921    -1.12651
1.39185    -1.12656
1.39165    -1.1264
1.39149    -1.12644
1.39137    -1.12647
1.39129    -1.12649
1.39126    -1.1265
1.39127    -1.12649
1.39132    -1.12648
1.39142    -1.12646
1.39156    -1.12642
1.39173    -1.12667
1.39196    -1.12662
1.39222    -1.12656
1.39252    -1.12667
1.39285    -1.12659
1.39322    -1.12663
1.39363    -1.12654
1.39405    -1.12666
1.39451    -1.12655
1.39498    -1.12666
1.39548    -1.12654
1.39599    -1.12668
1.39651    -1.12655
1.39704    -1.12668
1.39758    -1.12655
1.39811    -1.12669
1.39865    -1.12656
1.39919    -1.12668
1.39972    -1.12656
1.40023    -1.12668
1.40074    -1.12655
1.40122    -1.12667
1.40169    -1.12655
1.40213    -1.12665
1.40255    -1.12655
1.40294    -1.12663
1.4033    -1.12654
1.40363    -1.12661
1.40393    -1.12654
1.40419    -1.12647
1.40441    -1.12664
1.40459    -1.12659
1.40474    -1.12656
1.40485    -1.12653
1.40491    -1.12652
1.40494    -1.12651
1.40492    -1.12651
1.40487    -1.12653
1.40477    -1.12655
1.40464    -1.12658
1.40447    -1.1264
1.40426    -1.12645
1.40402    -1.12651
1.40374    -1.12636
1.40343    -1.12643
1.40309    -1.12651
1.40272    -1.12632
1.40233    -1.12642
1.40191    -1.12647
1.40147    -1.12657
1.40102    -1.12628
1.40054    -1.1264
1.40006    -1.12638
1.39956    -1.1265
1.39907    -1.1264
1.39857    -1.12652
1.39807    -1.12639
1.39757    -1.12651
1.39709    -1.12637
1.39661    -1.12648
1.39614    -1.12643
1.39569    -1.12654
1.39526    -1.12639
1.39485    -1.12648
1.39447    -1.12641
1.39411    -1.1265
1.39377    -1.12646
1.39347    -1.12653
1.3932    -1.12644
1.39297    -1.12649
1.39276    -1.12654
1.3926    -1.12644
1.39247    -1.12647
1.39238    -1.12649
1.39232    -1.1265
1.39231    -1.12651
1.39233    -1.1265
1.39238    -1.12649
1.39247    -1.12647
1.3926    -1.12644
1.39276    -1.12667
1.39296    -1.12662
1.39319    -1.12657
1.39345    -1.12664
1.39375    -1.12657
1.39407    -1.12663
1.39442    -1.12654
1.39479    -1.12663
1.39518    -1.12654
1.39559    -1.12665
1.39601    -1.12655
1.39645    -1.12665
1.3969    -1.12655
1.39735    -1.12666
1.39781    -1.12655
1.39827    -1.12667
1.39873    -1.12656
1.39918    -1.12666
1.39963    -1.12655
1.40006    -1.12665
1.40049    -1.12655
1.4009    -1.12665
1.40129    -1.12655
1.40166    -1.12662
1.40202    -1.12654
1.40234    -1.12661
1.40264    -1.12654
1.40292    -1.12659
1.40316    -1.12653
1.40338    -1.12648
1.40355    -1.12662
1.4037    -1.12658
1.40382    -1.12656
1.4039    -1.12654
1.40395    -1.12652
1.40396    -1.12652
1.40394    -1.12653
1.40389    -1.12654
1.4038    -1.12656
1.40368    -1.12659
1.40353    -1.1264
1.40335    -1.12644
1.40313    -1.1265
1.40289    -1.12639
1.40262    -1.12646
1.40232    -1.12653
1.40201    -1.12634
1.40166    -1.12643
1.4013    -1.12651
1.40093    -1.12638
1.40054    -1.12647
1.40013    -1.12644
1.39972    -1.12654
1.3993    -1.12634
1.39888    -1.12644
1.39845    -1.12645
1.39803    -1.12655
1.39761    -1.12636
1.39719    -1.12646
1.39679    -1.12641
1.39639    -1.1265
1.39601    -1.12644
1.39565    -1.12653
1.3953    -1.12642
1.39498    -1.1265
1.39468    -1.12643
1.3944    -1.1265
1.39414    -1.12656
1.39392    -1.12643
1.39373    -1.12648
1.39356    -1.12652
1.39342    -1.12655
1.39332    -1.12657
1.39326    -1.12646
1.39322    -1.12647
1.39321    -1.12647
1.39324    -1.12647
1.39329    -1.12645
1.39337    -1.12664
1.39348    -1.12661
1.39363    -1.12658
1.39381    -1.12654
1.39401    -1.12665
1.39424    -1.1266
1.3945    -1.12654
1.39478    -1.12665
1.39508    -1.12658
1.3954    -1.12651
1.39574    -1.12666
1.39609    -1.12658
1.39645    -1.12649
1.39682    -1.12668
1.39721    -1.12659
1.39759    -1.1265
1.39798    -1.12668
1.39837    -1.12659
1.39876    -1.1265
1.39914    -1.12667
1.39951    -1.12658
1.39988    -1.1265
1.40023    -1.12668
1.40058    -1.1266
1.40091    -1.12652
1.40121    -1.12665
1.40151    -1.12658
1.40178    -1.12652
1.40202    -1.12662
1.40225    -1.12657
1.40245    -1.12652
1.40262    -1.12648
1.40277    -1.12663
1.40288    -1.1266
1.40298    -1.12658
1.40304    -1.12657
1.40308    -1.12656
1.40309    -1.12656
1.40307    -1.12656
1.40302    -1.12657
1.40295    -1.12659
1.40285    -1.12661
1.40273    -1.1264
1.40258    -1.12643
1.4024    -1.12648
1.40219    -1.12652
1.40197    -1.12637
1.40172    -1.12643
1.40144    -1.12649
1.40116    -1.12639
1.40085    -1.12647
1.40053    -1.12654
1.4002    -1.12638
1.39986    -1.12646
1.39951    -1.12655
1.39916    -1.12639
1.3988    -1.12647
1.39845    -1.12656
1.39809    -1.12637
1.39774    -1.12645
1.39739    -1.12653
1.39705    -1.1264
1.39672    -1.12648
1.3964    -1.12656
1.3961    -1.12639
1.39581    -1.12646
1.39554    -1.12652
1.39529    -1.12642
1.39505    -1.12647
1.39484    -1.12652
1.39465    -1.12645
1.39449    -1.12649
1.39435    -1.12653
1.39423    -1.12655
1.39415    -1.12657
1.39409    -1.12643
1.39406    -1.12644
1.39405    -1.12644
1.39407    -1.12644
1.39411    -1.12643
1.39417    -1.12664
1.39426    -1.12661
1.39438    -1.12659
1.39452    -1.12655
1.39469    -1.12651
1.39488    -1.12667
1.39509    -1.12662
1.39533    -1.12657
1.39558    -1.12662
1.39585    -1.12656
1.39613    -1.12649
1.39642    -1.12666
1.39673    -1.12659
1.39704    -1.12651
1.39736    -1.12665
1.39768    -1.12657
1.39801    -1.12649
1.39834    -1.12666
1.39866    -1.12658
1.39899    -1.12651
1.3993    -1.12665
1.39961    -1.12657
1.39991    -1.1265
1.4002    -1.12665
1.40047    -1.12659
1.40074    -1.12652
1.40098    -1.12662
1.40121    -1.12657
1.40142    -1.12652
1.40161    -1.1266
1.40178    -1.12656
1.40193    -1.12653
1.40206    -1.1265
1.40216    -1.12647
1.40223    -1.12662
1.40228    -1.1266
1.40231    -1.1266
1.40232    -1.12659
1.4023    -1.1266
1.40227    -1.12661
1.40222    -1.12662
1.40214    -1.1264
1.40204    -1.12642
1.40191    -1.12645
1.40176    -1.12649
1.40159    -1.12653
1.40141    -1.12638
1.4012    -1.12643
1.40097    -1.12648
1.40073    -1.12643
1.40047    -1.12649
1.4002    -1.12656
1.39993    -1.1264
1.39964    -1.12646
1.39935    -1.12653
1.39905    -1.12641
1.39875    -1.12648
1.39845    -1.12655
1.39816    -1.1264
1.39786    -1.12647
1.39756    -1.12654
1.39728    -1.12641
1.397    -1.12648
1.39673    -1.12654
1.39648    -1.12641
1.39623    -1.12647
1.396    -1.12652
1.39579    -1.12644
1.39559    -1.12649
1.39541    -1.12653
1.39525    -1.12657
1.39511    -1.12642
1.39499    -1.12644
1.3949    -1.12647
1.39482    -1.12649
1.39476    -1.1265
1.39473    -1.12651
1.39472    -1.12651
1.39473    -1.12651
1.39476    -1.1265
1.39482    -1.12649
1.39489    -1.12647
1.39499    -1.12644
1.3951    -1.12642
1.39523    -1.12666
1.39538    -1.12663
1.39556    -1.12659
1.39575    -1.12654
1.39595    -1.12665
1.39617    -1.12659
1.39641    -1.12654
1.39665    -1.12663
1.39691    -1.12657
1.39717    -1.12651
1.39744    -1.12663
1.39771    -1.12656
1.39799    -1.1265
