1.2    -1.11643    0.000118138    -0.638521    -2.62249    1.68325e-06    0.126472
1.20218    -1.11817    0.000420229    -0.630379    -2.63922    9.39497e-08    0.146868
1.2063    -1.11859    0.00086509    -0.628875    -2.63739    1.6e-07    0.151526
1.2122    -1.11915    0.00141357    -0.627719    -2.63276    2.59117e-07    0.155443
1.21974    -1.11983    0.0020233    -0.626318    -2.62672    3.67032e-07    0.160164
1.22877    -1.1206    0.00265297    -0.624659    -2.61953    4.75551e-07    0.165616
1.23911    -1.12141    0.00326501    -0.622773    -2.61135    5.77604e-07    0.171624
1.25057    -1.12223    0.0038274    -0.620698    -2.60234    6.67554e-07    0.178009
1.26299    -1.12303    0.00431487    -0.61847    -2.59266    7.41372e-07    0.184603
1.27617    -1.12377    0.00470931    -0.616126    -2.58249    7.9662e-07    0.191258
1.28994    -1.12445    0.00499968    -0.613702    -2.57195    8.32313e-07    0.197848
1.30413    -1.12504    0.00518145    -0.611229    -2.5612    8.48691e-07    0.20427
1.31858    -1.12553    0.0052557    -0.608737    -2.55037    8.46951e-07    0.210444
1.33313    -1.12592    0.00522809    -0.606254    -2.53956    8.28981e-07    0.216311
1.34764    -1.12621    0.00510782    -0.603803    -2.5289    7.97101e-07    0.221829
1.36198    -1.12641    0.00490654    -0.601406    -2.51846    7.53854e-07    0.226974
1.37603    -1.12652    0.00463744    -0.599081    -2.50832    7.01827e-07    0.231732
1.3897    -1.12654    0.00431444    -0.596842    -2.49856    6.43521e-07    0.236103
1.40288    -1.1265    0.00395149    -0.594703    -2.48924    5.81259e-07    0.240091
1.4155    -1.1264    0.00356205    -0.592674    -2.48039    5.17125e-07    0.243708
1.42747    -1.12626    0.00315873    -0.590765    -2.47206    4.52937e-07    0.24697
1.43875    -1.12607    0.00275297    -0.588981    -2.46427    3.9023e-07    0.249894
1.44928    -1.12586    0.00235488    -0.587329    -2.45706    3.30269e-07    0.252501
1.45902    -1.12564    0.00197315    -0.585811    -2.45043    2.74055e-07    0.254808
1.46793    -1.1254    0.00161503    -0.584431    -2.44441    2.22354e-07    0.256837
1.476    -1.12517    0.00128632    -0.583189    -2.43898    1.75719e-07    0.258606
1.4832    -1.12495    0.000991441    -0.582087    -2.43417    1.34513e-07    0.260132
1.48952    -1.12475    0.000733541    -0.581124    -2.42996    9.89411e-08    0.261432
1.49495    -1.12456    0.000514566    -0.580299    -2.42636    6.90673e-08    0.262522
1.4995    -1.1244    0.000335382    -0.57961    -2.42335    4.48407e-08    0.263414
1.50318    -1.12426    0.000195889    -0.579056    -2.42092    2.61134e-08    0.26412
1.50599    -1.12415    9.51363e-05    -0.578633    -2.41908    1.26572e-08    0.264652
1.50794    -1.12408    3.14373e-05    -0.57834    -2.41779    4.17838e-09    0.265018
1.50907    -1.12404    2.47728e-06    -0.578172    -2.41705    3.29601e-10    0.265226
1.50939    -1.12402    5.41954e-06    -0.578125    -2.41684    7.204e-10    0.265283
1.50892    -1.12404    3.70043e-05    -0.578197    -2.41714    4.92579e-09    0.265194
1.5077    -1.12409    9.36421e-05    -0.578382    -2.41794    1.24936e-08    0.264964
1.50576    -1.12416    0.000171501    -0.578676    -2.41921    2.29509e-08    0.264596
1.50313    -1.12426    0.000266591    -0.579074    -2.42094    3.58095e-08    0.264094
1.49985    -1.12438    0.000374838    -0.579571    -2.42309    5.05711e-08    0.263459
1.49597    -1.12452    0.000492161    -0.580161    -2.42565    6.67328e-08    0.262695
1.49151    -1.12468    0.000614536    -0.58084    -2.4286    8.37913e-08    0.261803
1.48654    -1.12484    0.000738067    -0.5816    -2.4319    1.01249e-07    0.260785
1.48109    -1.12502    0.000859044    -0.582436    -2.43553    1.18619e-07    0.259644
1.47521    -1.1252    0.000974    -0.583342    -2.43946    1.35432e-07    0.258381
1.46894    -1.12538    0.00107977    -0.58431    -2.44366    1.51241e-07    0.257001
1.46235    -1.12555    0.00117354    -0.585334    -2.4481    1.65632e-07    0.255506
1.45547    -1.12572    0.00125289    -0.586406    -2.45276    1.78226e-07    0.253902
1.44837    -1.12588    0.00131584    -0.587519    -2.45759    1.88691e-07    0.252194
1.44109    -1.12603    0.00136087    -0.588665    -2.46257    1.9675e-07    0.25039
1.43369    -1.12616    0.00138698    -0.589836    -2.46765    2.02184e-07    0.248497
1.42621    -1.12627    0.00139366    -0.591024    -2.47281    2.04842e-07    0.246525
1.41872    -1.12637    0.00138095    -0.592221    -2.47801    2.04648e-07    0.244486
1.41126    -1.12644    0.0013494    -0.593418    -2.48322    2.01602e-07    0.242393
1.40389    -1.1265    0.00130007    -0.594608    -2.48839    1.95783e-07    0.240259
1.39666    -1.12653    0.00123447    -0.595781    -2.49349    1.87352e-07    0.238101
1.38961    -1.12654    0.00115458    -0.59693    -2.49849    1.76546e-07    0.235936
1.38279    -1.12654    0.00106274    -0.598045    -2.50334    1.63676e-07    0.233783
1.37624    -1.12652    0.000961596    -0.599121    -2.50802    1.49114e-07    0.23166
1.37002    -1.12648    0.000854007    -0.600148    -2.5125    1.33286e-07    0.229588
1.36416    -1.12643    0.000742977    -0.601119    -2.51673    1.16656e-07    0.227588
1.35869    -1.12637    0.000631537    -0.602029    -2.52069    9.97089e-08    0.225679
1.35364    -1.1263    0.000522651    -0.60287    -2.52436    8.29338e-08    0.223882
1.34906    -1.12624    0.000419113    -0.603638    -2.52771    6.68045e-08    0.222215
1.34495    -1.12616    0.000323453    -0.604327    -2.53072    5.17608e-08    0.220697
1.34134    -1.1261    0.000237855    -0.604934    -2.53337    3.81917e-08    0.219344
1.33824    -1.12603    0.000164081    -0.605455    -2.53565    2.64198e-08    0.218167
1.33567    -1.12598    0.000103422    -0.605888    -2.53755    1.66896e-08    0.21718
1.33363    -1.12593    5.66653e-05    -0.606232    -2.53906    9.15907e-09    0.21639
1.33212    -1.1259    2.4081e-05    -0.606487    -2.54018    3.89637e-09    0.215802
1.33114    -1.12587    5.43723e-06    -0.606652    -2.54091    8.80181e-10    0.215418
1.33067    -1.12586    3.11142e-08    -0.60673    -2.54126    5.04373e-12    0.215237
1.3307    -1.12586    6.74063e-06    -0.606722    -2.54124    1.09033e-09    0.215254
1.33123    -1.12587    2.40922e-05    -0.606631    -2.54086    3.89256e-09    0.215463
1.33221    -1.1259    5.03393e-05    -0.606462    -2.54014    8.12001e-09    0.215855
1.33363    -1.12593    8.35485e-05    -0.606218    -2.53909    1.34487e-08    0.216416
1.33547    -1.12597    0.000121687    -0.605906    -2.53774    1.95389e-08    0.217133
1.33768    -1.12602    0.00016271    -0.605529    -2.53611    2.60504e-08    0.21799
1.34024    -1.12607    0.000204638    -0.605095    -2.53423    3.26576e-08    0.218972
1.34311    -1.12613    0.000245628    -0.604609    -2.53212    3.9061e-08    0.22006
1.34626    -1.12619    0.000284032    -0.604079    -2.52982    4.49974e-08    0.221237
1.34964    -1.12624    0.000318441    -0.603509    -2.52735    5.02471e-08    0.222487
1.35322    -1.1263    0.000347716    -0.602908    -2.52474    5.46378e-08    0.223791
1.35696    -1.12635    0.000371002    -0.602282    -2.52201    5.80466e-08    0.225133
1.36083    -1.1264    0.000387739    -0.601637    -2.51921    6.03992e-08    0.226498
1.36478    -1.12644    0.000397643    -0.600979    -2.51635    6.16675e-08    0.227872
1.36878    -1.12647    0.000400698    -0.600315    -2.51346    6.18652e-08    0.22924
1.3728    -1.1265    0.000397125    -0.599651    -2.51057    6.10426e-08    0.230591
1.3768    -1.12652    0.000387351    -0.598991    -2.5077    5.92808e-08    0.231914
1.38075    -1.12653    0.000371974    -0.598342    -2.50488    5.66848e-08    0.2332
1.38462    -1.12654    0.000351727    -0.597707    -2.50211    5.33775e-08    0.234439
1.38838    -1.12654    0.000327439    -0.597092    -2.49943    4.94933e-08    0.235626
1.39201    -1.12654    0.0003    -0.5965    -2.49685    4.51728e-08    0.236753
1.39549    -1.12653    0.000270322    -0.595934    -2.49439    4.05569e-08    0.237816
1.39879    -1.12652    0.000239317    -0.595399    -2.49206    3.57831e-08    0.238811
1.40189    -1.12651    0.000207859    -0.594897    -2.48987    3.09812e-08    0.239735
1.40479    -1.12649    0.000176769    -0.594429    -2.48783    2.62706e-08    0.240585
1.40745    -1.12647    0.000146792    -0.593999    -2.48595    2.17578e-08    0.24136
1.40989    -1.12645    0.000118584    -0.593608    -2.48425    1.75349e-08    0.242059
1.41207    -1.12644    9.26973e-05    -0.593258    -2.48272    1.36784e-08    0.24268
1.414    -1.12642    6.95806e-05    -0.592948    -2.48136    1.02488e-08    0.243225
1.41568    -1.1264    4.95702e-05    -0.59268    -2.48019    7.2903e-09    0.243693
1.41709    -1.12639    3.28926e-05    -0.592455    -2.47921    4.83159e-09    0.244086
1.41824    -1.12637    1.96674e-05    -0.592271    -2.4784    2.88623e-09    0.244404
1.41913    -1.12636    9.91226e-06    -0.592129    -2.47778    1.45372e-09    0.244648
1.41976    -1.12636    3.55135e-06    -0.592029    -2.47734    5.20666e-10    0.24482
1.42014    -1.12635    4.24071e-07    -0.591969    -2.47708    6.21904e-11    0.244923
1.42027    -1.12635    2.95939e-07    -0.591949    -2.47698    4.33871e-11    0.244957
1.42016    -1.12635    2.87015e-06    -0.591968    -2.47706    4.2091e-10    0.244926
1.41982    -1.12636    7.79978e-06    -0.592023    -2.47729    1.14461e-09    0.244831
1.41926    -1.12636    1.47003e-05    -0.592113    -2.47768    2.15916e-09    0.244676
1.41849    -1.12637    2.31621e-05    -0.592237    -2.47822    3.40576e-09    0.244462
1.41753    -1.12638    3.27628e-05    -0.592392    -2.47889    4.8237e-09    0.244193
1.41638    -1.12639    4.30788e-05    -0.592577    -2.47969    6.35193e-09    0.243873
1.41506    -1.12641    5.36967e-05    -0.592789    -2.4806    7.93057e-09    0.243503
1.41359    -1.12642    6.42232e-05    -0.593025    -2.48163    9.50229e-09    0.243089
1.41198    -1.12644    7.42943e-05    -0.593284    -2.48275    1.10136e-08    0.242632
1.41025    -1.12645    8.35831e-05    -0.593563    -2.48396    1.24159e-08    0.242138
1.40842    -1.12647    9.18064e-05    -0.593859    -2.48525    1.36665e-08    0.241611
1.4065    -1.12648    9.87297e-05    -0.594169    -2.4866    1.47297e-08    0.241054
1.4045    -1.12649    0.000104171    -0.594492    -2.488    1.55768e-08    0.240471
1.40245    -1.12651    0.000108003    -0.594823    -2.48944    1.61871e-08    0.239868
1.40037    -1.12652    0.000110153    -0.595161    -2.49091    1.65479e-08    0.239249
1.39826    -1.12652    0.000110604    -0.595503    -2.49239    1.66544e-08    0.238618
1.39615    -1.12653    0.000109388    -0.595846    -2.49388    1.65095e-08    0.237981
1.39405    -1.12654    0.000106589    -0.596187    -2.49537    1.61238e-08    0.237342
1.39198    -1.12654    0.00010233    -0.596525    -2.49684    1.55143e-08    0.236705
1.38995    -1.12654    9.67763e-05    -0.596856    -2.49828    1.47042e-08    0.236077
1.38798    -1.12654    9.01204e-05    -0.597178    -2.49968    1.37216e-08    0.23546
1.38607    -1.12654    8.25799e-05    -0.59749    -2.50104    1.25988e-08    0.234861
1.38425    -1.12654    7.43879e-05    -0.597788    -2.50234    1.13706e-08    0.234283
1.38252    -1.12654    6.57855e-05    -0.598072    -2.50357    1.00736e-08    0.23373
1.38089    -1.12653    5.70137e-05    -0.598339    -2.50473    8.74493e-09    0.233207
1.37937    -1.12653    4.83065e-05    -0.598587    -2.50582    7.42072e-09    0.232717
1.37798    -1.12652    3.98835e-05    -0.598817    -2.50682    6.1353e-09    0.232264
1.37671    -1.12652    3.19442e-05    -0.599025    -2.50773    4.92009e-09    0.231849
1.37558    -1.12651    2.46624e-05    -0.599211    -2.50854    3.80266e-09    0.231477
1.37458    -1.12651    1.81825e-05    -0.599375    -2.50926    2.80614e-09    0.231148
1.37372    -1.1265    1.26161e-05    -0.599516    -2.50987    1.94857e-09    0.230865
1.37301    -1.1265    8.0407e-06    -0.599633    -2.51039    1.24266e-09    0.230629
1.37244    -1.1265    4.49898e-06    -0.599727    -2.5108    6.95621e-10    0.23044
1.37202    -1.12649    1.99944e-06    -0.599796    -2.5111    3.09244e-10    0.230299
1.37173    -1.12649    5.18241e-07    -0.599843    -2.51131    8.0169e-11    0.230205
1.37159    -1.12649    1.92637e-09    -0.599866    -2.51141    3.00334e-13    0.230157
1.37158    -1.12649    3.71015e-07    -0.599867    -2.51142    5.73787e-11    0.230155
1.3717    -1.12649    1.52422e-06    -0.599846    -2.51133    2.35659e-10    0.230197
1.37195    -1.12649    3.34316e-06    -0.599805    -2.51116    5.16669e-10    0.230281
1.37232    -1.1265    5.69731e-06    -0.599744    -2.51089    8.80015e-10    0.230405
1.3728    -1.1265    8.44905e-06    -0.599664    -2.51055    1.3042e-09    0.230565
1.37338    -1.1265    1.14586e-05    -0.599568    -2.51013    1.7674e-09    0.230761
1.37406    -1.12651    1.45887e-05    -0.599455    -2.50964    2.24827e-09    0.230987
1.37482    -1.12651    1.77088e-05    -0.599328    -2.50909    2.72653e-09    0.231242
1.37567    -1.12651    2.06989e-05    -0.599189    -2.50849    3.18365e-09    0.231521
1.37658    -1.12652    2.34523e-05    -0.599038    -2.50783    3.60325e-09    0.231822
1.37755    -1.12652    2.58785e-05    -0.598878    -2.50714    3.97151e-09    0.232141
1.37858    -1.12653    2.79046e-05    -0.59871    -2.50641    4.27741e-09    0.232475
1.37964    -1.12653    2.94762e-05    -0.598535    -2.50565    4.51285e-09    0.23282
1.38072    -1.12653    3.05577e-05    -0.598356    -2.50487    4.67269e-09    0.233173
1.38183    -1.12654    3.11325e-05    -0.598174    -2.50408    4.75468e-09    0.23353
1.38295    -1.12654    3.12012e-05    -0.59799    -2.50328    4.75927e-09    0.23389
1.38407    -1.12654    3.07808e-05    -0.597806    -2.50248    4.68939e-09    0.234248
1.38519    -1.12654    2.9903e-05    -0.597624    -2.50169    4.55014e-09    0.234602
1.38629    -1.12654    2.86115e-05    -0.597444    -2.5009    4.34847e-09    0.234949
1.38736    -1.12654    2.69602e-05    -0.597269    -2.50014    4.0928e-09    0.235287
1.3884    -1.12654    2.50104e-05    -0.597098    -2.4994    3.79262e-09    0.235613
1.3894    -1.12654    2.28288e-05    -0.596934    -2.49869    3.45815e-09    0.235927
1.39036    -1.12654    2.04843e-05    -0.596778    -2.498    3.09991e-09    0.236225
1.39127    -1.12654    1.80465e-05    -0.59663    -2.49736    2.72844e-09    0.236506
1.39212    -1.12654    1.55829e-05    -0.596491    -2.49675    2.35394e-09    0.236769
1.39292    -1.12654    1.31576e-05    -0.596362    -2.49619    1.98599e-09    0.237012
1.39364    -1.12654    1.0829e-05    -0.596244    -2.49568    1.63334e-09    0.237235
1.3943    -1.12654    8.64889e-06    -0.596137    -2.49521    1.30368e-09    0.237437
1.39489    -1.12654    6.66138e-06    -0.596041    -2.49479    1.00353e-09    0.237617
1.39541    -1.12653    4.90194e-06    -0.595957    -2.49442    7.3812e-10    0.237774
1.39586    -1.12653    3.39715e-06    -0.595885    -2.49411    5.11331e-10    0.237908
1.39623    -1.12653    2.16448e-06    -0.595825    -2.49385    3.25691e-10    0.23802
1.39652    -1.12653    1.21245e-06    -0.595777    -2.49364    1.82398e-10    0.238109
1.39674    -1.12653    5.41033e-07    -0.595742    -2.49348    8.13808e-11    0.238175
1.39689    -1.12653    1.42209e-07    -0.595718    -2.49337    2.13907e-11    0.23822
1.39697    -1.12653    7.9655e-10    -0.595706    -2.49332    1.20864e-13    0.238242
1.39697    -1.12653    9.53683e-08    -0.595705    -2.49332    1.43437e-11    0.238243
1.39691    -1.12653    3.99301e-07    -0.595715    -2.49336    6.00657e-11    0.238224
1.39678    -1.12653    8.819e-07    -0.595736    -2.49345    1.32691e-10    0.238185
1.39659    -1.12653    1.50956e-06    -0.595767    -2.49358    2.27194e-10    0.238128
1.39635    -1.12653    2.24691e-06    -0.595807    -2.49376    3.38285e-10    0.238053
1.39605    -1.12653    3.05801e-06    -0.595857    -2.49397    4.60583e-10    0.237961
1.3957    -1.12653    3.90733e-06    -0.595914    -2.49422    5.88767e-10    0.237854
1.3953    -1.12653    4.76085e-06    -0.595978    -2.4945    7.1773e-10    0.237734
1.39486    -1.12654    5.58687e-06    -0.59605    -2.49481    8.42705e-10    0.2376
1.39439    -1.12654    6.3568e-06    -0.596127    -2.49514    9.5938e-10    0.237455
1.39388    -1.12654    7.04581e-06    -0.59621    -2.4955    1.064e-09    0.2373
1.39335    -1.12654    7.63324e-06    -0.596296    -2.49588    1.15342e-09    0.237137
1.39279    -1.12654    8.10303e-06    -0.596387    -2.49627    1.22518e-09    0.236966
1.39222    -1.12654    8.44379e-06    -0.59648    -2.49667    1.27753e-09    0.23679
1.39164    -1.12654    8.6489e-06    -0.596575    -2.49709    1.30942e-09    0.23661
1.39105    -1.12654    8.71638e-06    -0.596671    -2.49751    1.3205e-09    0.236428
1.39046    -1.12654    8.64863e-06    -0.596768    -2.49793    1.31109e-09    0.236244
1.38987    -1.12654    8.4521e-06    -0.596864    -2.49835    1.28212e-09    0.23606
1.38928    -1.12654    8.13683e-06    -0.59696    -2.49876    1.23508e-09    0.235879
1.38871    -1.12654    7.71592e-06    -0.597053    -2.49917    1.17191e-09    0.2357
1.38815    -1.12654    7.20492e-06    -0.597144    -2.49956    1.09495e-09    0.235526
1.38762    -1.12654    6.62125e-06    -0.597232    -2.49995    1.00682e-09    0.235357
1.3871    -1.12654    5.9835e-06    -0.597317    -2.50031    9.10335e-10    0.235194
1.38661    -1.12654    5.31084e-06    -0.597397    -2.50066    8.08407e-10    0.23504
1.38615    -1.12654    4.62236e-06    -0.597472    -2.50099    7.03941e-10    0.234894
1.38571    -1.12654    3.93652e-06    -0.597543    -2.5013    5.99755e-10    0.234758
1.38532    -1.12654    3.27059e-06    -0.597608    -2.50158    4.98495e-10    0.234632
1.38495    -1.12654    2.64025e-06    -0.597667    -2.50184    4.02564e-10    0.234517
1.38463    -1.12654    2.05917e-06    -0.597721    -2.50208    3.14064e-10    0.234414
1.38434    -1.12654    1.53871e-06    -0.597768    -2.50228    2.34747e-10    0.234322
1.38409    -1.12654    1.08775e-06    -0.597808    -2.50246    1.65987e-10    0.234243
1.38388    -1.12654    7.12572e-07    -0.597843    -2.50261    1.08756e-10    0.234177
1.38371    -1.12654    4.16796e-07    -0.59787    -2.50273    6.36226e-11    0.234123
1.38358    -1.12654    2.01482e-07    -0.597891    -2.50282    3.07589e-11    0.234082
1.38349    -1.12654    6.52413e-08    -0.597906    -2.50289    9.96082e-12    0.234054
1.38344    -1.12654    4.44422e-09    -0.597914    -2.50292    6.78833e-13    0.234037
1.38343    -1.12654    1.34778e-08    -0.597916    -2.50293    2.05751e-12    0.234033
1.38345    -1.12654    8.50481e-08    -0.597912    -2.50292    1.29823e-11    0.234041
1.38351    -1.12654    2.10516e-07    -0.597903    -2.50288    3.21315e-11    0.23406
1.3836    -1.12654    3.80252e-07    -0.597887    -2.50281    5.80307e-11    0.23409
1.38372    -1.12654    5.83997e-07    -0.597867    -2.50272    8.91095e-11    0.234129
1.38388    -1.12654    8.11223e-07    -0.597842    -2.50261    1.23756e-10    0.234179
1.38406    -1.12654    1.05147e-06    -0.597812    -2.50248    1.6037e-10    0.234236
1.38426    -1.12654    1.29466e-06    -0.597778    -2.50234    1.97411e-10    0.234302
1.38449    -1.12654    1.53138e-06    -0.597741    -2.50218    2.33443e-10    0.234375
1.38474    -1.12654    1.75315e-06    -0.5977    -2.502    2.67169e-10    0.234454
1.38501    -1.12654    1.95255e-06    -0.597656    -2.50181    2.97464e-10    0.234538
1.38529    -1.12654    2.12344e-06    -0.59761    -2.50161    3.23394e-10    0.234628
1.38558    -1.12654    2.26105e-06    -0.597562    -2.5014    3.44236e-10    0.23472
1.38588    -1.12654    2.36197e-06    -0.597513    -2.50119    3.59478e-10    0.234816
1.38619    -1.12654    2.42423e-06    -0.597462    -2.50097    3.68827e-10    0.234913
1.3865    -1.12654    2.44721e-06    -0.597411    -2.50074    3.72194e-10    0.235012
1.38682    -1.12654    2.43158e-06    -0.59736    -2.50052    3.6969e-10    0.235111
1.38713    -1.12654    2.3792e-06    -0.597309    -2.5003    3.61602e-10    0.23521
1.38744    -1.12654    2.29293e-06    -0.597258    -2.50008    3.48374e-10    0.235307
1.38774    -1.12654    2.17654e-06    -0.597208    -2.49986    3.30583e-10    0.235402
1.38804    -1.12654    2.03447e-06    -0.59716    -2.49965    3.08907e-10    0.235495
1.38833    -1.12654    1.87167e-06    -0.597113    -2.49945    2.84102e-10    0.235585
1.3886    -1.12654    1.69342e-06    -0.597068    -2.49925    2.56972e-10    0.235671
1.38886    -1.12654    1.50514e-06    -0.597026    -2.49907    2.2834e-10    0.235752
1.38911    -1.12654    1.31221e-06    -0.596986    -2.49889    1.99021e-10    0.235829
1.38934    -1.12654    1.11981e-06    -0.596948    -2.49873    1.698e-10    0.235901
1.38955    -1.12654    9.32767e-07    -0.596914    -2.49858    1.41409e-10    0.235967
1.38974    -1.12654    7.5547e-07    -0.596882    -2.49844    1.14509e-10    0.236027
1.38992    -1.12654    5.91724e-07    -0.596854    -2.49832    8.96744e-11    0.236081
1.39007    -1.12654    4.44698e-07    -0.596828    -2.49821    6.73834e-11    0.236129
1.39021    -1.12654    3.16869e-07    -0.596807    -2.49811    4.80082e-11    0.23617
1.39032    -1.12654    2.09993e-07    -0.596788    -2.49803    3.18126e-11    0.236205
1.39041    -1.12654    1.25104e-07    -0.596773    -2.49796    1.89511e-11    0.236234
1.39048    -1.12654    6.25291e-08    -0.596762    -2.49791    9.47175e-12    0.236256
1.39053    -1.12654    2.19293e-08    -0.596754    -2.49788    3.32181e-12    0.236271
1.39056    -1.12654    2.35261e-09    -0.596749    -2.49786    3.56466e-13    0.23628
1.39057    -1.12654    2.30479e-09    -0.596747    -2.49785    3.49106e-13    0.236283
1.39056    -1.12654    1.98299e-08    -0.596749    -2.49786    3.00359e-12    0.23628
1.39053    -1.12654    5.25999e-08    -0.596754    -2.49788    7.96766e-12    0.236271
1.39049    -1.12654    9.80083e-08    -0.596761    -2.49791    1.48471e-11    0.236257
1.39042    -1.12654    1.53267e-07    -0.596772    -2.49795    2.32203e-11    0.236237
1.39035    -1.12654    2.155e-07    -0.596785    -2.49801    3.26523e-11    0.236213
1.39025    -1.12654    2.81836e-07    -0.5968    -2.49808    4.27087e-11    0.236183
1.39015    -1.12654    3.49494e-07    -0.596817    -2.49815    5.29685e-11    0.23615
1.39003    -1.12654    4.15856e-07    -0.596837    -2.49824    6.30354e-11    0.236113
1.3899    -1.12654    4.78539e-07    -0.596858    -2.49833    7.25481e-11    0.236073
1.38976    -1.12654    5.35444e-07    -0.59688    -2.49843    8.11885e-11    0.23603
1.38961    -1.12654    5.84806e-07    -0.596904    -2.49853    8.86884e-11    0.235984
1.38946    -1.12654    6.25219e-07    -0.59693    -2.49864    9.4834e-11    0.235936
1.3893    -1.12654    6.55655e-07    -0.596956    -2.49875    9.94685e-11    0.235887
1.38914    -1.12654    6.75469e-07    -0.596982    -2.49887    1.02493e-10    0.235836
1.38897    -1.12654    6.84395e-07    -0.597009    -2.49898    1.03867e-10    0.235784
1.38881    -1.12654    6.82522e-07    -0.597036    -2.4991    1.03602e-10    0.235732
1.38864    -1.12654    6.70275e-07    -0.597063    -2.49922    1.01761e-10    0.235681
1.38848    -1.12654    6.48373e-07    -0.59709    -2.49934    9.84534e-11    0.235629
1.38832    -1.12654    6.17791e-07    -0.597116    -2.49945    9.3826e-11    0.235579
1.38816    -1.12654    5.79712e-07    -0.597142    -2.49956    8.80577e-11    0.235529
1.388    -1.12654    5.35477e-07    -0.597167    -2.49967    8.13516e-11    0.235481
1.38786    -1.12654    4.86534e-07    -0.597191    -2.49978    7.39275e-11    0.235435
1.38772    -1.12654    4.34386e-07    -0.597214    -2.49988    6.60134e-11    0.235392
1.38759    -1.12654    3.80544e-07    -0.597236    -2.49997    5.7839e-11    0.23535
1.38746    -1.12654    3.26476e-07    -0.597256    -2.50006    4.96275e-11    0.235311
1.38735    -1.12654    2.7357e-07    -0.597275    -2.50014    4.159e-11    0.235275
1.38724    -1.12654    2.23092e-07    -0.597292    -2.50021    3.39196e-11    0.235242
1.38715    -1.12654    1.76162e-07    -0.597307    -2.50028    2.67866e-11    0.235213
1.38706    -1.12654    1.33721e-07    -0.597321    -2.50034    2.03349e-11    0.235186
1.38699    -1.12654    9.65227e-08    -0.597333    -2.50039    1.46792e-11    0.235163
1.38693    -1.12654    6.51171e-08    -0.597343    -2.50044    9.90361e-12    0.235143
1.38688    -1.12654    3.98496e-08    -0.597351    -2.50048    6.06099e-12    0.235127
1.38684    -1.12654    2.08635e-08    -0.597358    -2.5005    3.1734e-12    0.235115
1.38681    -1.12654    8.10885e-09    -0.597363    -2.50053    1.23343e-12    0.235106
1.38679    -1.12654    1.35709e-09    -0.597366    -2.50054    2.06456e-13    0.2351
1.38678    -1.12654    2.19584e-10    -0.597367    -2.50054    3.3407e-14    0.235098
1.38678    -1.12654    4.17007e-09    -0.597366    -2.50054    6.34239e-13    0.235099
1.3868    -1.12654    1.25698e-08    -0.597364    -2.50053    1.91174e-12    0.235103
1.38682    -1.12654    2.46942e-08    -0.59736    -2.50052    3.75565e-12    0.23511
1.38685    -1.12654    3.97609e-08    -0.597355    -2.50049    6.04683e-12    0.23512
1.38689    -1.12654    5.69568e-08    -0.597349    -2.50047    8.66154e-12    0.235133
1.38694    -1.12654    7.5465e-08    -0.597341    -2.50043    1.14754e-11    0.235148
1.38699    -1.12654    9.44896e-08    -0.597332    -2.50039    1.43674e-11    0.235165
1.38706    -1.12654    1.13278e-07    -0.597322    -2.50035    1.7223e-11    0.235185
1.38712    -1.12654    1.31142e-07    -0.59731    -2.5003    1.99374e-11    0.235206
1.3872    -1.12654    1.47471e-07    -0.597299    -2.50025    2.2418e-11    0.235229
1.38727    -1.12654    1.61749e-07    -0.597286    -2.50019    2.45864e-11    0.235253
1.38735    -1.12654    1.73562e-07    -0.597273    -2.50014    2.63795e-11    0.235279
1.38744    -1.12654    1.82602e-07    -0.597259    -2.50008    2.77508e-11    0.235305
1.38752    -1.12654    1.8867e-07    -0.597245    -2.50002    2.86702e-11    0.235332
1.38761    -1.12654    1.91675e-07    -0.597231    -2.49995    2.91242e-11    0.235359
1.3877    -1.12654    1.91631e-07    -0.597216    -2.49989    2.91146e-11    0.235387
1.38779    -1.12654    1.88643e-07    -0.597202    -2.49983    2.86579e-11    0.235415
1.38787    -1.12654    1.82904e-07    -0.597188    -2.49977    2.77835e-11    0.235442
1.38796    -1.12654    1.74681e-07    -0.597174    -2.49971    2.65319e-11    0.235469
1.38804    -1.12654    1.643e-07    -0.59716    -2.49965    2.49529e-11    0.235495
1.38813    -1.12654    1.52132e-07    -0.597147    -2.49959    2.3103e-11    0.235521
1.3882    -1.12654    1.38584e-07    -0.597134    -2.49953    2.10438e-11    0.235545
1.38828    -1.12654    1.24074e-07    -0.597122    -2.49948    1.88391e-11    0.235569
1.38835    -1.12654    1.09029e-07    -0.59711    -2.49943    1.65535e-11    0.235591
1.38841    -1.12654    9.38617e-08    -0.597099    -2.49938    1.42497e-11    0.235611
1.38848    -1.12654    7.89651e-08    -0.597089    -2.49934    1.19875e-11    0.235631
1.38853    -1.12654    6.4699e-08    -0.59708    -2.4993    9.82124e-12    0.235648
1.38858    -1.12654    5.13822e-08    -0.597072    -2.49926    7.79939e-12    0.235664
1.38863    -1.12654    3.92855e-08    -0.597064    -2.49923    5.96296e-12    0.235678
1.38867    -1.12654    2.86267e-08    -0.597058    -2.4992    4.34496e-12    0.235691
1.3887    -1.12654    1.95675e-08    -0.597052    -2.49918    2.96988e-12    0.235701
1.38873    -1.12654    1.22126e-08    -0.597048    -2.49916    1.85355e-12    0.23571
1.38875    -1.12654    6.61009e-09    -0.597044    -2.49914    1.00323e-12    0.235717
1.38877    -1.12654    2.75398e-09    -0.597042    -2.49913    4.17982e-13    0.235722
1.38878    -1.12654    5.87901e-10    -0.59704    -2.49912    8.92361e-14    0.235725
1.38879    -1.12654    1.02148e-11    -0.597039    -2.49912    1.55418e-15    0.235727
1.38878    -1.12654    8.80077e-10    -0.597039    -2.49912    1.33561e-13    0.235726
1.38878    -1.12654    3.02429e-09    -0.59704    -2.49912    4.58978e-13    0.235725
1.38877    -1.12654    6.24466e-09    -0.597042    -2.49913    9.47738e-13    0.235721
1.38875    -1.12654    1.03256e-08    -0.597045    -2.49914    1.56714e-12    0.235716
1.38873    -1.12654    1.50418e-08    -0.597048    -2.49916    2.283e-12    0.23571
1.38871    -1.12654    2.01656e-08    -0.597052    -2.49917    3.06077e-12    0.235702
1.38868    -1.12654    2.54738e-08    -0.597057    -2.49919    3.8666e-12    0.235693
1.38865    -1.12654    3.07543e-08    -0.597062    -2.49922    4.66831e-12    0.235683
1.38861    -1.12654    3.58116e-08    -0.597068    -2.49924    5.43622e-12    0.235672
1.38857    -1.12654    4.04714e-08    -0.597074    -2.49927    6.14386e-12    0.23566
1.38853    -1.12654    4.45846e-08    -0.597081    -2.4993    6.76859e-12    0.235647
1.38849    -1.12654    4.80297e-08    -0.597088    -2.49933    7.29197e-12    0.235634
1.38845    -1.12654    5.07149e-08    -0.597095    -2.49936    7.70004e-12    0.23562
1.3884    -1.12654    5.25788e-08    -0.597102    -2.49939    7.98344e-12    0.235606
1.38835    -1.12654    5.35898e-08    -0.59711    -2.49942    8.13738e-12    0.235592
1.38831    -1.12654    5.37455e-08    -0.597117    -2.49946    8.16144e-12    0.235577
1.38826    -1.12654    5.30703e-08    -0.597125    -2.49949    8.05933e-12    0.235563
1.38822    -1.12654    5.16132e-08    -0.597132    -2.49952    7.83845e-12    0.235548
1.38817    -1.12654    4.94444e-08    -0.59714    -2.49956    7.50946e-12    0.235534
1.38813    -1.12654    4.66518e-08    -0.597147    -2.49959    7.08567e-12    0.23552
1.38808    -1.12654    4.33371e-08    -0.597154    -2.49962    6.58251e-12    0.235506
1.38804    -1.12654    3.96116e-08    -0.597161    -2.49965    6.01692e-12    0.235493
1.388    -1.12654    3.55926e-08    -0.597168    -2.49968    5.40666e-12    0.235481
1.38796    -1.12654    3.13988e-08    -0.597174    -2.4997    4.7698e-12    0.235469
1.38793    -1.12654    2.71473e-08    -0.59718    -2.49973    4.12411e-12    0.235458
1.38789    -1.12654    2.29495e-08    -0.597185    -2.49975    3.48651e-12    0.235447
1.38786    -1.12654    1.89084e-08    -0.59719    -2.49977    2.87268e-12    0.235438
1.38784    -1.12654    1.51162e-08    -0.597194    -2.49979    2.2966e-12    0.235429
1.38781    -1.12654    1.16516e-08    -0.597198    -2.49981    1.77027e-12    0.235422
1.38779    -1.12654    8.57902e-09    -0.597202    -2.49983    1.30348e-12    0.235415
1.38777    -1.12654    5.94726e-09    -0.597205    -2.49984    9.03629e-13    0.235409
1.38776    -1.12654    3.78899e-09    -0.597208    -2.49985    5.75711e-13    0.235404
1.38774    -1.12654    2.12096e-09    -0.59721    -2.49986    3.22272e-13    0.2354
1.38773    -1.12654    9.44538e-10    -0.597211    -2.49987    1.43522e-13    0.235397
1.38773    -1.12654    2.46648e-10    -0.597212    -2.49987    3.74806e-14    0.235395
1.38772    -1.12654    1.15509e-12    -0.597213    -2.49987    1.77082e-16    0.235394
1.38772    -1.12654    1.7052e-10    -0.597213    -2.49987    2.59084e-14    0.235394
1.38773    -1.12654    7.07688e-10    -0.597212    -2.49987    1.07524e-13    0.235395
1.38773    -1.12654    1.55814e-09    -0.597211    -2.49987    2.36739e-13    0.235397
1.38774    -1.12654    2.66205e-09    -0.59721    -2.49986    4.04461e-13    0.235399
1.38775    -1.12654    3.95641e-09    -0.597208    -2.49985    6.01114e-13    0.235403
1.38776    -1.12654    5.37717e-09    -0.597206    -2.49985    8.16964e-13    0.235407
1.38778    -1.12654    6.86121e-09    -0.597204    -2.49983    1.04242e-12    0.235411
1.38779    -1.12654    8.3482e-09    -0.597201    -2.49982    1.26831e-12    0.235417
1.38781    -1.12654    9.78218e-09    -0.597198    -2.49981    1.48614e-12    0.235422
1.38783    -1.12654    1.1113e-08    -0.597195    -2.4998    1.68829e-12    0.235429
1.38785    -1.12654    1.22974e-08    -0.597191    -2.49978    1.86818e-12    0.235435
1.38788    -1.12654    1.32998e-08    -0.597188    -2.49977    2.02041e-12    0.235442
1.3879    -1.12654    1.40929e-08    -0.597184    -2.49975    2.14084e-12    0.235449
1.38792    -1.12654    1.4658e-08    -0.59718    -2.49973    2.22662e-12    0.235457
1.38795    -1.12654    1.49847e-08    -0.597176    -2.49971    2.27618e-12    0.235465
1.38797    -1.12654    1.50709e-08    -0.597172    -2.4997    2.28922e-12    0.235472
1.388    -1.12654    1.49224e-08    -0.597168    -2.49968    2.2666e-12    0.23548
1.38802    -1.12654    1.45516e-08    -0.597164    -2.49966    2.21022e-12    0.235488
1.38805    -1.12654    1.39774e-08    -0.59716    -2.49964    2.12295e-12    0.235495
1.38807    -1.12654    1.32236e-08    -0.597156    -2.49963    2.00841e-12    0.235503
1.38809    -1.12654    1.23182e-08    -0.597152    -2.49961    1.87086e-12    0.23551
1.38811    -1.12654    1.12921e-08    -0.597149    -2.4996    1.71498e-12    0.235517
1.38814    -1.12654    1.01779e-08    -0.597145    -2.49958    1.54573e-12    0.235524
1.38816    -1.12654    9.00899e-09    -0.597142    -2.49957    1.36817e-12    0.23553
1.38818    -1.12654    7.81823e-09    -0.597139    -2.49955    1.18731e-12    0.235536
1.38819    -1.12654    6.63722e-09    -0.597136    -2.49954    1.00794e-12    0.235541
1.38821    -1.12654    5.49529e-09    -0.597133    -2.49953    8.34514e-13    0.235547
1.38822    -1.12654    4.41878e-09    -0.597131    -2.49952    6.71026e-13    0.235551
1.38824    -1.12654    3.43046e-09    -0.597129    -2.49951    5.20936e-13    0.235555
1.38825    -1.12654    2.54907e-09    -0.597127    -2.4995    3.87089e-13    0.235559
1.38826    -1.12654    1.78903e-09    -0.597125    -2.49949    2.71672e-13    0.235562
1.38827    -1.12654    1.16028e-09    -0.597124    -2.49949    1.76192e-13    0.235565
1.38827    -1.12654    6.68272e-10    -0.597123    -2.49948    1.0148e-13    0.235567
1.38828    -1.12654    3.14129e-10    -0.597122    -2.49948    4.77023e-14    0.235569
1.38828    -1.12654    9.48822e-11    -0.597121    -2.49948    1.44091e-14    0.23557
1.38829    -1.12654    3.83611e-12    -0.597121    -2.49947    5.83086e-16    0.23557
1.38829    -1.12654    3.10223e-11    -0.597121    -2.49947    4.71057e-15    0.23557
1.38828    -1.12654    1.63716e-10    -0.597121    -2.49947    2.48593e-14    0.23557
1.38828    -1.12654    3.87002e-10    -0.597121    -2.49948    5.87649e-14    0.235569
1.38828    -1.12654    6.84371e-10    -0.597122    -2.49948    1.03921e-13    0.235568
1.38827    -1.12654    1.03832e-09    -0.597123    -2.49948    1.57669e-13    0.235566
1.38827    -1.12654    1.43095e-09    -0.597124    -2.49949    2.17293e-13    0.235564
1.38826    -1.12654    1.84453e-09    -0.597125    -2.49949    2.80097e-13    0.235562
1.38825    -1.12654    2.26198e-09    -0.597127    -2.4995    3.43494e-13    0.235559
1.38824    -1.12654    2.66741e-09    -0.597128    -2.49951    4.05066e-13    0.235556
1.38823    -1.12654    3.04646e-09    -0.59713    -2.49951    4.62634e-13    0.235553
1.38822    -1.12654    3.38664e-09    -0.597132    -2.49952    5.143e-13    0.23555
1.38821    -1.12654    3.67759e-09    -0.597134    -2.49953    5.58491e-13    0.235546
1.3882    -1.12654    3.91121e-09    -0.597136    -2.49954    5.93979e-13    0.235542
1.38818    -1.12654    4.0818e-09    -0.597138    -2.49955    6.19895e-13    0.235538
1.38817    -1.12654    4.18603e-09    -0.59714    -2.49956    6.35733e-13    0.235534
1.38816    -1.12654    4.22288e-09    -0.597142    -2.49957    6.41339e-13    0.23553
1.38814    -1.12654    4.19352e-09    -0.597144    -2.49957    6.3689e-13    0.235526
1.38813    -1.12654    4.10113e-09    -0.597146    -2.49958    6.22867e-13    0.235522
1.38812    -1.12654    3.95064e-09    -0.597148    -2.49959    6.0002e-13    0.235518
1.38811    -1.12654    3.74848e-09    -0.59715    -2.4996    5.69325e-13    0.235514
1.38809    -1.12654    3.50229e-09    -0.597152    -2.49961    5.3194e-13    0.23551
1.38808    -1.12654    3.22057e-09    -0.597154    -2.49962    4.89159e-13    0.235506
1.38807    -1.12654    2.91241e-09    -0.597156    -2.49963    4.42358e-13    0.235503
1.38806    -1.12654    2.58711e-09    -0.597158    -2.49963    3.92954e-13    0.235499
1.38805    -1.12654    2.25395e-09    -0.59716    -2.49964    3.42355e-13    0.235496
1.38804    -1.12654    1.92187e-09    -0.597161    -2.49965    2.91918e-13    0.235493
1.38803    -1.12654    1.59923e-09    -0.597163    -2.49966    2.42913e-13    0.23549
1.38802    -1.12654    1.29357e-09    -0.597164    -2.49966    1.96488e-13    0.235488
1.38802    -1.12654    1.0115e-09    -0.597165    -2.49967    1.53643e-13    0.235486
1.38801    -1.12654    7.58478e-10    -0.597166    -2.49967    1.15211e-13    0.235484
1.388    -1.12654    5.38795e-10    -0.597167    -2.49967    8.18426e-14    0.235482
1.388    -1.12654    3.55477e-10    -0.597168    -2.49968    5.39972e-14    0.23548
1.38799    -1.12654    2.10293e-10    -0.597168    -2.49968    3.19439e-14    0.235479
1.38799    -1.12654    1.03784e-10    -0.597169    -2.49968    1.57653e-14    0.235478
1.38799    -1.12654    3.53307e-11    -0.597169    -2.49968    5.36709e-15    0.235478
1.38799    -1.12654    3.24454e-12    -0.597169    -2.49968    4.93041e-16    0.235477
1.38799    -1.12654    4.89381e-12    -0.597169    -2.49969    7.43362e-16    0.235477
1.38799    -1.12654    3.68442e-11    -0.597169    -2.49968    5.59638e-15    0.235477
1.38799    -1.12654    9.5016e-11    -0.597169    -2.49968    1.44324e-14    0.235478
1.38799    -1.12654    1.7485e-10    -0.597169    -2.49968    2.65589e-14    0.235478
1.38799    -1.12654    2.71478e-10    -0.597168    -2.49968    4.12361e-14    0.235479
1.388    -1.12654    3.79887e-10    -0.597168    -2.49968    5.77027e-14    0.23548
1.388    -1.12654    4.95081e-10    -0.597167    -2.49968    7.51999e-14    0.235482
1.38801    -1.12654    6.12232e-10    -0.597166    -2.49967    9.2994e-14    0.235483
1.38801    -1.12654    7.26808e-10    -0.597166    -2.49967    1.10397e-13    0.235484
1.38802    -1.12654    8.34696e-10    -0.597165    -2.49966    1.26784e-13    0.235486
1.38802    -1.12654    9.3229e-10    -0.597164    -2.49966    1.41606e-13    0.235488
1.38803    -1.12654    1.01657e-09    -0.597163    -2.49966    1.54407e-13    0.23549
1.38804    -1.12654    1.08515e-09    -0.597162    -2.49965    1.64822e-13    0.235492
1.38804    -1.12654    1.1363e-09    -0.597161    -2.49965    1.72591e-13    0.235494
1.38805    -1.12654    1.16898e-09    -0.59716    -2.49964    1.77552e-13    0.235496
1.38806    -1.12654    1.18277e-09    -0.597158    -2.49964    1.79646e-13    0.235498
1.38806    -1.12654    1.1779e-09    -0.597157    -2.49963    1.78905e-13    0.2355
1.38807    -1.12654    1.15516e-09    -0.597156    -2.49963    1.7545e-13    0.235503
1.38808    -1.12654    1.11585e-09    -0.597155    -2.49962    1.69478e-13    0.235505
1.38808    -1.12654    1.06171e-09    -0.597154    -2.49962    1.61254e-13    0.235507
1.38809    -1.12654    9.94808e-10    -0.597153    -2.49961    1.51092e-13    0.235509
1.3881    -1.12654    9.17506e-10    -0.597152    -2.49961    1.39351e-13    0.235511
1.3881    -1.12654    8.32319e-10    -0.597151    -2.4996    1.26412e-13    0.235513
1.38811    -1.12654    7.41855e-10    -0.59715    -2.4996    1.12672e-13    0.235515
1.38811    -1.12654    6.48718e-10    -0.597149    -2.4996    9.85257e-14    0.235516
1.38812    -1.12654    5.55437e-10    -0.597148    -2.49959    8.4358e-14    0.235518
1.38812    -1.12654    4.64386e-10    -0.597147    -2.49959    7.05292e-14    0.235519
1.38813    -1.12654    3.77727e-10    -0.597147    -2.49959    5.73677e-14    0.235521
1.38813    -1.12654    2.9736e-10    -0.597146    -2.49958    4.51617e-14    0.235522
1.38813    -1.12654    2.24877e-10    -0.597146    -2.49958    3.41533e-14    0.235523
1.38814    -1.12654    1.61539e-10    -0.597145    -2.49958    2.45339e-14    0.235524
1.38814    -1.12654    1.0826e-10    -0.597145    -2.49958    1.6442e-14    0.235525
1.38814    -1.12654    6.5598e-11    -0.597144    -2.49958    9.96279e-15    0.235525
1.38814    -1.12654    3.37675e-11    -0.597144    -2.49957    5.12854e-15    0.235526
1.38814    -1.12654    1.26522e-11    -0.597144    -2.49957    1.92164e-15    0.235526
1.38815    -1.12654    1.8319e-12    -0.597144    -2.49957    2.78281e-16    0.235527
1.38815    -1.12654    6.15187e-13    -0.597144    -2.49957    9.34398e-17    0.235527
1.38815    -1.12654    8.07839e-12    -0.597144    -2.49957    1.22684e-15    0.235527
1.38815    -1.12654    2.31089e-11    -0.597144    -2.49957    3.50951e-15    0.235526
1.38814    -1.12654    4.44511e-11    -0.597144    -2.49957    6.75078e-15    0.235526
1.38814    -1.12654    7.0754e-11    -0.597144    -2.49958    1.07455e-14    0.235526
1.38814    -1.12654    1.00618e-10    -0.597144    -2.49958    1.5281e-14    0.235525
1.38814    -1.12654    1.3264e-10    -0.597145    -2.49958    2.01443e-14    0.235524
1.38814    -1.12654    1.65455e-10    -0.597145    -2.49958    2.51282e-14    0.235524
1.38813    -1.12654    1.97778e-10    -0.597146    -2.49958    3.00373e-14    0.235523
1.38813    -1.12654    2.28432e-10    -0.597146    -2.49958    3.46929e-14    0.235522
1.38813    -1.12654    2.56378e-10    -0.597147    -2.49959    3.89374e-14    0.235521
1.38813    -1.12654    2.8074e-10    -0.597147    -2.49959    4.26375e-14    0.23552
1.38812    -1.12654    3.00814e-10    -0.597148    -2.49959    4.56866e-14    0.235519
1.38812    -1.12654    3.16083e-10    -0.597148    -2.49959    4.80058e-14    0.235518
1.38811    -1.12654    3.26217e-10    -0.597149    -2.4996    4.95451e-14    0.235517
1.38811    -1.12654    3.31069e-10    -0.597149    -2.4996    5.02822e-14    0.235516
1.38811    -1.12654    3.30669e-10    -0.59715    -2.4996    5.02217e-14    0.235515
1.3881    -1.12654    3.2521e-10    -0.597151    -2.4996    4.93929e-14    0.235513
1.3881    -1.12654    3.15031e-10    -0.597151    -2.49961    4.78472e-14    0.235512
1.3881    -1.12654    3.00597e-10    -0.597152    -2.49961    4.56551e-14    0.235511
1.38809    -1.12654    2.82474e-10    -0.597152    -2.49961    4.29028e-14    0.23551
1.38809    -1.12654    2.61309e-10    -0.597153    -2.49961    3.96883e-14    0.235509
1.38809    -1.12654    2.378e-10    -0.597153    -2.49962    3.61178e-14    0.235508
1.38808    -1.12654    2.12674e-10    -0.597154    -2.49962    3.23017e-14    0.235507
1.38808    -1.12654    1.86664e-10    -0.597154    -2.49962    2.83513e-14    0.235506
1.38808    -1.12654    1.60483e-10    -0.597155    -2.49962    2.43749e-14    0.235505
1.38808    -1.12654    1.34806e-10    -0.597155    -2.49962    2.04751e-14    0.235504
1.38807    -1.12654    1.10252e-10    -0.597156    -2.49963    1.67458e-14    0.235504
1.38807    -1.12654    8.73678e-11    -0.597156    -2.49963    1.327e-14    0.235503
1.38807    -1.12654    6.66157e-11    -0.597156    -2.49963    1.01181e-14    0.235502
1.38807    -1.12654    4.83674e-11    -0.597156    -2.49963    7.34642e-15    0.235502
1.38807    -1.12654    3.28972e-11    -0.597157    -2.49963    4.99671e-15    0.235502
1.38806    -1.12654    2.03804e-11    -0.597157    -2.49963    3.09557e-15    0.235501
1.38806    -1.12654    1.08948e-11    -0.597157    -2.49963    1.65483e-15    0.235501
1.38806    -1.12654    4.42467e-12    -0.597157    -2.49963    6.72085e-16    0.235501
1.38806    -1.12654    8.67518e-13    -0.597157    -2.49963    1.31786e-16    0.235501
1.38806    -1.12654    4.29987e-14    -0.597157    -2.49963    6.53658e-18    0.2355
1.38806    -1.12654    1.70351e-12    -0.597157    -2.49963    2.58731e-16    0.235501
1.38806    -1.12654    5.54615e-12    -0.597157    -2.49963    8.4236e-16    0.235501
1.38806    -1.12654    1.12255e-11    -0.597157    -2.49963    1.70496e-15    0.235501
1.38806    -1.12654    1.83669e-11    -0.597157    -2.49963    2.78962e-15    0.235501
1.38806    -1.12654    2.65796e-11    -0.597157    -2.49963    4.037e-15    0.235501
1.38807    -1.12654    3.54696e-11    -0.597157    -2.49963    5.38725e-15    0.235502
1.38807    -1.12654    4.46517e-11    -0.597157    -2.49963    6.78187e-15    0.235502
1.38807    -1.12654    5.37606e-11    -0.597156    -2.49963    8.16536e-15    0.235502
1.38807    -1.12654    6.24601e-11    -0.597156    -2.49963    9.48668e-15    0.235503
1.38807    -1.12654    7.04518e-11    -0.597156    -2.49963    1.07005e-14    0.235503
1.38807    -1.12654    7.74809e-11    -0.597156    -2.49962    1.17681e-14    0.235504
1.38807    -1.12654    8.33411e-11    -0.597155    -2.49962    1.26581e-14    0.235504
1.38808    -1.12654    8.78778e-11    -0.597155    -2.49962    1.33471e-14    0.235505
1.38808    -1.12654    9.09885e-11    -0.597155    -2.49962    1.38196e-14    0.235506
1.38808    -1.12654    9.2623e-11    -0.597154    -2.49962    1.40678e-14    0.235506
1.38808    -1.12654    9.27807e-11    -0.597154    -2.49962    1.40917e-14    0.235507
1.38808    -1.12654    9.15075e-11    -0.597154    -2.49962    1.38984e-14    0.235507
1.38809    -1.12654    8.88914e-11    -0.597153    -2.49962    1.3501e-14    0.235508
1.38809    -1.12654    8.50564e-11    -0.597153    -2.49961    1.29185e-14    0.235509
1.38809    -1.12654    8.01567e-11    -0.597153    -2.49961    1.21743e-14    0.235509
1.38809    -1.12654    7.43695e-11    -0.597152    -2.49961    1.12953e-14    0.23551
1.38809    -1.12654    6.78886e-11    -0.597152    -2.49961    1.0311e-14    0.23551
1.3881    -1.12654    6.09169e-11    -0.597152    -2.49961    9.25212e-15    0.235511
1.3881    -1.12654    5.36597e-11    -0.597152    -2.49961    8.14987e-15    0.235511
1.3881    -1.12654    4.63183e-11    -0.597151    -2.49961    7.03485e-15    0.235512
1.3881    -1.12654    3.90843e-11    -0.597151    -2.49961    5.93615e-15    0.235512
1.3881    -1.12654    3.21342e-11    -0.597151    -2.49961    4.88056e-15    0.235513
1.3881    -1.12654    2.56252e-11    -0.597151    -2.4996    3.89197e-15    0.235513
1.3881    -1.12654    1.96915e-11    -0.597151    -2.4996    2.99076e-15    0.235513
1.3881    -1.12654    1.44421e-11    -0.59715    -2.4996    2.19349e-15    0.235513
1.3881    -1.12654    9.95899e-12    -0.59715    -2.4996    1.51259e-15    0.235514
1.38811    -1.12654    6.29631e-12    -0.59715    -2.4996    9.56297e-16    0.235514
1.38811    -1.12654    3.48086e-12    -0.59715    -2.4996    5.28685e-16    0.235514
1.38811    -1.12654    1.51297e-12    -0.59715    -2.4996    2.29799e-16    0.235514
1.38811    -1.12654    3.68247e-13    -0.59715    -2.4996    5.59359e-17    0.235514
1.38811    -1.12654    2.45022e-19    -0.59715    -2.4996    2.44385e-21    0.235514
1.38811    -1.12654    3.42107e-13    -0.59715    -2.4996    5.19569e-17    0.235514
1.38811    -1.12654    1.31231e-12    -0.59715    -2.4996    1.99307e-16    0.235514
1.38811    -1.12654    2.81578e-12    -0.59715    -2.4996    4.27648e-16    0.235514
1.38811    -1.12654    4.74877e-12    -0.59715    -2.4996    7.21227e-16    0.235514
1.38811    -1.12654    7.0024e-12    -0.59715    -2.4996    1.0635e-15    0.235514
1.3881    -1.12654    9.46619e-12    -0.59715    -2.4996    1.4377e-15    0.235514
1.3881    -1.12654    1.20315e-11    -0.59715    -2.4996    1.82733e-15    0.235514
1.3881    -1.12654    1.45948e-11    -0.597151    -2.4996    2.21664e-15    0.235513
1.3881    -1.12654    1.70602e-11    -0.597151    -2.4996    2.59108e-15    0.235513
1.3881    -1.12654    1.93419e-11    -0.597151    -2.4996    2.93763e-15    0.235513
1.3881    -1.12654    2.13662e-11    -0.597151    -2.4996    3.24508e-15    0.235513
1.3881    -1.12654    2.30727e-11    -0.597151    -2.49961    3.50428e-15    0.235512
1.3881    -1.12654    2.44154e-11    -0.597151    -2.49961    3.7082e-15    0.235512
1.3881    -1.12654    2.53627e-11    -0.597151    -2.49961    3.85209e-15    0.235512
1.3881    -1.12654    2.5898e-11    -0.597152    -2.49961    3.9334e-15    0.235511
1.3881    -1.12654    2.60186e-11    -0.597152    -2.49961    3.95171e-15    0.235511
1.3881    -1.12654    2.57349e-11    -0.597152    -2.49961    3.90864e-15    0.235511
1.38809    -1.12654    2.50696e-11    -0.597152    -2.49961    3.8076e-15    0.23551
1.38809    -1.12654    2.40556e-11    -0.597152    -2.49961    3.6536e-15    0.23551
1.38809    -1.12654    2.27347e-11    -0.597152    -2.49961    3.45298e-15    0.23551
1.38809    -1.12654    2.11555e-11    -0.597153    -2.49961    3.21313e-15    0.235509
1.38809    -1.12654    1.93716e-11    -0.597153    -2.49961    2.94219e-15    0.235509
1.38809    -1.12654    1.74394e-11    -0.597153    -2.49961    2.64874e-15    0.235509
1.38809    -1.12654    1.54166e-11    -0.597153    -2.49961    2.34151e-15    0.235509
1.38809    -1.12654    1.33598e-11    -0.597153    -2.49961    2.02913e-15    0.235508
1.38809    -1.12654    1.13235e-11    -0.597153    -2.49961    1.71984e-15    0.235508
1.38809    -1.12654    9.3578e-12    -0.597153    -2.49962    1.42129e-15    0.235508
1.38809    -1.12654    7.50799e-12    -0.597153    -2.49962    1.14034e-15    0.235508
1.38809    -1.12654    5.8129e-12    -0.597154    -2.49962    8.82887e-16    0.235508
1.38808    -1.12654    4.30444e-12    -0.597154    -2.49962    6.53778e-16    0.235507
1.38808    -1.12654    3.00698e-12    -0.597154    -2.49962    4.56715e-16    0.235507
1.38808    -1.12654    1.93717e-12    -0.597154    -2.49962    2.94228e-16    0.235507
1.38808    -1.12654    1.10393e-12    -0.597154    -2.49962    1.67672e-16    0.235507
1.38808    -1.12654    5.08691e-13    -0.597154    -2.49962    7.72649e-17    0.235507
1.38808    -1.12654    1.45875e-13    -0.597154    -2.49962    2.21582e-17    0.235507
1.38808    -1.12654    3.49871e-15    -0.597154    -2.49962    5.32299e-19    0.235507
1.38808    -1.12654    6.39789e-14    -0.597154    -2.49962    9.71698e-18    0.235507
1.38808    -1.12654    3.05035e-13    -0.597154    -2.49962    4.63281e-17    0.235507
1.38808    -1.12654    7.0067e-13    -0.597154    -2.49962    1.06417e-16    0.235507
1.38808    -1.12654    1.2222e-12    -0.597154    -2.49962    1.85628e-16    0.235507
1.38808    -1.12654    1.83931e-12    -0.597154    -2.49962    2.79355e-16    0.235507
1.38808    -1.12654    2.52104e-12    -0.597154    -2.49962    3.82898e-16    0.235507
1.38808    -1.12654    3.2368e-12    -0.597154    -2.49962    4.91609e-16    0.235507
1.38808    -1.12654    3.95724e-12    -0.597154    -2.49962    6.0103e-16    0.235507
1.38809    -1.12654    4.65503e-12    -0.597154    -2.49962    7.07012e-16    0.235508
1.38809    -1.12654    5.30558e-12    -0.597153    -2.49962    8.05819e-16    0.235508
1.38809    -1.12654    5.88757e-12    -0.597153    -2.49962    8.94212e-16    0.235508
1.38809    -1.12654    6.38335e-12    -0.597153    -2.49962    9.69513e-16    0.235508
1.38809    -1.12654    6.77926e-12    -0.597153    -2.49961    1.02964e-15    0.235508
1.38809    -1.12654    7.06574e-12    -0.597153    -2.49961    1.07316e-15    0.235508
1.38809    -1.12654    7.23733e-12    -0.597153    -2.49961    1.09922e-15    0.235509
1.38809    -1.12654    7.29255e-12    -0.597153    -2.49961    1.1076e-15    0.235509
1.38809    -1.12654    7.23371e-12    -0.597153    -2.49961    1.09867e-15    0.235509
1.38809    -1.12654    7.06652e-12    -0.597153    -2.49961    1.07327e-15    0.235509
1.38809    -1.12654    6.79971e-12    -0.597153    -2.49961    1.03275e-15    0.235509
1.38809    -1.12654    6.44458e-12    -0.597153    -2.49961    9.78813e-16    0.235509
1.38809    -1.12654    6.01443e-12    -0.597153    -2.49961    9.13482e-16    0.23551
1.38809    -1.12654    5.52406e-12    -0.597152    -2.49961    8.39003e-16    0.23551
1.38809    -1.12654    4.98918e-12    -0.597152    -2.49961    7.57765e-16    0.23551
1.38809    -1.12654    4.4259e-12    -0.597152    -2.49961    6.72214e-16    0.23551
1.38809    -1.12654    3.85021e-12    -0.597152    -2.49961    5.84777e-16    0.23551
1.38809    -1.12654    3.27748e-12    -0.597152    -2.49961    4.9779e-16    0.23551
1.38809    -1.12654    2.72205e-12    -0.597152    -2.49961    4.1343e-16    0.23551
1.38809    -1.12654    2.19686e-12    -0.597152    -2.49961    3.33663e-16    0.23551
1.38809    -1.12654    1.71313e-12    -0.597152    -2.49961    2.60195e-16    0.235511
1.38809    -1.12654    1.2802e-12    -0.597152    -2.49961    1.9444e-16    0.235511
1.38809    -1.12654    9.05278e-13    -0.597152    -2.49961    1.37496e-16    0.235511
1.3881    -1.12654    5.93441e-13    -0.597152    -2.49961    9.01341e-17    0.235511
1.3881    -1.12654    3.47585e-13    -0.597152    -2.49961    5.27929e-17    0.235511
1.3881    -1.12654    1.68493e-13    -0.597152    -2.49961    2.55918e-17    0.235511
1.3881    -1.12654    5.4952e-14    -0.597152    -2.49961    8.34683e-18    0.235511
1.3881    -1.12654    3.92312e-15    -0.597152    -2.49961    5.96166e-19    0.235511
1.3881    -1.12654    1.0753e-14    -0.597152    -2.49961    1.63314e-18    0.235511
1.3881    -1.12654    6.94228e-14    -0.597152    -2.49961    1.05436e-17    0.235511
1.3881    -1.12654    1.72821e-13    -0.597152    -2.49961    2.62475e-17    0.235511
1.3881    -1.12654    3.13029e-13    -0.597152    -2.49961    4.75421e-17    0.235511
1.3881    -1.12654    4.81614e-13    -0.597152    -2.49961    7.31468e-17    0.235511
1.3881    -1.12654    6.69917e-13    -0.597152    -2.49961    1.01746e-16    0.235511
1.3881    -1.12654    8.69327e-13    -0.597152    -2.49961    1.32033e-16    0.235511
1.38809    -1.12654    1.07154e-12    -0.597152    -2.49961    1.62745e-16    0.235511
1.38809    -1.12654    1.26877e-12    -0.597152    -2.49961    1.92701e-16    0.235511
1.38809    -1.12654    1.45399e-12    -0.597152    -2.49961    2.20831e-16    0.23551
1.38809    -1.12654    1.62102e-12    -0.597152    -2.49961    2.46201e-16    0.23551
1.38809    -1.12654    1.76475e-12    -0.597152    -2.49961    2.6803e-16    0.23551
1.38809    -1.12654    1.88111e-12    -0.597152    -2.49961    2.85704e-16    0.23551
1.38809    -1.12654    1.96723e-12    -0.597152    -2.49961    2.98783e-16    0.23551
1.38809    -1.12654    2.02135e-12    -0.597152    -2.49961    3.07004e-16    0.23551
1.38809    -1.12654    2.04286e-12    -0.597152    -2.49961    3.10271e-16    0.23551
1.38809    -1.12654    2.03222e-12    -0.597152    -2.49961    3.08655e-16    0.23551
1.38809    -1.12654    1.99085e-12    -0.597152    -2.49961    3.02373e-16    0.23551
1.38809    -1.12654    1.92106e-12    -0.597152    -2.49961    2.91774e-16    0.23551
1.38809    -1.12654    1.82589e-12    -0.597152    -2.49961    2.77319e-16    0.23551
1.38809    -1.12654    1.70897e-12    -0.597153    -2.49961    2.59562e-16    0.23551
1.38809    -1.12654    1.57438e-12    -0.597153    -2.49961    2.3912e-16    0.235509
1.38809    -1.12654    1.4265e-12    -0.597153    -2.49961    2.16659e-16    0.235509
1.38809    -1.12654    1.26981e-12    -0.597153    -2.49961    1.92861e-16    0.235509
1.38809    -1.12654    1.10882e-12    -0.597153    -2.49961    1.6841e-16    0.235509
1.38809    -1.12654    9.47881e-13    -0.597153    -2.49961    1.43966e-16    0.235509
1.38809    -1.12654    7.91067e-13    -0.597153    -2.49961    1.20149e-16    0.235509
1.38809    -1.12654    6.42085e-13    -0.597153    -2.49961    9.75218e-17    0.235509
1.38809    -1.12654    5.04179e-13    -0.597153    -2.49961    7.65762e-17    0.235509
1.38809    -1.12654    3.8006e-13    -0.597153    -2.49961    5.77248e-17    0.235509
1.38809    -1.12654    2.71865e-13    -0.597153    -2.49961    4.12919e-17    0.235509
1.38809    -1.12654    1.81128e-13    -0.597153    -2.49961    2.75105e-17    0.235509
1.38809    -1.12654    1.08772e-13    -0.597153    -2.49961    1.65209e-17    0.235509
1.38809    -1.12654    5.51262e-14    -0.597153    -2.49961    8.37297e-18    0.235509
1.38809    -1.12654    1.99506e-14    -0.597153    -2.49961    3.03035e-18    0.235509
1.38809    -1.12654    2.48476e-15    -0.597153    -2.49961    3.77497e-19    0.235509
1.38809    -1.12654    1.50376e-15    -0.597153    -2.49961    2.28405e-19    0.235509
1.38809    -1.12654    1.53868e-14    -0.597153    -2.49961    2.33689e-18    0.235509
1.38809    -1.12654    4.21919e-14    -0.597153    -2.49961    6.40802e-18    0.235509
1.38809    -1.12654    7.97364e-14    -0.597153    -2.49961    1.21103e-17    0.235509
1.38809    -1.12654    1.25678e-13    -0.597153    -2.49961    1.90879e-17    0.235509
1.38809    -1.12654    1.77596e-13    -0.597153    -2.49961    2.69733e-17    0.235509
1.38809    -1.12654    2.33071e-13    -0.597153    -2.49961    3.53988e-17    0.235509
1.38809    -1.12654    2.89752e-13    -0.597153    -2.49961    4.40077e-17    0.235509
1.38809    -1.12654    3.45431e-13    -0.597153    -2.49961    5.24642e-17    0.235509
1.38809    -1.12654    3.9809e-13    -0.597153    -2.49961    6.04621e-17    0.235509
1.38809    -1.12654    4.45956e-13    -0.597153    -2.49961    6.77321e-17    0.235509
1.38809    -1.12654    4.87533e-13    -0.597153    -2.49961    7.4047e-17    0.235509
1.38809    -1.12654    5.21632e-13    -0.597153    -2.49961    7.9226e-17    0.235509
1.38809    -1.12654    5.47381e-13    -0.597153    -2.49961    8.31368e-17    0.235509
1.38809    -1.12654    5.64232e-13    -0.597153    -2.49961    8.56962e-17    0.235509
1.38809    -1.12654    5.71955e-13    -0.597153    -2.49961    8.68693e-17    0.235509
1.38809    -1.12654    5.70624e-13    -0.597153    -2.49961    8.66671e-17    0.235509
1.38809    -1.12654    5.6059e-13    -0.597153    -2.49961    8.51432e-17    0.235509
1.38809    -1.12654    5.42457e-13    -0.597153    -2.49961    8.23891e-17    0.235509
1.38809    -1.12654    5.17039e-13    -0.597153    -2.49961    7.85286e-17    0.235509
1.38809    -1.12654    4.85327e-13    -0.597153    -2.49961    7.37123e-17    0.23551
1.38809    -1.12654    4.48446e-13    -0.597153    -2.49961    6.81107e-17    0.23551
1.38809    -1.12654    4.07606e-13    -0.597153    -2.49961    6.19079e-17    0.23551
1.38809    -1.12654    3.64066e-13    -0.597152    -2.49961    5.5295e-17    0.23551
1.38809    -1.12654    3.19089e-13    -0.597152    -2.49961    4.84639e-17    0.23551
1.38809    -1.12654    2.73904e-13    -0.597152    -2.49961    4.16011e-17    0.23551
1.38809    -1.12654    2.2967e-13    -0.597152    -2.49961    3.48828e-17    0.23551
1.38809    -1.12654    1.87447e-13    -0.597152    -2.49961    2.84699e-17    0.23551
1.38809    -1.12654    1.48168e-13    -0.597152    -2.49961    2.25042e-17    0.23551
1.38809    -1.12654    1.12624e-13    -0.597152    -2.49961    1.71057e-17    0.23551
1.38809    -1.12654    8.14433e-14    -0.597152    -2.49961    1.23699e-17    0.23551
1.38809    -1.12654    5.50869e-14    -0.597152    -2.49961    8.36681e-18    0.23551
1.38809    -1.12654    3.38456e-14    -0.597152    -2.49961    5.14063e-18    0.23551
1.38809    -1.12654    1.78416e-14    -0.597152    -2.49961    2.7099e-18    0.23551
1.38809    -1.12654    7.03679e-15    -0.597152    -2.49961    1.06882e-18    0.23551
1.38809    -1.12654    1.2439e-15    -0.597152    -2.49961    1.8896e-19    0.23551
1.38809    -1.12654    1.42561e-16    -0.597152    -2.49961    2.16602e-20    0.23551
1.38809    -1.12654    3.29771e-15    -0.597152    -2.49961    5.00841e-19    0.23551
1.38809    -1.12654    1.01803e-14    -0.597152    -2.49961    1.54615e-18    0.23551
1.38809    -1.12654    2.01895e-14    -0.597152    -2.49961    3.06635e-18    0.23551
1.38809    -1.12654    3.26758e-14    -0.597152    -2.49961    4.96276e-18    0.23551
1.38809    -1.12654    4.69632e-14    -0.597152    -2.49961    7.13273e-18    0.23551
1.38809    -1.12654    6.23719e-14    -0.597152    -2.49961    9.47302e-18    0.23551
1.38809    -1.12654    7.82388e-14    -0.597152    -2.49961    1.18829e-17    0.23551
1.38809    -1.12654    9.39359e-14    -0.597152    -2.49961    1.4267e-17    0.23551
1.38809    -1.12654    1.08887e-13    -0.597152    -2.49961    1.65378e-17    0.23551
1.38809    -1.12654    1.22582e-13    -0.597152    -2.49961    1.86178e-17    0.23551
1.38809    -1.12654    1.34587e-13    -0.597152    -2.49961    2.04411e-17    0.23551
1.38809    -1.12654    1.44551e-13    -0.597152    -2.49961    2.19546e-17    0.23551
1.38809    -1.12654    1.52215e-13    -0.597152    -2.49961    2.31185e-17    0.23551
1.38809    -1.12654    1.57407e-13    -0.597152    -2.49961    2.39071e-17    0.23551
1.38809    -1.12654    1.60047e-13    -0.597152    -2.49961    2.43081e-17    0.23551
1.38809    -1.12654    1.6014e-13    -0.597152    -2.49961    2.43222e-17    0.23551
1.38809    -1.12654    1.57771e-13    -0.597153    -2.49961    2.39624e-17    0.23551
1.38809    -1.12654    1.53096e-13    -0.597153    -2.49961    2.32524e-17    0.23551
1.38809    -1.12654    1.46333e-13    -0.597153    -2.49961    2.22253e-17    0.23551
1.38809    -1.12654    1.37753e-13    -0.597153    -2.49961    2.09221e-17    0.23551
1.38809    -1.12654    1.27663e-13    -0.597153    -2.49961    1.93897e-17    0.23551
1.38809    -1.12654    1.164e-13    -0.597153    -2.49961    1.7679e-17    0.235509
1.38809    -1.12654    1.04314e-13    -0.597153    -2.49961    1.58434e-17    0.235509
1.38809    -1.12654    9.17605e-14    -0.597153    -2.49961    1.39368e-17    0.235509
1.38809    -1.12654    7.90857e-14    -0.597153    -2.49961    1.20117e-17    0.235509
1.38809    -1.12654    6.66189e-14    -0.597153    -2.49961    1.01182e-17    0.235509
1.38809    -1.12654    5.46629e-14    -0.597153    -2.49961    8.30234e-18    0.235509
1.38809    -1.12654    4.34863e-14    -0.597153    -2.49961    6.60482e-18    0.235509
1.38809    -1.12654    3.33182e-14    -0.597153    -2.49961    5.06047e-18    0.235509
1.38809    -1.12654    2.43433e-14    -0.597153    -2.49961    3.69735e-18    0.235509
1.38809    -1.12654    1.66999e-14    -0.597153    -2.49961    2.53644e-18    0.235509
1.38809    -1.12654    1.04781e-14    -0.597153    -2.49961    1.59146e-18    0.235509
1.38809    -1.12654    5.72088e-15    -0.597153    -2.49961    8.68924e-19    0.235509
1.38809    -1.12654    2.42567e-15    -0.597153    -2.49961    3.68434e-19    0.235509
1.38809    -1.12654    5.47455e-16    -0.597153    -2.49961    8.31597e-20    0.235509
1.38809    -1.12654    3.03682e-18    -0.597153    -2.49961    4.64848e-22    0.235509
1.38809    -1.12654    6.76054e-16    -0.597153    -2.49961    1.02676e-19    0.235509
1.38809    -1.12654    2.4227e-15    -0.597153    -2.49961    3.67954e-19    0.235509
1.38809    -1.12654    5.07791e-15    -0.597153    -2.49961    7.71224e-19    0.235509
1.38809    -1.12654    8.46169e-15    -0.597153    -2.49961    1.28515e-18    0.235509
1.38809    -1.12654    1.23856e-14    -0.597153    -2.49961    1.88111e-18    0.235509
1.38809    -1.12654    1.66588e-14    -0.597153    -2.49961    2.53014e-18    0.235509
1.38809    -1.12654    2.10944e-14    -0.597153    -2.49961    3.20382e-18    0.235509
1.38809    -1.12654    2.55141e-14    -0.597153    -2.49961    3.87508e-18    0.235509
1.38809    -1.12654    2.97535e-14    -0.597153    -2.49961    4.51897e-18    0.235509
1.38809    -1.12654    3.36659e-14    -0.597153    -2.49961    5.1132e-18    0.235509
1.38809    -1.12654    3.71256e-14    -0.597153    -2.49961    5.63866e-18    0.235509
1.38809    -1.12654    4.003e-14    -0.597153    -2.49961    6.07979e-18    0.235509
1.38809    -1.12654    4.23013e-14    -0.597153    -2.49961    6.42476e-18    0.235509
1.38809    -1.12654    4.38871e-14    -0.597153    -2.49961    6.66562e-18    0.235509
1.38809    -1.12654    4.47602e-14    -0.597153    -2.49961    6.79823e-18    0.235509
1.38809    -1.12654    4.49176e-14    -0.597153    -2.49961    6.82214e-18    0.235509
1.38809    -1.12654    4.43792e-14    -0.597153    -2.49961    6.74037e-18    0.235509
1.38809    -1.12654    4.31852e-14    -0.597153    -2.49961    6.55902e-18    0.235509
1.38809    -1.12654    4.13937e-14    -0.597153    -2.49961    6.28694e-18    0.23551
1.38809    -1.12654    3.9078e-14    -0.597153    -2.49961    5.93522e-18    0.23551
1.38809    -1.12654    3.63225e-14    -0.597153    -2.49961    5.51672e-18    0.23551
1.38809    -1.12654    3.32204e-14    -0.597153    -2.49961    5.04557e-18    0.23551
1.38809    -1.12654    2.98694e-14    -0.597153    -2.49961    4.53662e-18    0.23551
1.38809    -1.12654    2.63689e-14    -0.597153    -2.49961    4.00496e-18    0.23551
1.38809    -1.12654    2.28167e-14    -0.597153    -2.49961    3.46545e-18    0.23551
1.38809    -1.12654    1.93062e-14    -0.597153    -2.49961    2.93227e-18    0.23551
1.38809    -1.12654    1.59237e-14    -0.597153    -2.49961    2.41852e-18    0.23551
1.38809    -1.12654    1.27463e-14    -0.597153    -2.49961    1.93595e-18    0.23551
1.38809    -1.12654    9.84058e-15    -0.597153    -2.49961    1.49462e-18    0.23551
1.38809    -1.12654    7.26051e-15    -0.597153    -2.49961    1.10275e-18    0.23551
1.38809    -1.12654    5.04731e-15    -0.597153    -2.49961    7.66604e-19    0.23551
1.38809    -1.12654    3.22876e-15    -0.597153    -2.49961    4.90398e-19    0.23551
1.38809    -1.12654    1.81932e-15    -0.597153    -2.49961    2.76328e-19    0.23551
1.38809    -1.12654    8.2057e-16    -0.597152    -2.49961    1.24635e-19    0.23551
1.38809    -1.12654    2.22039e-16    -0.597152    -2.49961    3.37273e-20    0.23551
1.38809    -1.12654    2.29957e-18    -0.597152    -2.49961    3.50672e-22    0.23551
1.38809    -1.12654    1.30357e-16    -0.597152    -2.49961    1.97981e-20    0.23551
1.38809    -1.12654    5.6722e-16    -0.597152    -2.49961    8.61475e-20    0.23551
1.38809    -1.12654    1.26761e-15    -0.597152    -2.49961    1.92522e-19    0.23551
1.38809    -1.12654    2.18173e-15    -0.597152    -2.49961    3.31359e-19    0.23551
1.38809    -1.12654    3.2571e-15    -0.597153    -2.49961    4.94685e-19    0.23551
1.38809    -1.12654    4.44025e-15    -0.597153    -2.49961    6.74384e-19    0.23551
1.38809    -1.12654    5.67846e-15    -0.597153    -2.49961    8.62444e-19    0.23551
1.38809    -1.12654    6.92124e-15    -0.597153    -2.49961    1.0512e-18    0.23551
1.38809    -1.12654    8.12173e-15    -0.597153    -2.49961    1.23353e-18    0.23551
1.38809    -1.12654    9.23781e-15    -0.597153    -2.49961    1.40304e-18    0.23551
1.38809    -1.12654    1.02331e-14    -0.597153    -2.49961    1.55421e-18    0.23551
1.38809    -1.12654    1.10776e-14    -0.597153    -2.49961    1.68248e-18    0.23551
1.38809    -1.12654    1.17483e-14    -0.597153    -2.49961    1.78434e-18    0.23551
1.38809    -1.12654    1.22291e-14    -0.597153    -2.49961    1.85737e-18    0.23551
1.38809    -1.12654    1.25111e-14    -0.597153    -2.49961    1.90019e-18    0.23551
1.38809    -1.12654    1.25922e-14    -0.597153    -2.49961    1.91252e-18    0.23551
1.38809    -1.12654    1.24768e-14    -0.597153    -2.49961    1.895e-18    0.23551
1.38809    -1.12654    1.21753e-14    -0.597153    -2.49961    1.8492e-18    0.23551
1.38809    -1.12654    1.1703e-14    -0.597153    -2.49961    1.77747e-18    0.23551
1.38809    -1.12654    1.10798e-14    -0.597153    -2.49961    1.68281e-18    0.23551
1.38809    -1.12654    1.03287e-14    -0.597153    -2.49961    1.56874e-18    0.23551
1.38809    -1.12654    9.47551e-15    -0.597153    -2.49961    1.43916e-18    0.23551
1.38809    -1.12654    8.54745e-15    -0.597153    -2.49961    1.2982e-18    0.23551
1.38809    -1.12654    7.57233e-15    -0.597153    -2.49961    1.1501e-18    0.23551
1.38809    -1.12654    6.57772e-15    -0.597153    -2.49961    9.99038e-19    0.23551
1.38809    -1.12654    5.59004e-15    -0.597153    -2.49961    8.49028e-19    0.23551
1.38809    -1.12654    4.63392e-15    -0.597153    -2.49961    7.03811e-19    0.235509
1.38809    -1.12654    3.73149e-15    -0.597153    -2.49961    5.66749e-19    0.235509
1.38809    -1.12654    2.90194e-15    -0.597153    -2.49961    4.40756e-19    0.235509
1.38809    -1.12654    2.1611e-15    -0.597153    -2.49961    3.28236e-19    0.235509
1.38809    -1.12654    1.5212e-15    -0.597153    -2.49961    2.31045e-19    0.235509
1.38809    -1.12654    9.90705e-16    -0.597153    -2.49961    1.50473e-19    0.235509
1.38809    -1.12654    5.74366e-16    -0.597153    -2.49961    8.72379e-20    0.235509
1.38809    -1.12654    2.7328e-16    -0.597153    -2.49961    4.15079e-20    0.235509
1.38809    -1.12654    8.51176e-17    -0.597153    -2.49961    1.29289e-20    0.235509
1.38809    -1.12654    4.41824e-18    -0.597153    -2.49961    6.71557e-22    0.235509
1.38809    -1.12654    2.29639e-17    -0.597153    -2.49961    3.4877e-21    0.235509
1.38809    -1.12654    1.30211e-16    -0.597153    -2.49961    1.97759e-20    0.235509
1.38809    -1.12654    3.13761e-16    -0.597153    -2.49961    4.76534e-20    0.235509
