1.2    -1.16744    0.00013739    0.0208244
1.20235    -1.16839    0.00049762    0.0160684
1.20683    -1.16881    0.00104006    0.016125
1.2133    -1.16939    0.00171397    0.0162952
1.22161    -1.17009    0.00246712    0.0164392
1.23158    -1.17086    0.00324843    0.0166074
1.24301    -1.17166    0.0040117    0.0167984
1.25573    -1.17246    0.00471818    0.017036
1.26951    -1.17321    0.00533654    0.017226
1.28417    -1.17389    0.00584397    0.0174891
1.29951    -1.17448    0.00622684    0.0177703
1.31535    -1.17496    0.00647935    0.0180653
1.3315    -1.17532    0.00660159    0.01835
1.34781    -1.17556    0.00660057    0.0186687
1.36411    -1.17569    0.00648703    0.0189666
1.38027    -1.1757    0.0062743    0.0192642
1.39617    -1.17561    0.00597752    0.0195604
1.41168    -1.17543    0.00561269    0.0198529
1.42672    -1.17518    0.00519584    0.0201264
1.44118    -1.17486    0.00474454    0.0204319
1.45501    -1.17449    0.0042691    0.0206872
1.46812    -1.17409    0.00378485    0.020943
1.48046    -1.17366    0.00330359    0.0211891
1.492    -1.17322    0.00283551    0.0214198
1.50268    -1.17278    0.00238922    0.0216367
1.51249    -1.17236    0.00197179    0.0218364
1.52141    -1.17194    0.00158871    0.022021
1.5294    -1.17156    0.0012441    0.022187
1.53648    -1.1712    0.00094081    0.0223336
1.54264    -1.17088    0.000680525    0.0224626
1.54787    -1.1706    0.000463679    0.0225636
1.55219    -1.17037    0.000290303    0.0226552
1.55561    -1.17018    0.000159304    0.0227295
1.55815    -1.17004    6.8903e-05    0.0227853
1.55981    -1.16995    1.67462e-05    0.0228231
1.56063    -1.1699    1.15072e-10    0.0228434
1.56064    -1.1699    1.5445e-05    0.0228466
1.55985    -1.16995    5.9559e-05    0.0228334
1.5583    -1.17003    0.000128595    0.0228045
1.55602    -1.17016    0.000218652    0.0227604
1.55305    -1.17032    0.000325742    0.0227021
1.54943    -1.17052    0.000445846    0.0226304
1.5452    -1.17075    0.000574736    0.022556
1.54038    -1.171    0.00070869    0.0224615
1.53504    -1.17128    0.000843941    0.0223552
1.52921    -1.17157    0.000976887    0.0222404
1.52294    -1.17187    0.00110418    0.0221159
1.51627    -1.17219    0.00122271    0.0219826
1.50925    -1.1725    0.00132974    0.0218447
1.50194    -1.17282    0.00142277    0.0217002
1.49437    -1.17313    0.00149973    0.0215513
1.4866    -1.17344    0.00155897    0.0214003
1.47867    -1.17373    0.00159926    0.021246
1.47065    -1.17401    0.00161982    0.0210897
1.46257    -1.17427    0.00162036    0.0209325
1.45449    -1.17451    0.00160104    0.0207758
1.44646    -1.17473    0.00156142    0.0206427
1.43853    -1.17493    0.00150486    0.0204681
1.43075    -1.1751    0.00143173    0.0203137
1.42315    -1.17525    0.00134394    0.0201672
1.4158    -1.17538    0.00124375    0.0200414
1.40872    -1.17548    0.0011337    0.0199082
1.40196    -1.17556    0.00101657    0.0197804
1.39556    -1.17562    0.000895287    0.0196595
1.38956    -1.17567    0.000772806    0.0195461
1.38398    -1.17569    0.00065206    0.0194407
1.37886    -1.17571    0.000535854    0.0193438
1.37421    -1.17571    0.000426782    0.0192558
1.37007    -1.17571    0.000327142    0.0191773
1.36644    -1.1757    0.000238871    0.0191081
1.36333    -1.17569    0.000163485    0.0190487
1.36077    -1.17568    0.000102042    0.0189992
1.35874    -1.17566    5.51203e-05    0.0189595
1.35725    -1.17565    2.28129e-05    0.0189297
1.35629    -1.17565    4.74754e-06    0.0189096
1.35586    -1.17564    1.20753e-07    0.0188991
1.35592    -1.17564    7.74882e-06    0.0188979
1.35648    -1.17565    2.61315e-05    0.0189056
1.35751    -1.17566    5.35251e-05    0.018922
1.35898    -1.17567    8.80214e-05    0.0189466
1.36086    -1.17568    0.000127627    0.0189789
1.36313    -1.17569    0.00017034    0.0190185
1.36575    -1.1757    0.000214223    0.0190647
1.36868    -1.17571    0.000257465    0.0191169
1.3719    -1.17571    0.000298437    0.0191746
1.37537    -1.17571    0.000335726    0.0192371
1.37905    -1.17571    0.000368174    0.0193038
1.3829    -1.1757    0.000394881    0.0193741
1.38689    -1.17568    0.000415221    0.0194472
1.39098    -1.17565    0.000428831    0.0195225
1.39513    -1.17562    0.000435599    0.0195994
1.39932    -1.17559    0.00043564    0.0196773
1.40351    -1.17554    0.000429273    0.0197555
1.40767    -1.17549    0.000416987    0.0198336
1.41176    -1.17543    0.000399409    0.0199108
1.41577    -1.17537    0.000377273    0.0199866
1.41967    -1.17531    0.00035137    0.0200583
1.42343    -1.17524    0.000322573    0.0201184
1.42704    -1.17517    0.000291725    0.0201873
1.43047    -1.1751    0.000259682    0.0202541
1.4337    -1.17503    0.000226688    0.020317
1.43672    -1.17497    0.000194698    0.0203762
1.43952    -1.17491    0.000164176    0.0204567
1.44209    -1.17484    0.000135221    0.0205112
1.44443    -1.17479    0.000108348    0.0205563
1.44652    -1.17473    8.39973e-05    0.0206002
1.44835    -1.17468    6.24906e-05    0.0206362
1.44994    -1.17464    4.40655e-05    0.0206672
1.45127    -1.1746    2.88668e-05    0.0206934
1.45235    -1.17457    1.69498e-05    0.0207148
1.45318    -1.17455    8.22014e-06    0.0207125
1.45375    -1.17453    2.69662e-06    0.0207211
1.45408    -1.17452    2.01844e-07    0.0207286
1.45417    -1.17452    4.97338e-07    0.0207315
1.45403    -1.17452    3.29593e-06    0.0207298
1.45367    -1.17453    8.27182e-06    0.0207238
1.45309    -1.17455    1.50709e-05    0.0207136
1.45231    -1.17457    2.32072e-05    0.0207189
1.45134    -1.1746    3.23711e-05    0.0207052
1.4502    -1.17463    4.21913e-05    0.0206847
1.4489    -1.17467    5.23036e-05    0.020661
1.44745    -1.17471    6.23622e-05    0.0206344
1.44586    -1.17475    7.20463e-05    0.0206054
1.44416    -1.17479    8.10774e-05    0.0205703
1.44235    -1.17484    8.91927e-05    0.0205367
1.44046    -1.17488    9.61777e-05    0.0205017
1.43849    -1.17493    0.000102189    0.0204393
1.43646    -1.17497    0.000106796    0.0203957
1.43439    -1.17502    0.000109904    0.0203558
1.43228    -1.17507    0.000111468    0.0203156
1.43016    -1.17511    0.00011149    0.0202751
1.42804    -1.17515    0.000110011    0.0202343
1.42594    -1.1752    0.000107113    0.020194
1.42386    -1.17524    0.00010291    0.0201542
1.42183    -1.17527    9.75547e-05    0.0201269
1.41985    -1.17531    9.12038e-05    0.0200899
1.41793    -1.17534    8.4049e-05    0.0200536
1.41609    -1.17537    7.62839e-05    0.0200209
1.41434    -1.1754    6.8122e-05    0.0199877
1.41268    -1.17542    5.97708e-05    0.0199561
1.41113    -1.17544    5.14318e-05    0.0199265
1.40969    -1.17546    4.32957e-05    0.0198989
1.40837    -1.17548    3.55377e-05    0.0198736
1.40717    -1.1755    2.83131e-05    0.0198506
1.4061    -1.17551    2.17545e-05    0.0198299
1.40517    -1.17552    1.59685e-05    0.0198118
1.40437    -1.17553    1.10346e-05    0.0197961
1.4037    -1.17554    7.00441e-06    0.019783
1.40317    -1.17555    3.90158e-06    0.0197724
1.40277    -1.17555    1.72285e-06    0.0197643
1.40251    -1.17555    4.3975e-07    0.0197588
1.40238    -1.17555    9.76215e-10    0.0197556
1.40237    -1.17555    3.35311e-07    0.0197549
1.40249    -1.17555    1.35497e-06    0.0197565
1.40272    -1.17555    2.95926e-06    0.0197603
1.40306    -1.17555    5.03835e-06    0.0197662
1.40352    -1.17554    7.47712e-06    0.0197741
1.40406    -1.17554    1.01589e-05    0.0197838
1.4047    -1.17553    1.29689e-05    0.0197953
1.40543    -1.17552    1.57975e-05    0.0198085
1.40622    -1.17551    1.85431e-05    0.019823
1.40709    -1.1755    2.11145e-05    0.0198389
1.40801    -1.17549    2.34325e-05    0.0198559
1.40898    -1.17547    2.54316e-05    0.0198739
1.40999    -1.17546    2.70608e-05    0.0198927
1.41104    -1.17545    2.82839e-05    0.0199121
1.4121    -1.17543    2.90794e-05    0.019932
1.41319    -1.17541    2.944e-05    0.0199523
1.41428    -1.1754    2.93717e-05    0.0199727
1.41536    -1.17538    2.88927e-05    0.0199932
1.41644    -1.17536    2.80318e-05    0.0200135
1.4175    -1.17535    2.68226e-05    0.0200313
1.41854    -1.17533    2.53144e-05    0.0200508
1.41955    -1.17531    2.3558e-05    0.02007
1.42053    -1.1753    2.16075e-05    0.0200885
1.42146    -1.17528    1.95188e-05    0.0201063
1.42235    -1.17526    1.73506e-05    0.0201116
1.42318    -1.17525    1.51526e-05    0.0201271
1.42396    -1.17523    1.29782e-05    0.0201422
1.42469    -1.17522    1.08752e-05    0.0201563
1.42535    -1.17521    8.88606e-06    0.0201693
1.42595    -1.1752    7.04767e-06    0.020181
1.42648    -1.17518    5.39039e-06    0.0201915
1.42695    -1.17518    3.93788e-06    0.0202008
1.42734    -1.17517    2.70691e-06    0.0202087
1.42767    -1.17516    1.70741e-06    0.0202153
1.42794    -1.17516    9.42692e-07    0.0202207
1.42813    -1.17515    4.09839e-07    0.0202247
1.42826    -1.17515    1.00195e-07    0.0202275
1.42832    -1.17515    3.67802e-12    0.0202291
1.42832    -1.17515    9.11141e-08    0.0202294
1.42826    -1.17515    3.51756e-07    0.0202285
1.42814    -1.17515    7.57354e-07    0.0202265
1.42797    -1.17516    1.28136e-06    0.0202234
1.42774    -1.17516    1.89606e-06    0.0202193
1.42747    -1.17517    2.57341e-06    0.0202143
1.42714    -1.17517    3.28575e-06    0.0202084
1.42678    -1.17518    4.00652e-06    0.0202016
1.42638    -1.17519    4.71087e-06    0.0201941
1.42594    -1.1752    5.3762e-06    0.0201859
1.42548    -1.1752    5.85864e-06    0.0201773
1.42499    -1.17521    6.38961e-06    0.0201681
1.42449    -1.17522    6.83336e-06    0.0201585
1.42396    -1.17523    7.17958e-06    0.0201485
1.42342    -1.17524    7.42137e-06    0.0201383
1.42288    -1.17525    7.55525e-06    0.020128
1.42233    -1.17526    7.58098e-06    0.0201175
1.42177    -1.17527    7.50325e-06    0.0201187
1.42122    -1.17528    7.32459e-06    0.020109
1.42068    -1.17529    7.05411e-06    0.0200988
1.42015    -1.1753    6.70203e-06    0.0200887
1.41963    -1.17531    6.28015e-06    0.0200788
1.41913    -1.17532    5.80148e-06    0.0200692
1.41864    -1.17533    5.27986e-06    0.02006
1.41818    -1.17534    4.7295e-06    0.0200512
1.41774    -1.17534    4.16455e-06    0.0200429
1.41734    -1.17535    3.59729e-06    0.0200373
1.41695    -1.17536    3.04229e-06    0.0200302
1.4166    -1.17536    2.51157e-06    0.0200235
1.41629    -1.17537    2.01564e-06    0.0200174
1.416    -1.17537    1.56346e-06    0.0200119
1.41575    -1.17538    1.16225e-06    0.020007
1.41553    -1.17538    8.1743e-07    0.0200027
1.41535    -1.17538    5.32597e-07    0.0199992
1.41521    -1.17538    3.09509e-07    0.0199962
1.41509    -1.17539    1.48179e-07    0.019994
1.41502    -1.17539    4.69785e-08    0.0199923
1.41497    -1.17539    2.79063e-09    0.0199914
1.41496    -1.17539    1.11949e-08    0.019991
1.41498    -1.17539    6.66747e-08    0.0199912
1.41504    -1.17539    1.62842e-07    0.0199921
1.41512    -1.17539    2.92674e-07    0.0199934
1.41523    -1.17538    4.48747e-07    0.0199954
1.41536    -1.17538    6.2347e-07    0.0199978
1.41552    -1.17538    8.09308e-07    0.0200006
1.4157    -1.17538    9.98982e-07    0.0200039
1.4159    -1.17537    1.18566e-06    0.0200076
1.41612    -1.17537    1.36309e-06    0.0200116
1.41635    -1.17537    1.52578e-06    0.0200159
1.4166    -1.17536    1.66904e-06    0.0200205
1.41686    -1.17536    1.7891e-06    0.0200254
1.41713    -1.17535    1.88313e-06    0.0200304
1.4174    -1.17535    1.94924e-06    0.0200355
1.41768    -1.17534    1.9854e-06    0.0200385
1.41797    -1.17534    1.99259e-06    0.0200436
1.41825    -1.17533    1.97171e-06    0.0200489
1.41853    -1.17533    1.92435e-06    0.0200542
1.41881    -1.17533    1.85273e-06    0.0200595
1.41908    -1.17532    1.7596e-06    0.0200647
1.41935    -1.17532    1.64815e-06    0.0200697
1.41961    -1.17531    1.52188e-06    0.0200746
1.41985    -1.17531    1.38448e-06    0.0200793
1.42009    -1.1753    1.23972e-06    0.0200838
1.42031    -1.1753    1.09132e-06    0.0200881
1.42052    -1.1753    9.42886e-07    0.0200921
1.42072    -1.17529    7.97795e-07    0.0200959
1.4209    -1.17529    6.59118e-07    0.0200993
1.42106    -1.17529    5.29565e-07    0.0201025
1.42121    -1.17528    4.11434e-07    0.0201053
1.42134    -1.17528    3.06573e-07    0.0201078
1.42145    -1.17528    2.16363e-07    0.02011
1.42154    -1.17528    1.41712e-07    0.0201119
1.42162    -1.17528    8.30621e-08    0.0201134
1.42167    -1.17528    4.04082e-08    0.0201146
1.42171    -1.17527    1.33291e-08    0.0201154
1.42174    -1.17527    1.0267e-09    0.0201159
1.42174    -1.17527    2.37258e-09    0.0201161
1.42173    -1.17527    1.59608e-08    0.020116
1.42171    -1.17527    4.01641e-08    0.0201156
1.42167    -1.17528    7.31925e-08    0.0201149
1.42161    -1.17528    1.13152e-07    0.020114
1.42155    -1.17528    1.58104e-07    0.0201128
1.42147    -1.17528    2.06116e-07    0.0201113
1.42138    -1.17528    2.55319e-07    0.0201097
1.42127    -1.17528    3.03949e-07    0.0201078
1.42116    -1.17528    3.50387e-07    0.0201058
1.42104    -1.17529    3.93196e-07    0.0201036
1.42092    -1.17529    4.31144e-07    0.0201012
1.42079    -1.17529    4.63227e-07    0.0200988
1.42065    -1.17529    4.88675e-07    0.0200962
1.42051    -1.1753    5.06962e-07    0.0200936
1.42037    -1.1753    5.17802e-07    0.0200909
1.42022    -1.1753    5.21139e-07    0.0200882
1.42008    -1.1753    5.17136e-07    0.0200855
1.41993    -1.17531    5.0615e-07    0.0200827
1.41979    -1.17531    4.88715e-07    0.02008
1.41965    -1.17531    4.65515e-07    0.0200774
1.41951    -1.17531    4.37348e-07    0.0200748
1.41938    -1.17532    4.05107e-07    0.0200723
1.41925    -1.17532    3.6974e-07    0.0200698
1.41913    -1.17532    3.32225e-07    0.0200675
1.41902    -1.17532    2.9354e-07    0.0200653
1.41891    -1.17532    2.54635e-07    0.0200632
1.41881    -1.17533    2.1641e-07    0.0200613
1.41871    -1.17533    1.7969e-07    0.0200595
1.41863    -1.17533    1.45212e-07    0.0200578
1.41855    -1.17533    1.13605e-07    0.0200563
1.41848    -1.17533    8.53841e-08    0.020055
1.41842    -1.17533    6.09428e-08    0.0200539
1.41837    -1.17533    4.05489e-08    0.0200529
1.41833    -1.17533    2.36857e-08    0.020052
1.4183    -1.17533    1.18758e-08    0.0200514
1.41828    -1.17533    4.20428e-09    0.0200509
1.41826    -1.17533    4.74166e-10    0.0200506
1.41826    -1.17533    3.98203e-10    0.0200505
1.41826    -1.17533    3.61264e-09    0.0200505
1.41828    -1.17533    9.69224e-09    0.0200507
1.4183    -1.17533    1.8166e-08    0.0200511
1.41832    -1.17533    2.85331e-08    0.0200515
1.41836    -1.17533    4.02785e-08    0.0200521
1.4184    -1.17533    5.28878e-08    0.0200529
1.41844    -1.17533    6.58614e-08    0.0200537
1.41849    -1.17533    7.87271e-08    0.0200547
1.41855    -1.17533    9.10509e-08    0.0200557
1.41861    -1.17533    1.02446e-07    0.0200568
1.41868    -1.17533    1.12581e-07    0.020058
1.41874    -1.17533    1.21185e-07    0.0200593
1.41881    -1.17533    1.28047e-07    0.0200606
1.41888    -1.17532    1.33026e-07    0.0200619
1.41896    -1.17532    1.3604e-07    0.0200633
1.41903    -1.17532    1.37071e-07    0.0200647
1.41911    -1.17532    1.3616e-07    0.0200661
1.41918    -1.17532    1.33398e-07    0.0200675
1.41925    -1.17532    1.28924e-07    0.0200689
1.41933    -1.17532    1.22918e-07    0.0200702
1.4194    -1.17532    1.15589e-07    0.0200716
1.41946    -1.17531    1.07172e-07    0.0200728
1.41953    -1.17531    9.79159e-08    0.0200741
1.41959    -1.17531    8.80789e-08    0.0200753
1.41965    -1.17531    7.79185e-08    0.0200764
1.41971    -1.17531    6.76854e-08    0.0200775
1.41976    -1.17531    5.7617e-08    0.0200785
1.41981    -1.17531    4.79314e-08    0.0200794
1.41985    -1.17531    3.88231e-08    0.0200803
1.41989    -1.17531    3.04592e-08    0.0200811
1.41993    -1.17531    2.29763e-08    0.0200817
1.41996    -1.17531    1.64794e-08    0.0200823
1.41998    -1.17531    1.10405e-08    0.0200828
1.42    -1.1753    6.69938e-09    0.0200833
1.42002    -1.1753    3.46436e-09    0.0200836
1.42003    -1.1753    1.31426e-09    0.0200838
1.42004    -1.1753    2.00937e-10    0.020084
1.42004    -1.1753    5.23961e-11    0.0200841
1.42004    -1.1753    7.76328e-10    0.0200841
1.42004    -1.1753    2.26397e-09    0.020084
1.42003    -1.1753    4.39414e-09    0.0200838
1.42001    -1.1753    7.03736e-09    0.0200836
1.42    -1.1753    1.00599e-08    0.0200833
1.41998    -1.17531    1.33277e-08    0.0200829
1.41995    -1.17531    1.67099e-08    0.0200825
1.41993    -1.17531    2.00825e-08    0.020082
1.4199    -1.17531    2.33306e-08    0.0200815
1.41987    -1.17531    2.63517e-08    0.0200809
1.41984    -1.17531    2.90569e-08    0.0200803
1.4198    -1.17531    3.13729e-08    0.0200797
1.41977    -1.17531    3.32425e-08    0.020079
1.41973    -1.17531    3.46254e-08    0.0200783
1.41969    -1.17531    3.5498e-08    0.0200776
1.41965    -1.17531    3.58527e-08    0.0200769
1.41962    -1.17531    3.56973e-08    0.0200762
1.41958    -1.17531    3.50536e-08    0.0200755
1.41954    -1.17531    3.39559e-08    0.0200748
1.4195    -1.17531    3.2449e-08    0.0200741
1.41947    -1.17531    3.05864e-08    0.0200734
1.41943    -1.17531    2.84283e-08    0.0200727
1.4194    -1.17532    2.60395e-08    0.0200721
1.41937    -1.17532    2.34869e-08    0.0200715
1.41933    -1.17532    2.08381e-08    0.0200709
1.41931    -1.17532    1.81592e-08    0.0200703
1.41928    -1.17532    1.55129e-08    0.0200698
1.41925    -1.17532    1.29573e-08    0.0200693
1.41923    -1.17532    1.05446e-08    0.0200689
1.41921    -1.17532    8.31983e-09    0.0200685
1.41919    -1.17532    6.32023e-09    0.0200681
1.41918    -1.17532    4.57479e-09    0.0200678
1.41916    -1.17532    3.10392e-09    0.0200676
1.41915    -1.17532    1.91949e-09    0.0200673
1.41914    -1.17532    1.02507e-09    0.0200672
1.41914    -1.17532    4.16389e-10    0.020067
1.41913    -1.17532    8.19601e-11    0.0200669
1.41913    -1.17532    3.88241e-12    0.0200669
1.41913    -1.17532    1.5875e-10    0.0200669
1.41913    -1.17532    5.18659e-10    0.0200669
1.41914    -1.17532    1.05226e-09    0.020067
1.41914    -1.17532    1.72585e-09    0.0200671
1.41915    -1.17532    2.50444e-09    0.0200673
1.41916    -1.17532    3.35277e-09    0.0200674
1.41917    -1.17532    4.23634e-09    0.0200677
1.41919    -1.17532    5.12222e-09    0.0200679
1.4192    -1.17532    5.97989e-09    0.0200682
1.41922    -1.17532    6.78189e-09    0.0200685
1.41923    -1.17532    7.50436e-09    0.0200688
1.41925    -1.17532    8.1274e-09    0.0200691
1.41927    -1.17532    8.6354e-09    0.0200694
1.41929    -1.17532    9.01713e-09    0.0200698
1.41931    -1.17532    9.26576e-09    0.0200701
1.41933    -1.17532    9.37873e-09    0.0200705
1.41935    -1.17532    9.35752e-09    0.0200709
1.41937    -1.17532    9.20734e-09    0.0200712
1.41938    -1.17532    8.93674e-09    0.0200716
1.4194    -1.17532    9.51929e-09    0.0200719
1.41942    -1.17531    9.00023e-09    0.0200722
1.41944    -1.17531    8.39149e-09    0.0200726
1.41946    -1.17531    7.71158e-09    0.020073
1.41947    -1.17531    6.97988e-09    0.0200733
1.41949    -1.17531    6.21602e-09    0.0200736
1.41951    -1.17531    5.43927e-09    0.0200739
1.41952    -1.17531    4.66811e-09    0.0200742
1.41954    -1.17531    3.91972e-09    0.0200745
1.41955    -1.17531    3.20961e-09    0.0200747
1.41956    -1.17531    2.55131e-09    0.0200749
1.41957    -1.17531    1.95613e-09    0.0200751
1.41958    -1.17531    1.433e-09    0.0200753
1.41959    -1.17531    9.88376e-10    0.0200754
1.41959    -1.17531    6.26236e-10    0.0200756
1.4196    -1.17531    3.48131e-10    0.0200757
1.4196    -1.17531    1.5331e-10    0.0200757
1.4196    -1.17531    3.88871e-11    0.0200758
1.41961    -1.17531    6.70105e-14    0.0200758
1.41961    -1.17531    3.04005e-11    0.0200758
1.4196    -1.17531    1.2207e-10    0.0200758
1.4196    -1.17531    2.66193e-10    0.0200758
1.4196    -1.17531    4.53135e-10    0.0200757
1.41959    -1.17531    6.7282e-10    0.0200757
1.41959    -1.17531    9.15031e-10    0.0200756
1.41958    -1.17531    1.1697e-09    0.0200754
1.41958    -1.17531    1.42717e-09    0.0200753
1.41957    -1.17531    1.67842e-09    0.0200752
1.41956    -1.17531    1.91528e-09    0.020075
1.41955    -1.17531    2.13059e-09    0.0200749
1.41954    -1.17531    2.3183e-09    0.0200747
1.41953    -1.17531    2.47361e-09    0.0200745
1.41952    -1.17531    2.59297e-09    0.0200743
1.41951    -1.17531    2.67409e-09    0.0200741
1.4195    -1.17531    2.71596e-09    0.0200739
1.41949    -1.17531    2.71874e-09    0.0200737
1.41948    -1.17531    2.68368e-09    0.0200735
1.41947    -1.17531    2.61306e-09    0.0200734
1.41946    -1.17531    2.50999e-09    0.0200732
1.41945    -1.17531    2.37831e-09    0.020073
1.41944    -1.17531    2.22242e-09    0.0200728
1.41943    -1.17531    2.04712e-09    0.0200726
1.41942    -1.17531    1.85746e-09    0.0200724
1.41941    -1.17531    1.65856e-09    0.0200723
1.41941    -1.17531    1.4555e-09    0.0200721
1.4194    -1.17532    1.25315e-09    0.020072
1.41939    -1.17532    1.05607e-09    0.0200718
1.41938    -1.17532    8.68393e-10    0.0200717
1.41938    -1.17532    6.93754e-10    0.0200716
1.41937    -1.17532    5.35208e-10    0.0200715
1.41937    -1.17532    3.95193e-10    0.0200714
1.41936    -1.17532    2.75505e-10    0.0200713
1.41936    -1.17532    1.77287e-10    0.0200712
1.41936    -1.17532    1.01046e-10    0.0200712
1.41936    -1.17532    4.66767e-11    0.0200712
1.41935    -1.17532    1.35094e-11    0.0200711
1.41935    -1.17532    3.62873e-13    0.0200711
1.41935    -1.17532    5.61136e-12    0.0200711
1.41935    -1.17532    2.72586e-11    0.0200711
1.41936    -1.17532    6.30165e-11    0.0200711
1.41936    -1.17532    1.10387e-10    0.0200712
1.41936    -1.17532    1.66743e-10    0.0200712
1.41936    -1.17532    2.29411e-10    0.0200712
1.41936    -1.17532    2.95742e-10    0.0200713
1.41937    -1.17532    3.63186e-10    0.0200714
1.41937    -1.17532    4.29351e-10    0.0200714
1.41938    -1.17532    4.92061e-10    0.0200715
1.41938    -1.17532    5.49396e-10    0.0200716
1.41939    -1.17532    5.99728e-10    0.0200717
1.41939    -1.17532    6.41748e-10    0.0200718
1.4194    -1.17532    6.74474e-10    0.0200719
1.4194    -1.17532    6.97261e-10    0.020072
1.41941    -1.17531    7.09791e-10    0.0200721
1.41941    -1.17531    7.12061e-10    0.0200722
1.41942    -1.17531    7.04361e-10    0.0200723
1.41942    -1.17531    6.87245e-10    0.0200724
1.41943    -1.17531    6.61498e-10    0.0200725
1.41943    -1.17531    6.281e-10    0.0200726
1.41944    -1.17531    5.88183e-10    0.0200726
1.41944    -1.17531    5.42991e-10    0.0200727
1.41945    -1.17531    4.93837e-10    0.0200728
1.41945    -1.17531    4.42064e-10    0.0200729
1.41946    -1.17531    3.89003e-10    0.020073
1.41946    -1.17531    3.3594e-10    0.0200731
1.41946    -1.17531    2.84082e-10    0.0200731
1.41947    -1.17531    2.3453e-10    0.0200732
1.41947    -1.17531    1.88255e-10    0.0200733
1.41947    -1.17531    1.46079e-10    0.0200733
1.41947    -1.17531    1.08668e-10    0.0200734
1.41948    -1.17531    7.65141e-11    0.0200734
1.41948    -1.17531    4.99441e-11    0.0200734
1.41948    -1.17531    2.91148e-11    0.0200735
1.41948    -1.17531    1.40224e-11    0.0200735
1.41948    -1.17531    4.51323e-12    0.0200735
1.41948    -1.17531    2.97431e-13    0.0200735
1.41948    -1.17531    9.66228e-13    0.0200735
1.41948    -1.17531    6.01084e-12    0.0200735
1.41948    -1.17531    1.4843e-11    0.0200735
1.41948    -1.17531    2.68162e-11    0.0200735
1.41948    -1.17531    4.12472e-11    0.0200735
1.41948
