0.0867347    0.150303    0.118255    0.0251742    0.0867347    0.150303    0.118255    0.0251742    
0.0850512    0.150261    0.125547    0.0221596    0.0850512    0.150261    0.125547    0.0221596    
0.0846646    0.149455    0.12561    0.0222522    0.0846646    0.149455    0.12561    0.0222522    
0.0844852    0.148938    0.125544    0.0223889    0.0844852    0.148938    0.125544    0.0223889    
0.0841981    0.1482    0.125623    0.0225025    0.0841981    0.1482    0.125623    0.0225025    
0.0838654    0.147339    0.125725    0.0226329    0.0838654    0.147339    0.125725    0.0226329    
0.0835132    0.146355    0.125842    0.0227816    0.0835132    0.146355    0.125842    0.0227816    
0.0830861    0.145284    0.12596    0.0229496    0.0830861    0.145284    0.12596    0.0229496    
0.0827197    0.143918    0.126223    0.0230924    0.0827197    0.143918    0.126223    0.0230924    
0.0822709    0.142771    0.126306    0.0232987    0.0822709    0.142771    0.126306    0.0232987    
0.0817917    0.14158    0.126385    0.0235161    0.0817917    0.14158    0.126385    0.0235161    
0.0813014    0.140389    0.126445    0.0237454    0.0813014    0.140389    0.126445    0.0237454    
0.0808455    0.139112    0.126572    0.023956    0.0808455    0.139112    0.126572    0.023956    
0.0804008    0.13784    0.126675    0.0241771    0.0804008    0.13784    0.126675    0.0241771    
0.07994    0.136688    0.126701    0.024418    0.07994    0.136688    0.126701    0.024418    
0.0795291    0.135433    0.126797    0.0246369    0.0795291    0.135433    0.126797    0.0246369    
0.0791433    0.134238    0.126873    0.0248553    0.0791433    0.134238    0.126873    0.0248553    
0.0787912    0.13305    0.126964    0.0250623    0.0787912    0.13305    0.126964    0.0250623    
0.0784453    0.131973    0.127009    0.0252739    0.0784453    0.131973    0.127009    0.0252739    
0.0781945    0.130693    0.12705    0.0254977    0.0781945    0.130693    0.12705    0.0254977    
0.0778316    0.13    0.127056    0.0256802    0.0778316    0.13    0.127056    0.0256802    
0.0775328    0.129114    0.127077    0.0258658    0.0775328    0.129114    0.127077    0.0258658    
0.0772665    0.12829    0.127087    0.0260432    0.0772665    0.12829    0.127087    0.0260432    
0.0770367    0.127526    0.127094    0.0262089    0.0770367    0.127526    0.127094    0.0262089    
0.0768233    0.126833    0.127092    0.0263645    0.0768233    0.126833    0.127092    0.0263645    
0.0766293    0.126208    0.127085    0.0265083    0.0766293    0.126208    0.127085    0.0265083    
0.0764387    0.125651    0.127073    0.0266402    0.0764387    0.125651    0.127073    0.0266402    
0.0762987    0.125135    0.127047    0.0267654    0.0762987    0.125135    0.127047    0.0267654    
0.0761662    0.124697    0.127035    0.0268709    0.0761662    0.124697    0.127035    0.0268709    
0.0760495    0.124318    0.127023    0.0269629    0.0760495    0.124318    0.127023    0.0269629    
0.0759258    0.12409    0.127011    0.0270351    0.0759258    0.12409    0.127011    0.0270351    
0.0758404    0.12382    0.127002    0.0271006    0.0758404    0.12382    0.127002    0.0271006    
0.0757778    0.123606    0.126992    0.027154    0.0757778    0.123606    0.126992    0.027154    
0.0757542    0.123364    0.126986    0.0272005    0.0757542    0.123364    0.126986    0.0272005    
0.0757282    0.123257    0.126978    0.0272287    0.0757282    0.123257    0.126978    0.0272287    
0.0757115    0.123198    0.126975    0.0272442    0.0757115    0.123198    0.126975    0.0272442    
0.0757091    0.123186    0.126973    0.0272479    0.0757091    0.123186    0.126973    0.0272479    
0.075721    0.12322    0.126973    0.0272403    0.075721    0.12322    0.126973    0.0272403    
0.0757462    0.123298    0.126975    0.0272217    0.0757462    0.123298    0.126975    0.0272217    
0.0757911    0.123419    0.126971    0.027195    0.0757911    0.123419    0.126971    0.027195    
0.0758119    0.123662    0.126982    0.0271472    0.0758119    0.123662    0.126982    0.0271472    
0.0758677    0.123866    0.126988    0.0270981    0.0758677    0.123866    0.126988    0.0270981    
0.0759404    0.124108    0.126994    0.0270406    0.0759404    0.124108    0.126994    0.0270406    
0.0760244    0.124387    0.127    0.0269746    0.0760244    0.124387    0.127    0.0269746    
0.0761478    0.124598    0.127007    0.0269085    0.0761478    0.124598    0.127007    0.0269085    
0.0762623    0.124937    0.127011    0.0268291    0.0762623    0.124937    0.127011    0.0268291    
0.076361    0.125311    0.127007    0.026746    0.076361    0.125311    0.127007    0.026746    
0.076488    0.125725    0.127033    0.0266437    0.076488    0.125725    0.127033    0.0266437    
0.0766388    0.126146    0.127041    0.0265446    0.0766388    0.126146    0.127041    0.0265446    
0.076782    0.126594    0.127043    0.0264428    0.076782    0.126594    0.127043    0.0264428    
0.0769304    0.127066    0.127041    0.0263377    0.0769304    0.127066    0.127041    0.0263377    
0.077085    0.127559    0.127038    0.0262295    0.077085    0.127559    0.127038    0.0262295    
0.0772397    0.128067    0.127033    0.0261189    0.0772397    0.128067    0.127033    0.0261189    
0.0774093    0.128594    0.127018    0.0260091    0.0774093    0.128594    0.127018    0.0260091    
0.0775783    0.129126    0.127007    0.0258966    0.0775783    0.129126    0.127007    0.0258966    
0.0777504    0.129666    0.126996    0.0257833    0.0777504    0.129666    0.126996    0.0257833    
0.0779247    0.13021    0.12698    0.025671    0.0779247    0.13021    0.12698    0.025671    
0.0781704    0.130509    0.126971    0.0255767    0.0781704    0.130509    0.126971    0.0255767    
0.0782921    0.131295    0.126936    0.0254537    0.0782921    0.131295    0.126936    0.0254537    
0.0784498    0.131835    0.126924    0.0253435    0.0784498    0.131835    0.126924    0.0253435    
0.0786201    0.13236    0.126903    0.0252393    0.0786201    0.13236    0.126903    0.0252393    
0.0787886    0.132874    0.12688    0.0251391    0.0787886    0.132874    0.12688    0.0251391    
0.0789367    0.133414    0.126827    0.0250516    0.0789367    0.133414    0.126827    0.0250516    
0.0790877    0.133899    0.126798    0.0249614    0.0790877    0.133899    0.126798    0.0249614    
0.0792346    0.134359    0.126771    0.0248762    0.0792346    0.134359    0.126771    0.0248762    
0.0793734    0.134792    0.126744    0.0247966    0.0793734    0.134792    0.126744    0.0247966    
0.0795035    0.135195    0.126719    0.0247227    0.0795035    0.135195    0.126719    0.0247227    
0.0796235    0.135566    0.126695    0.0246552    0.0796235    0.135566    0.126695    0.0246552    
0.0797327    0.135902    0.126673    0.0245943    0.0797327    0.135902    0.126673    0.0245943    
0.0798301    0.136202    0.126654    0.0245401    0.0798301    0.136202    0.126654    0.0245401    
0.0799098    0.136481    0.126626    0.0244957    0.0799098    0.136481    0.126626    0.0244957    
0.0799808    0.136703    0.126611    0.0244557    0.0799808    0.136703    0.126611    0.0244557    
0.0800399    0.136884    0.1266    0.0244227    0.0800399    0.136884    0.1266    0.0244227    
0.0800857    0.137026    0.126592    0.0243968    0.0800857    0.137026    0.126592    0.0243968    
0.0801181    0.137127    0.126586    0.0243781    0.0801181    0.137127    0.126586    0.0243781    
0.0801371    0.137187    0.126584    0.0243664    0.0801371    0.137187    0.126584    0.0243664    
0.080143    0.137209    0.126584    0.0243617    0.080143    0.137209    0.126584    0.0243617    
0.0801362    0.137192    0.126588    0.0243636    0.0801362    0.137192    0.126588    0.0243636    
0.0801171    0.137138    0.126594    0.0243721    0.0801171    0.137138    0.126594    0.0243721    
0.0800865    0.137049    0.126603    0.0243866    0.0800865    0.137049    0.126603    0.0243866    
0.0800451    0.136928    0.126614    0.024407    0.0800451    0.136928    0.126614    0.024407    
0.0799936    0.136776    0.126627    0.0244329    0.0799936    0.136776    0.126627    0.0244329    
0.0799329    0.136596    0.126643    0.0244639    0.0799329    0.136596    0.126643    0.0244639    
0.0798641    0.13639    0.126659    0.0244995    0.0798641    0.13639    0.126659    0.0244995    
0.0797935    0.136145    0.126688    0.0245364    0.0797935    0.136145    0.126688    0.0245364    
0.0797128    0.135898    0.126707    0.0245798    0.0797128    0.135898    0.126707    0.0245798    
0.0796255    0.135633    0.126727    0.0246266    0.0796255    0.135633    0.126727    0.0246266    
0.079534    0.135354    0.126748    0.0246762    0.079534    0.135354    0.126748    0.0246762    
0.0794392    0.135064    0.126768    0.0247282    0.0794392    0.135064    0.126768    0.0247282    
0.0793421    0.134766    0.126788    0.0247822    0.0793421    0.134766    0.126788    0.0247822    
0.079244    0.134462    0.126808    0.0248374    0.079244    0.134462    0.126808    0.0248374    
0.0791451    0.134156    0.126827    0.0248936    0.0791451    0.134156    0.126827    0.0248936    
0.0790464    0.133849    0.126846    0.0249502    0.0790464    0.133849    0.126846    0.0249502    
0.0789486    0.133544    0.126864    0.0250069    0.0789486    0.133544    0.126864    0.0250069    
0.0788531    0.133243    0.126883    0.0250626    0.0788531    0.133243    0.126883    0.0250626    
0.0787719    0.132909    0.126923    0.0251116    0.0787719    0.132909    0.126923    0.0251116    
0.0786825    0.132627    0.126936    0.0251664    0.0786825    0.132627    0.126936    0.0251664    
0.0785937    0.132354    0.126948    0.02522    0.0785937    0.132354    0.126948    0.02522    
0.0785085    0.132091    0.126958    0.0252719    0.0785085    0.132091    0.126958    0.0252719    
0.0784271    0.131843    0.126967    0.0253217    0.0784271    0.131843    0.126967    0.0253217    
0.0783512    0.131607    0.126976    0.025369    0.0783512    0.131607    0.126976    0.025369    
0.0782786    0.131382    0.126983    0.025414    0.0782786    0.131382    0.126983    0.025414    
0.0782932    0.130893    0.126999    0.0254755    0.0782932    0.130893    0.126999    0.0254755    
0.0782469    0.130713    0.126995    0.0255173    0.0782469    0.130713    0.126995    0.0255173    
0.0781871    0.130552    0.126999    0.0255523    0.0781871    0.130552    0.126999    0.0255523    
0.0781313    0.130407    0.127003    0.025584    0.0781313    0.130407    0.127003    0.025584    
0.0780817    0.130277    0.127007    0.0256123    0.0780817    0.130277    0.127007    0.0256123    
0.0779764    0.13038    0.127003    0.0256224    0.0779764    0.13038    0.127003    0.0256224    
0.0779266    0.130276    0.127012    0.0256418    0.0779266    0.130276    0.127012    0.0256418    
0.0778973    0.130185    0.127014    0.0256605    0.0778973    0.130185    0.127014    0.0256605    
0.0778748    0.130113    0.127015    0.0256759    0.0778748    0.130113    0.127015    0.0256759    
0.0778576    0.130058    0.127016    0.0256877    0.0778576    0.130058    0.127016    0.0256877    
0.0778458    0.130019    0.127016    0.0256961    0.0778458    0.130019    0.127016    0.0256961    
0.0778393    0.129997    0.127016    0.025701    0.0778393    0.129997    0.127016    0.025701    
0.0778378    0.129991    0.127015    0.0257027    0.0778378    0.129991    0.127015    0.0257027    
0.0778413    0.130001    0.127014    0.0257011    0.0778413    0.130001    0.127014    0.0257011    
0.0778495    0.130025    0.127012    0.0256965    0.0778495    0.130025    0.127012    0.0256965    
0.0778622    0.130063    0.127011    0.0256889    0.0778622    0.130063    0.127011    0.0256889    
0.0778792    0.130115    0.127009    0.0256785    0.0778792    0.130115    0.127009    0.0256785    
0.0779004    0.13018    0.127006    0.0256655    0.0779004    0.13018    0.127006    0.0256655    
0.0779253    0.130257    0.127003    0.0256501    0.0779253    0.130257    0.127003    0.0256501    
0.0779538    0.130344    0.127    0.0256323    0.0779538    0.130344    0.127    0.0256323    
0.0779856    0.130443    0.126997    0.0256125    0.0779856    0.130443    0.126997    0.0256125    
0.0780863    0.13032    0.127    0.0256066    0.0780863    0.13032    0.127    0.0256066    
0.0781426    0.130423    0.126989    0.025587    0.0781426    0.130423    0.126989    0.025587    
0.0781873    0.130536    0.126985    0.025563    0.0781873    0.130536    0.126985    0.025563    
0.0782328    0.130654    0.12698    0.0255378    0.0782328    0.130654    0.12698    0.0255378    
0.0782802    0.130778    0.126975    0.0255117    0.0782802    0.130778    0.126975    0.0255117    
0.0783292    0.130905    0.12697    0.0254848    0.0783292    0.130905    0.12697    0.0254848    
0.0782951    0.13133    0.126955    0.0254372    0.0782951    0.13133    0.126955    0.0254372    
0.0783222    0.131479    0.126959    0.0254045    0.0783222    0.131479    0.126959    0.0254045    
0.0783682    0.131624    0.126954    0.0253751    0.0783682    0.131624    0.126954    0.0253751    
0.078416    0.131771    0.126948    0.025346    0.078416    0.131771    0.126948    0.025346    
0.0784634    0.131918    0.126942    0.025317    0.0784634    0.131918    0.126942    0.025317    
0.0785109    0.132061    0.126937    0.0252883    0.0785109    0.132061    0.126937    0.0252883    
0.0785573    0.132203    0.126931    0.0252603    0.0785573    0.132203    0.126931    0.0252603    
0.0786026    0.132342    0.126925    0.0252329    0.0786026    0.132342    0.126925    0.0252329    
0.0786466    0.132478    0.12692    0.0252064    0.0786466    0.132478    0.12692    0.0252064    
0.078689    0.132608    0.126914    0.0251809    0.078689    0.132608    0.126914    0.0251809    
0.0787302    0.132732    0.126909    0.0251565    0.0787302    0.132732    0.126909    0.0251565    
0.0787688    0.13285    0.126904    0.0251334    0.0787688    0.13285    0.126904    0.0251334    
0.0788051    0.132962    0.126899    0.0251117    0.0788051    0.132962    0.126899    0.0251117    
0.0788388    0.133065    0.126894    0.0250915    0.0788388    0.133065    0.126894    0.0250915    
0.0788564    0.133202    0.126864    0.02508    0.0788564    0.133202    0.126864    0.02508    
0.0788809    0.13329    0.126858    0.0250636    0.0788809    0.13329    0.126858    0.0250636    
0.0789056    0.133369    0.126855    0.0250485    0.0789056    0.133369    0.126855    0.0250485    
0.0789274    0.13344    0.126849    0.0250358    0.0789274    0.13344    0.126849    0.0250358    
0.0789464    0.133501    0.126846    0.0250244    0.0789464    0.133501    0.126846    0.0250244    
0.0789624    0.133552    0.126844    0.0250146    0.0789624    0.133552    0.126844    0.0250146    
0.0789753    0.133593    0.126842    0.0250067    0.0789753    0.133593    0.126842    0.0250067    
0.0789851    0.133625    0.12684    0.0250006    0.0789851    0.133625    0.12684    0.0250006    
0.0789919    0.133647    0.12684    0.0249962    0.0789919    0.133647    0.12684    0.0249962    
0.0789956    0.133659    0.126839    0.0249936    0.0789956    0.133659    0.126839    0.0249936    
0.0789964    0.133663    0.12684    0.0249928    0.0789964    0.133663    0.12684    0.0249928    
0.0789944    0.133658    0.126841    0.0249935    0.0789944    0.133658    0.126841    0.0249935    
0.0789897    0.133644    0.126842    0.0249959    0.0789897    0.133644    0.126842    0.0249959    
0.0789824    0.133622    0.126844    0.0249998    0.0789824    0.133622    0.126844    0.0249998    
0.0789726    0.133592    0.126846    0.0250051    0.0789726    0.133592    0.126846    0.0250051    
0.0789606    0.133555    0.126848    0.0250118    0.0789606    0.133555    0.126848    0.0250118    
0.0789464    0.133511    0.126851    0.0250197    0.0789464    0.133511    0.126851    0.0250197    
0.0789303    0.133462    0.126855    0.0250288    0.0789303    0.133462    0.126855    0.0250288    
0.0789124    0.133406    0.126858    0.025039    0.0789124    0.133406    0.126858    0.025039    
0.0788936    0.133346    0.126864    0.0250495    0.0788936    0.133346    0.126864    0.0250495    
0.0788729    0.133281    0.126867    0.0250614    0.0788729    0.133281    0.126867    0.0250614    
0.078851    0.133213    0.126872    0.0250741    0.078851    0.133213    0.126872    0.0250741    
0.0788282    0.133142    0.126876    0.0250874    0.0788282    0.133142    0.126876    0.0250874    
0.0788178    0.133028    0.126905    0.0250943    0.0788178    0.133028    0.126905    0.0250943    
0.0787968    0.132954    0.12691    0.0251083    0.0787968    0.132954    0.12691    0.0251083    
0.0787722    0.132879    0.126913    0.0251229    0.0787722    0.132879    0.126913    0.0251229    
0.0787471    0.132802    0.126917    0.0251376    0.0787471    0.132802    0.126917    0.0251376    
0.0787221    0.132726    0.12692    0.0251524    0.0787221    0.132726    0.12692    0.0251524    
0.0786966    0.13265    0.126924    0.0251672    0.0786966    0.13265    0.126924    0.0251672    
0.0786721    0.132576    0.126927    0.0251818    0.0786721    0.132576    0.126927    0.0251818    
0.0786482    0.132502    0.12693    0.0251962    0.0786482    0.132502    0.12693    0.0251962    
0.0786249    0.132431    0.126933    0.0252102    0.0786249    0.132431    0.126933    0.0252102    
0.0786024    0.132361    0.126936    0.0252238    0.0786024    0.132361    0.126936    0.0252238    
0.0785808    0.132295    0.126939    0.0252369    0.0785808    0.132295    0.126939    0.0252369    
0.0785603    0.132232    0.126941    0.0252494    0.0785603    0.132232    0.126941    0.0252494    
0.0785409    0.132172    0.126944    0.0252613    0.0785409    0.132172    0.126944    0.0252613    
0.0785227    0.132115    0.126946    0.0252724    0.0785227    0.132115    0.126946    0.0252724    
0.0785057    0.132063    0.126948    0.0252829    0.0785057    0.132063    0.126948    0.0252829    
0.0784902    0.132015    0.12695    0.0252925    0.0784902    0.132015    0.12695    0.0252925    
0.0784756    0.131972    0.126951    0.0253013    0.0784756    0.131972    0.126951    0.0253013    
0.0784627    0.131933    0.126952    0.0253093    0.0784627    0.131933    0.126952    0.0253093    
0.0784515    0.131898    0.126953    0.0253163    0.0784515    0.131898    0.126953    0.0253163    
0.0784418    0.131867    0.126954    0.0253224    0.0784418    0.131867    0.126954    0.0253224    
0.0784336    0.131842    0.126955    0.0253276    0.0784336    0.131842    0.126955    0.0253276    
0.0784269    0.131821    0.126956    0.0253319    0.0784269    0.131821    0.126956    0.0253319    
0.0784217    0.131804    0.126956    0.0253353    0.0784217    0.131804    0.126956    0.0253353    
0.078418    0.131792    0.126956    0.0253377    0.078418    0.131792    0.126956    0.0253377    
0.0784157    0.131785    0.126956    0.0253393    0.0784157    0.131785    0.126956    0.0253393    
0.0784149    0.131782    0.126956    0.02534    0.0784149    0.131782    0.126956    0.02534    
0.0784154    0.131783    0.126956    0.0253399    0.0784154    0.131783    0.126956    0.0253399    
0.0784173    0.131789    0.126955    0.0253389    0.0784173    0.131789    0.126955    0.0253389    
0.0784205    0.131798    0.126955    0.0253372    0.0784205    0.131798    0.126955    0.0253372    
0.0784248    0.131811    0.126954    0.0253347    0.0784248    0.131811    0.126954    0.0253347    
0.0784303    0.131828    0.126953    0.0253315    0.0784303    0.131828    0.126953    0.0253315    
0.0784368    0.131847    0.126952    0.0253277    0.0784368    0.131847    0.126952    0.0253277    
0.0784443    0.13187    0.126951    0.0253232    0.0784443    0.13187    0.126951    0.0253232    
0.0784527    0.131896    0.12695    0.0253182    0.0784527    0.131896    0.12695    0.0253182    
0.0784618    0.131924    0.126949    0.0253128    0.0784618    0.131924    0.126949    0.0253128    
0.0784717    0.131954    0.126947    0.0253069    0.0784717    0.131954    0.126947    0.0253069    
0.0784823    0.131986    0.126946    0.0253005    0.0784823    0.131986    0.126946    0.0253005    
0.0784938    0.132018    0.126945    0.0252938    0.0784938    0.132018    0.126945    0.0252938    
0.0785055    0.132054    0.126943    0.0252869    0.0785055    0.132054    0.126943    0.0252869    
0.0785174    0.13209    0.126942    0.0252798    0.0785174    0.13209    0.126942    0.0252798    
0.0785295    0.132128    0.12694    0.0252724    0.0785295    0.132128    0.12694    0.0252724    
0.0785419    0.132166    0.126939    0.025265    0.0785419    0.132166    0.126939    0.025265    
0.0785543    0.132204    0.126937    0.0252575    0.0785543    0.132204    0.126937    0.0252575    
0.0785668    0.132242    0.126935    0.02525    0.0785668    0.132242    0.126935    0.02525    
0.0785792    0.13228    0.126934    0.0252425    0.0785792    0.13228    0.126934    0.0252425    
0.0785914    0.132318    0.126932    0.0252352    0.0785914    0.132318    0.126932    0.0252352    
0.0786034    0.132354    0.12693    0.0252279    0.0786034    0.132354    0.12693    0.0252279    
0.078615    0.13239    0.126929    0.0252209    0.078615    0.13239    0.126929    0.0252209    
0.0786263    0.132425    0.126927    0.0252141    0.0786263    0.132425    0.126927    0.0252141    
0.0786372    0.132458    0.126926    0.0252075    0.0786372    0.132458    0.126926    0.0252075    
0.0786475    0.13249    0.126925    0.0252013    0.0786475    0.13249    0.126925    0.0252013    
0.0786573    0.13252    0.126924    0.0251953    0.0786573    0.13252    0.126924    0.0251953    
0.0786665    0.132549    0.126922    0.0251898    0.0786665    0.132549    0.126922    0.0251898    
0.078675    0.132575    0.126921    0.0251846    0.078675    0.132575    0.126921    0.0251846    
0.0786828    0.132599    0.12692    0.0251799    0.0786828    0.132599    0.12692    0.0251799    
0.0786899    0.132621    0.126919    0.0251755    0.0786899    0.132621    0.126919    0.0251755    
0.0786963    0.132641    0.126919    0.0251716    0.0786963    0.132641    0.126919    0.0251716    
0.0787019    0.132658    0.126918    0.0251682    0.0787019    0.132658    0.126918    0.0251682    
0.0787067    0.132673    0.126917    0.0251652    0.0787067    0.132673    0.126917    0.0251652    
0.0787107    0.132686    0.126917    0.0251627    0.0787107    0.132686    0.126917    0.0251627    
0.078714    0.132696    0.126917    0.0251607    0.078714    0.132696    0.126917    0.0251607    
0.0787165    0.132703    0.126916    0.0251591    0.0787165    0.132703    0.126916    0.0251591    
0.0787181    0.132709    0.126916    0.025158    0.0787181    0.132709    0.126916    0.025158    
0.0787191    0.132712    0.126916    0.0251574    0.0787191    0.132712    0.126916    0.0251574    
0.0787193    0.132713    0.126916    0.0251571    0.0787193    0.132713    0.126916    0.0251571    
0.0787187    0.132711    0.126917    0.0251574    0.0787187    0.132711    0.126917    0.0251574    
0.0787175    0.132708    0.126917    0.025158    0.0787175    0.132708    0.126917    0.025158    
0.0787156    0.132702    0.126917    0.025159    0.0787156    0.132702    0.126917    0.025159    
0.0787132    0.132695    0.126918    0.0251604    0.0787132    0.132695    0.126918    0.0251604    
0.0787101    0.132686    0.126918    0.0251621    0.0787101    0.132686    0.126918    0.0251621    
0.0787065    0.132675    0.126919    0.0251642    0.0787065    0.132675    0.126919    0.0251642    
0.0787024    0.132662    0.12692    0.0251666    0.0787024    0.132662    0.12692    0.0251666    
0.0786978    0.132649    0.12692    0.0251692    0.0786978    0.132649    0.12692    0.0251692    
0.0786929    0.132633    0.126921    0.0251721    0.0786929    0.132633    0.126921    0.0251721    
0.0786876    0.132617    0.126922    0.0251752    0.0786876    0.132617    0.126922    0.0251752    
0.078682    0.1326    0.126923    0.0251785    0.078682    0.1326    0.126923    0.0251785    
0.0786761    0.132582    0.126923    0.025182    0.0786761    0.132582    0.126923    0.025182    
0.0786701    0.132564    0.126924    0.0251856    0.0786701    0.132564    0.126924    0.0251856    
0.0786639    0.132545    0.126925    0.0251893    0.0786639    0.132545    0.126925    0.0251893    
0.0786575    0.132526    0.126926    0.025193    0.0786575    0.132526    0.126926    0.025193    
0.0786512    0.132506    0.126927    0.0251968    0.0786512    0.132506    0.126927    0.0251968    
0.0786448    0.132487    0.126928    0.0252006    0.0786448    0.132487    0.126928    0.0252006    
0.0786384    0.132467    0.126929    0.0252044    0.0786384    0.132467    0.126929    0.0252044    
0.0786321    0.132448    0.12693    0.0252082    0.0786321    0.132448    0.12693    0.0252082    
0.078626    0.132429    0.12693    0.0252119    0.078626    0.132429    0.12693    0.0252119    
0.0786199    0.13241    0.126931    0.0252155    0.0786199    0.13241    0.126931    0.0252155    
0.0786141    0.132392    0.126932    0.0252191    0.0786141    0.132392    0.126932    0.0252191    
0.0786085    0.132375    0.126933    0.0252225    0.0786085    0.132375    0.126933    0.0252225    
0.0786032    0.132359    0.126933    0.0252257    0.0786032    0.132359    0.126933    0.0252257    
0.0785981    0.132343    0.126934    0.0252288    0.0785981    0.132343    0.126934    0.0252288    
0.0785933    0.132328    0.126934    0.0252317    0.0785933    0.132328    0.126934    0.0252317    
0.0785889    0.132315    0.126935    0.0252344    0.0785889    0.132315    0.126935    0.0252344    
0.0785848    0.132302    0.126936    0.0252369    0.0785848    0.132302    0.126936    0.0252369    
0.078581    0.13229    0.126936    0.0252392    0.078581    0.13229    0.126936    0.0252392    
0.0785777    0.13228    0.126936    0.0252413    0.0785777    0.13228    0.126936    0.0252413    
0.0785747    0.132271    0.126937    0.0252431    0.0785747    0.132271    0.126937    0.0252431    
0.0785721    0.132263    0.126937    0.0252447    0.0785721    0.132263    0.126937    0.0252447    
0.0785699    0.132256    0.126937    0.0252461    0.0785699    0.132256    0.126937    0.0252461    
0.0785681    0.13225    0.126937    0.0252472    0.0785681    0.13225    0.126937    0.0252472    
0.0785667    0.132246    0.126937    0.0252481    0.0785667    0.132246    0.126937    0.0252481    
0.0785657    0.132243    0.126938    0.0252488    0.0785657    0.132243    0.126938    0.0252488    
0.0785651    0.13224    0.126938    0.0252492    0.0785651    0.13224    0.126938    0.0252492    
0.0785648    0.13224    0.126938    0.0252495    0.0785648    0.13224    0.126938    0.0252495    
0.0785649    0.13224    0.126937    0.0252494    0.0785649    0.13224    0.126937    0.0252494    
0.0785654    0.132241    0.126937    0.0252492    0.0785654    0.132241    0.126937    0.0252492    
0.0785661    0.132243    0.126937    0.0252488    0.0785661    0.132243    0.126937    0.0252488    
0.0785672    0.132247    0.126937    0.0252482    0.0785672    0.132247    0.126937    0.0252482    
0.0785687    0.132251    0.126937    0.0252474    0.0785687    0.132251    0.126937    0.0252474    
0.0785703    0.132256    0.126937    0.0252464    0.0785703    0.132256    0.126937    0.0252464    
0.0785723    0.132262    0.126936    0.0252453    0.0785723    0.132262    0.126936    0.0252453    
0.0785745    0.132268    0.126936    0.025244    0.0785745    0.132268    0.126936    0.025244    
0.0785768    0.132276    0.126936    0.0252426    0.0785768    0.132276    0.126936    0.0252426    
0.0785794    0.132284    0.126935    0.025241    0.0785794    0.132284    0.126935    0.025241    
0.0785822    0.132292    0.126935    0.0252394    0.0785822    0.132292    0.126935    0.0252394    
0.0785851    0.132301    0.126934    0.0252377    0.0785851    0.132301    0.126934    0.0252377    
0.0785881    0.13231    0.126934    0.0252359    0.0785881    0.13231    0.126934    0.0252359    
0.0785912    0.13232    0.126934    0.025234    0.0785912    0.13232    0.126934    0.025234    
0.0785943    0.132329    0.126933    0.0252322    0.0785943    0.132329    0.126933    0.0252322    
0.0785976    0.132339    0.126933    0.0252302    0.0785976    0.132339    0.126933    0.0252302    
0.0786008    0.132349    0.126932    0.0252283    0.0786008    0.132349    0.126932    0.0252283    
0.078604    0.132359    0.126932    0.0252263    0.078604    0.132359    0.126932    0.0252263    
0.0786072    0.132369    0.126931    0.0252244    0.0786072    0.132369    0.126931    0.0252244    
0.0786104    0.132378    0.126931    0.0252225    0.0786104    0.132378    0.126931    0.0252225    
0.0786135    0.132388    0.126931    0.0252206    0.0786135    0.132388    0.126931    0.0252206    
0.0786165    0.132397    0.12693    0.0252188    0.0786165    0.132397    0.12693    0.0252188    
0.0786194    0.132406    0.12693    0.0252171    0.0786194    0.132406    0.12693    0.0252171    
0.0786222    0.132415    0.126929    0.0252154    0.0786222    0.132415    0.126929    0.0252154    
0.0786249    0.132423    0.126929    0.0252138    0.0786249    0.132423    0.126929    0.0252138    
0.0786274    0.132431    0.126929    0.0252122    0.0786274    0.132431    0.126929    0.0252122    
0.0786298    0.132438    0.126928    0.0252108    0.0786298    0.132438    0.126928    0.0252108    
0.0786319    0.132445    0.126928    0.0252095    0.0786319    0.132445    0.126928    0.0252095    
0.078634    0.132451    0.126928    0.0252082    0.078634    0.132451    0.126928    0.0252082    
0.0786358    0.132457    0.126928    0.0252071    0.0786358    0.132457    0.126928    0.0252071    
0.0786374    0.132462    0.126928    0.0252061    0.0786374    0.132462    0.126928    0.0252061    
0.0786387    0.132466    0.126927    0.0252053    0.0786387    0.132466    0.126927    0.0252053    
0.0786399    0.13247    0.126927    0.0252046    0.0786399    0.13247    0.126927    0.0252046    
0.0786409    0.132473    0.126927    0.025204    0.0786409    0.132473    0.126927    0.025204    
0.0786416    0.132475    0.126927    0.0252035    0.0786416    0.132475    0.126927    0.0252035    
0.0786422    0.132477    0.126927    0.0252031    0.0786422    0.132477    0.126927    0.0252031    
0.0786426    0.132478    0.126927    0.0252029    0.0786426    0.132478    0.126927    0.0252029    
0.0786428    0.132479    0.126927    0.0252027    0.0786428    0.132479    0.126927    0.0252027    
0.0786428    0.132479    0.126927    0.0252027    0.0786428    0.132479    0.126927    0.0252027    
0.0786426    0.132478    0.126927    0.0252028    0.0786426    0.132478    0.126927    0.0252028    
0.0786422    0.132477    0.126927    0.025203    0.0786422    0.132477    0.126927    0.025203    
0.0786417    0.132475    0.126927    0.0252033    0.0786417    0.132475    0.126927    0.0252033    
0.078641    0.132473    0.126927    0.0252036    0.078641    0.132473    0.126927    0.0252036    
0.0786402    0.132471    0.126928    0.0252041    0.0786402    0.132471    0.126928    0.0252041    
0.0786393    0.132468    0.126928    0.0252047    0.0786393    0.132468    0.126928    0.0252047    
0.0786382    0.132465    0.126928    0.0252053    0.0786382    0.132465    0.126928    0.0252053    
0.078637    0.132461    0.126928    0.025206    0.078637    0.132461    0.126928    0.025206    
0.0786358    0.132458    0.126928    0.0252067    0.0786358    0.132458    0.126928    0.0252067    
0.0786344    0.132453    0.126928    0.0252075    0.0786344    0.132453    0.126928    0.0252075    
0.078633    0.132449    0.126929    0.0252084    0.078633    0.132449    0.126929    0.0252084    
0.0786315    0.132444    0.126929    0.0252092    0.0786315    0.132444    0.126929    0.0252092    
0.0786299    0.13244    0.126929    0.0252102    0.0786299    0.13244    0.126929    0.0252102    
0.0786284    0.132435    0.126929    0.0252111    0.0786284    0.132435    0.126929    0.0252111    
0.0786268    0.13243    0.12693    0.0252121    0.0786268    0.13243    0.12693    0.0252121    
0.0786251    0.132425    0.12693    0.025213    0.0786251    0.132425    0.12693    0.025213    
0.0786235    0.13242    0.12693    0.025214    0.0786235    0.13242    0.12693    0.025214    
0.0786219    0.132415    0.12693    0.025215    0.0786219    0.132415    0.12693    0.025215    
0.0786203    0.13241    0.12693    0.0252159    0.0786203    0.13241    0.12693    0.0252159    
0.0786188    0.132406    0.126931    0.0252168    0.0786188    0.132406    0.126931    0.0252168    
0.0786173    0.132401    0.126931    0.0252178    0.0786173    0.132401    0.126931    0.0252178    
0.0786158    0.132396    0.126931    0.0252186    0.0786158    0.132396    0.126931    0.0252186    
0.0786144    0.132392    0.126931    0.0252195    0.0786144    0.132392    0.126931    0.0252195    
0.078613    0.132388    0.126931    0.0252203    0.078613    0.132388    0.126931    0.0252203    
0.0786118    0.132384    0.126931    0.0252211    0.0786118    0.132384    0.126931    0.0252211    
0.0786106    0.13238    0.126932    0.0252218    0.0786106    0.13238    0.126932    0.0252218    
0.0786095    0.132377    0.126932    0.0252225    0.0786095    0.132377    0.126932    0.0252225    
0.0786084    0.132374    0.126932    0.0252231    0.0786084    0.132374    0.126932    0.0252231    
0.0786075    0.132371    0.126932    0.0252237    0.0786075    0.132371    0.126932    0.0252237    
0.0786067    0.132368    0.126932    0.0252242    0.0786067    0.132368    0.126932    0.0252242    
0.0786059    0.132366    0.126932    0.0252247    0.0786059    0.132366    0.126932    0.0252247    
0.0786053    0.132364    0.126932    0.025225    0.0786053    0.132364    0.126932    0.025225    
0.0786048    0.132362    0.126932    0.0252254    0.0786048    0.132362    0.126932    0.0252254    
0.0786043    0.132361    0.126932    0.0252257    0.0786043    0.132361    0.126932    0.0252257    
0.078604    0.13236    0.126932    0.0252259    0.078604    0.13236    0.126932    0.0252259    
0.0786038    0.132359    0.126932    0.025226    0.0786038    0.132359    0.126932    0.025226    
0.0786036    0.132359    0.126932    0.0252261    0.0786036    0.132359    0.126932    0.0252261    
0.0786036    0.132359    0.126932    0.0252262    0.0786036    0.132359    0.126932    0.0252262    
0.0786036    0.132359    0.126932    0.0252261    0.0786036    0.132359    0.126932    0.0252261    
0.0786038    0.132359    0.126932    0.0252261    0.0786038    0.132359    0.126932    0.0252261    
0.078604    0.13236    0.126932    0.025226    0.078604    0.13236    0.126932    0.025226    
0.0786043    0.132361    0.126932    0.0252258    0.0786043    0.132361    0.126932    0.0252258    
0.0786047    0.132362    0.126932    0.0252256    0.0786047    0.132362    0.126932    0.0252256    
0.0786051    0.132363    0.126932    0.0252253    0.0786051    0.132363    0.126932    0.0252253    
0.0786056    0.132365    0.126932    0.025225    0.0786056    0.132365    0.126932    0.025225    
0.0786062    0.132366    0.126932    0.0252247    0.0786062    0.132366    0.126932    0.0252247    
0.0786068    0.132368    0.126932    0.0252243    0.0786068    0.132368    0.126932    0.0252243    
0.0786075    0.13237    0.126932    0.0252239    0.0786075    0.13237    0.126932    0.0252239    
0.0786082    0.132372    0.126932    0.0252235    0.0786082    0.132372    0.126932    0.0252235    
0.0786089    0.132375    0.126932    0.0252231    0.0786089    0.132375    0.126932    0.0252231    
0.0786097    0.132377    0.126931    0.0252226    0.0786097    0.132377    0.126931    0.0252226    
0.0786105    0.132379    0.126931    0.0252221    0.0786105    0.132379    0.126931    0.0252221    
0.0786113    0.132382    0.126931    0.0252216    0.0786113    0.132382    0.126931    0.0252216    
0.0786121    0.132384    0.126931    0.0252212    0.0786121    0.132384    0.126931    0.0252212    
0.078613    0.132387    0.126931    0.0252207    0.078613    0.132387    0.126931    0.0252207    
0.0786138    0.132389    0.126931    0.0252202    0.0786138    0.132389    0.126931    0.0252202    
0.0786146    0.132392    0.126931    0.0252197    0.0786146    0.132392    0.126931    0.0252197    
0.0786154    0.132394    0.126931    0.0252192    0.0786154    0.132394    0.126931    0.0252192    
0.0786162    0.132397    0.126931    0.0252187    0.0786162    0.132397    0.126931    0.0252187    
0.0786169    0.132399    0.12693    0.0252183    0.0786169    0.132399    0.12693    0.0252183    
0.0786177    0.132401    0.12693    0.0252178    0.0786177    0.132401    0.12693    0.0252178    
0.0786184    0.132404    0.12693    0.0252174    0.0786184    0.132404    0.12693    0.0252174    
0.078619    0.132406    0.12693    0.025217    0.078619    0.132406    0.12693    0.025217    
0.0786197    0.132408    0.12693    0.0252166    0.0786197    0.132408    0.12693    0.0252166    
0.0786202    0.132409    0.12693    0.0252163    0.0786202    0.132409    0.12693    0.0252163    
0.0786208    0.132411    0.12693    0.0252159    0.0786208    0.132411    0.12693    0.0252159    
0.0786213    0.132413    0.12693    0.0252156    0.0786213    0.132413    0.12693    0.0252156    
0.0786217    0.132414    0.12693    0.0252153    0.0786217    0.132414    0.12693    0.0252153    
0.0786221    0.132415    0.12693    0.0252151    0.0786221    0.132415    0.12693    0.0252151    
0.0786225    0.132416    0.12693    0.0252149    0.0786225    0.132416    0.12693    0.0252149    
0.0786228    0.132417    0.12693    0.0252147    0.0786228    0.132417    0.12693    0.0252147    
0.078623    0.132418    0.12693    0.0252145    0.078623    0.132418    0.12693    0.0252145    
0.0786232    0.132419    0.12693    0.0252144    0.0786232    0.132419    0.12693    0.0252144    
0.0786234    0.132419    0.12693    0.0252143    0.0786234    0.132419    0.12693    0.0252143    
0.0786235    0.132419    0.12693    0.0252143    0.0786235    0.132419    0.12693    0.0252143    
0.0786235    0.13242    0.12693    0.0252142    0.0786235    0.13242    0.12693    0.0252142    
0.0786235    0.13242    0.12693    0.0252142    0.0786235    0.13242    0.12693    0.0252142    
0.0786235    0.132419    0.12693    0.0252142    0.0786235    0.132419    0.12693    0.0252142    
0.0786234    0.132419    0.12693    0.0252143    0.0786234    0.132419    0.12693    0.0252143    
0.0786232    0.132419    0.12693    0.0252144    0.0786232    0.132419    0.12693    0.0252144    
0.0786231    0.132418    0.12693    0.0252145    0.0786231    0.132418    0.12693    0.0252145    
0.0786229    0.132418    0.12693    0.0252146    0.0786229    0.132418    0.12693    0.0252146    
0.0786226    0.132417    0.12693    0.0252147    0.0786226    0.132417    0.12693    0.0252147    
0.0786223    0.132416    0.12693    0.0252149    0.0786223    0.132416    0.12693    0.0252149    
0.078622    0.132415    0.12693    0.0252151    0.078622    0.132415    0.12693    0.0252151    
0.0786217    0.132414    0.12693    0.0252153    0.0786217    0.132414    0.12693    0.0252153    
0.0786214    0.132413    0.12693    0.0252155    0.0786214    0.132413    0.12693    0.0252155    
0.078621    0.132412    0.12693    0.0252157    0.078621    0.132412    0.12693    0.0252157    
0.0786206    0.132411    0.12693    0.0252159    0.0786206    0.132411    0.12693    0.0252159    
0.0786202    0.13241    0.12693    0.0252161    0.0786202    0.13241    0.12693    0.0252161    
0.0786198    0.132408    0.12693    0.0252164    0.0786198    0.132408    0.12693    0.0252164    
0.0786194    0.132407    0.12693    0.0252166    0.0786194    0.132407    0.12693    0.0252166    
0.078619    0.132406    0.12693    0.0252169    0.078619    0.132406    0.12693    0.0252169    
0.0786188    0.132405    0.12693    0.025217    0.0786188    0.132405    0.12693    0.025217    
0.0786186    0.132405    0.12693    0.0252171    0.0786186    0.132405    0.12693    0.0252171    
0.0786183    0.132404    0.12693    0.0252173    0.0786183    0.132404    0.12693    0.0252173    
0.0786181    0.132403    0.12693    0.0252174    0.0786181    0.132403    0.12693    0.0252174    
0.0786178    0.132402    0.12693    0.0252176    0.0786178    0.132402    0.12693    0.0252176    
0.0786176    0.132401    0.126931    0.0252177    0.0786176    0.132401    0.126931    0.0252177    
0.0786173    0.132401    0.126931    0.0252179    0.0786173    0.132401    0.126931    0.0252179    
0.0786171    0.1324    0.126931    0.025218    0.0786171    0.1324    0.126931    0.025218    
0.0786169    0.132399    0.126931    0.0252182    0.0786169    0.132399    0.126931    0.0252182    
0.0786166    0.132399    0.126931    0.0252183    0.0786166    0.132399    0.126931    0.0252183    
0.0786164    0.132398    0.126931    0.0252184    0.0786164    0.132398    0.126931    0.0252184    
0.0786162    0.132397    0.126931    0.0252186    0.0786162    0.132397    0.126931    0.0252186    
0.078616    0.132397    0.126931    0.0252187    0.078616    0.132397    0.126931    0.0252187    
0.0786158    0.132396    0.126931    0.0252188    0.0786158    0.132396    0.126931    0.0252188    
0.0786157    0.132396    0.126931    0.0252189    0.0786157    0.132396    0.126931    0.0252189    
0.0786155    0.132395    0.126931    0.025219    0.0786155    0.132395    0.126931    0.025219    
0.0786154    0.132395    0.126931    0.0252191    0.0786154    0.132395    0.126931    0.0252191    
0.0786152    0.132394    0.126931    0.0252192    0.0786152    0.132394    0.126931    0.0252192    
0.0786151    0.132394    0.126931    0.0252192    0.0786151    0.132394    0.126931    0.0252192    
0.078615    0.132394    0.126931    0.0252193    0.078615    0.132394    0.126931    0.0252193    
0.0786149    0.132393    0.126931    0.0252193    0.0786149    0.132393    0.126931    0.0252193    
0.0786149    0.132393    0.126931    0.0252194    0.0786149    0.132393    0.126931    0.0252194    
0.0786148    0.132393    0.126931    0.0252194    0.0786148    0.132393    0.126931    0.0252194    
0.0786148    0.132393    0.126931    0.0252194    0.0786148    0.132393    0.126931    0.0252194    
0.0786148    0.132393    0.126931    0.0252195    0.0786148    0.132393    0.126931    0.0252195    
0.0786148    0.132393    0.126931    0.0252195    0.0786148    0.132393    0.126931    0.0252195    
0.0786148    0.132393    0.126931    0.0252195    0.0786148    0.132393    0.126931    0.0252195    
0.0786148    0.132393    0.126931    0.0252195    0.0786148    0.132393    0.126931    0.0252195    
0.0786148    0.132393    0.126931    0.0252194    0.0786148    0.132393    0.126931    0.0252194    
0.0786149    0.132393    0.126931    0.0252194    0.0786149    0.132393    0.126931    0.0252194    
0.0786149    0.132393    0.126931    0.0252194    0.0786149    0.132393    0.126931    0.0252194    
0.078615    0.132393    0.126931    0.0252193    0.078615    0.132393    0.126931    0.0252193    
0.0786151    0.132394    0.126931    0.0252193    0.0786151    0.132394    0.126931    0.0252193    
0.0786152    0.132394    0.126931    0.0252192    0.0786152    0.132394    0.126931    0.0252192    
0.0786153    0.132394    0.126931    0.0252192    0.0786153    0.132394    0.126931    0.0252192    
0.0786154    0.132395    0.126931    0.0252191    0.0786154    0.132395    0.126931    0.0252191    
0.0786155    0.132395    0.126931    0.0252191    0.0786155    0.132395    0.126931    0.0252191    
0.0786156    0.132395    0.126931    0.025219    0.0786156    0.132395    0.126931    0.025219    
0.0786157    0.132396    0.126931    0.0252189    0.0786157    0.132396    0.126931    0.0252189    
0.0786158    0.132396    0.126931    0.0252188    0.0786158    0.132396    0.126931    0.0252188    
0.078616    0.132396    0.126931    0.0252188    0.078616    0.132396    0.126931    0.0252188    
0.0786161    0.132397    0.126931    0.0252187    0.0786161    0.132397    0.126931    0.0252187    
0.0786162    0.132397    0.126931    0.0252186    0.0786162    0.132397    0.126931    0.0252186    
0.0786163    0.132398    0.126931    0.0252185    0.0786163    0.132398    0.126931    0.0252185    
0.0786165    0.132398    0.126931    0.0252185    0.0786165    0.132398    0.126931    0.0252185    
0.0786166    0.132398    0.126931    0.0252184    0.0786166    0.132398    0.126931    0.0252184    
0.0786167    0.132399    0.126931    0.0252183    0.0786167    0.132399    0.126931    0.0252183    
0.0786168    0.132399    0.126931    0.0252182    0.0786168    0.132399    0.126931    0.0252182    
0.0786169    0.132399    0.126931    0.0252182    0.0786169    0.132399    0.126931    0.0252182    
0.078617    0.1324    0.126931    0.0252181    0.078617    0.1324    0.126931    0.0252181    
0.0786171    0.1324    0.126931    0.025218    0.0786171    0.1324    0.126931    0.025218    
0.0786172    0.1324    0.126931    0.025218    0.0786172    0.1324    0.126931    0.025218    
0.0786173    0.132401    0.126931    0.0252179    0.0786173    0.132401    0.126931    0.0252179    
0.0786174    0.132401    0.12693    0.0252179    0.0786174    0.132401    0.12693    0.0252179    
0.0786175    0.132401    0.12693    0.0252178    0.0786175    0.132401    0.12693    0.0252178    
0.0786176    0.132401    0.12693    0.0252178    0.0786176    0.132401    0.12693    0.0252178    
0.0786176    0.132402    0.12693    0.0252178    0.0786176    0.132402    0.12693    0.0252178    
0.0786177    0.132402    0.12693    0.0252177    0.0786177    0.132402    0.12693    0.0252177    
0.0786177    0.132402    0.12693    0.0252177    0.0786177    0.132402    0.12693    0.0252177    
0.0786178    0.132402    0.12693    0.0252177    0.0786178    0.132402    0.12693    0.0252177    
0.0786178    0.132402    0.12693    0.0252177    0.0786178    0.132402    0.12693    0.0252177    
0.0786178    0.132402    0.12693    0.0252176    0.0786178    0.132402    0.12693    0.0252176    
0.0786178    0.132402    0.12693    0.0252176    0.0786178    0.132402    0.12693    0.0252176    
0.0786178    0.132402    0.12693    0.0252176    0.0786178    0.132402    0.12693    0.0252176    
0.0786178    0.132402    0.12693    0.0252176    0.0786178    0.132402    0.12693    0.0252176    
0.0786178    0.132402    0.12693    0.0252176    0.0786178    0.132402    0.12693    0.0252176    
0.0786178    0.132402    0.12693    0.0252176    0.0786178    0.132402    0.12693    0.0252176    
0.0786178    0.132402    0.12693    0.0252176    0.0786178    0.132402    0.12693    0.0252176    
0.0786178    0.132402    0.12693    0.0252177    0.0786178    0.132402    0.12693    0.0252177    
0.0786177    0.132402    0.12693    0.0252177    0.0786177    0.132402    0.12693    0.0252177    
0.0786177    0.132402    0.12693    0.0252177    0.0786177    0.132402    0.12693    0.0252177    
0.0786177    0.132402    0.12693    0.0252177    0.0786177    0.132402    0.12693    0.0252177    
0.0786176    0.132401    0.12693    0.0252178    0.0786176    0.132401    0.12693    0.0252178    
0.0786176    0.132401    0.12693    0.0252178    0.0786176    0.132401    0.12693    0.0252178    
0.0786175    0.132401    0.126931    0.0252178    0.0786175    0.132401    0.126931    0.0252178    
0.0786174    0.132401    0.126931    0.0252178    0.0786174    0.132401    0.126931    0.0252178    
0.0786174    0.132401    0.126931    0.0252179    0.0786174    0.132401    0.126931    0.0252179    
0.0786173    0.132401    0.126931    0.0252179    0.0786173    0.132401    0.126931    0.0252179    
0.0786173    0.1324    0.126931    0.025218    0.0786173    0.1324    0.126931    0.025218    
0.0786172    0.1324    0.126931    0.025218    0.0786172    0.1324    0.126931    0.025218    
0.0786171    0.1324    0.126931    0.025218    0.0786171    0.1324    0.126931    0.025218    
0.0786171    0.1324    0.126931    0.0252181    0.0786171    0.1324    0.126931    0.0252181    
0.078617    0.1324    0.126931    0.0252181    0.078617    0.1324    0.126931    0.0252181    
0.0786169    0.132399    0.126931    0.0252182    0.0786169    0.132399    0.126931    0.0252182    
0.0786169    0.132399    0.126931    0.0252182    0.0786169    0.132399    0.126931    0.0252182    
0.0786168    0.132399    0.126931    0.0252182    0.0786168    0.132399    0.126931    0.0252182    
0.0786168    0.132399    0.126931    0.0252183    0.0786168    0.132399    0.126931    0.0252183    
0.0786167    0.132399    0.126931    0.0252183    0.0786167    0.132399    0.126931    0.0252183    
0.0786166    0.132399    0.126931    0.0252183    0.0786166    0.132399    0.126931    0.0252183    
0.0786166    0.132398    0.126931    0.0252184    0.0786166    0.132398    0.126931    0.0252184    
0.0786165    0.132398    0.126931    0.0252184    0.0786165    0.132398    0.126931    0.0252184    
0.0786165    0.132398    0.126931    0.0252184    0.0786165    0.132398    0.126931    0.0252184    
0.0786165    0.132398    0.126931    0.0252184    0.0786165    0.132398    0.126931    0.0252184    
0.0786164    0.132398    0.126931    0.0252185    0.0786164    0.132398    0.126931    0.0252185    
0.0786164    0.132398    0.126931    0.0252185    0.0786164    0.132398    0.126931    0.0252185    
0.0786164    0.132398    0.126931    0.0252185    0.0786164    0.132398    0.126931    0.0252185    
0.0786163    0.132398    0.126931    0.0252185    0.0786163    0.132398    0.126931    0.0252185    
0.0786163    0.132398    0.126931    0.0252185    0.0786163    0.132398    0.126931    0.0252185    
0.0786163    0.132397    0.126931    0.0252185    0.0786163    0.132397    0.126931    0.0252185    
