0.0861101    0.147434    0.113664    0.0273239    0.0861101    0.147434    0.113664    0.0273239    
0.0845419    0.147729    0.121739    0.0239946    0.0845419    0.147729    0.121739    0.0239946    
0.0841956    0.147149    0.122163    0.0239093    0.0841956    0.147149    0.122163    0.0239093    
0.0840332    0.146719    0.122134    0.0240138    0.0840332    0.146719    0.122134    0.0240138    
0.0837676    0.146071    0.122188    0.0241179    0.0837676    0.146071    0.122188    0.0241179    
0.0834608    0.145317    0.122259    0.0242383    0.0834608    0.145317    0.122259    0.0242383    
0.0831157    0.14446    0.122337    0.0243761    0.0831157    0.14446    0.122337    0.0243761    
0.0827403    0.143518    0.12242    0.0245295    0.0827403    0.143518    0.12242    0.0245295    
0.0823423    0.142508    0.122504    0.0246962    0.0823423    0.142508    0.122504    0.0246962    
0.0819293    0.141446    0.122588    0.0248741    0.0819293    0.141446    0.122588    0.0248741    
0.0815081    0.140349    0.122669    0.0250608    0.0815081    0.140349    0.122669    0.0250608    
0.081085    0.139232    0.122746    0.0252541    0.081085    0.139232    0.122746    0.0252541    
0.0806655    0.138109    0.122816    0.025452    0.0806655    0.138109    0.122816    0.025452    
0.0802542    0.136993    0.122879    0.0256523    0.0802542    0.136993    0.122879    0.0256523    
0.0798551    0.135896    0.122933    0.0258533    0.0798551    0.135896    0.122933    0.0258533    
0.0794712    0.134827    0.122979    0.026053    0.0794712    0.134827    0.122979    0.026053    
0.0791052    0.133796    0.123017    0.0262497    0.0791052    0.133796    0.123017    0.0262497    
0.0787588    0.132808    0.123046    0.0264419    0.0787588    0.132808    0.123046    0.0264419    
0.0784332    0.13187    0.123067    0.0266282    0.0784332    0.13187    0.123067    0.0266282    
0.0781295    0.130986    0.123082    0.0268071    0.0781295    0.130986    0.123082    0.0268071    
0.077848    0.13016    0.12309    0.0269777    0.077848    0.13016    0.12309    0.0269777    
0.0775889    0.129393    0.123092    0.0271388    0.0775889    0.129393    0.123092    0.0271388    
0.0773522    0.128687    0.12309    0.0272898    0.0773522    0.128687    0.12309    0.0272898    
0.0771376    0.128043    0.123085    0.0274297    0.0771376    0.128043    0.123085    0.0274297    
0.0769449    0.127461    0.123076    0.0275582    0.0769449    0.127461    0.123076    0.0275582    
0.0767734    0.126941    0.123067    0.0276746    0.0767734    0.126941    0.123067    0.0276746    
0.0766229    0.126482    0.123056    0.0277788    0.0766229    0.126482    0.123056    0.0277788    
0.0764925    0.126083    0.123044    0.0278704    0.0764925    0.126083    0.123044    0.0278704    
0.0763819    0.125743    0.123033    0.0279494    0.0763819    0.125743    0.123033    0.0279494    
0.0762904    0.125461    0.123023    0.0280157    0.0762904    0.125461    0.123023    0.0280157    
0.0762174    0.125234    0.123014    0.0280694    0.0762174    0.125234    0.123014    0.0280694    
0.0761624    0.125063    0.123006    0.0281106    0.0761624    0.125063    0.123006    0.0281106    
0.0761247    0.124944    0.123    0.0281396    0.0761247    0.124944    0.123    0.0281396    
0.0761039    0.124876    0.122996    0.0281565    0.0761039    0.124876    0.122996    0.0281565    
0.0760992    0.124858    0.122993    0.0281618    0.0760992    0.124858    0.122993    0.0281618    
0.0761103    0.124888    0.122992    0.0281557    0.0761103    0.124888    0.122992    0.0281557    
0.0761364    0.124964    0.122993    0.0281389    0.0761364    0.124964    0.122993    0.0281389    
0.0761772    0.125084    0.122995    0.0281116    0.0761772    0.125084    0.122995    0.0281116    
0.0762319    0.125247    0.122998    0.0280746    0.0762319    0.125247    0.122998    0.0280746    
0.0763001    0.125451    0.123002    0.0280282    0.0763001    0.125451    0.123002    0.0280282    
0.0763811    0.125694    0.123007    0.0279732    0.0763811    0.125694    0.123007    0.0279732    
0.0764744    0.125974    0.123012    0.0279101    0.0764744    0.125974    0.123012    0.0279101    
0.0765793    0.126288    0.123017    0.0278397    0.0765793    0.126288    0.123017    0.0278397    
0.0766951    0.126635    0.123022    0.0277625    0.0766951    0.126635    0.123022    0.0277625    
0.0768212    0.127012    0.123026    0.0276793    0.0768212    0.127012    0.123026    0.0276793    
0.0769569    0.127417    0.123028    0.0275907    0.0769569    0.127417    0.123028    0.0275907    
0.0771013    0.127847    0.12303    0.0274976    0.0771013    0.127847    0.12303    0.0274976    
0.0772536    0.1283    0.12303    0.0274007    0.0772536    0.1283    0.12303    0.0274007    
0.0774129    0.128771    0.123029    0.0273006    0.0774129    0.128771    0.123029    0.0273006    
0.0775783    0.129259    0.123026    0.0271982    0.0775783    0.129259    0.123026    0.0271982    
0.0777486    0.12976    0.123021    0.0270941    0.0777486    0.12976    0.123021    0.0270941    
0.0779229    0.130271    0.123014    0.0269892    0.0779229    0.130271    0.123014    0.0269892    
0.0781    0.130787    0.123005    0.0268841    0.0781    0.130787    0.123005    0.0268841    
0.0782787    0.131306    0.122995    0.0267796    0.0782787    0.131306    0.122995    0.0267796    
0.0784576    0.131824    0.122983    0.0266764    0.0784576    0.131824    0.122983    0.0266764    
0.0786356    0.132337    0.12297    0.0265751    0.0786356    0.132337    0.12297    0.0265751    
0.0788112    0.13284    0.122955    0.0264764    0.0788112    0.13284    0.122955    0.0264764    
0.0789832    0.133331    0.12294    0.0263811    0.0789832    0.133331    0.12294    0.0263811    
0.0791501    0.133806    0.122924    0.0262896    0.0791501    0.133806    0.122924    0.0262896    
0.0793107    0.13426    0.122908    0.0262026    0.0793107    0.13426    0.122908    0.0262026    
0.0794636    0.134692    0.122892    0.0261205    0.0794636    0.134692    0.122892    0.0261205    
0.0796075    0.135096    0.122877    0.026044    0.0796075    0.135096    0.122877    0.026044    
0.0797414    0.135471    0.122862    0.0259733    0.0797414    0.135471    0.122862    0.0259733    
0.0798641    0.135814    0.122848    0.025909    0.0798641    0.135814    0.122848    0.025909    
0.0799747    0.136123    0.122835    0.0258512    0.0799747    0.136123    0.122835    0.0258512    
0.0800724    0.136394    0.122824    0.0258004    0.0800724    0.136394    0.122824    0.0258004    
0.0801565    0.136628    0.122814    0.0257567    0.0801565    0.136628    0.122814    0.0257567    
0.0802264    0.136823    0.122807    0.0257202    0.0802264    0.136823    0.122807    0.0257202    
0.0802819    0.136978    0.122801    0.025691    0.0802819    0.136978    0.122801    0.025691    
0.0803227    0.137092    0.122797    0.0256691    0.0803227    0.137092    0.122797    0.0256691    
0.080349    0.137167    0.122796    0.0256545    0.080349    0.137167    0.122796    0.0256545    
0.0803608    0.137202    0.122796    0.0256471    0.0803608    0.137202    0.122796    0.0256471    
0.0803586    0.137198    0.122799    0.0256466    0.0803586    0.137198    0.122799    0.0256466    
0.0803428    0.137158    0.122803    0.0256529    0.0803428    0.137158    0.122803    0.0256529    
0.080314    0.137082    0.12281    0.0256656    0.080314    0.137082    0.12281    0.0256656    
0.0802732    0.136973    0.122817    0.0256844    0.0802732    0.136973    0.122817    0.0256844    
0.0802211    0.136833    0.122827    0.0257089    0.0802211    0.136833    0.122827    0.0257089    
0.0801588    0.136664    0.122837    0.0257388    0.0801588    0.136664    0.122837    0.0257388    
0.0800873    0.13647    0.122849    0.0257735    0.0800873    0.13647    0.122849    0.0257735    
0.0800077    0.136252    0.122861    0.0258127    0.0800077    0.136252    0.122861    0.0258127    
0.0799211    0.136015    0.122874    0.0258557    0.0799211    0.136015    0.122874    0.0258557    
0.0798287    0.135761    0.122887    0.0259021    0.0798287    0.135761    0.122887    0.0259021    
0.0797315    0.135492    0.122901    0.0259514    0.0797315    0.135492    0.122901    0.0259514    
0.0796309    0.135213    0.122914    0.026003    0.0796309    0.135213    0.122914    0.026003    
0.0795277    0.134926    0.122927    0.0260565    0.0795277    0.134926    0.122927    0.0260565    
0.0794231    0.134634    0.122939    0.0261112    0.0794231    0.134634    0.122939    0.0261112    
0.0793181    0.134339    0.122951    0.0261669    0.0793181    0.134339    0.122951    0.0261669    
0.0792135    0.134044    0.122963    0.0262228    0.0792135    0.134044    0.122963    0.0262228    
0.0791102    0.133753    0.122973    0.0262786    0.0791102    0.133753    0.122973    0.0262786    
0.0790091    0.133466    0.122983    0.0263338    0.0790091    0.133466    0.122983    0.0263338    
0.0789108    0.133186    0.122992    0.026388    0.0789108    0.133186    0.122992    0.026388    
0.0788159    0.132915    0.123    0.0264408    0.0788159    0.132915    0.123    0.0264408    
0.0787251    0.132655    0.123007    0.0264919    0.0787251    0.132655    0.123007    0.0264919    
0.0786388    0.132406    0.123013    0.0265408    0.0786388    0.132406    0.123013    0.0265408    
0.0785575    0.132172    0.123018    0.0265874    0.0785575    0.132172    0.123018    0.0265874    
0.0784816    0.131952    0.123023    0.0266313    0.0784816    0.131952    0.123023    0.0266313    
0.0784112    0.131748    0.123027    0.0266722    0.0784112    0.131748    0.123027    0.0266722    
0.0783468    0.131561    0.12303    0.0267101    0.0783468    0.131561    0.12303    0.0267101    
0.0782884    0.13139    0.123033    0.0267446    0.0782884    0.13139    0.123033    0.0267446    
0.0782363    0.131238    0.123035    0.0267757    0.0782363    0.131238    0.123035    0.0267757    
0.0781904    0.131103    0.123036    0.0268033    0.0781904    0.131103    0.123036    0.0268033    
0.0781509    0.130987    0.123038    0.0268273    0.0781509    0.130987    0.123038    0.0268273    
0.0781178    0.130889    0.123038    0.0268476    0.0781178    0.130889    0.123038    0.0268476    
0.078091    0.130809    0.123039    0.0268642    0.078091    0.130809    0.123039    0.0268642    
0.0780704    0.130748    0.123039    0.0268771    0.0780704    0.130748    0.123039    0.0268771    
0.078056    0.130705    0.123038    0.0268864    0.078056    0.130705    0.123038    0.0268864    
0.0780477    0.130679    0.123038    0.0268921    0.0780477    0.130679    0.123038    0.0268921    
0.0780451    0.13067    0.123037    0.0268943    0.0780451    0.13067    0.123037    0.0268943    
0.0780483    0.130678    0.123036    0.0268932    0.0780483    0.130678    0.123036    0.0268932    
0.0780569    0.130702    0.123034    0.0268887    0.0780569    0.130702    0.123034    0.0268887    
0.0780707    0.130741    0.123033    0.0268812    0.0780707    0.130741    0.123033    0.0268812    
0.0780895    0.130794    0.123031    0.0268707    0.0780895    0.130794    0.123031    0.0268707    
0.078113    0.130862    0.123029    0.0268574    0.078113    0.130862    0.123029    0.0268574    
0.0781408    0.130942    0.123027    0.0268416    0.0781408    0.130942    0.123027    0.0268416    
0.0781728    0.131033    0.123025    0.0268233    0.0781728    0.131033    0.123025    0.0268233    
0.0782084    0.131136    0.123022    0.0268029    0.0782084    0.131136    0.123022    0.0268029    
0.0782474    0.131249    0.123019    0.0267805    0.0782474    0.131249    0.123019    0.0267805    
0.0782894    0.13137    0.123016    0.0267564    0.0782894    0.13137    0.123016    0.0267564    
0.0783341    0.131498    0.123013    0.0267309    0.0783341    0.131498    0.123013    0.0267309    
0.0783811    0.131634    0.12301    0.0267041    0.0783811    0.131634    0.12301    0.0267041    
0.0784299    0.131774    0.123006    0.0266762    0.0784299    0.131774    0.123006    0.0266762    
0.0784802    0.131919    0.123002    0.0266476    0.0784802    0.131919    0.123002    0.0266476    
0.0785315    0.132067    0.122999    0.0266185    0.0785315    0.132067    0.122999    0.0266185    
0.0785836    0.132216    0.122994    0.026589    0.0785836    0.132216    0.122994    0.026589    
0.0786359    0.132366    0.12299    0.0265595    0.0786359    0.132366    0.12299    0.0265595    
0.0786881    0.132516    0.122986    0.0265301    0.0786881    0.132516    0.122986    0.0265301    
0.0787397    0.132664    0.122982    0.0265011    0.0787397    0.132664    0.122982    0.0265011    
0.0787905    0.132809    0.122978    0.0264727    0.0787905    0.132809    0.122978    0.0264727    
0.0788401    0.132951    0.122974    0.026445    0.0788401    0.132951    0.122974    0.026445    
0.078888    0.133088    0.12297    0.0264183    0.078888    0.133088    0.12297    0.0264183    
0.0789341    0.13322    0.122966    0.0263927    0.0789341    0.13322    0.122966    0.0263927    
0.0789779    0.133345    0.122962    0.0263684    0.0789779    0.133345    0.122962    0.0263684    
0.0790191    0.133463    0.122958    0.0263456    0.0790191    0.133463    0.122958    0.0263456    
0.0790576    0.133572    0.122955    0.0263242    0.0790576    0.133572    0.122955    0.0263242    
0.0790931    0.133674    0.122952    0.0263046    0.0790931    0.133674    0.122952    0.0263046    
0.0791254    0.133766    0.122949    0.0262867    0.0791254    0.133766    0.122949    0.0262867    
0.0791543    0.133848    0.122947    0.0262707    0.0791543    0.133848    0.122947    0.0262707    
0.0791798    0.133921    0.122945    0.0262565    0.0791798    0.133921    0.122945    0.0262565    
0.0792016    0.133983    0.122943    0.0262444    0.0792016    0.133983    0.122943    0.0262444    
0.0792197    0.134035    0.122942    0.0262342    0.0792197    0.134035    0.122942    0.0262342    
0.0792341    0.134077    0.122941    0.026226    0.0792341    0.134077    0.122941    0.026226    
0.0792448    0.134108    0.12294    0.0262198    0.0792448    0.134108    0.12294    0.0262198    
0.0792518    0.134128    0.12294    0.0262156    0.0792518    0.134128    0.12294    0.0262156    
0.0792552    0.134139    0.12294    0.0262134    0.0792552    0.134139    0.12294    0.0262134    
0.0792551    0.134139    0.122941    0.026213    0.0792551    0.134139    0.122941    0.026213    
0.0792516    0.13413    0.122942    0.0262145    0.0792516    0.13413    0.122942    0.0262145    
0.0792449    0.134112    0.122943    0.0262177    0.0792449    0.134112    0.122943    0.0262177    
0.0792351    0.134085    0.122945    0.0262226    0.0792351    0.134085    0.122945    0.0262226    
0.0792224    0.134049    0.122946    0.026229    0.0792224    0.134049    0.122946    0.026229    
0.079207    0.134007    0.122949    0.026237    0.079207    0.134007    0.122949    0.026237    
0.0791892    0.133957    0.122951    0.0262463    0.0791892    0.133957    0.122951    0.0262463    
0.0791691    0.133901    0.122953    0.0262568    0.0791691    0.133901    0.122953    0.0262568    
0.0791471    0.133839    0.122956    0.0262684    0.0791471    0.133839    0.122956    0.0262684    
0.0791234    0.133772    0.122959    0.026281    0.0791234    0.133772    0.122959    0.026281    
0.0790983    0.133702    0.122961    0.0262945    0.0790983    0.133702    0.122961    0.0262945    
0.0790719    0.133627    0.122964    0.0263086    0.0790719    0.133627    0.122964    0.0263086    
0.0790447    0.13355    0.122967    0.0263233    0.0790447    0.13355    0.122967    0.0263233    
0.0790167    0.133471    0.12297    0.0263385    0.0790167    0.133471    0.12297    0.0263385    
0.0789883    0.133391    0.122973    0.0263539    0.0789883    0.133391    0.122973    0.0263539    
0.0789598    0.13331    0.122975    0.0263696    0.0789598    0.13331    0.122975    0.0263696    
0.0789313    0.133229    0.122978    0.0263852    0.0789313    0.133229    0.122978    0.0263852    
0.0789031    0.133148    0.122981    0.0264008    0.0789031    0.133148    0.122981    0.0264008    
0.0788753    0.133069    0.122983    0.0264161    0.0788753    0.133069    0.122983    0.0264161    
0.0788483    0.132992    0.122986    0.0264312    0.0788483    0.132992    0.122986    0.0264312    
0.0788221    0.132917    0.122988    0.0264458    0.0788221    0.132917    0.122988    0.0264458    
0.0787969    0.132845    0.12299    0.0264599    0.0787969    0.132845    0.12299    0.0264599    
0.0787729    0.132776    0.122992    0.0264734    0.0787729    0.132776    0.122992    0.0264734    
0.0787502    0.132711    0.122993    0.0264862    0.0787502    0.132711    0.122993    0.0264862    
0.078729    0.13265    0.122995    0.0264982    0.078729    0.13265    0.122995    0.0264982    
0.0787094    0.132593    0.122996    0.0265094    0.0787094    0.132593    0.122996    0.0265094    
0.0786914    0.132541    0.122997    0.0265197    0.0786914    0.132541    0.122997    0.0265197    
0.0786751    0.132494    0.122999    0.026529    0.0786751    0.132494    0.122999    0.026529    
0.0786605    0.132452    0.122999    0.0265374    0.0786605    0.132452    0.122999    0.0265374    
0.0786478    0.132415    0.123    0.0265448    0.0786478    0.132415    0.123    0.0265448    
0.078637    0.132384    0.123001    0.0265511    0.078637    0.132384    0.123001    0.0265511    
0.078628    0.132358    0.123001    0.0265564    0.078628    0.132358    0.123001    0.0265564    
0.0786208    0.132337    0.123001    0.0265607    0.0786208    0.132337    0.123001    0.0265607    
0.0786155    0.132321    0.123001    0.0265639    0.0786155    0.132321    0.123001    0.0265639    
0.078612    0.132311    0.123001    0.0265661    0.078612    0.132311    0.123001    0.0265661    
0.0786103    0.132305    0.123001    0.0265673    0.0786103    0.132305    0.123001    0.0265673    
0.0786103    0.132305    0.123001    0.0265675    0.0786103    0.132305    0.123001    0.0265675    
0.078612    0.132309    0.123001    0.0265667    0.078612    0.132309    0.123001    0.0265667    
0.0786153    0.132319    0.123    0.0265651    0.0786153    0.132319    0.123    0.0265651    
0.0786202    0.132332    0.122999    0.0265625    0.0786202    0.132332    0.122999    0.0265625    
0.0786264    0.13235    0.122999    0.0265592    0.0786264    0.13235    0.122999    0.0265592    
0.078634    0.132371    0.122998    0.0265551    0.078634    0.132371    0.122998    0.0265551    
0.0786429    0.132396    0.122997    0.0265502    0.0786429    0.132396    0.122997    0.0265502    
0.0786528    0.132425    0.122996    0.0265448    0.0786528    0.132425    0.122996    0.0265448    
0.0786638    0.132456    0.122995    0.0265387    0.0786638    0.132456    0.122995    0.0265387    
0.0786757    0.13249    0.122994    0.0265321    0.0786757    0.13249    0.122994    0.0265321    
0.0786884    0.132526    0.122993    0.0265251    0.0786884    0.132526    0.122993    0.0265251    
0.0787018    0.132564    0.122991    0.0265177    0.0787018    0.132564    0.122991    0.0265177    
0.0787157    0.132604    0.12299    0.02651    0.0787157    0.132604    0.12299    0.02651    
0.07873    0.132645    0.122989    0.026502    0.07873    0.132645    0.122989    0.026502    
0.0787446    0.132686    0.122988    0.0264939    0.0787446    0.132686    0.122988    0.0264939    
0.0787594    0.132729    0.122986    0.0264856    0.0787594    0.132729    0.122986    0.0264856    
0.0787743    0.132771    0.122985    0.0264774    0.0787743    0.132771    0.122985    0.0264774    
0.0787891    0.132814    0.122984    0.0264691    0.0787891    0.132814    0.122984    0.0264691    
0.0788038    0.132855    0.122983    0.0264609    0.0788038    0.132855    0.122983    0.0264609    
0.0788182    0.132897    0.122981    0.0264529    0.0788182    0.132897    0.122981    0.0264529    
0.0788322    0.132937    0.12298    0.0264451    0.0788322    0.132937    0.12298    0.0264451    
0.0788457    0.132975    0.122979    0.0264375    0.0788457    0.132975    0.122979    0.0264375    
0.0788587    0.133012    0.122978    0.0264303    0.0788587    0.133012    0.122978    0.0264303    
0.078871    0.133048    0.122977    0.0264234    0.078871    0.133048    0.122977    0.0264234    
0.0788827    0.133081    0.122976    0.0264169    0.0788827    0.133081    0.122976    0.0264169    
0.0788935    0.133112    0.122975    0.0264108    0.0788935    0.133112    0.122975    0.0264108    
0.0789035    0.133141    0.122974    0.0264052    0.0789035    0.133141    0.122974    0.0264052    
0.0789126    0.133167    0.122974    0.0264    0.0789126    0.133167    0.122974    0.0264    
0.0789208    0.133191    0.122973    0.0263954    0.0789208    0.133191    0.122973    0.0263954    
0.078928    0.133211    0.122973    0.0263913    0.078928    0.133211    0.122973    0.0263913    
0.0789343    0.133229    0.122972    0.0263878    0.0789343    0.133229    0.122972    0.0263878    
0.0789395    0.133244    0.122972    0.0263848    0.0789395    0.133244    0.122972    0.0263848    
0.0789437    0.133256    0.122972    0.0263824    0.0789437    0.133256    0.122972    0.0263824    
0.0789469    0.133266    0.122971    0.0263805    0.0789469    0.133266    0.122971    0.0263805    
0.0789491    0.133272    0.122971    0.0263792    0.0789491    0.133272    0.122971    0.0263792    
0.0789503    0.133276    0.122971    0.0263784    0.0789503    0.133276    0.122971    0.0263784    
0.0789505    0.133277    0.122972    0.0263781    0.0789505    0.133277    0.122972    0.0263781    
0.0789499    0.133275    0.122972    0.0263784    0.0789499    0.133275    0.122972    0.0263784    
0.0789483    0.133271    0.122972    0.0263791    0.0789483    0.133271    0.122972    0.0263791    
0.0789459    0.133264    0.122972    0.0263804    0.0789459    0.133264    0.122972    0.0263804    
0.0789426    0.133255    0.122973    0.026382    0.0789426    0.133255    0.122973    0.026382    
0.0789387    0.133244    0.122973    0.0263841    0.0789387    0.133244    0.122973    0.0263841    
0.078934    0.133231    0.122974    0.0263866    0.078934    0.133231    0.122974    0.0263866    
0.0789287    0.133216    0.122975    0.0263894    0.0789287    0.133216    0.122975    0.0263894    
0.0789229    0.1332    0.122975    0.0263926    0.0789229    0.1332    0.122975    0.0263926    
0.0789165    0.133182    0.122976    0.026396    0.0789165    0.133182    0.122976    0.026396    
0.0789097    0.133162    0.122977    0.0263997    0.0789097    0.133162    0.122977    0.0263997    
0.0789026    0.133142    0.122977    0.0264036    0.0789026    0.133142    0.122977    0.0264036    
0.0788952    0.133121    0.122978    0.0264077    0.0788952    0.133121    0.122978    0.0264077    
0.0788875    0.133099    0.122979    0.0264119    0.0788875    0.133099    0.122979    0.0264119    
0.0788797    0.133077    0.12298    0.0264162    0.0788797    0.133077    0.12298    0.0264162    
0.0788717    0.133054    0.12298    0.0264205    0.0788717    0.133054    0.12298    0.0264205    
0.0788638    0.133032    0.122981    0.0264249    0.0788638    0.133032    0.122981    0.0264249    
0.0788559    0.133009    0.122982    0.0264293    0.0788559    0.133009    0.122982    0.0264293    
0.0788481    0.132987    0.122982    0.0264336    0.0788481    0.132987    0.122982    0.0264336    
0.0788404    0.132965    0.122983    0.0264379    0.0788404    0.132965    0.122983    0.0264379    
0.078833    0.132944    0.122984    0.026442    0.078833    0.132944    0.122984    0.026442    
0.0788258    0.132923    0.122984    0.026446    0.0788258    0.132923    0.122984    0.026446    
0.0788189    0.132904    0.122985    0.0264499    0.0788189    0.132904    0.122985    0.0264499    
0.0788124    0.132885    0.122985    0.0264536    0.0788124    0.132885    0.122985    0.0264536    
0.0788062    0.132867    0.122986    0.026457    0.0788062    0.132867    0.122986    0.026457    
0.0788005    0.132851    0.122986    0.0264603    0.0788005    0.132851    0.122986    0.0264603    
0.0787952    0.132835    0.122987    0.0264633    0.0787952    0.132835    0.122987    0.0264633    
0.0787903    0.132821    0.122987    0.026466    0.0787903    0.132821    0.122987    0.026466    
0.078786    0.132809    0.122987    0.0264685    0.078786    0.132809    0.122987    0.0264685    
0.0787822    0.132798    0.122988    0.0264707    0.0787822    0.132798    0.122988    0.0264707    
0.0787788    0.132788    0.122988    0.0264726    0.0787788    0.132788    0.122988    0.0264726    
0.0787761    0.13278    0.122988    0.0264742    0.0787761    0.13278    0.122988    0.0264742    
0.0787738    0.132774    0.122988    0.0264755    0.0787738    0.132774    0.122988    0.0264755    
0.0787721    0.132769    0.122988    0.0264766    0.0787721    0.132769    0.122988    0.0264766    
0.0787709    0.132765    0.122988    0.0264773    0.0787709    0.132765    0.122988    0.0264773    
0.0787702    0.132763    0.122988    0.0264778    0.0787702    0.132763    0.122988    0.0264778    
0.07877    0.132762    0.122988    0.0264779    0.07877    0.132762    0.122988    0.0264779    
0.0787703    0.132763    0.122988    0.0264778    0.0787703    0.132763    0.122988    0.0264778    
0.078771    0.132765    0.122988    0.0264775    0.078771    0.132765    0.122988    0.0264775    
0.0787722    0.132768    0.122988    0.0264768    0.0787722    0.132768    0.122988    0.0264768    
0.0787738    0.132773    0.122987    0.026476    0.0787738    0.132773    0.122987    0.026476    
0.0787758    0.132779    0.122987    0.0264749    0.0787758    0.132779    0.122987    0.0264749    
0.0787782    0.132785    0.122987    0.0264736    0.0787782    0.132785    0.122987    0.0264736    
0.0787809    0.132793    0.122987    0.0264722    0.0787809    0.132793    0.122987    0.0264722    
0.0787839    0.132801    0.122986    0.0264705    0.0787839    0.132801    0.122986    0.0264705    
0.0787872    0.132811    0.122986    0.0264688    0.0787872    0.132811    0.122986    0.0264688    
0.0787907    0.132821    0.122986    0.0264668    0.0787907    0.132821    0.122986    0.0264668    
0.0787944    0.132831    0.122985    0.0264648    0.0787944    0.132831    0.122985    0.0264648    
0.0787983    0.132842    0.122985    0.0264627    0.0787983    0.132842    0.122985    0.0264627    
0.0788023    0.132854    0.122984    0.0264604    0.0788023    0.132854    0.122984    0.0264604    
0.0788064    0.132865    0.122984    0.0264582    0.0788064    0.132865    0.122984    0.0264582    
0.0788106    0.132877    0.122984    0.0264559    0.0788106    0.132877    0.122984    0.0264559    
0.0788148    0.132889    0.122983    0.0264536    0.0788148    0.132889    0.122983    0.0264536    
0.0788189    0.132901    0.122983    0.0264512    0.0788189    0.132901    0.122983    0.0264512    
0.0788231    0.132913    0.122983    0.0264489    0.0788231    0.132913    0.122983    0.0264489    
0.0788271    0.132925    0.122982    0.0264467    0.0788271    0.132925    0.122982    0.0264467    
0.0788311    0.132936    0.122982    0.0264445    0.0788311    0.132936    0.122982    0.0264445    
0.0788349    0.132947    0.122982    0.0264423    0.0788349    0.132947    0.122982    0.0264423    
0.0788386    0.132957    0.122981    0.0264403    0.0788386    0.132957    0.122981    0.0264403    
0.0788422    0.132967    0.122981    0.0264383    0.0788422    0.132967    0.122981    0.0264383    
0.0788455    0.132977    0.122981    0.0264364    0.0788455    0.132977    0.122981    0.0264364    
0.0788486    0.132986    0.122981    0.0264347    0.0788486    0.132986    0.122981    0.0264347    
0.0788514    0.132994    0.12298    0.0264331    0.0788514    0.132994    0.12298    0.0264331    
0.0788541    0.133002    0.12298    0.0264316    0.0788541    0.133002    0.12298    0.0264316    
0.0788564    0.133009    0.12298    0.0264302    0.0788564    0.133009    0.12298    0.0264302    
0.0788585    0.133015    0.12298    0.026429    0.0788585    0.133015    0.12298    0.026429    
0.0788604    0.13302    0.12298    0.026428    0.0788604    0.13302    0.12298    0.026428    
0.0788619    0.133024    0.12298    0.0264271    0.0788619    0.133024    0.12298    0.0264271    
0.0788632    0.133028    0.12298    0.0264264    0.0788632    0.133028    0.12298    0.0264264    
0.0788642    0.133031    0.122979    0.0264258    0.0788642    0.133031    0.122979    0.0264258    
0.0788649    0.133033    0.122979    0.0264254    0.0788649    0.133033    0.122979    0.0264254    
0.0788653    0.133034    0.122979    0.0264251    0.0788653    0.133034    0.122979    0.0264251    
0.0788655    0.133035    0.122979    0.026425    0.0788655    0.133035    0.122979    0.026425    
0.0788654    0.133035    0.12298    0.026425    0.0788654    0.133035    0.12298    0.026425    
0.078865    0.133034    0.12298    0.0264252    0.078865    0.133034    0.12298    0.0264252    
0.0788644    0.133032    0.12298    0.0264255    0.0788644    0.133032    0.12298    0.0264255    
0.0788636    0.13303    0.12298    0.0264259    0.0788636    0.13303    0.12298    0.0264259    
0.0788626    0.133027    0.12298    0.0264264    0.0788626    0.133027    0.12298    0.0264264    
0.0788614    0.133023    0.12298    0.0264271    0.0788614    0.133023    0.12298    0.0264271    
0.0788599    0.133019    0.12298    0.0264278    0.0788599    0.133019    0.12298    0.0264278    
0.0788584    0.133015    0.12298    0.0264287    0.0788584    0.133015    0.12298    0.0264287    
0.0788566    0.13301    0.122981    0.0264296    0.0788566    0.13301    0.122981    0.0264296    
0.0788548    0.133005    0.122981    0.0264306    0.0788548    0.133005    0.122981    0.0264306    
0.0788528    0.132999    0.122981    0.0264317    0.0788528    0.132999    0.122981    0.0264317    
0.0788508    0.132993    0.122981    0.0264328    0.0788508    0.132993    0.122981    0.0264328    
0.0788487    0.132987    0.122981    0.026434    0.0788487    0.132987    0.122981    0.026434    
0.0788465    0.132981    0.122982    0.0264352    0.0788465    0.132981    0.122982    0.0264352    
0.0788443    0.132975    0.122982    0.0264364    0.0788443    0.132975    0.122982    0.0264364    
0.0788421    0.132969    0.122982    0.0264376    0.0788421    0.132969    0.122982    0.0264376    
0.0788399    0.132962    0.122982    0.0264389    0.0788399    0.132962    0.122982    0.0264389    
0.0788377    0.132956    0.122982    0.0264401    0.0788377    0.132956    0.122982    0.0264401    
0.0788355    0.13295    0.122983    0.0264413    0.0788355    0.13295    0.122983    0.0264413    
0.0788334    0.132944    0.122983    0.0264425    0.0788334    0.132944    0.122983    0.0264425    
0.0788313    0.132938    0.122983    0.0264436    0.0788313    0.132938    0.122983    0.0264436    
0.0788294    0.132932    0.122983    0.0264447    0.0788294    0.132932    0.122983    0.0264447    
0.0788275    0.132927    0.122983    0.0264457    0.0788275    0.132927    0.122983    0.0264457    
0.0788257    0.132922    0.122983    0.0264467    0.0788257    0.132922    0.122983    0.0264467    
0.0788241    0.132917    0.122983    0.0264477    0.0788241    0.132917    0.122983    0.0264477    
0.0788225    0.132913    0.122984    0.0264485    0.0788225    0.132913    0.122984    0.0264485    
0.0788211    0.132909    0.122984    0.0264493    0.0788211    0.132909    0.122984    0.0264493    
0.0788198    0.132905    0.122984    0.0264501    0.0788198    0.132905    0.122984    0.0264501    
0.0788187    0.132902    0.122984    0.0264507    0.0788187    0.132902    0.122984    0.0264507    
0.0788177    0.132899    0.122984    0.0264513    0.0788177    0.132899    0.122984    0.0264513    
0.0788169    0.132896    0.122984    0.0264518    0.0788169    0.132896    0.122984    0.0264518    
0.0788162    0.132894    0.122984    0.0264522    0.0788162    0.132894    0.122984    0.0264522    
0.0788156    0.132893    0.122984    0.0264525    0.0788156    0.132893    0.122984    0.0264525    
0.0788153    0.132892    0.122984    0.0264527    0.0788153    0.132892    0.122984    0.0264527    
0.078815    0.132891    0.122984    0.0264529    0.078815    0.132891    0.122984    0.0264529    
0.0788149    0.132891    0.122984    0.026453    0.0788149    0.132891    0.122984    0.026453    
0.0788149    0.132891    0.122984    0.026453    0.0788149    0.132891    0.122984    0.026453    
0.0788151    0.132891    0.122984    0.0264529    0.0788151    0.132891    0.122984    0.0264529    
0.0788154    0.132892    0.122984    0.0264527    0.0788154    0.132892    0.122984    0.0264527    
0.0788158    0.132893    0.122984    0.0264525    0.0788158    0.132893    0.122984    0.0264525    
0.0788163    0.132894    0.122984    0.0264522    0.0788163    0.132894    0.122984    0.0264522    
0.0788169    0.132896    0.122984    0.0264519    0.0788169    0.132896    0.122984    0.0264519    
0.0788177    0.132898    0.122984    0.0264515    0.0788177    0.132898    0.122984    0.0264515    
0.0788185    0.132901    0.122984    0.0264511    0.0788185    0.132901    0.122984    0.0264511    
0.0788194    0.132903    0.122983    0.0264506    0.0788194    0.132903    0.122983    0.0264506    
0.0788203    0.132906    0.122983    0.0264501    0.0788203    0.132906    0.122983    0.0264501    
0.0788214    0.132909    0.122983    0.0264495    0.0788214    0.132909    0.122983    0.0264495    
0.0788224    0.132912    0.122983    0.0264489    0.0788224    0.132912    0.122983    0.0264489    
0.0788236    0.132915    0.122983    0.0264483    0.0788236    0.132915    0.122983    0.0264483    
0.0788247    0.132918    0.122983    0.0264477    0.0788247    0.132918    0.122983    0.0264477    
0.0788259    0.132922    0.122983    0.026447    0.0788259    0.132922    0.122983    0.026447    
0.078827    0.132925    0.122983    0.0264464    0.078827    0.132925    0.122983    0.0264464    
0.0788282    0.132928    0.122983    0.0264457    0.0788282    0.132928    0.122983    0.0264457    
0.0788294    0.132932    0.122983    0.0264451    0.0788294    0.132932    0.122983    0.0264451    
0.0788305    0.132935    0.122982    0.0264444    0.0788305    0.132935    0.122982    0.0264444    
0.0788316    0.132938    0.122982    0.0264438    0.0788316    0.132938    0.122982    0.0264438    
0.0788327    0.132941    0.122982    0.0264432    0.0788327    0.132941    0.122982    0.0264432    
0.0788338    0.132944    0.122982    0.0264426    0.0788338    0.132944    0.122982    0.0264426    
0.0788348    0.132947    0.122982    0.0264421    0.0788348    0.132947    0.122982    0.0264421    
0.0788357    0.13295    0.122982    0.0264415    0.0788357    0.13295    0.122982    0.0264415    
0.0788366    0.132952    0.122982    0.026441    0.0788366    0.132952    0.122982    0.026441    
0.0788375    0.132955    0.122982    0.0264406    0.0788375    0.132955    0.122982    0.0264406    
0.0788382    0.132957    0.122982    0.0264401    0.0788382    0.132957    0.122982    0.0264401    
0.0788389    0.132959    0.122982    0.0264397    0.0788389    0.132959    0.122982    0.0264397    
0.0788395    0.132961    0.122982    0.0264394    0.0788395    0.132961    0.122982    0.0264394    
0.0788401    0.132962    0.122982    0.0264391    0.0788401    0.132962    0.122982    0.0264391    
0.0788405    0.132964    0.122982    0.0264388    0.0788405    0.132964    0.122982    0.0264388    
0.0788409    0.132965    0.122982    0.0264386    0.0788409    0.132965    0.122982    0.0264386    
0.0788412    0.132966    0.122982    0.0264384    0.0788412    0.132966    0.122982    0.0264384    
0.0788414    0.132966    0.122982    0.0264383    0.0788414    0.132966    0.122982    0.0264383    
0.0788416    0.132967    0.122982    0.0264382    0.0788416    0.132967    0.122982    0.0264382    
0.0788417    0.132967    0.122982    0.0264381    0.0788417    0.132967    0.122982    0.0264381    
0.0788417    0.132967    0.122982    0.0264381    0.0788417    0.132967    0.122982    0.0264381    
0.0788416    0.132967    0.122982    0.0264382    0.0788416    0.132967    0.122982    0.0264382    
0.0788414    0.132966    0.122982    0.0264382    0.0788414    0.132966    0.122982    0.0264382    
0.0788412    0.132966    0.122982    0.0264383    0.0788412    0.132966    0.122982    0.0264383    
0.078841    0.132965    0.122982    0.0264385    0.078841    0.132965    0.122982    0.0264385    
0.0788406    0.132964    0.122982    0.0264387    0.0788406    0.132964    0.122982    0.0264387    
0.0788403    0.132963    0.122982    0.0264389    0.0788403    0.132963    0.122982    0.0264389    
0.0788398    0.132962    0.122982    0.0264391    0.0788398    0.132962    0.122982    0.0264391    
0.0788394    0.13296    0.122982    0.0264393    0.0788394    0.13296    0.122982    0.0264393    
0.0788389    0.132959    0.122982    0.0264396    0.0788389    0.132959    0.122982    0.0264396    
0.0788383    0.132957    0.122982    0.0264399    0.0788383    0.132957    0.122982    0.0264399    
0.0788378    0.132956    0.122982    0.0264402    0.0788378    0.132956    0.122982    0.0264402    
0.0788372    0.132954    0.122982    0.0264405    0.0788372    0.132954    0.122982    0.0264405    
0.0788366    0.132953    0.122982    0.0264409    0.0788366    0.132953    0.122982    0.0264409    
0.078836    0.132951    0.122982    0.0264412    0.078836    0.132951    0.122982    0.0264412    
0.0788353    0.132949    0.122982    0.0264416    0.0788353    0.132949    0.122982    0.0264416    
0.0788347    0.132947    0.122982    0.0264419    0.0788347    0.132947    0.122982    0.0264419    
0.0788341    0.132945    0.122982    0.0264422    0.0788341    0.132945    0.122982    0.0264422    
0.0788335    0.132944    0.122982    0.0264426    0.0788335    0.132944    0.122982    0.0264426    
0.0788329    0.132942    0.122983    0.0264429    0.0788329    0.132942    0.122983    0.0264429    
0.0788323    0.13294    0.122983    0.0264432    0.0788323    0.13294    0.122983    0.0264432    
0.0788318    0.132939    0.122983    0.0264435    0.0788318    0.132939    0.122983    0.0264435    
0.0788312    0.132937    0.122983    0.0264438    0.0788312    0.132937    0.122983    0.0264438    
0.0788307    0.132936    0.122983    0.0264441    0.0788307    0.132936    0.122983    0.0264441    
0.0788302    0.132934    0.122983    0.0264444    0.0788302    0.132934    0.122983    0.0264444    
0.0788298    0.132933    0.122983    0.0264447    0.0788298    0.132933    0.122983    0.0264447    
0.0788294    0.132932    0.122983    0.0264449    0.0788294    0.132932    0.122983    0.0264449    
0.078829    0.132931    0.122983    0.0264451    0.078829    0.132931    0.122983    0.0264451    
0.0788287    0.13293    0.122983    0.0264453    0.0788287    0.13293    0.122983    0.0264453    
0.0788284    0.132929    0.122983    0.0264455    0.0788284    0.132929    0.122983    0.0264455    
0.0788281    0.132928    0.122983    0.0264456    0.0788281    0.132928    0.122983    0.0264456    
0.0788279    0.132928    0.122983    0.0264457    0.0788279    0.132928    0.122983    0.0264457    
0.0788278    0.132927    0.122983    0.0264458    0.0788278    0.132927    0.122983    0.0264458    
0.0788276    0.132927    0.122983    0.0264459    0.0788276    0.132927    0.122983    0.0264459    
0.0788275    0.132927    0.122983    0.0264459    0.0788275    0.132927    0.122983    0.0264459    
0.0788275    0.132926    0.122983    0.026446    0.0788275    0.132926    0.122983    0.026446    
0.0788275    0.132926    0.122983    0.026446    0.0788275    0.132926    0.122983    0.026446    
0.0788275    0.132927    0.122983    0.026446    0.0788275    0.132927    0.122983    0.026446    
0.0788276    0.132927    0.122983    0.0264459    0.0788276    0.132927    0.122983    0.0264459    
0.0788277    0.132927    0.122983    0.0264459    0.0788277    0.132927    0.122983    0.0264459    
0.0788278    0.132927    0.122983    0.0264458    0.0788278    0.132927    0.122983    0.0264458    
0.078828    0.132928    0.122983    0.0264457    0.078828    0.132928    0.122983    0.0264457    
0.0788282    0.132928    0.122983    0.0264456    0.0788282    0.132928    0.122983    0.0264456    
0.0788284    0.132929    0.122983    0.0264455    0.0788284    0.132929    0.122983    0.0264455    
0.0788286    0.13293    0.122983    0.0264454    0.0788286    0.13293    0.122983    0.0264454    
0.0788289    0.13293    0.122983    0.0264452    0.0788289    0.13293    0.122983    0.0264452    
0.0788292    0.132931    0.122983    0.0264451    0.0788292    0.132931    0.122983    0.0264451    
0.0788295    0.132932    0.122983    0.0264449    0.0788295    0.132932    0.122983    0.0264449    
0.0788298    0.132933    0.122983    0.0264447    0.0788298    0.132933    0.122983    0.0264447    
0.0788301    0.132934    0.122983    0.0264446    0.0788301    0.132934    0.122983    0.0264446    
0.0788304    0.132935    0.122983    0.0264444    0.0788304    0.132935    0.122983    0.0264444    
0.0788308    0.132936    0.122983    0.0264442    0.0788308    0.132936    0.122983    0.0264442    
0.0788311    0.132937    0.122983    0.026444    0.0788311    0.132937    0.122983    0.026444    
0.0788314    0.132938    0.122983    0.0264438    0.0788314    0.132938    0.122983    0.0264438    
0.0788317    0.132939    0.122982    0.0264437    0.0788317    0.132939    0.122982    0.0264437    
0.0788321    0.132939    0.122982    0.0264435    0.0788321    0.132939    0.122982    0.0264435    
0.0788324    0.13294    0.122982    0.0264433    0.0788324    0.13294    0.122982    0.0264433    
0.0788327    0.132941    0.122982    0.0264431    0.0788327    0.132941    0.122982    0.0264431    
0.078833    0.132942    0.122982    0.026443    0.078833    0.132942    0.122982    0.026443    
0.0788332    0.132943    0.122982    0.0264428    0.0788332    0.132943    0.122982    0.0264428    
0.0788335    0.132944    0.122982    0.0264427    0.0788335    0.132944    0.122982    0.0264427    
0.0788337    0.132944    0.122982    0.0264426    0.0788337    0.132944    0.122982    0.0264426    
0.0788339    0.132945    0.122982    0.0264424    0.0788339    0.132945    0.122982    0.0264424    
0.0788341    0.132945    0.122982    0.0264423    0.0788341    0.132945    0.122982    0.0264423    
0.0788343    0.132946    0.122982    0.0264422    0.0788343    0.132946    0.122982    0.0264422    
0.0788345    0.132946    0.122982    0.0264421    0.0788345    0.132946    0.122982    0.0264421    
0.0788346    0.132947    0.122982    0.026442    0.0788346    0.132947    0.122982    0.026442    
0.0788347    0.132947    0.122982    0.026442    0.0788347    0.132947    0.122982    0.026442    
0.0788348    0.132947    0.122982    0.0264419    0.0788348    0.132947    0.122982    0.0264419    
0.0788349    0.132948    0.122982    0.0264419    0.0788349    0.132948    0.122982    0.0264419    
0.078835    0.132948    0.122982    0.0264418    0.078835    0.132948    0.122982    0.0264418    
0.078835    0.132948    0.122982    0.0264418    0.078835    0.132948    0.122982    0.0264418    
0.078835    0.132948    0.122982    0.0264418    0.078835    0.132948    0.122982    0.0264418    
0.078835    0.132948    0.122982    0.0264418    0.078835    0.132948    0.122982    0.0264418    
0.0788349    0.132948    0.122982    0.0264418    0.0788349    0.132948    0.122982    0.0264418    
0.0788349    0.132948    0.122982    0.0264419    0.0788349    0.132948    0.122982    0.0264419    
0.0788348    0.132947    0.122982    0.0264419    0.0788348    0.132947    0.122982    0.0264419    
0.0788347    0.132947    0.122982    0.026442    0.0788347    0.132947    0.122982    0.026442    
0.0788346    0.132947    0.122982    0.026442    0.0788346    0.132947    0.122982    0.026442    
0.0788345    0.132947    0.122982    0.0264421    0.0788345    0.132947    0.122982    0.0264421    
0.0788344    0.132946    0.122982    0.0264421    0.0788344    0.132946    0.122982    0.0264421    
0.0788343    0.132946    0.122982    0.0264422    0.0788343    0.132946    0.122982    0.0264422    
0.0788341    0.132945    0.122982    0.0264423    0.0788341    0.132945    0.122982    0.0264423    
0.078834    0.132945    0.122982    0.0264424    0.078834    0.132945    0.122982    0.0264424    
0.0788338    0.132944    0.122982    0.0264425    0.0788338    0.132944    0.122982    0.0264425    
0.0788336    0.132944    0.122982    0.0264426    0.0788336    0.132944    0.122982    0.0264426    
0.0788335    0.132944    0.122982    0.0264427    0.0788335    0.132944    0.122982    0.0264427    
0.0788333    0.132943    0.122982    0.0264427    0.0788333    0.132943    0.122982    0.0264427    
0.0788331    0.132943    0.122982    0.0264428    0.0788331    0.132943    0.122982    0.0264428    
0.0788329    0.132942    0.122982    0.0264429    0.0788329    0.132942    0.122982    0.0264429    
0.0788328    0.132942    0.122982    0.026443    0.0788328    0.132942    0.122982    0.026443    
0.0788326    0.132941    0.122982    0.0264431    0.0788326    0.132941    0.122982    0.0264431    
0.0788324    0.132941    0.122982    0.0264432    0.0788324    0.132941    0.122982    0.0264432    
0.0788323    0.13294    0.122983    0.0264433    0.0788323    0.13294    0.122983    0.0264433    
0.0788321    0.13294    0.122983    0.0264434    0.0788321    0.13294    0.122983    0.0264434    
0.078832    0.132939    0.122983    0.0264435    0.078832    0.132939    0.122983    0.0264435    
0.0788318    0.132939    0.122983    0.0264436    0.0788318    0.132939    0.122983    0.0264436    
0.0788317    0.132939    0.122983    0.0264436    0.0788317    0.132939    0.122983    0.0264436    
0.0788316    0.132938    0.122983    0.0264437    0.0788316    0.132938    0.122983    0.0264437    
0.0788315    0.132938    0.122983    0.0264438    0.0788315    0.132938    0.122983    0.0264438    
0.0788314    0.132938    0.122983    0.0264438    0.0788314    0.132938    0.122983    0.0264438    
0.0788313    0.132937    0.122983    0.0264439    0.0788313    0.132937    0.122983    0.0264439    
0.0788312    0.132937    0.122983    0.0264439    0.0788312    0.132937    0.122983    0.0264439    
0.0788312    0.132937    0.122983    0.0264439    0.0788312    0.132937    0.122983    0.0264439    
0.0788311    0.132937    0.122983    0.026444    0.0788311    0.132937    0.122983    0.026444    
0.0788311    0.132937    0.122983    0.026444    0.0788311    0.132937    0.122983    0.026444    
0.078831    0.132937    0.122983    0.026444    0.078831    0.132937    0.122983    0.026444    
0.078831    0.132937    0.122983    0.026444    0.078831    0.132937    0.122983    0.026444    
0.078831    0.132937    0.122983    0.026444    0.078831    0.132937    0.122983    0.026444    
0.078831    0.132937    0.122983    0.026444    0.078831    0.132937    0.122983    0.026444    
0.078831    0.132937    0.122983    0.026444    0.078831    0.132937    0.122983    0.026444    
0.0788311    0.132937    0.122983    0.026444    0.0788311    0.132937    0.122983    0.026444    
0.0788311    0.132937    0.122983    0.026444    0.0788311    0.132937    0.122983    0.026444    
0.0788311    0.132937    0.122983    0.026444    0.0788311    0.132937    0.122983    0.026444    
0.0788312    0.132937    0.122983    0.0264439    0.0788312    0.132937    0.122983    0.0264439    
0.0788313    0.132937    0.122983    0.0264439    0.0788313    0.132937    0.122983    0.0264439    
0.0788313    0.132937    0.122983    0.0264439    0.0788313    0.132937    0.122983    0.0264439    
0.0788314    0.132938    0.122983    0.0264438    0.0788314    0.132938    0.122983    0.0264438    
0.0788315    0.132938    0.122983    0.0264438    0.0788315    0.132938    0.122983    0.0264438    
0.0788315    0.132938    0.122983    0.0264437    0.0788315    0.132938    0.122983    0.0264437    
0.0788316    0.132938    0.122983    0.0264437    0.0788316    0.132938    0.122983    0.0264437    
0.0788317    0.132939    0.122983    0.0264436    0.0788317    0.132939    0.122983    0.0264436    
0.0788318    0.132939    0.122983    0.0264436    0.0788318    0.132939    0.122983    0.0264436    
0.0788319    0.132939    0.122982    0.0264435    0.0788319    0.132939    0.122982    0.0264435    
0.078832    0.132939    0.122982    0.0264435    0.078832    0.132939    0.122982    0.0264435    
0.0788321    0.13294    0.122982    0.0264434    0.0788321    0.13294    0.122982    0.0264434    
0.0788322    0.13294    0.122982    0.0264434    0.0788322    0.13294    0.122982    0.0264434    
0.0788323    0.13294    0.122982    0.0264433    0.0788323    0.13294    0.122982    0.0264433    
0.0788324    0.13294    0.122982    0.0264433    0.0788324    0.13294    0.122982    0.0264433    
0.0788324    0.132941    0.122982    0.0264432    0.0788324    0.132941    0.122982    0.0264432    
0.0788325    0.132941    0.122982    0.0264432    0.0788325    0.132941    0.122982    0.0264432    
0.0788326    0.132941    0.122982    0.0264432    0.0788326    0.132941    0.122982    0.0264432    
0.0788327    0.132941    0.122982    0.0264431    0.0788327    0.132941    0.122982    0.0264431    
0.0788327    0.132941    0.122982    0.0264431    0.0788327    0.132941    0.122982    0.0264431    
0.0788328    0.132942    0.122982    0.026443    0.0788328    0.132942    0.122982    0.026443    
0.0788329    0.132942    0.122982    0.026443    0.0788329    0.132942    0.122982    0.026443    
0.0788329    0.132942    0.122982    0.026443    0.0788329    0.132942    0.122982    0.026443    
