1.2    -1.16744    0.000142258    0.0208243
1.20239    -1.1684    0.000533971    0.0160689
1.20703    -1.16883    0.00115558    0.0161276
1.21385    -1.16944    0.00197123    0.0163028
1.22276    -1.17018    0.0029364    0.016459
1.23364    -1.17101    0.00400068    0.0166386
1.24633    -1.17188    0.00511187    0.0168484
1.26068    -1.17274    0.00622044    0.0170592
1.27651    -1.17355    0.00727925    0.0173411
1.29363    -1.17427    0.00824899    0.0176562
1.31185    -1.17487    0.00909773    0.0179875
1.331    -1.17531    0.00980135    0.0183248
1.35086    -1.1756    0.0103455    0.018705
1.37127    -1.17571    0.0107231    0.0190757
1.39206    -1.17564    0.0109333    0.0194577
1.41304    -1.17541    0.0109809    0.0198495
1.43407    -1.17502    0.0108754    0.0202367
1.455    -1.17449    0.0106295    0.0206464
1.47569    -1.17383    0.0102586    0.0210547
1.49601    -1.17306    0.00977931    0.0214583
1.51586    -1.1722    0.00921392    0.0218554
1.53512    -1.17127    0.0085714    0.0222526
1.5537    -1.17029    0.00787319    0.0226281
1.57151    -1.16927    0.00713891    0.0230178
1.58846    -1.16825    0.00638328    0.0233759
1.6045    -1.16722    0.0056217    0.0237158
1.61954    -1.16621    0.00486842    0.0240359
1.63355    -1.16524    0.00413653    0.0243379
1.64645    -1.16431    0.00343787    0.0246519
1.65822    -1.16344    0.00278303    0.0249086
1.66881    -1.16264    0.00218134    0.02514
1.67818    -1.16191    0.00164099    0.0253473
1.68631    -1.16127    0.00116897    0.0255284
1.69317    -1.16073    0.000771161    0.0256823
1.69874    -1.16028    0.000452354    0.0258085
1.70301    -1.15993    0.000216281    0.0259064
1.70596    -1.15969    6.56525e-05    0.0259755
1.70759    -1.15956    2.17789e-06    0.0260156
1.70788    -1.15953    2.65791e-05    0.0260266
1.70685    -1.15962    0.000138595    0.0260082
1.70449    -1.15981    0.000336979    0.0259609
1.7008    -1.16011    0.000619491    0.0258846
1.69581    -1.16051    0.000982875    0.0257798
1.68952    -1.16102    0.00142283    0.025647
1.68195    -1.16162    0.00193398    0.0254869
1.67312    -1.16231    0.00250984    0.0253001
1.66307    -1.16307    0.00314275    0.0250886
1.65182    -1.16392    0.00382389    0.0248516
1.63941    -1.16482    0.00454323    0.0245569
1.62588    -1.16578    0.00528945    0.0242742
1.61129    -1.16677    0.00604998    0.0239731
1.59568    -1.16779    0.00681104    0.023651
1.57912    -1.16882    0.00755768    0.0233118
1.56167    -1.16984    0.00827542    0.0229389
1.54341    -1.17084    0.00894513    0.0225781
1.52443    -1.1718    0.00954987    0.0222008
1.50482    -1.1727    0.0100718    0.0218127
1.48468    -1.17351    0.0104929    0.0214195
1.46413    -1.17422    0.0107958    0.0210218
1.44328    -1.17482    0.0109614    0.0206411
1.42227    -1.17527    0.0109819    0.0202214
1.40124    -1.17557    0.0108433    0.0198373
1.38034    -1.17571    0.0105386    0.0194499
1.35974    -1.17567    0.010066    0.0190701
1.3396    -1.17547    0.00942994    0.0186753
1.32012    -1.17509    0.0086422    0.0183149
1.30146    -1.17456    0.0077215    0.0179655
1.28383    -1.17389    0.0066968    0.0176285
1.2674    -1.17311    0.00560439    0.0173143
1.25238    -1.17226    0.00448792    0.0170901
1.23894    -1.17139    0.00339634    0.0168257
1.22724    -1.17053    0.00238098    0.0166127
1.21745    -1.16975    0.0014933    0.0164327
1.20969    -1.16908    0.000780905    0.0162913
1.20409    -1.16857    0.000283633    0.0161876
1.20071    -1.16825    3.01408e-05    0.0161223
1.1996    -1.16814    3.53226e-05    0.0160961
1.2008    -1.16826    0.00029892    0.016109
1.20427    -1.16858    0.000805539    0.0161605
1.20996    -1.1691    0.00152607    0.01625
1.2178    -1.16977    0.0024203    0.0163762
1.22767    -1.17056    0.00344036    0.0165402
1.23945    -1.17142    0.00453458    0.0167349
1.25296    -1.17229    0.00565175    0.016984
1.26805    -1.17314    0.00674291    0.0171926
1.28452    -1.17391    0.00776429    0.0174864
1.30221    -1.17457    0.00868005    0.0178081
1.3209    -1.1751    0.00946168    0.0181444
1.34042    -1.17547    0.0100907    0.0184928
1.36058    -1.17567    0.0105558    0.01888
1.3812    -1.1757    0.0108529    0.0192573
1.40211    -1.17555    0.0109843    0.0196445
1.42314    -1.17524    0.0109569    0.0200264
1.44415    -1.17479    0.010785    0.0204542
1.46499    -1.17419    0.0104769    0.0208469
1.48553    -1.17347    0.0100513    0.0212497
1.50565    -1.17266    0.00952588    0.0216524
1.52523    -1.17176    0.00891851    0.022051
1.54419    -1.1708    0.00824705    0.0224401
1.56241    -1.1698    0.00752833    0.0228102
1.57982    -1.16878    0.00678139    0.0231925
1.59635    -1.16775    0.00602065    0.0235428
1.61192    -1.16673    0.00526095    0.0238742
1.62647    -1.16573    0.004516    0.0241848
1.63996    -1.16478    0.00379828    0.0244766
1.65233    -1.16388    0.00311907    0.0247801
1.66354    -1.16304    0.00248834    0.0250252
1.67355    -1.16227    0.00191487    0.0252446
1.68233    -1.16159    0.00140627    0.0254395
1.68985    -1.16099    0.000968992    0.0256077
1.6961    -1.16049    0.000608391    0.0257485
1.70105    -1.16009    0.000328747    0.0258612
1.70469    -1.15979    0.000133299    0.0259453
1.70701    -1.1596    2.42748e-05    0.0260005
1.70799    -1.15952    2.90936e-06    0.0260267
1.70765    -1.15955    6.94532e-05    0.0260236
1.70598    -1.15969    0.000223174    0.0259913
1.70298    -1.15993    0.000462349    0.02593
1.69867    -1.16028    0.000784254    0.02584
1.69305    -1.16074    0.00118514    0.0257217
1.68614    -1.16129    0.00166018    0.0255756
1.67796    -1.16193    0.00220349    0.0254025
1.66854    -1.16266    0.00280801    0.0252032
1.65791    -1.16346    0.00346554    0.0249798
1.64609    -1.16434    0.00416665    0.0247312
1.63314    -1.16527    0.00490072    0.0244259
1.61909    -1.16624    0.00565583    0.0241333
1.604    -1.16725    0.00641881    0.0238225
1.58792    -1.16828    0.00717531    0.0234919
1.57092    -1.16931    0.00790983    0.023145
1.55307    -1.17032    0.00860756    0.0227645
1.53446    -1.17131    0.00924876    0.0223996
1.51516    -1.17224    0.00981641    0.0220158
1.49527    -1.1731    0.0102926    0.021625
1.47491    -1.17386    0.0106594    0.0212305
1.45419    -1.17452    0.0109001    0.0208305
1.43324    -1.17505    0.0109996    0.0204258
1.4122    -1.17543    0.0109452    0.0200418
1.3912    -1.17566    0.0107275    0.0196513
1.37042    -1.17571    0.010342    0.0192668
1.35001    -1.1756    0.00978986    0.0188916
1.33015    -1.17531    0.00907864    0.0185013
1.31103    -1.17485    0.00822307    0.0181497
1.29283    -1.17425    0.00724758    0.017806
1.27575    -1.17352    0.00618458    0.0174744
1.25997    -1.17271    0.00507404    0.017228
1.24567    -1.17184    0.00396243    0.0169463
1.23304    -1.17097    0.00289987    0.0167174
1.22223    -1.17014    0.0019385    0.0165223
1.2134    -1.1694    0.00112847    0.0163588
1.20666    -1.1688    0.000514202    0.0162355
1.20211    -1.16838    0.000130596    0.0161501
1.19981    -1.16816    1.04503e-10    0.0161035
1.19981    -1.16816    0.000130148    0.016096
1.2021    -1.16838    0.000513425    0.0161276
1.20665    -1.1688    0.00112758    0.0161975
1.21339    -1.1694    0.00193774    0.0163044
1.22222    -1.17013    0.00289949    0.0164509
1.23303    -1.17096    0.00396264    0.0166284
1.24566    -1.17183    0.00507488    0.016837
1.25995    -1.1727    0.00618616    0.0171015
1.27574    -1.17352    0.00724979    0.0173305
1.29282    -1.17424    0.00822546    0.0176416
1.31103    -1.17484    0.00908098    0.0179721
1.33015    -1.1753    0.00979188    0.0183096
1.35001    -1.17559    0.0103435    0.0186895
1.37042    -1.1757    0.0107284    0.01906
1.3912    -1.17565    0.0109456    0.0194418
1.4122    -1.17542    0.0109996    0.0198336
1.43324    -1.17504    0.0108997    0.0202207
1.4542    -1.17451    0.0106588    0.0206307
1.47491    -1.17386    0.0102919    0.0210393
1.49527    -1.17309    0.00981592    0.0214434
1.51516    -1.17223    0.00924863    0.0218443
1.53445    -1.1713    0.00860792    0.0222404
1.55307    -1.17032    0.00791075    0.022615
1.57092    -1.16931    0.00717683    0.0230054
1.58792    -1.16828    0.00642093    0.0233644
1.604    -1.16725    0.00565848    0.0237052
1.6191    -1.16624    0.00490382    0.0240267
1.63315    -1.16527    0.00417007    0.0243293
1.64611    -1.16434    0.00346914    0.0246443
1.65793    -1.16346    0.00281167    0.0249022
1.66857    -1.16266    0.00220706    0.0251347
1.678    -1.16193    0.00166353    0.0253432
1.68619    -1.16128    0.00118813    0.0255255
1.6931    -1.16073    0.000786796    0.0256807
1.69873    -1.16028    0.000464354    0.0258081
1.70306    -1.15993    0.000224584    0.0259072
1.70606    -1.15968    7.02388e-05    0.0259775
1.70775    -1.15954    3.06893e-06    0.0260189
1.7081    -1.15951    2.38374e-05    0.026031
1.70712    -1.15959    0.000132324    0.0260139
1.70481    -1.15978    0.000327323    0.0259677
1.70118    -1.16008    0.000606636    0.0258927
1.69624    -1.16048    0.000967048    0.025789
1.68999    -1.16098    0.0014043    0.0256572
1.68247    -1.16158    0.00191307    0.0254981
1.6737    -1.16226    0.0024869    0.0253123
1.66369    -1.16303    0.00311819    0.0251018
1.65248    -1.16387    0.00379816    0.0248657
1.64012    -1.16477    0.00451684    0.0245716
1.62663    -1.16572    0.00526294    0.0242898
1.61207    -1.16672    0.00602394    0.0239894
1.59649    -1.16774    0.00678611    0.0236679
1.57996    -1.16877    0.00753452    0.0233292
1.56254    -1.16979    0.00825473    0.0229567
1.54431    -1.1708    0.00892763    0.0225961
1.52535    -1.17176    0.00953629    0.0222191
1.50575    -1.17266    0.0100629    0.021831
1.48562    -1.17347    0.0104893    0.0214379
1.46507    -1.17419    0.010798    0.02104
1.44421    -1.17479    0.0109702    0.0206587
1.4232    -1.17525    0.0109975    0.020239
1.40215    -1.17556    0.0108659    0.0198545
1.38123    -1.17571    0.0105682    0.0194665
1.3606    -1.17568    0.0101025    0.0190861
1.34043    -1.17548    0.00947261    0.0186906
1.3209    -1.17511    0.00869019    0.0183293
1.30219    -1.17458    0.00777359    0.0179796
1.2845    -1.17392    0.00674845    0.0176409
1.26801    -1.17314    0.00565703    0.0173262
1.25292    -1.1723    0.00453951    0.0171
1.2394    -1.17142    0.00344475    0.0168342
1.22762    -1.17056    0.00242405    0.0166196
1.21774    -1.16977    0.00152904    0.0164381
1.20989    -1.16909    0.000807624    0.0162951
1.20419    -1.16858    0.000300091    0.0161897
1.20071    -1.16825    3.56701e-05    0.0161228
1.19952    -1.16813    2.98925e-05    0.0160949
1.20061    -1.16824    0.000283146    0.0161061
1.20399    -1.16856    0.000780629    0.0161562
1.2096    -1.16907    0.00149372    0.0162441
1.21735    -1.16974    0.00238256    0.0163689
1.22715    -1.17052    0.00339945    0.0165314
1.23885    -1.17138    0.00449275    0.016725
1.2523    -1.17225    0.00561111    0.0169729
1.26733    -1.1731    0.00670534    0.0171798
1.28377    -1.17388    0.00773134    0.0174726
1.30141    -1.17455    0.00865294    0.0177934
1.32008    -1.17508    0.00944122    0.0181297
1.33958    -1.17546    0.0100774    0.0184775
1.35972    -1.17566    0.0105497    0.0188644
1.38033    -1.1757    0.010854    0.0192413
1.40124    -1.17556    0.0109921    0.0196283
1.42228    -1.17526    0.010971    0.02001
1.4433    -1.17481    0.0108048    0.0204382
1.46416    -1.17421    0.0105015    0.0208306
1.48473    -1.1735    0.0100801    0.0212337
1.50487    -1.17269    0.0095579    0.0216367
1.52449    -1.1718    0.00895301    0.0220358
1.54348    -1.17084    0.00828325    0.0224255
1.56175    -1.16984    0.00756549    0.0227962
1.5792    -1.16882    0.00681882    0.0231794
1.59577    -1.16778    0.00605771    0.0235306
1.61139    -1.16676    0.00529706    0.0238629
1.626    -1.16577    0.00455063    0.0241745
1.63954    -1.16481    0.00383096    0.0244673
1.65196    -1.16391    0.00314939    0.0247719
1.66322    -1.16306    0.00251595    0.0250182
1.67328    -1.16229    0.00193946    0.0252387
1.68212    -1.1616    0.00142758    0.0254349
1.6897    -1.161    0.000986838    0.0256043
1.69601    -1.1605    0.000622616    0.0257463
1.70102    -1.16009    0.000339243    0.0258602
1.70471    -1.15979    0.000140005    0.0259456
1.70709    -1.1596    2.71723e-05    0.0260021
1.70813    -1.15951    2.02162e-06    0.0260295
1.70785    -1.15953    6.48462e-05    0.0260277
1.70623    -1.15967    0.000214955    0.0259966
1.70329    -1.15991    0.000450196    0.0259368
1.69903    -1.16025    0.000768691    0.0258478
1.69347    -1.1607    0.0011664    0.0257307
1.68661    -1.16125    0.00163857    0.0255858
1.67849    -1.16189    0.00217934    0.0254138
1.66912    -1.16261    0.00278171    0.0252156
1.65854    -1.16342    0.00343752    0.0249932
1.64677    -1.16429    0.00413741    0.0247455
1.63386    -1.16522    0.0048708    0.0244411
1.61986    -1.16619    0.00562583    0.0241489
1.60481    -1.1672    0.00638937    0.0238392
1.58877    -1.16823    0.00714712    0.0235092
1.5718    -1.16926    0.00788361    0.0231629
1.55398    -1.17027    0.00858407    0.0227829
1.53539    -1.17126    0.00922881    0.0224171
1.51611    -1.17219    0.00980075    0.0220346
1.49624    -1.17306    0.010282    0.0216441
1.47589    -1.17383    0.0106546    0.0212496
1.45518    -1.17449    0.0109017    0.0208495
1.43423    -1.17503    0.0110082    0.0204446
1.41317    -1.17542    0.0109611    0.0200601
1.39216    -1.17565    0.0107509    0.0196691
1.37135    -1.17572    0.0103729    0.0192841
1.35091    -1.17561    0.00982788    0.0189083
1.33102    -1.17532    0.00912308    0.0185173
1.31185    -1.17488    0.0082729    0.0181657
1.2936    -1.17428    0.00730136    0.017821
1.27645    -1.17356    0.00624056    0.017488
1.2606    -1.17274    0.0051299    0.0171846
1.24623    -1.17188    0.00401638    0.0169535
1.23351    -1.171    0.00294939    0.0167258
1.22261    -1.17017    0.00198131    0.0165292
1.21368    -1.16943    0.00116253    0.0163639
1.20683    -1.16882    0.00053787    0.0162389
1.20218    -1.16839    0.000142786    0.0161517
1.19978    -1.16816    2.80319e-07    0.0161033
1.19968    -1.16815    0.000118787    0.0160941
1.20186    -1.16836    0.000491373    0.0161239
1.20631    -1.16877    0.00109638    0.0161921
1.21296    -1.16936    0.00189943    0.0162978
1.2217    -1.17009    0.00285651    0.0164442
1.23243    -1.17092    0.00391729    0.0166189
1.24499    -1.17179    0.00502954    0.0168258
1.25922    -1.17266    0.006143    0.0170891
1.27495    -1.17348    0.00721071    0.0173162
1.29199    -1.17421    0.00819185    0.0176226
1.31015    -1.17482    0.00905407    0.0179554
1.32925    -1.17528    0.00977237    0.0182934
1.34909    -1.17558    0.0103318    0.0186729
1.36948    -1.1757    0.0107245    0.0190429
1.39027    -1.17565    0.0109492    0.0194244
1.41126    -1.17544    0.0110103    0.019816
1.43232    -1.17506    0.0109169    0.0202029
1.45329    -1.17454    0.0106817    0.0206129
1.47403    -1.17389    0.0103197    0.0210217
1.49442    -1.17313    0.00984776    0.0214261
1.51433    -1.17227    0.00928365    0.0218275
1.53367    -1.17134    0.00864529    0.0222242
1.55233    -1.17036    0.00794964    0.0225993
1.57022    -1.16935    0.00721647    0.0229906
1.58727    -1.16832    0.0064606    0.0233505
1.6034    -1.16729    0.00569752    0.0236923
1.61854    -1.16628    0.00494162    0.0240147
1.63265    -1.1653    0.00420609    0.0243184
1.64567    -1.16437    0.00350289    0.0246335
1.65754    -1.16349    0.00284274    0.0248936
1.66824    -1.16268    0.00223509    0.0251274
1.67773    -1.16195    0.00168821    0.0253372
1.68598    -1.1613    0.00120923    0.0255207
1.69296    -1.16074    0.000804103    0.0256773
1.69865    -1.16029    0.000477726    0.025806
1.70303    -1.15993    0.000233924    0.0259065
1.7061    -1.15968    7.5495e-05    0.0259781
1.70784    -1.15953    4.237e-06    0.0260209
1.70826    -1.1595    2.09582e-05    0.0260344
1.70734    -1.15958    0.000125484    0.0260186
1.70509    -1.15976    0.000316654    0.0259737
1.70152    -1.16005    0.000592316    0.0258999
1.69664    -1.16045    0.0009493    0.0257975
1.69045    -1.16094    0.0013834    0.025667
1.68299    -1.16154    0.00188933    0.0255091
1.67427    -1.16222    0.0024607    0.0253244
1.66431    -1.16298    0.00308996    0.025115
1.65316    -1.16382    0.00376837    0.0248799
1.64084    -1.16472    0.00448602    0.0245867
1.6274    -1.16567    0.00523168    0.0243062
1.61288    -1.16666    0.00599288    0.0240062
1.59735    -1.16768    0.00675594    0.0236854
1.58085    -1.16872    0.00750597    0.0233473
1.56346    -1.16974    0.00822856    0.0229755
1.54526    -1.17075    0.00890465    0.0226153
1.52632    -1.17171    0.00951731    0.0222385
1.50675    -1.17261    0.0100487    0.0218506
1.48663    -1.17344    0.0104807    0.0214576
1.46608    -1.17416    0.0107958    0.0210597
1.44523    -1.17477    0.0109749    0.0206778
1.42421    -1.17523    0.0110096    0.0202582
1.40315    -1.17555    0.0108858    0.0198732
1.38222    -1.1757    0.0105959    0.0194848
1.36156    -1.17568    0.0101377    0.0191037
1.34135    -1.17549    0.00951899    0.0187067
1.32177    -1.17513    0.00874257    0.0183455
1.30301    -1.17461    0.0078306    0.0179953
1.28525    -1.17395    0.00681138    0.017656
1.26869    -1.17318    0.00572056    0.0173389
1.25351    -1.17233    0.00460134    0.0171108
1.2399    -1.17145    0.0035024    0.0168433
1.22802    -1.17059    0.0024751    0.016627
1.21803    -1.1698    0.00157125    0.0164436
1.21008    -1.16911    0.000839152    0.0162987
1.20427    -1.16858    0.000319626    0.0161914
1.20068    -1.16824    4.25735e-05    0.0161225
1.19937    -1.16812    2.42633e-05    0.0160928
1.20036    -1.16821    0.000265823    0.0161022
1.20363    -1.16852    0.000753122    0.0161504
1.20914    -1.16903    0.00145808    0.0162366
1.2168    -1.16969    0.00234121    0.0163598
1.22651    -1.17047    0.003355    0.016521
1.23813    -1.17133    0.00444777    0.016713
1.25152    -1.17221    0.00556802    0.0169591
1.26649    -1.17306    0.00666627    0.0171646
1.28288    -1.17384    0.00769802    0.0174563
1.30048    -1.17452    0.00862668    0.0177764
1.31912    -1.17506    0.00942287    0.0181127
1.3386    -1.17544    0.0100674    0.01846
1.35874    -1.17566    0.0105481    0.0188465
1.37935    -1.1757    0.0108607    0.0192232
1.40026    -1.17557    0.0110065    0.01961
1.42132    -1.17528    0.0109925    0.0200032
1.44236    -1.17483    0.0108326    0.0204208
1.46324    -1.17424    0.0105347    0.0208126
1.48384    -1.17354    0.0101176    0.0212159
1.50403    -1.17273    0.00959894    0.0216195
1.52369    -1.17183    0.00899659    0.0220193
1.54272    -1.17088    0.00832846    0.0224098
1.56104    -1.16988    0.00761146    0.0227813
1.57855    -1.16886    0.00686477    0.0231655
1.59517    -1.16782    0.00610291    0.0235178
1.61085    -1.1668    0.00534084    0.0238512
1.62552    -1.1658    0.0045924    0.0241641
1.63912    -1.16484    0.00387022    0.0244583
1.6516    -1.16393    0.00318567    0.024764
1.66293    -1.16309    0.00254886    0.0250117
1.67306    -1.16231    0.00196868    0.0252336
1.68196    -1.16162    0.00145286    0.0254311
1.68961    -1.16101    0.00100796    0.025602
1.69598    -1.1605    0.000639435    0.0257455
1.70106    -1.16009    0.000351667    0.0258609
1.70482    -1.15978    0.000147989    0.0259477
1.70726    -1.15958    3.07246e-05    0.0260057
1.70837    -1.15949    1.19878e-06    0.0260346
1.70815    -1.15951    5.9753e-05    0.0260342
1.7066    -1.15964    0.000205745    0.0260045
1.70372    -1.15987    0.000437544    0.0259459
1.69953    -1.16021    0.000752519    0.0258584
1.69402    -1.16066    0.00114701    0.0257425
1.68723    -1.1612    0.0016163    0.0255988
1.67916    -1.16184    0.00215459    0.0254281
1.66984    -1.16256    0.00275493    0.0252309
1.65931    -1.16336    0.00340921    0.0250095
1.64759    -1.16423    0.00410813    0.0247628
1.63473    -1.16515    0.00484115    0.0244592
1.62077    -1.16613    0.00559649    0.0241679
1.60575    -1.16714    0.00636104    0.0238589
1.58975    -1.16817    0.00712054    0.0235295
1.57281    -1.1692    0.0078596    0.0231836
1.55502    -1.17022    0.00856342    0.0228041
1.53645    -1.17121    0.00921236    0.0224385
1.51719    -1.17214    0.00978933    0.0220561
1.49734    -1.17301    0.0102764    0.0216656
1.47699    -1.17379    0.0106556    0.0212711
1.45628    -1.17446    0.0109099    0.0208707
1.43532    -1.175    0.0110241    0.0204654
1.41425    -1.1754    0.010985    0.0200803
1.39321    -1.17564    0.0107831    0.0196887
1.37237    -1.17572    0.0104131    0.019303
1.3519    -1.17562    0.00987555    0.0189263
1.33195    -1.17534    0.00917742    0.0185345
1.31273    -1.1749    0.00833268    0.0181826
1.29441    -1.17431    0.00736494    0.0178368
1.27719    -1.17359    0.00630596    0.0175022
1.26125    -1.17278    0.00519482    0.0171972
1.24679    -1.17191    0.00407831    0.0169652
1.23397    -1.17104    0.00300583    0.0167345
1.22297    -1.1702    0.00202983    0.0165358
1.21393    -1.16945    0.00120099    0.0163687
1.20697    -1.16883    0.000564611    0.0162417
1.2022    -1.16839    0.000156767    0.0161525
1.19969    -1.16815    1.19729e-06    0.0161022
1.19947    -1.16813    0.000107105    0.016091
1.20155    -1.16833    0.000468296    0.0161189
1.20589    -1.16873    0.00106375    0.0161853
1.21244    -1.16932    0.00185956    0.0162893
1.22109    -1.17004    0.0028119    0.016429
1.23173    -1.17087    0.00387073    0.0166067
1.24422    -1.17174    0.00498364    0.0168128
1.25838    -1.17261    0.00610012    0.0170749
1.27406    -1.17344    0.00717285    0.0173001
1.29105    -1.17417    0.00816062    0.0176055
1.30918    -1.17479    0.00903057    0.0179373
1.32825    -1.17526    0.00975677    0.0182765
1.34807    -1.17557    0.0103249    0.0186546
1.36846    -1.1757    0.0107263    0.0190243
1.38925    -1.17566    0.0109593    0.0194055
1.41026    -1.17545    0.0110281    0.0197969
1.43133    -1.17508    0.0109417    0.0201837
1.45232    -1.17457    0.010715    0.0206133
1.47309    -1.17392    0.0103582    0.0210064
1.49352    -1.17316    0.00989028    0.0214079
1.51348    -1.17231    0.00932924    0.0218099
1.53286    -1.17138    0.00869297    0.0222075
1.55157    -1.1704    0.00799847    0.0225835
1.56952    -1.16939    0.0072656    0.0229758
1.58662    -1.16836    0.00650923    0.0233368
1.60281    -1.16733    0.00574493    0.0236798
1.61803    -1.16632    0.00498715    0.0240035
1.6322    -1.16533    0.00424915    0.0243085
1.64528    -1.1644    0.00354299    0.024625
1.65722    -1.16352    0.00287945    0.0248865
1.66799    -1.1627    0.00226803    0.0251217
1.67755    -1.16196    0.00171709    0.025333
1.68586    -1.16131    0.0012338    0.0255181
1.69291    -1.16075    0.000824202    0.0256761
1.69868    -1.16028    0.000493229    0.0258064
1.70313    -1.15992    0.000244765    0.0259084
1.70627    -1.15966    8.16643e-05    0.0259816
1.70809    -1.15952    5.77502e-06    0.0260259
1.70857    -1.15948    1.79569e-05    0.0260409
1.70772    -1.15955    0.000118086    0.0260267
1.70554    -1.15972    0.000305054    0.0259832
1.70203    -1.16001    0.000576757    0.0259109
1.69721    -1.1604    0.00093008    0.0258099
1.69109    -1.16089    0.00136087    0.0256807
1.68369    -1.16148    0.00186389    0.0255241
1.67502    -1.16216    0.00243282    0.0253406
1.66513    -1.16292    0.00306015    0.0251324
1.65403    -1.16375    0.00373721    0.0248983
1.64176    -1.16465    0.00445412    0.0246381
1.62836    -1.1656    0.00519973    0.0243264
1.61389    -1.1666    0.00596165    0.024027
1.5984    -1.16762    0.00672622    0.0237072
1.58194    -1.16865    0.0074786    0.0233697
1.56459    -1.16968    0.0082044    0.0229984
1.54641    -1.17069    0.00888461    0.0226384
1.52749    -1.17165    0.00950228    0.0222621
1.50793    -1.17256    0.0100396    0.0218741
1.48782    -1.17339    0.0104783    0.0214811
1.46728    -1.17412    0.0108009    0.0210829
1.44642    -1.17474    0.0109881    0.0207038
1.42539    -1.17521    0.0110314    0.0202808
1.40431    -1.17554    0.0109164    0.0198949
1.38334    -1.1757    0.0106354    0.0195057
1.36265    -1.17569    0.0101858    0.0191239
1.34239    -1.17551    0.00957091    0.0187523
1.32276    -1.17515    0.00880124    0.0183653
1.30393    -1.17464    0.00789465    0.0180134
1.2861    -1.17398    0.00687892    0.0176725
1.26946    -1.17322    0.00578931    0.0173538
1.25419    -1.17237    0.00466872    0.0171233
1.24048    -1.17149    0.00356569    0.016854
1.2285    -1.17063    0.00253156    0.0166357
1.2184    -1.16983    0.00161833    0.0164503
1.21033    -1.16913    0.000874679    0.0163033
1.20439    -1.16859    0.000342025    0.0161939
1.20068    -1.16824    5.09892e-05    0.0161229
1.19925    -1.16811    1.86546e-05    0.016091
1.20011    -1.16819    0.000246976    0.0160984
1.20327    -1.16849    0.000722588    0.0161446
1.20866    -1.16898    0.00141804    0.0162289
1.21622    -1.16964    0.00229429    0.0163497
1.22583    -1.17042    0.00330404    0.0165098
1.23737    -1.17127    0.00439567    0.0167001
1.25067    -1.17215    0.00551667    0.0169132
1.26558    -1.17301    0.00661871    0.0171446
1.2819    -1.1738    0.00765638    0.0174381
1.29946    -1.17448    0.00859255    0.0177578
1.31806    -1.17503    0.00939732    0.0180917
1.33752    -1.17542    0.010051    0.0184403
1.35764    -1.17565    0.0105411    0.0188265
1.37824    -1.1757    0.0108629    0.0192027
1.39916    -1.17558    0.0110175    0.0195893
1.42022    -1.1753    0.0110115    0.0199824
1.44128    -1.17486    0.010859    0.0204003
1.46219    -1.17428    0.0105673    0.0207919
1.48282    -1.17357    0.0101556    0.0211955
1.50304    -1.17277    0.00964106    0.0215996
1.52275    -1.17188    0.00904189    0.022
1.54183    -1.17093    0.00837592    0.0223911
1.5602    -1.16993    0.00766013    0.0227636
1.57776    -1.1689    0.00691377    0.0231489
1.59445    -1.16787    0.0061514    0.0235023
1.61019    -1.16684    0.00538807    0.0238369
1.62492    -1.16584    0.0046377    0.0241511
1.63858    -1.16488    0.00391297    0.0244467
1.65114    -1.16397    0.00322534    0.0247538
1.66253    -1.16312    0.00258501    0.0250029
1.67274    -1.16234    0.00200092    0.0252264
1.68171    -1.16164    0.00148086    0.0254255
1.68944    -1.16103    0.00103147    0.0255979
1.69588    -1.16051    0.000658266    0.025743
1.70103    -1.16009    0.000365909    0.0258592
1.70487    -1.15978    0.000157262    0.0259486
1.70739    -1.15957    3.50059e-05    0.0260082
1.70857    -1.15947    5.24209e-07    0.0260387
1.70843    -1.15949    5.42124e-05    0.0260399
1.70695    -1.15961    0.000195483    0.0260119
1.70414    -1.15984    0.000422761    0.0259548
1.70002    -1.16017    0.000733471    0.0258689
1.69458    -1.16061    0.00112401    0.0257546
1.68785    -1.16115    0.00158972    0.0256123
1.67985    -1.16178    0.00212486    0.0254429
1.6706    -1.1625    0.00272255    0.0252471
1.66013    -1.1633    0.00337474    0.025027
1.64847    -1.16416    0.00407219    0.0247815
1.63567    -1.16509    0.00480443    0.0244789
1.62176    -1.16606    0.00555972    0.0241886
1.60679    -1.16707    0.00632505    0.0238804
1.59083    -1.1681    0.0070862    0.0235518
1.57394    -1.16913    0.00782782    0.0232066
1.55619    -1.17015    0.00853514    0.0228277
1.53765    -1.17114    0.00918857    0.0224625
1.51841    -1.17209    0.00977102    0.0220803
1.49857    -1.17296    0.0102645    0.0216899
1.47824    -1.17375    0.010651    0.0212951
1.45753    -1.17442    0.0109135    0.0208948
1.43657    -1.17497    0.0110365    0.0204893
1.41548    -1.17538    0.0110067    0.0201036
1.39443    -1.17563    0.0108143    0.0197114
1.37356    -1.17572    0.0104537    0.019325
1.35304    -1.17563    0.00992516    0.0189475
1.33305    -1.17536    0.00923515    0.0185548
1.31376    -1.17493    0.0083972    0.0182026
1.29537    -1.17434    0.00743459    0.0178513
1.27807    -1.17363    0.00637839    0.0175187
1.26204    -1.17282    0.00526745    0.0172123
1.24748    -1.17196    0.00414828    0.0169779
1.23455    -1.17108    0.00307018    0.0167451
1.22343    -1.17023    0.00208567    0.0165444
1.21427    -1.16948    0.00124574    0.016375
1.20719    -1.16885    0.000596172    0.0162458
1.20229    -1.1684    0.000173761    0.0161544
1.19964    -1.16815    3.0687e-06    0.0161017
1.19929    -1.16811    9.41875e-05    0.0160883

