0.0853909    0.149389    0.117209    0.0257    0.0853909    0.149389    0.117209    0.0257    
0.0835424    0.149402    0.124764    0.0225827    0.0835424    0.149402    0.124764    0.0225827    
0.0831715    0.148675    0.124911    0.0226329    0.0831715    0.148675    0.124911    0.0226329    
0.0829867    0.148137    0.124859    0.0227673    0.0829867    0.148137    0.124859    0.0227673    
0.0826856    0.147368    0.12493    0.0228907    0.0826856    0.147368    0.12493    0.0228907    
0.0823364    0.146444    0.125033    0.0230326    0.0823364    0.146444    0.125033    0.0230326    
0.0819552    0.145371    0.125153    0.0231973    0.0819552    0.145371    0.125153    0.0231973    
0.0815492    0.144007    0.125365    0.0233643    0.0815492    0.144007    0.125365    0.0233643    
0.081072    0.142762    0.125463    0.0235812    0.081072    0.142762    0.125463    0.0235812    
0.0804977    0.141451    0.125547    0.0238213    0.0804977    0.141451    0.125547    0.0238213    
0.080008    0.140047    0.125643    0.0240726    0.080008    0.140047    0.125643    0.0240726    
0.0794788    0.138586    0.125759    0.024328    0.0794788    0.138586    0.125759    0.024328    
0.0789248    0.13715    0.125815    0.0246113    0.0789248    0.13715    0.125815    0.0246113    
0.0784064    0.1356    0.125919    0.0248876    0.0784064    0.1356    0.125919    0.0248876    
0.0779101    0.134056    0.126011    0.0251704    0.0779101    0.134056    0.126011    0.0251704    
0.0774284    0.132535    0.126086    0.0254582    0.0774284    0.132535    0.126086    0.0254582    
0.0769787    0.131011    0.126169    0.0257418    0.0769787    0.131011    0.126169    0.0257418    
0.0765335    0.129589    0.126193    0.0260379    0.0765335    0.129589    0.126193    0.0260379    
0.0761083    0.128217    0.126206    0.0263311    0.0761083    0.128217    0.126206    0.0263311    
0.0757078    0.126902    0.126207    0.0266192    0.0757078    0.126902    0.126207    0.0266192    
0.075337    0.125658    0.126195    0.026901    0.075337    0.125658    0.126195    0.026901    
0.0749787    0.124479    0.126159    0.0271804    0.0749787    0.124479    0.126159    0.0271804    
0.0746275    0.123458    0.126114    0.027444    0.0746275    0.123458    0.126114    0.027444    
0.0743366    0.122353    0.126049    0.0277135    0.0743366    0.122353    0.126049    0.0277135    
0.0740586    0.12141    0.125986    0.0279611    0.0740586    0.12141    0.125986    0.0279611    
0.0737983    0.120542    0.12592    0.028195    0.0737983    0.120542    0.12592    0.028195    
0.0735566    0.119744    0.125853    0.0284142    0.0735566    0.119744    0.125853    0.0284142    
0.0733446    0.119024    0.12578    0.0286199    0.0733446    0.119024    0.12578    0.0286199    
0.0731186    0.118438    0.125644    0.0288294    0.0731186    0.118438    0.125644    0.0288294    
0.0729372    0.11786    0.125575    0.0290024    0.0729372    0.11786    0.125575    0.0290024    
0.0727938    0.117347    0.12551    0.0291576    0.0727938    0.117347    0.12551    0.0291576    
0.0726597    0.116903    0.125449    0.0292958    0.0726597    0.116903    0.125449    0.0292958    
0.0725447    0.116526    0.125393    0.0294157    0.0725447    0.116526    0.125393    0.0294157    
0.0724484    0.116212    0.125345    0.0295169    0.0724484    0.116212    0.125345    0.0295169    
0.0723712    0.115961    0.125304    0.0295991    0.0723712    0.115961    0.125304    0.0295991    
0.072313    0.115771    0.125273    0.0296619    0.072313    0.115771    0.125273    0.0296619    
0.0722735    0.115643    0.125252    0.0297051    0.0722735    0.115643    0.125252    0.0297051    
0.0722526    0.115574    0.12524    0.0297288    0.0722526    0.115574    0.12524    0.0297288    
0.0722506    0.115565    0.125238    0.0297326    0.0722506    0.115565    0.125238    0.0297326    
0.0722677    0.115614    0.125247    0.0297167    0.0722677    0.115614    0.125247    0.0297167    
0.0723036    0.115724    0.125265    0.0296812    0.0723036    0.115724    0.125265    0.0296812    
0.0723582    0.115894    0.125293    0.0296261    0.0723582    0.115894    0.125293    0.0296261    
0.0724318    0.116125    0.12533    0.0295518    0.0724318    0.116125    0.12533    0.0295518    
0.0725246    0.116418    0.125374    0.0294585    0.0725246    0.116418    0.125374    0.0294585    
0.0726362    0.116774    0.125426    0.0293466    0.0726362    0.116774    0.125426    0.0293466    
0.0727679    0.117194    0.125484    0.0292165    0.0727679    0.117194    0.125484    0.0292165    
0.0729077    0.117683    0.125544    0.0290694    0.0729077    0.117683    0.125544    0.0290694    
0.0730781    0.118238    0.125608    0.0289048    0.0730781    0.118238    0.125608    0.0289048    
0.0733011    0.118797    0.125739    0.0287038    0.0733011    0.118797    0.125739    0.0287038    
0.0735166    0.119491    0.125804    0.0285072    0.0735166    0.119491    0.125804    0.0285072    
0.073755    0.12026    0.125864    0.0282973    0.073755    0.12026    0.125864    0.0282973    
0.0740118    0.121099    0.125923    0.0280726    0.0740118    0.121099    0.125923    0.0280726    
0.0742913    0.122012    0.125975    0.0278353    0.0742913    0.122012    0.125975    0.0278353    
0.0745756    0.123078    0.126032    0.0275756    0.0745756    0.123078    0.126032    0.0275756    
0.0749164    0.124074    0.126069    0.027321    0.0749164    0.124074    0.126069    0.027321    
0.0752578    0.125216    0.126087    0.0270545    0.0752578    0.125216    0.126087    0.0270545    
0.0756406    0.126434    0.126094    0.0267794    0.0756406    0.126434    0.126094    0.0267794    
0.0760325    0.127717    0.126085    0.0264995    0.0760325    0.127717    0.126085    0.0264995    
0.0764556    0.129064    0.12606    0.0262151    0.0764556    0.129064    0.12606    0.0262151    
0.0769644    0.130245    0.126036    0.02594    0.0769644    0.130245    0.126036    0.02594    
0.0773793    0.131913    0.12597    0.0256392    0.0773793    0.131913    0.12597    0.0256392    
0.0778271    0.13347    0.125868    0.0253598    0.0778271    0.13347    0.125868    0.0253598    
0.0783138    0.135005    0.125777    0.0250775    0.0783138    0.135005    0.125777    0.0250775    
0.0788167    0.136555    0.125674    0.0247996    0.0788167    0.136555    0.125674    0.0247996    
0.0793608    0.138006    0.125624    0.0245114    0.0793608    0.138006    0.125624    0.0245114    
0.0798886    0.139518    0.125517    0.0242456    0.0798886    0.139518    0.125517    0.0242456    
0.0804198    0.140923    0.125429    0.0239873    0.0804198    0.140923    0.125429    0.0239873    
0.0809443    0.142281    0.12535    0.0237375    0.0809443    0.142281    0.12535    0.0237375    
0.0814469    0.143568    0.125272    0.0235038    0.0814469    0.143568    0.125272    0.0235038    
0.0818421    0.144988    0.125045    0.0233325    0.0818421    0.144988    0.125045    0.0233325    
0.0822475    0.146081    0.124982    0.0231354    0.0822475    0.146081    0.124982    0.0231354    
0.0826115    0.147062    0.124893    0.0229753    0.0826115    0.147062    0.124893    0.0229753    
0.0829241    0.147877    0.12482    0.0228403    0.0829241    0.147877    0.12482    0.0228403    
0.083165    0.148531    0.124758    0.0227345    0.083165    0.148531    0.124758    0.0227345    
0.0833417    0.149002    0.124714    0.0226576    0.0833417    0.149002    0.124714    0.0226576    
0.083446    0.149283    0.124689    0.0226104    0.083446    0.149283    0.124689    0.0226104    
0.083475    0.149369    0.124686    0.0225936    0.083475    0.149369    0.124686    0.0225936    
0.083428    0.149257    0.124705    0.0226072    0.083428    0.149257    0.124705    0.0226072    
0.0833061    0.148951    0.124745    0.0226508    0.0833061    0.148951    0.124745    0.0226508    
0.083112    0.148456    0.124806    0.0227238    0.083112    0.148456    0.124806    0.0227238    
0.0828558    0.147782    0.124886    0.0228251    0.0828558    0.147782    0.124886    0.0228251    
0.0825285    0.146949    0.124977    0.022955    0.0825285    0.146949    0.124977    0.022955    
0.0821519    0.145955    0.125087    0.0231083    0.0821519    0.145955    0.125087    0.0231083    
0.0817182    0.144849    0.125166    0.0233008    0.0817182    0.144849    0.125166    0.0233008    
0.0813145    0.143423    0.125408    0.023467    0.0813145    0.143423    0.125408    0.023467    
0.0808247    0.142137    0.125508    0.0236923    0.0808247    0.142137    0.125508    0.0236923    
0.0802952    0.140779    0.1256    0.0239371    0.0802952    0.140779    0.1256    0.0239371    
0.0797553    0.139369    0.125699    0.0241918    0.0797553    0.139369    0.125699    0.0241918    
0.0792261    0.137858    0.125815    0.0244544    0.0792261    0.137858    0.125815    0.0244544    
0.078679    0.136409    0.125868    0.0247421    0.078679    0.136409    0.125868    0.0247421    
0.0781678    0.134858    0.125965    0.0250223    0.0781678    0.134858    0.125965    0.0250223    
0.0776773    0.133323    0.126049    0.0253079    0.0776773    0.133323    0.126049    0.0253079    
0.0772195    0.131771    0.126147    0.0255888    0.0772195    0.131771    0.126147    0.0255888    
0.076829    0.130107    0.126193    0.0258974    0.076829    0.130107    0.126193    0.0258974    
0.0763412    0.12892    0.126195    0.0261817    0.0763412    0.12892    0.126195    0.0261817    
0.0759088    0.127577    0.126207    0.0264705    0.0759088    0.127577    0.126207    0.0264705    
0.0755222    0.126295    0.1262    0.026757    0.0755222    0.126295    0.1262    0.026757    
0.0751462    0.12508    0.126175    0.0270385    0.0751462    0.12508    0.126175    0.0270385    
0.0748164    0.123941    0.126138    0.0273118    0.0748164    0.123941    0.126138    0.0273118    
0.074479    0.122948    0.126089    0.0275708    0.074479    0.122948    0.126089    0.0275708    
0.0741972    0.121888    0.12602    0.0278345    0.0741972    0.121888    0.12602    0.0278345    
0.0739296    0.12098    0.125954    0.0280761    0.0739296    0.12098    0.125954    0.0280761    
0.07368    0.120148    0.125886    0.0283036    0.07368    0.120148    0.125886    0.0283036    
0.0734487    0.119386    0.125818    0.0285158    0.0734487    0.119386    0.125818    0.0285158    
0.0732465    0.118701    0.125745    0.028714    0.0732465    0.118701    0.125745    0.028714    
0.0730306    0.118148    0.125609    0.0289159    0.0730306    0.118148    0.125609    0.0289159    
0.0728592    0.117603    0.125542    0.0290807    0.0728592    0.117603    0.125542    0.0290807    
0.0727253    0.117122    0.12548    0.0292275    0.0727253    0.117122    0.12548    0.0292275    
0.0726006    0.11671    0.125421    0.029357    0.0726006    0.11671    0.125421    0.029357    
0.0724948    0.116363    0.125368    0.029468    0.0724948    0.116363    0.125368    0.029468    
0.0724076    0.11608    0.125324    0.0295601    0.0724076    0.11608    0.125324    0.0295601    
0.0723396    0.115858    0.125288    0.0296331    0.0723396    0.115858    0.125288    0.0296331    
0.0722904    0.115698    0.125261    0.0296865    0.0722904    0.115698    0.125261    0.0296865    
0.0722599    0.115598    0.125244    0.0297204    0.0722599    0.115598    0.125244    0.0297204    
0.0722479    0.115558    0.125237    0.0297345    0.0722479    0.115558    0.125237    0.0297345    
0.072255    0.115577    0.12524    0.0297289    0.072255    0.115577    0.12524    0.0297289    
0.0722811    0.115655    0.125253    0.0297035    0.0722811    0.115655    0.125253    0.0297035    
0.0723261    0.115793    0.125276    0.0296586    0.0723261    0.115793    0.125276    0.0296586    
0.0723898    0.115993    0.125309    0.0295943    0.0723898    0.115993    0.125309    0.0295943    
0.0724725    0.116253    0.125349    0.0295108    0.0724725    0.116253    0.125349    0.0295108    
0.0725746    0.116576    0.125398    0.0294085    0.0725746    0.116576    0.125398    0.0294085    
0.0726956    0.116963    0.125452    0.0292878    0.0726956    0.116963    0.125452    0.0292878    
0.0728367    0.117414    0.125512    0.0291491    0.0728367    0.117414    0.125512    0.0291491    
0.0729861    0.117936    0.125574    0.0289938    0.0729861    0.117936    0.125574    0.0289938    
0.0731665    0.118523    0.12564    0.0288211    0.0731665    0.118523    0.12564    0.0288211    
0.0733997    0.119116    0.12577    0.0286127    0.0733997    0.119116    0.12577    0.0286127    
0.0736302    0.119844    0.125834    0.0284091    0.0736302    0.119844    0.125834    0.0284091    
0.0738745    0.120649    0.125892    0.0281923    0.0738745    0.120649    0.125892    0.0281923    
0.0741419    0.121523    0.125948    0.0279613    0.0741419    0.121523    0.125948    0.0279613    
0.0744325    0.122472    0.125997    0.0277185    0.0744325    0.122472    0.125997    0.0277185    
0.0747254    0.123583    0.126049    0.0274531    0.0747254    0.123583    0.126049    0.0274531    
0.0750652    0.124612    0.126078    0.027195    0.0750652    0.124612    0.126078    0.027195    
0.0754455    0.12578    0.126095    0.0269236    0.0754455    0.12578    0.126095    0.0269236    
0.0758282    0.127036    0.126093    0.026646    0.0758282    0.127036    0.126093    0.026646    
0.0762342    0.128353    0.126074    0.0263644    0.0762342    0.128353    0.126074    0.0263644    
0.0766644    0.129727    0.126044    0.0260779    0.0766644    0.129727    0.126044    0.0260779    
0.077119    0.131152    0.126006    0.0257871    0.077119    0.131152    0.126006    0.0257871    
0.0775742    0.132679    0.12591    0.0255082    0.0775742    0.132679    0.12591    0.0255082    
0.0780557    0.134202    0.125825    0.0252243    0.0780557    0.134202    0.125825    0.0252243    
0.0785527    0.135748    0.125729    0.0249437    0.0785527    0.135748    0.125729    0.0249437    
0.0790617    0.137299    0.125622    0.0246685    0.0790617    0.137299    0.125622    0.0246685    
0.0796103    0.138737    0.125571    0.0243831    0.0796103    0.138737    0.125571    0.0243831    
0.0801432    0.140195    0.125468    0.0241232    0.0801432    0.140195    0.125468    0.0241232    
0.0806232    0.141599    0.125381    0.0238688    0.0806232    0.141599    0.125381    0.0238688    
0.0811865    0.142914    0.125311    0.023623    0.0811865    0.142914    0.125311    0.023623    
0.081611    0.144361    0.1251    0.0234358    0.081611    0.144361    0.1251    0.0234358    
0.0820599    0.145513    0.125037    0.0232261    0.0820599    0.145513    0.125037    0.0232261    
0.0824332    0.146574    0.124939    0.0230541    0.0824332    0.146574    0.124939    0.0230541    
0.0827666    0.147484    0.124852    0.0229074    0.0827666    0.147484    0.124852    0.0229074    
0.083047    0.148219    0.124788    0.0227848    0.083047    0.148219    0.124788    0.0227848    
0.0832609    0.148787    0.124734    0.0226929    0.0832609    0.148787    0.124734    0.0226929    
0.0834036    0.149168    0.124699    0.0226302    0.0834036    0.149168    0.124699    0.0226302    
0.083472    0.149356    0.124685    0.0225975    0.083472    0.149356    0.124685    0.0225975    
0.0834646    0.149346    0.124692    0.0225953    0.0834646    0.149346    0.124692    0.0225953    
0.0833814    0.149141    0.124721    0.0226234    0.0833814    0.149141    0.124721    0.0226234    
0.0832243    0.148743    0.124772    0.0226812    0.0832243    0.148743    0.124772    0.0226812    
0.0829973    0.148161    0.124842    0.0227677    0.0829973    0.148161    0.124842    0.0227677    
0.0827035    0.147414    0.124924    0.0228842    0.0827035    0.147414    0.124924    0.0228842    
0.0823559    0.146496    0.125028    0.0230246    0.0823559    0.146496    0.125028    0.0230246    
0.0819755    0.145428    0.125147    0.0231884    0.0819755    0.145428    0.125147    0.0231884    
0.0815052    0.14427    0.125227    0.0233922    0.0815052    0.14427    0.125227    0.0233922    
0.0810775    0.142819    0.125455    0.0235728    0.0810775    0.142819    0.125455    0.0235728    
0.0805223    0.141511    0.125543    0.0238103    0.0805223    0.141511    0.125543    0.0238103    
0.0800324    0.14011    0.125639    0.024061    0.0800324    0.14011    0.125639    0.024061    
0.0795016    0.138652    0.125754    0.0243166    0.0795016    0.138652    0.125754    0.0243166    
0.0789466    0.137216    0.12581    0.0245997    0.0789466    0.137216    0.12581    0.0245997    
0.0784274    0.135665    0.125915    0.024876    0.0784274    0.135665    0.125915    0.024876    
0.07793    0.134119    0.126008    0.0251587    0.07793    0.134119    0.126008    0.0251587    
0.0774473    0.132596    0.126083    0.0254466    0.0774473    0.132596    0.126083    0.0254466    
0.0769966    0.131068    0.126167    0.0257302    0.0769966    0.131068    0.126167    0.0257302    
0.0765503    0.129643    0.126193    0.0260266    0.0765503    0.129643    0.126193    0.0260266    
0.076124    0.128267    0.126205    0.0263201    0.076124    0.128267    0.126205    0.0263201    
0.075722    0.126949    0.126207    0.0266086    0.075722    0.126949    0.126207    0.0266086    
0.075347    0.125692    0.126193    0.0268929    0.075347    0.125692    0.126193    0.0268929    
0.0749776    0.124524    0.126157    0.0271717    0.0749776    0.124524    0.126157    0.0271717    
0.0746373    0.123496    0.126115    0.0274349    0.0746373    0.123496    0.126115    0.0274349    
0.0743465    0.122386    0.126051    0.0277049    0.0743465    0.122386    0.126051    0.0277049    
0.0740674    0.121439    0.125988    0.0279532    0.0740674    0.121439    0.125988    0.0279532    
0.0738062    0.120568    0.125922    0.0281878    0.0738062    0.120568    0.125922    0.0281878    
0.0735684    0.119767    0.125854    0.0284079    0.0735684    0.119767    0.125854    0.0284079    
0.0733509    0.119044    0.125782    0.0286141    0.0733509    0.119044    0.125782    0.0286141    
0.0731237    0.118455    0.125646    0.0288244    0.0731237    0.118455    0.125646    0.0288244    
0.0729414    0.117874    0.125576    0.0289982    0.0729414    0.117874    0.125576    0.0289982    
0.0727971    0.117358    0.125512    0.0291541    0.0727971    0.117358    0.125512    0.0291541    
0.0726622    0.116912    0.12545    0.0292932    0.0726622    0.116912    0.12545    0.0292932    
0.0725464    0.116531    0.125394    0.0294139    0.0725464    0.116531    0.125394    0.0294139    
0.0724492    0.116215    0.125345    0.0295159    0.0724492    0.116215    0.125345    0.0295159    
0.0723713    0.115961    0.125304    0.0295989    0.0723713    0.115961    0.125304    0.0295989    
0.0723122    0.115769    0.125273    0.0296626    0.0723122    0.115769    0.125273    0.0296626    
0.0722719    0.115638    0.125251    0.0297067    0.0722719    0.115638    0.125251    0.0297067    
0.0722502    0.115567    0.125238    0.0297311    0.0722502    0.115567    0.125238    0.0297311    
0.0722475    0.115555    0.125236    0.0297358    0.0722475    0.115555    0.125236    0.0297358    
0.0722639    0.115602    0.125245    0.0297207    0.0722639    0.115602    0.125245    0.0297207    
0.0722988    0.115709    0.125263    0.0296859    0.0722988    0.115709    0.125263    0.0296859    
0.0723528    0.115877    0.12529    0.0296317    0.0723528    0.115877    0.12529    0.0296317    
0.0724256    0.116105    0.125326    0.0295581    0.0724256    0.116105    0.125326    0.0295581    
0.0725176    0.116395    0.125371    0.0294655    0.0725176    0.116395    0.125371    0.0294655    
0.0726285    0.116749    0.125422    0.0293543    0.0726285    0.116749    0.125422    0.0293543    
0.0727593    0.117166    0.12548    0.0292249    0.0727593    0.117166    0.12548    0.0292249    
0.0728984    0.117653    0.12554    0.0290785    0.0728984    0.117653    0.12554    0.0290785    
0.073068    0.118205    0.125605    0.0289145    0.073068    0.118205    0.125605    0.0289145    
0.0732897    0.118762    0.125735    0.028714    0.0732897    0.118762    0.125735    0.028714    
0.0735046    0.119452    0.125801    0.028518    0.0735046    0.119452    0.125801    0.028518    
0.0737423    0.120219    0.12586    0.0283086    0.0737423    0.120219    0.12586    0.0283086    
0.0739982    0.121054    0.12592    0.0280843    0.0739982    0.121054    0.12592    0.0280843    
0.0742769    0.121964    0.125973    0.0278475    0.0742769    0.121964    0.125973    0.0278475    
0.0745605    0.123027    0.12603    0.0275881    0.0745605    0.123027    0.12603    0.0275881    
0.0749002    0.124021    0.126067    0.0273337    0.0749002    0.124021    0.126067    0.0273337    
0.0752407    0.12516    0.126086    0.0270674    0.0752407    0.12516    0.126086    0.0270674    
0.0756227    0.126376    0.126094    0.0267924    0.0756227    0.126376    0.126094    0.0267924    
0.0760137    0.127657    0.126085    0.0265125    0.0760137    0.127657    0.126085    0.0265125    
0.0764361    0.129002    0.126062    0.0262281    0.0764361    0.129002    0.126062    0.0262281    
0.0769429    0.130185    0.126038    0.0259527    0.0769429    0.130185    0.126038    0.0259527    
0.0773581    0.131848    0.125972    0.0256519    0.0773581    0.131848    0.125972    0.0256519    
0.0778059    0.133404    0.125871    0.0253722    0.0778059    0.133404    0.125871    0.0253722    
0.0782924    0.134938    0.125781    0.0250896    0.0782924    0.134938    0.125781    0.0250896    
0.0787952    0.13649    0.125679    0.0248113    0.0787952    0.13649    0.125679    0.0248113    
0.0793392    0.137942    0.125628    0.0245227    0.0793392    0.137942    0.125628    0.0245227    
0.0798674    0.139456    0.125521    0.0242563    0.0798674    0.139456    0.125521    0.0242563    
0.0803986    0.140867    0.125432    0.0239977    0.0803986    0.140867    0.125432    0.0239977    
0.08092    0.14222    0.125356    0.0237467    0.08092    0.14222    0.125356    0.0237467    
0.0814289    0.143521    0.125274    0.0235127    0.0814289    0.143521    0.125274    0.0235127    
0.0818253    0.144943    0.125049    0.0233399    0.0818253    0.144943    0.125049    0.0233399    
0.0822333    0.146042    0.124986    0.0231418    0.0822333    0.146042    0.124986    0.0231418    
0.0825996    0.14703    0.124896    0.0229806    0.0825996    0.14703    0.124896    0.0229806    
0.082915    0.147853    0.124822    0.0228443    0.082915    0.147853    0.124822    0.0228443    
0.0831588    0.148514    0.124759    0.0227372    0.0831588    0.148514    0.124759    0.0227372    
0.0833386    0.148994    0.124714    0.0226591    0.0833386    0.148994    0.124714    0.0226591    
0.083446    0.149283    0.124689    0.0226106    0.083446    0.149283    0.124689    0.0226106    
0.0834783    0.149376    0.124685    0.0225925    0.0834783    0.149376    0.124685    0.0225925    
0.0834344    0.149273    0.124703    0.0226049    0.0834344    0.149273    0.124703    0.0226049    
0.0833155    0.148975    0.124743    0.0226473    0.0833155    0.148975    0.124743    0.0226473    
0.0831242    0.148488    0.124803    0.0227191    0.0831242    0.148488    0.124803    0.0227191    
0.0828705    0.14782    0.124882    0.0228192    0.0828705    0.14782    0.124882    0.0228192    
0.0825455    0.146993    0.124972    0.0229481    0.0825455    0.146993    0.124972    0.0229481    
0.0821707    0.146005    0.125082    0.0231006    0.0821707    0.146005    0.125082    0.0231006    
0.0817389    0.144904    0.12516    0.0232922    0.0817389    0.144904    0.12516    0.0232922    
0.0813367    0.14348    0.125404    0.0234571    0.0813367    0.14348    0.125404    0.0234571    
0.0808478    0.142196    0.125504    0.0236818    0.0808478    0.142196    0.125504    0.0236818    
0.0803187    0.14084    0.125596    0.023926    0.0803187    0.14084    0.125596    0.023926    
0.0797779    0.139434    0.125694    0.0241807    0.0797779    0.139434    0.125694    0.0241807    
0.0792483    0.137923    0.12581    0.024443    0.0792483    0.137923    0.12581    0.024443    
0.0787005    0.136474    0.125863    0.0247305    0.0787005    0.136474    0.125863    0.0247305    
0.0781885    0.134922    0.125962    0.0250105    0.0781885    0.134922    0.125962    0.0250105    
0.0776972    0.133386    0.126046    0.025296    0.0776972    0.133386    0.126046    0.025296    
0.0772386    0.131831    0.126145    0.0255769    0.0772386    0.131831    0.126145    0.0255769    
0.0768482    0.130161    0.126192    0.0258857    0.0768482    0.130161    0.126192    0.0258857    
0.0763584    0.128974    0.126194    0.0261701    0.0763584    0.128974    0.126194    0.0261701    
0.0759246    0.127628    0.126208    0.0264591    0.0759246    0.127628    0.126208    0.0264591    
0.0755369    0.126343    0.1262    0.0267459    0.0755369    0.126343    0.1262    0.0267459    
0.0751598    0.125124    0.126176    0.0270279    0.0751598    0.125124    0.126176    0.0270279    
0.0748289    0.123983    0.12614    0.0273016    0.0748289    0.123983    0.12614    0.0273016    
0.0744903    0.122987    0.126091    0.0275611    0.0744903    0.122987    0.126091    0.0275611    
0.0742075    0.121922    0.126022    0.0278255    0.0742075    0.121922    0.126022    0.0278255    
0.0739389    0.121011    0.125957    0.0280677    0.0739389    0.121011    0.125957    0.0280677    
0.0736884    0.120176    0.125888    0.0282958    0.0736884    0.120176    0.125888    0.0282958    
0.073456    0.11941    0.12582    0.0285088    0.073456    0.11941    0.12582    0.0285088    
0.0732529    0.118722    0.125747    0.0287077    0.0732529    0.118722    0.125747    0.0287077    
0.0730361    0.118166    0.125612    0.0289105    0.0730361    0.118166    0.125612    0.0289105    
0.0728638    0.117618    0.125544    0.029076    0.0728638    0.117618    0.125544    0.029076    
0.072729    0.117134    0.125481    0.0292236    0.072729    0.117134    0.125481    0.0292236    
0.0726034    0.116719    0.125422    0.029354    0.0726034    0.116719    0.125422    0.029354    
0.0724968    0.11637    0.125369    0.0294658    0.0724968    0.11637    0.125369    0.0294658    
0.0724089    0.116084    0.125324    0.0295588    0.0724089    0.116084    0.125324    0.0295588    
0.0723399    0.115859    0.125288    0.0296326    0.0723399    0.115859    0.125288    0.0296326    
0.0722899    0.115696    0.125261    0.0296869    0.0722899    0.115696    0.125261    0.0296869    
0.0722586    0.115594    0.125243    0.0297216    0.0722586    0.115594    0.125243    0.0297216    
0.0722459    0.115552    0.125236    0.0297366    0.0722459    0.115552    0.125236    0.0297366    
0.0722521    0.115568    0.125238    0.0297318    0.0722521    0.115568    0.125238    0.0297318    
0.0722775    0.115644    0.125252    0.0297073    0.0722775    0.115644    0.125252    0.0297073    
0.0723214    0.115779    0.125274    0.0296634    0.0723214    0.115779    0.125274    0.0296634    
0.0723845    0.115976    0.125306    0.0295997    0.0723845    0.115976    0.125306    0.0295997    
0.0724663    0.116234    0.125346    0.029517    0.0724663    0.116234    0.125346    0.029517    
0.0725676    0.116554    0.125394    0.0294155    0.0725676    0.116554    0.125394    0.0294155    
0.0726877    0.116938    0.125449    0.0292956    0.0726877    0.116938    0.125449    0.0292956    
0.072828    0.117386    0.125509    0.0291577    0.072828    0.117386    0.125509    0.0291577    
0.0729766    0.117905    0.12557    0.029003    0.0729766    0.117905    0.12557    0.029003    
0.0731561    0.118489    0.125636    0.028831    0.0731561    0.118489    0.125636    0.028831    
0.0733883    0.119079    0.125766    0.0286232    0.0733883    0.119079    0.125766    0.0286232    
0.0736131    0.119805    0.125831    0.02842    0.0736131    0.119805    0.125831    0.02842    
0.0738609    0.120606    0.125889    0.0282039    0.0738609    0.120606    0.125889    0.0282039    
0.0741276    0.121477    0.125946    0.0279734    0.0741276    0.121477    0.125946    0.0279734    
0.0744173    0.122422    0.125995    0.027731    0.0744173    0.122422    0.125995    0.027731    
0.0747095    0.123529    0.126047    0.027466    0.0747095    0.123529    0.126047    0.027466    
0.0750621    0.124552    0.12608    0.0272075    0.0750621    0.124552    0.12608    0.0272075    
0.0754284    0.12572    0.126095    0.0269369    0.0754284    0.12572    0.126095    0.0269369    
0.0758092    0.126975    0.126093    0.0266595    0.0758092    0.126975    0.126093    0.0266595    
0.0762142    0.128289    0.126075    0.026378    0.0762142    0.128289    0.126075    0.026378    
0.0766436    0.129661    0.126046    0.0260915    0.0766436    0.129661    0.126046    0.0260915    
0.0770974    0.131084    0.126008    0.0258006    0.0770974    0.131084    0.126008    0.0258006    
0.0775522    0.13261    0.125914    0.0255214    0.0775522    0.13261    0.125914    0.0255214    
0.0780332    0.134132    0.125829    0.0252373    0.0780332    0.134132    0.125829    0.0252373    
0.0785298    0.135677    0.125733    0.0249563    0.0785298    0.135677    0.125733    0.0249563    
0.0790387    0.137229    0.125627    0.0246807    0.0790387    0.137229    0.125627    0.0246807    
0.0795873    0.13867    0.125576    0.0243949    0.0795873    0.13867    0.125576    0.0243949    
0.0801197    0.140132    0.125471    0.024135    0.0801197    0.140132    0.125471    0.024135    
0.0805988    0.14154    0.125383    0.0238799    0.0805988    0.14154    0.125383    0.0238799    
0.081165    0.142859    0.125314    0.0236331    0.081165    0.142859    0.125314    0.0236331    
0.081658    0.144107    0.125237    0.0234071    0.081658    0.144107    0.125237    0.0234071    
0.0820616    0.145471    0.125045    0.0232317    0.0820616    0.145471    0.125045    0.0232317    
0.0824201    0.146536    0.124943    0.0230604    0.0824201    0.146536    0.124943    0.0230604    
0.0827547    0.147452    0.124855    0.0229125    0.0827547    0.147452    0.124855    0.0229125    
0.0830383    0.148196    0.12479    0.0227887    0.0830383    0.148196    0.12479    0.0227887    
0.0832554    0.148772    0.124735    0.0226954    0.0832554    0.148772    0.124735    0.0226954    
0.0834015    0.149162    0.124699    0.0226313    0.0834015    0.149162    0.124699    0.0226313    
0.0834734    0.149359    0.124684    0.0225972    0.0834734    0.149359    0.124684    0.0225972    
0.0834694    0.149358    0.12469    0.0225936    0.0834694    0.149358    0.12469    0.0225936    
0.0833895    0.149162    0.124719    0.0226203    0.0833895    0.149162    0.124719    0.0226203    
0.0832357    0.148772    0.124768    0.0226769    0.0832357    0.148772    0.124768    0.0226769    
0.0830115    0.148198    0.124837    0.0227624    0.0830115    0.148198    0.124837    0.0227624    
0.08272    0.147445    0.124918    0.0228788    0.08272    0.147445    0.124918    0.0228788    
0.0823758    0.146547    0.125021    0.0230171    0.0823758    0.146547    0.125021    0.0230171    
0.081996    0.145484    0.125141    0.0231797    0.081996    0.145484    0.125141    0.0231797    
0.0815275    0.14433    0.125221    0.0233825    0.0815275    0.14433    0.125221    0.0233825    
0.0811016    0.142881    0.12545    0.0235619    0.0811016    0.142881    0.12545    0.0235619    
0.0805988    0.141559    0.125547    0.0237962    0.0805988    0.141559    0.125547    0.0237962    
0.0800619    0.140173    0.125637    0.0240485    0.0800619    0.140173    0.125637    0.0240485    
0.0795262    0.138722    0.125749    0.0243044    0.0795262    0.138722    0.125749    0.0243044    
0.07897    0.137286    0.125805    0.0245873    0.07897    0.137286    0.125805    0.0245873    
0.0784502    0.135735    0.125911    0.0248633    0.0784502    0.135735    0.125911    0.0248633    
0.077952    0.134188    0.126004    0.0251459    0.077952    0.134188    0.126004    0.0251459    
0.0774682    0.132663    0.12608    0.0254338    0.0774682    0.132663    0.12608    0.0254338    
0.0770167    0.131132    0.126166    0.0257173    0.0770167    0.131132    0.126166    0.0257173    
0.0765693    0.129704    0.126192    0.0260138    0.0765693    0.129704    0.126192    0.0260138    
0.0761418    0.128325    0.126205    0.0263075    0.0761418    0.128325    0.126205    0.0263075    
0.0757387    0.127004    0.126208    0.0265964    0.0757387    0.127004    0.126208    0.0265964    
0.0753624    0.125742    0.126194    0.026881    0.0753624    0.125742    0.126194    0.026881    
0.0749918    0.124571    0.126159    0.0271604    0.0749918    0.124571    0.126159    0.0271604    
0.0746501    0.12354    0.126117    0.027424    0.0746501    0.12354    0.126117    0.027424    
0.0743584    0.122426    0.126053    0.0276947    0.0743584    0.122426    0.126053    0.0276947    
0.0740782    0.121475    0.125991    0.0279436    0.0740782    0.121475    0.125991    0.0279436    
0.0738159    0.120601    0.125924    0.0281789    0.0738159    0.120601    0.125924    0.0281789    
0.073577    0.119796    0.125857    0.0283998    0.073577    0.119796    0.125857    0.0283998    
0.0733586    0.119069    0.125785    0.0286067    0.0733586    0.119069    0.125785    0.0286067    
0.0731418    0.118474    0.125651    0.0288172    0.0731418    0.118474    0.125651    0.0288172    
0.0729479    0.117892    0.125579    0.0289924    0.0729479    0.117892    0.125579    0.0289924    
0.072802    0.117373    0.125514    0.0291493    0.072802    0.117373    0.125514    0.0291493    
0.072666    0.116924    0.125452    0.0292892    0.072666    0.116924    0.125452    0.0292892    
0.0725493    0.116541    0.125395    0.0294108    0.0725493    0.116541    0.125395    0.0294108    
0.0724512    0.116222    0.125346    0.0295138    0.0724512    0.116222    0.125346    0.0295138    
0.0723724    0.115965    0.125305    0.0295977    0.0723724    0.115965    0.125305    0.0295977    
0.0723125    0.11577    0.125273    0.0296622    0.0723125    0.11577    0.125273    0.0296622    
0.0722713    0.115636    0.12525    0.0297072    0.0722713    0.115636    0.12525    0.0297072    
0.0722487    0.115563    0.125237    0.0297326    0.0722487    0.115563    0.125237    0.0297326    
0.0722451    0.115548    0.125235    0.0297382    0.0722451    0.115548    0.125235    0.0297382    
0.0722604    0.115593    0.125243    0.029724    0.0722604    0.115593    0.125243    0.029724    
0.0722947    0.115697    0.12526    0.0296901    0.0722947    0.115697    0.12526    0.0296901    
0.0723478    0.115861    0.125287    0.0296368    0.0723478    0.115861    0.125287    0.0296368    
0.0724198    0.116087    0.125324    0.0295641    0.0724198    0.116087    0.125324    0.0295641    
0.0725109    0.116374    0.125368    0.0294723    0.0725109    0.116374    0.125368    0.0294723    
0.0726209    0.116725    0.125419    0.0293619    0.0726209    0.116725    0.125419    0.0293619    
0.0727509    0.117139    0.125476    0.0292333    0.0727509    0.117139    0.125476    0.0292333    
0.072889    0.117623    0.125536    0.0290876    0.072889    0.117623    0.125536    0.0290876    
0.0730577    0.118171    0.125601    0.0289243    0.0730577    0.118171    0.125601    0.0289243    
0.0732785    0.118726    0.125731    0.0287245    0.0732785    0.118726    0.125731    0.0287245    
0.0734973    0.119412    0.125797    0.0285294    0.0734973    0.119412    0.125797    0.0285294    
0.0737294    0.120176    0.125857    0.0283203    0.0737294    0.120176    0.125857    0.0283203    
0.0739841    0.121008    0.125917    0.0280966    0.0739841    0.121008    0.125917    0.0280966    
0.0742618    0.121915    0.12597    0.0278602    0.0742618    0.121915    0.12597    0.0278602    
0.0745446    0.122974    0.126028    0.0276013    0.0745446    0.122974    0.126028    0.0276013    
0.0748832    0.123965    0.126066    0.0273472    0.0748832    0.123965    0.126066    0.0273472    
0.0752225    0.125101    0.126085    0.0270811    0.0752225    0.125101    0.126085    0.0270811    
0.0756035    0.126314    0.126094    0.0268063    0.0756035    0.126314    0.126094    0.0268063    
0.0759936    0.127592    0.126086    0.0265265    0.0759936    0.127592    0.126086    0.0265265    
0.0764153    0.128934    0.126063    0.0262422    0.0764153    0.128934    0.126063    0.0262422    
0.0769196    0.13012    0.12604    0.0259664    0.0769196    0.13012    0.12604    0.0259664    
0.0773351    0.131777    0.125975    0.0256657    0.0773351    0.131777    0.125975    0.0256657    
0.0777828    0.133331    0.125875    0.0253858    0.0777828    0.133331    0.125875    0.0253858    
0.0782689    0.134865    0.125785    0.0251029    0.0782689    0.134865    0.125785    0.0251029    
0.0787714    0.136417    0.125684    0.0248242    0.0787714    0.136417    0.125684    0.0248242    
0.0793112    0.137862    0.125637    0.0245346    0.0793112    0.137862    0.125637    0.0245346    
0.0798449    0.139389    0.125526    0.0242682    0.0798449    0.139389    0.125526    0.0242682    
0.0803751    0.140805    0.125436    0.0240093    0.0803751    0.140805    0.125436    0.0240093    
0.0809015    0.142171    0.125357    0.0237579    0.0809015    0.142171    0.125357    0.0237579    
0.0814074    0.143467    0.125278    0.0235221    0.0814074    0.143467    0.125278    0.0235221    
0.0818075    0.144895    0.125053    0.023348    0.0818075    0.144895    0.125053    0.023348    
0.0822181    0.146001    0.12499    0.0231486    0.0822181    0.146001    0.12499    0.0231486    
0.0825872    0.146997    0.124899    0.022986    0.0825872    0.146997    0.124899    0.022986    
0.0829059    0.147828    0.124825    0.0228484    0.0829059    0.147828    0.124825    0.0228484    
0.0831531    0.148499    0.124761    0.0227398    0.0831531    0.148499    0.124761    0.0227398    
0.0833365    0.148988    0.124715    0.0226602    0.0833365    0.148988    0.124715    0.0226602    
0.0834476    0.149286    0.124688    0.0226103    0.0834476    0.149286    0.124688    0.0226103    
0.0834835    0.149389    0.124684    0.0225907    0.0834835    0.149389    0.124684    0.0225907    
0.0834432    0.149295    0.1247    0.0226016    0.0834432    0.149295    0.1247    0.0226016    
0.0833277    0.149006    0.124739    0.0226426    0.0833277    0.149006    0.124739    0.0226426    
0.0831395    0.148527    0.124798    0.0227131    0.0831395    0.148527    0.124798    0.0227131    
0.0828886    0.147868    0.124876    0.022812    0.0828886    0.147868    0.124876    0.022812    
0.0825651    0.147048    0.124966    0.0229399    0.0825651    0.147048    0.124966    0.0229399    
0.0821932    0.146065    0.125075    0.0230912    0.0821932    0.146065    0.125075    0.0230912    
0.0817625    0.144969    0.125154    0.0232815    0.0817625    0.144969    0.125154    0.0232815    
0.0813627    0.143546    0.125399    0.0234455    0.0813627    0.143546    0.125399    0.0234455    
0.0808762    0.142264    0.125499    0.0236694    0.0808762    0.142264    0.125499    0.0236694    
0.0803464    0.140909    0.125592    0.0239132    0.0803464    0.140909    0.125592    0.0239132    
0.0798043    0.139508    0.125688    0.0241679    0.0798043    0.139508    0.125688    0.0241679    
0.0792739    0.137998    0.125805    0.0244298    0.0792739    0.137998    0.125805    0.0244298    
0.0787251    0.136549    0.125858    0.0247172    0.0787251    0.136549    0.125858    0.0247172    
0.0782121    0.134996    0.125957    0.0249971    0.0782121    0.134996    0.125957    0.0249971    
0.0777197    0.133457    0.126043    0.0252826    0.0777197    0.133457    0.126043    0.0252826    
0.077245    0.131943    0.126115    0.0255709    0.077245    0.131943    0.126115    0.0255709    
0.0768658    0.130221    0.12619    0.0258731    0.0768658    0.130221    0.12619    0.0258731    
0.0763773    0.129035    0.126194    0.0261572    0.0763773    0.129035    0.126194    0.0261572    
0.0759421    0.127686    0.126208    0.0264465    0.0759421    0.127686    0.126208    0.0264465    
0.0755531    0.126396    0.126201    0.0267338    0.0755531    0.126396    0.126201    0.0267338    
0.0751746    0.125173    0.126178    0.0270163    0.0751746    0.125173    0.126178    0.0270163    
0.0748423    0.124027    0.126142    0.0272906    0.0748423    0.124027    0.126142    0.0272906    
0.0745022    0.123028    0.126093    0.0275508    0.0745022    0.123028    0.126093    0.0275508    
0.0742184    0.121959    0.126025    0.0278159    0.0742184    0.121959    0.126025    0.0278159    
0.0739486    0.121043    0.125959    0.0280589    0.0739486    0.121043    0.125959    0.0280589    
0.0736969    0.120204    0.125891    0.0282879    0.0736969    0.120204    0.125891    0.0282879    
0.0734634    0.119435    0.125823    0.0285018    0.0734634    0.119435    0.125823    0.0285018    
0.0732595    0.118742    0.12575    0.0287017    0.0732595    0.118742    0.12575    0.0287017    
0.0730414    0.118184    0.125614    0.0289052    0.0730414    0.118184    0.125614    0.0289052    
0.072868    0.117632    0.125545    0.0290718    0.072868    0.117632    0.125545    0.0290718    
0.0727322    0.117145    0.125483    0.0292203    0.0727322    0.117145    0.125483    0.0292203    
0.0726056    0.116727    0.125423    0.0293516    0.0726056    0.116727    0.125423    0.0293516    
0.072498    0.116374    0.12537    0.0294645    0.072498    0.116374    0.12537    0.0294645    
0.0724091    0.116085    0.125324    0.0295584    0.0724091    0.116085    0.125324    0.0295584    
0.0723392    0.115857    0.125287    0.0296332    0.0723392    0.115857    0.125287    0.0296332    
0.0722882    0.115692    0.12526    0.0296885    0.0722882    0.115692    0.12526    0.0296885    
0.0722561    0.115586    0.125242    0.0297242    0.0722561    0.115586    0.125242    0.0297242    
0.0722424    0.115541    0.125234    0.0297402    0.0722424    0.115541    0.125234    0.0297402    
0.0722477    0.115554    0.125236    0.0297364    0.0722477    0.115554    0.125236    0.0297364    
0.0722721    0.115627    0.125249    0.0297128    0.0722721    0.115627    0.125249    0.0297128    
0.0723153    0.11576    0.125271    0.0296697    0.0723153    0.11576    0.125271    0.0296697    
0.0723773    0.115953    0.125302    0.0296071    0.0723773    0.115953    0.125302    0.0296071    
0.0724583    0.116208    0.125342    0.0295252    0.0724583    0.116208    0.125342    0.0295252    
0.0725586    0.116525    0.12539    0.0294245    0.0725586    0.116525    0.12539    0.0294245    
0.0726779    0.116906    0.125445    0.0293054    0.0726779    0.116906    0.125445    0.0293054    
0.0728173    0.117352    0.125504    0.0291682    0.0728173    0.117352    0.125504    0.0291682    
0.0729649    0.117868    0.125566    0.0290143    0.0729649    0.117868    0.125566    0.0290143    
0.0731435    0.118448    0.125632    0.028843    0.0731435    0.118448    0.125632    0.028843    
0.0733747    0.119035    0.125762    0.0286358    0.0733747    0.119035    0.125762    0.0286358    
0.0735985    0.119757    0.125827    0.0284331    0.0735985    0.119757    0.125827    0.0284331    
0.0738454    0.120555    0.125886    0.0282176    0.0738454    0.120555    0.125886    0.0282176    
0.0741112    0.121423    0.125943    0.0279875    0.0741112    0.121423    0.125943    0.0279875    
0.0743997    0.122366    0.125992    0.0277454    0.0743997    0.122366    0.125992    0.0277454    
0.0746913    0.123468    0.126045    0.0274808    0.0746913    0.123468    0.126045    0.0274808    
0.0750427    0.124488    0.126078    0.0272225    0.0750427    0.124488    0.126078    0.0272225    
0.0754079    0.125654    0.126094    0.0269521    0.0754079    0.125654    0.126094    0.0269521    
0.0757877    0.126905    0.126093    0.0266748    0.0757877    0.126905    0.126093    0.0266748    
0.0761921    0.128217    0.126076    0.0263934    0.0761921    0.128217    0.126076    0.0263934    
0.0766205    0.129587    0.126048    0.0261067    0.0766205    0.129587    0.126048    0.0261067    
0.0770735    0.131009    0.126011    0.0258156    0.0770735    0.131009    0.126011    0.0258156    
0.0775279    0.132533    0.125918    0.0255361    0.0775279    0.132533    0.125918    0.0255361    
0.0780085    0.134055    0.125834    0.0252516    0.0780085    0.134055    0.125834    0.0252516    
0.0785049    0.135601    0.125738    0.0249701    0.0785049    0.135601    0.125738    0.0249701    
0.0790139    0.137154    0.125632    0.024694    0.0790139    0.137154    0.125632    0.024694    
0.0795627    0.138597    0.125581    0.0244076    0.0795627    0.138597    0.125581    0.0244076    
0.0800948    0.140066    0.125474    0.0241474    0.0800948    0.140066    0.125474    0.0241474    
0.080573    0.141478    0.125387    0.0238915    0.080573    0.141478    0.125387    0.0238915    
0.0811426    0.142802    0.125318    0.0236436    0.0811426    0.142802    0.125318    0.0236436    
0.0816377    0.144055    0.12524    0.0234164    0.0816377    0.144055    0.12524    0.0234164    
0.0820255    0.145429    0.125046    0.0232403    0.0820255    0.145429    0.125046    0.0232403    
0.0824043    0.146498    0.124946    0.0230668    0.0824043    0.146498    0.124946    0.0230668    
0.0827435    0.147422    0.124858    0.0229174    0.0827435    0.147422    0.124858    0.0229174    
0.0830305    0.148175    0.124792    0.0227922    0.0830305    0.148175    0.124792    0.0227922    
0.0832511    0.148761    0.124736    0.0226974    0.0832511    0.148761    0.124736    0.0226974    
0.083401    0.14916    0.124699    0.0226317    0.083401    0.14916    0.124699    0.0226317    
0.0834767    0.149367    0.124683    0.0225961    0.0834767    0.149367    0.124683    0.0225961    
0.0834765    0.149376    0.124688    0.022591    0.0834765    0.149376    0.124688    0.022591    
0.0834002    0.149189    0.124715    0.0226163    0.0834002    0.149189    0.124715    0.0226163    
0.0832498    0.148808    0.124764    0.0226714    0.0832498    0.148808    0.124764    0.0226714    
0.0830286    0.148242    0.124832    0.0227556    0.0830286    0.148242    0.124832    0.0227556    
0.0827425    0.147501    0.12492    0.0228673    0.0827425    0.147501    0.12492    0.0228673    
0.082398    0.146605    0.125016    0.0230076    0.082398    0.146605    0.125016    0.0230076    
0.0820197    0.145549    0.125134    0.0231696    0.0820197    0.145549    0.125134    0.0231696    
0.0815529    0.1444    0.125214    0.0233715    0.0815529    0.1444    0.125214    0.0233715    
0.0811288    0.14295    0.125445    0.0235496    0.0811288    0.14295    0.125445    0.0235496    
0.0806269    0.141631    0.125542    0.0237832    0.0806269    0.141631    0.125542    0.0237832    
0.0800902    0.140247    0.125632    0.0240349    0.0800902    0.140247    0.125632    0.0240349    
0.0795573    0.138809    0.125739    0.0242916    0.0795573    0.138809    0.125739    0.0242916    
0.0789951    0.137363    0.1258    0.0245736    0.0789951    0.137363    0.1258    0.0245736    
0.0784752    0.135812    0.125906    0.0248495    0.0784752    0.135812    0.125906    0.0248495    
0.0779759    0.134263    0.126    0.025132    0.0779759    0.134263    0.126    0.025132    
0.077491    0.132735    0.126077    0.0254199    0.077491    0.132735    0.126077    0.0254199    
0.0770383    0.131201    0.126164    0.0257034    0.0770383    0.131201    0.126164    0.0257034    
0.0766422    0.129593    0.126196    0.0260123    0.0766422    0.129593    0.126196    0.0260123    
0.076173    0.128385    0.1262    0.0262963    0.076173    0.128385    0.1262    0.0262963    
0.0757568    0.127061    0.126208    0.0265835    0.0757568    0.127061    0.126208    0.0265835    
0.0753783    0.125795    0.126195    0.0268687    0.0753783    0.125795    0.126195    0.0268687    
0.0750064    0.124619    0.126161    0.0271487    0.0750064    0.124619    0.126161    0.0271487    
0.0746633    0.123584    0.126119    0.027413    0.0746633    0.123584    0.126119    0.027413    
0.0743702    0.122466    0.126056    0.0276845    0.0743702    0.122466    0.126056    0.0276845    
0.0740888    0.121511    0.125993    0.0279342    0.0740888    0.121511    0.125993    0.0279342    
0.0738252    0.120632    0.125927    0.0281704    0.0738252    0.120632    0.125927    0.0281704    
0.0735851    0.119823    0.12586    0.0283922    0.0735851    0.119823    0.12586    0.0283922    
0.0733655    0.119092    0.125787    0.0286    0.0733655    0.119092    0.125787    0.0286    
0.0731476    0.118493    0.125653    0.0288115    0.0731476    0.118493    0.125653    0.0288115    
0.0729526    0.117908    0.125581    0.0289877    0.0729526    0.117908    0.125581    0.0289877    
0.0728056    0.117385    0.125516    0.0291456    0.0728056    0.117385    0.125516    0.0291456    
0.0726685    0.116933    0.125453    0.0292865    0.0726685    0.116933    0.125453    0.0292865    
0.0725508    0.116546    0.125396    0.0294092    0.0725508    0.116546    0.125396    0.0294092    
0.0724517    0.116223    0.125346    0.0295132    0.0724517    0.116223    0.125346    0.0295132    
0.0723718    0.115964    0.125305    0.0295981    0.0723718    0.115964    0.125305    0.0295981    
0.0723109    0.115765    0.125272    0.0296638    0.0723109    0.115765    0.125272    0.0296638    
0.0722688    0.115628    0.125249    0.0297098    0.0722688    0.115628    0.125249    0.0297098    
0.0722452    0.115552    0.125236    0.0297362    0.0722452    0.115552    0.125236    0.0297362    
0.0722407    0.115534    0.125233    0.0297428    0.0722407    0.115534    0.125233    0.0297428    
0.0722549    0.115576    0.12524    0.0297296    0.0722549    0.115576    0.12524    0.0297296    
0.0722883    0.115676    0.125257    0.0296968    0.0722883    0.115676    0.125257    0.0296968    
0.0723404    0.115838    0.125284    0.0296444    0.0723404    0.115838    0.125284    0.0296444    
0.0724114    0.11606    0.125319    0.0295726    0.0724114    0.11606    0.125319    0.0295726    
0.0725016    0.116345    0.125363    0.0294818    0.0725016    0.116345    0.125363    0.0294818    
0.0726106    0.116692    0.125414    0.0293723    0.0726106    0.116692    0.125414    0.0293723    
0.0727396    0.117103    0.125471    0.0292445    0.0727396    0.117103    0.125471    0.0292445    
0.0728768    0.117584    0.125531    0.0290996    0.0728768    0.117584    0.125531    0.0290996    
0.0730444    0.118128    0.125596    0.028937    0.0730444    0.118128    0.125596    0.028937    
0.0732469    0.118734    0.125667    0.0287566    0.0732469    0.118734    0.125667    0.0287566    
0.0734766    0.119361    0.125793    0.0285434    0.0734766    0.119361    0.125793    0.0285434    
0.0737128    0.120122    0.125853    0.0283348    0.0737128    0.120122    0.125853    0.0283348    
0.0739667    0.120951    0.125913    0.0281117    0.0739667    0.120951    0.125913    0.0281117    
0.0742433    0.121854    0.125967    0.0278757    0.0742433    0.121854    0.125967    0.0278757    
0.0745254    0.122909    0.126025    0.0276173    0.0745254    0.122909    0.126025    0.0276173    
0.0748626    0.123898    0.126064    0.0273634    0.0748626    0.123898    0.126064    0.0273634    
0.0752007    0.12503    0.126084    0.0270977    0.0752007    0.12503    0.126084    0.0270977    
0.0755807    0.12624    0.126093    0.0268229    0.0755807    0.12624    0.126093    0.0268229    
0.0759693    0.127517    0.126086    0.0265432    0.0759693    0.127517    0.126086    0.0265432    
0.0763905    0.128855    0.126065    0.0262588    0.0763905    0.128855    0.126065    0.0262588    
0.0768907    0.130048    0.126036    0.0259848    0.0768907    0.130048    0.126036    0.0259848    
0.077308    0.131695    0.125978    0.025682    0.077308    0.131695    0.125978    0.025682    
0.0777561    0.133247    0.12588    0.0254015    0.0777561    0.133247    0.12588    0.0254015    
0.078242    0.134782    0.12579    0.0251182    0.078242    0.134782    0.12579    0.0251182    
0.0787444    0.136334    0.125689    0.0248389    0.0787444    0.136334    0.125689    0.0248389    
0.0792566    0.137886    0.125579    0.024566    0.0792566    0.137886    0.125579    0.024566    
0.0798089    0.139309    0.12553    0.0242827    0.0798089    0.139309    0.12553    0.0242827    
0.0803477    0.140734    0.125439    0.0240226    0.0803477    0.140734    0.125439    0.0240226    
0.080876    0.142105    0.12536    0.0237701    0.080876    0.142105    0.12536    0.0237701    
0.0813837    0.143406    0.125282    0.0235332    0.0813837    0.143406    0.125282    0.0235332    
0.0817867    0.144838    0.125058    0.0233573    0.0817867    0.144838    0.125058    0.0233573    
0.0822003    0.145952    0.124994    0.0231565    0.0822003    0.145952    0.124994    0.0231565    
0.0825724    0.146957    0.124902    0.0229925    0.0825724    0.146957    0.124902    0.0229925    
0.0828947    0.147798    0.124828    0.0228533    0.0828947    0.147798    0.124828    0.0228533    
0.0831455    0.148478    0.124763    0.0227432    0.0831455    0.148478    0.124763    0.0227432    
0.0833328    0.148978    0.124715    0.0226619    0.0833328    0.148978    0.124715    0.0226619    
0.083448    0.149287    0.124688    0.0226104    0.083448    0.149287    0.124688    0.0226104    
0.083488    0.149401    0.124682    0.0225892    0.083488    0.149401    0.124682    0.0225892    
0.0834517    0.149317    0.124698    0.0225985    0.0834517    0.149317    0.124698    0.0225985    
0.08334    0.149038    0.124735    0.0226379    0.08334    0.149038    0.124735    0.0226379    
0.0831555    0.148568    0.124793    0.022707    0.0831555    0.148568    0.124793    0.022707    
0.0829029    0.147918    0.124871    0.0228042    0.0829029    0.147918    0.124871    0.0228042    
0.0825853    0.147106    0.124959    0.0229311    0.0825853    0.147106    0.124959    0.0229311    
0.0822175    0.14613    0.125068    0.0230811    0.0822175    0.14613    0.125068    0.0230811    
0.0818007    0.145015    0.125204    0.0232487    0.0818007    0.145015    0.125204    0.0232487    
0.0813943    0.143621    0.125399    0.0234304    0.0813943    0.143621    0.125399    0.0234304    
0.0809061    0.142341    0.125495    0.0236556    0.0809061    0.142341    0.125495    0.0236556    
0.0803766    0.140988    0.125587    0.0238991    0.0803766    0.140988    0.125587    0.0238991    
0.0798362    0.139583    0.125687    0.0241522    0.0798362    0.139583    0.125687    0.0241522    
0.0793031    0.138082    0.125799    0.0244151    0.0793031    0.138082    0.125799    0.0244151    
0.0787528    0.136632    0.125852    0.0247023    0.0787528    0.136632    0.125852    0.0247023    
0.0782388    0.135078    0.125952    0.024982    0.0782388    0.135078    0.125952    0.024982    
0.0777449    0.133537    0.126038    0.0252674    0.0777449    0.133537    0.126038    0.0252674    
0.0772692    0.132021    0.126112    0.0255558    0.0772692    0.132021    0.126112    0.0255558    
0.0768904    0.13029    0.126189    0.0258583    0.0768904    0.13029    0.126189    0.0258583    
0.0763994    0.129105    0.126193    0.0261423    0.0763994    0.129105    0.126193    0.0261423    
0.0759624    0.127752    0.126208    0.0264319    0.0759624    0.127752    0.126208    0.0264319    
0.0755718    0.126458    0.126202    0.0267197    0.0755718    0.126458    0.126202    0.0267197    
0.075192    0.125231    0.126179    0.0270027    0.075192    0.125231    0.126179    0.0270027    
0.0748579    0.124081    0.126144    0.0272776    0.0748579    0.124081    0.126144    0.0272776    
0.0745164    0.123077    0.126096    0.0275385    0.0745164    0.123077    0.126096    0.0275385    
0.0742314    0.122002    0.126027    0.0278044    0.0742314    0.122002    0.126027    0.0278044    
0.0739604    0.121083    0.125962    0.0280483    0.0739604    0.121083    0.125962    0.0280483    
0.0737074    0.120239    0.125894    0.0282782    0.0737074    0.120239    0.125894    0.0282782    
0.0734727    0.119466    0.125826    0.028493    0.0734727    0.119466    0.125826    0.028493    
0.0732676    0.118769    0.125753    0.0286938    0.0732676    0.118769    0.125753    0.0286938    
0.0730483    0.118207    0.125617    0.0288984    0.0730483    0.118207    0.125617    0.0288984    
0.0728737    0.117651    0.125548    0.029066    0.0728737    0.117651    0.125548    0.029066    
0.0727368    0.11716    0.125485    0.0292156    0.0727368    0.11716    0.125485    0.0292156    
0.0726091    0.116738    0.125425    0.029348    0.0726091    0.116738    0.125425    0.029348    
0.0725004    0.116382    0.125371    0.0294619    0.0725004    0.116382    0.125371    0.0294619    
0.0724104    0.116089    0.125325    0.029557    0.0724104    0.116089    0.125325    0.029557    
0.07234    0.11586    0.125289    0.0296323    0.07234    0.11586    0.125289    0.0296323    
0.0722872    0.115689    0.125259    0.0296893    0.0722872    0.115689    0.125259    0.0296893    
0.0722539    0.115581    0.125241    0.0297261    0.0722539    0.115581    0.125241    0.0297261    
0.0722394    0.115532    0.125232    0.0297432    0.0722394    0.115532    0.125232    0.0297432    
0.0722437    0.115542    0.125234    0.0297405    0.0722437    0.115542    0.125234    0.0297405    
0.0722671    0.115611    0.125246    0.029718    0.0722671    0.115611    0.125246    0.029718    
0.0723092    0.11574    0.125268    0.0296759    0.0723092    0.11574    0.125268    0.0296759    
0.0723702    0.115931    0.125299    0.0296143    0.0723702    0.115931    0.125299    0.0296143    
0.0724501    0.116182    0.125338    0.0295335    0.0724501    0.116182    0.125338    0.0295335    
0.0725494    0.116496    0.125386    0.0294338    0.0725494    0.116496    0.125386    0.0294338    
0.0726676    0.116873    0.12544    0.0293156    0.0726676    0.116873    0.12544    0.0293156    
0.0728059    0.117315    0.125499    0.0291794    0.0728059    0.117315    0.125499    0.0291794    
0.0729524    0.117827    0.125561    0.0290263    0.0729524    0.117827    0.125561    0.0290263    
0.0731299    0.118404    0.125627    0.0288559    0.0731299    0.118404    0.125627    0.0288559    
0.0733599    0.118987    0.125757    0.0286494    0.0733599    0.118987    0.125757    0.0286494    
0.0735827    0.119706    0.125823    0.0284475    0.0735827    0.119706    0.125823    0.0284475    
0.0738284    0.1205    0.125881    0.0282326    0.0738284    0.1205    0.125881    0.0282326    
0.0740929    0.121363    0.125939    0.0280031    0.0740929    0.121363    0.125939    0.0280031    
0.0743803    0.122302    0.125989    0.0277615    0.0743803    0.122302    0.125989    0.0277615    
0.074671    0.123399    0.126043    0.0274974    0.074671    0.123399    0.126043    0.0274974    
0.0750209    0.124417    0.126077    0.0272394    0.0750209    0.124417    0.126077    0.0272394    
0.0753849    0.125579    0.126093    0.0269692    0.0753849    0.125579    0.126093    0.0269692    
0.0757635    0.126827    0.126093    0.026692    0.0757635    0.126827    0.126093    0.026692    
0.076167    0.128135    0.126078    0.0264105    0.076167    0.128135    0.126078    0.0264105    
0.0765941    0.129503    0.12605    0.026124    0.0765941    0.129503    0.12605    0.026124    
0.0770462    0.130923    0.126014    0.0258328    0.0770462    0.130923    0.126014    0.0258328    
0.0775    0.132444    0.125922    0.0255529    0.0775    0.132444    0.125922    0.0255529    
0.0779801    0.133965    0.125839    0.0252681    0.0779801    0.133965    0.125839    0.0252681    
0.078476    0.135512    0.125744    0.0249862    0.078476    0.135512    0.125744    0.0249862    
0.0789849    0.137066    0.125638    0.0247095    0.0789849    0.137066    0.125638    0.0247095    
0.0795338    0.138512    0.125588    0.0244225    0.0795338    0.138512    0.125588    0.0244225    
0.0800653    0.139988    0.125478    0.0241621    0.0800653    0.139988    0.125478    0.0241621    
0.0805996    0.141387    0.1254    0.0239025    0.0805996    0.141387    0.1254    0.0239025    
0.0811202    0.14273    0.125323    0.0236559    0.0811202    0.14273    0.125323    0.0236559    
0.0816133    0.143992    0.125245    0.0234277    0.0816133    0.143992    0.125245    0.0234277    
0.0820042    0.145371    0.125051    0.0232498    0.0820042    0.145371    0.125051    0.0232498    
0.0823863    0.146449    0.12495    0.0230748    0.0823863    0.146449    0.12495    0.0230748    
0.0827289    0.147383    0.124862    0.0229238    0.0827289    0.147383    0.124862    0.0229238    
0.0830198    0.148146    0.124795    0.0227969    0.0830198    0.148146    0.124795    0.0227969    
0.0832445    0.148743    0.124737    0.0227004    0.0832445    0.148743    0.124737    0.0227004    
0.0833987    0.149154    0.124699    0.0226329    0.0833987    0.149154    0.124699    0.0226329    
0.0834788    0.149372    0.124682    0.0225956    0.0834788    0.149372    0.124682    0.0225956    
0.083483    0.149392    0.124686    0.0225887    0.083483    0.149392    0.124686    0.0225887    
0.0834109    0.149216    0.124712    0.0226123    0.0834109    0.149216    0.124712    0.0226123    
0.0832645    0.148846    0.124759    0.0226658    0.0832645    0.148846    0.124759    0.0226658    
0.083047    0.14829    0.124827    0.0227484    0.083047    0.14829    0.124827    0.0227484    
0.0827641    0.147557    0.124913    0.0228586    0.0827641    0.147557    0.124913    0.0228586    
0.0824224    0.14667    0.125009    0.0229976    0.0824224    0.14667    0.125009    0.0229976    
0.082046    0.145621    0.125127    0.0231584    0.082046    0.145621    0.125127    0.0231584    
0.0815814    0.144477    0.125206    0.0233592    0.0815814    0.144477    0.125206    0.0233592    
0.0811597    0.143029    0.125439    0.0235358    0.0811597    0.143029    0.125439    0.0235358    
0.080659    0.141713    0.125537    0.0237682    0.080659    0.141713    0.125537    0.0237682    
0.0801226    0.140331    0.125627    0.0240194    0.0801226    0.140331    0.125627    0.0240194    
0.0795853    0.138884    0.125738    0.0242753    0.0795853    0.138884    0.125738    0.0242753    
0.0790261    0.137454    0.125792    0.0245581    0.0790261    0.137454    0.125792    0.0245581    
0.0785041    0.1359    0.1259    0.0248336    0.0785041    0.1359    0.1259    0.0248336    
0.0780037    0.134349    0.125995    0.0251159    0.0780037    0.134349    0.125995    0.0251159    
0.0775174    0.132819    0.126073    0.0254037    0.0775174    0.132819    0.126073    0.0254037    
0.0770636    0.131281    0.126161    0.0256872    0.0770636    0.131281    0.126161    0.0256872    
0.0766678    0.129664    0.126195    0.0259967    0.0766678    0.129664    0.126195    0.0259967    
0.0761956    0.128457    0.126199    0.0262807    0.0761956    0.128457    0.126199    0.0262807    
0.0757776    0.127129    0.126209    0.0265683    0.0757776    0.127129    0.126209    0.0265683    
0.0753975    0.125858    0.126196    0.026854    0.0753975    0.125858    0.126196    0.026854    
0.075024    0.124678    0.126163    0.0271346    0.075024    0.124678    0.126163    0.0271346    
0.0746792    0.123639    0.126121    0.0273996    0.0746792    0.123639    0.126121    0.0273996    
0.0743848    0.122515    0.126059    0.0276719    0.0743848    0.122515    0.126059    0.0276719    
0.074102    0.121555    0.125996    0.0279225    0.074102    0.121555    0.125996    0.0279225    
0.0738371    0.120671    0.12593    0.0281596    0.0738371    0.120671    0.12593    0.0281596    
0.0735956    0.119858    0.125863    0.0283824    0.0735956    0.119858    0.125863    0.0283824    
0.0733747    0.119123    0.125791    0.0285912    0.0733747    0.119123    0.125791    0.0285912    
0.0731555    0.118519    0.125656    0.0288037    0.0731555    0.118519    0.125656    0.0288037    
0.0729592    0.11793    0.125584    0.028981    0.0729592    0.11793    0.125584    0.028981    
0.0728111    0.117403    0.125518    0.02914    0.0728111    0.117403    0.125518    0.02914    
0.0726729    0.116947    0.125455    0.029282    0.0726729    0.116947    0.125455    0.029282    
0.0725539    0.116556    0.125398    0.0294059    0.0725539    0.116556    0.125398    0.0294059    
0.0724537    0.11623    0.125347    0.029511    0.0724537    0.11623    0.125347    0.029511    
0.0723727    0.115967    0.125305    0.0295971    0.0723727    0.115967    0.125305    0.0295971    
0.0723107    0.115765    0.125272    0.0296639    0.0723107    0.115765    0.125272    0.0296639    
0.0722674    0.115624    0.125248    0.0297111    0.0722674    0.115624    0.125248    0.0297111    
0.0722428    0.115544    0.125234    0.0297387    0.0722428    0.115544    0.125234    0.0297387    
0.0722371    0.115523    0.125231    0.0297465    0.0722371    0.115523    0.125231    0.0297465    
0.0722503    0.115561    0.125237    0.0297345    0.0722503    0.115561    0.125237    0.0297345    
0.0722825    0.115658    0.125254    0.0297027    0.0722825    0.115658    0.125254    0.0297027    
0.0723336    0.115816    0.12528    0.0296514    0.0723336    0.115816    0.12528    0.0296514    
0.0724035    0.116035    0.125315    0.0295807    0.0724035    0.116035    0.125315    0.0295807    
0.0724925    0.116316    0.125359    0.0294909    0.0724925    0.116316    0.125359    0.0294909    
0.0726004    0.116659    0.12541    0.0293825    0.0726004    0.116659    0.12541    0.0293825    
0.0727283    0.117067    0.125466    0.0292557    0.0727283    0.117067    0.125466    0.0292557    
0.0728747    0.11754    0.125528    0.0291112    0.0728747    0.11754    0.125528    0.0291112    
0.0730317    0.118084    0.125591    0.02895    0.0730317    0.118084    0.125591    0.02895    
0.0732308    0.11869    0.12566    0.0287711    0.0732308    0.11869    0.12566    0.0287711    
0.0734603    0.119309    0.125788    0.028558    0.0734603    0.119309    0.125788    0.028558    
0.0736971    0.120062    0.125852    0.0283493    0.0736971    0.120062    0.125852    0.0283493    
0.0739488    0.120891    0.125909    0.0281277    0.0739488    0.120891    0.125909    0.0281277    
0.0742237    0.12179    0.125963    0.0278923    0.0742237    0.12179    0.125963    0.0278923    
0.0745048    0.122839    0.126022    0.0276344    0.0745048    0.122839    0.126022    0.0276344    
0.0748171    0.123905    0.126061    0.027375    0.0748171    0.123905    0.126061    0.027375    
0.0751716    0.124954    0.126085    0.0271147    0.0751716    0.124954    0.126085    0.0271147    
0.0755558    0.12616    0.126093    0.0268409    0.0755558    0.12616    0.126093    0.0268409    
0.0759435    0.127434    0.126087    0.0265613    0.0759435    0.127434    0.126087    0.0265613    
