0.08539    0.149316    0.117236    0.0256952    0.08539    0.149316    0.117236    0.0256952    
0.0835441    0.149331    0.124785    0.02258    0.0835441    0.149331    0.124785    0.02258    
0.083179    0.148616    0.124926    0.0226299    0.083179    0.148616    0.124926    0.0226299    
0.0830056    0.148107    0.12487    0.0227604    0.0830056    0.148107    0.12487    0.0227604    
0.0827237    0.147389    0.124935    0.0228764    0.0827237    0.147389    0.124935    0.0228764    
0.0824007    0.146541    0.125029    0.023007    0.0824007    0.146541    0.125029    0.023007    
0.0820261    0.145603    0.125092    0.0231726    0.0820261    0.145603    0.125092    0.0231726    
0.0816285    0.144541    0.125201    0.0233407    0.0816285    0.144541    0.125201    0.0233407    
0.0812677    0.143234    0.125427    0.0234913    0.0812677    0.143234    0.125427    0.0234913    
0.0808337    0.14209    0.125514    0.0236926    0.0808337    0.14209    0.125514    0.0236926    
0.0803769    0.140914    0.125589    0.0239071    0.0803769    0.140914    0.125589    0.0239071    
0.0799094    0.139703    0.125663    0.0241291    0.0799094    0.139703    0.125663    0.0241291    
0.0794655    0.138464    0.125766    0.024343    0.0794655    0.138464    0.125766    0.024343    
0.0790048    0.137301    0.125799    0.0245797    0.0790048    0.137301    0.125799    0.0245797    
0.0785856    0.136056    0.125884    0.0248014    0.0785856    0.136056    0.125884    0.0248014    
0.0781929    0.134841    0.12596    0.0250214    0.0781929    0.134841    0.12596    0.0250214    
0.0778185    0.13367    0.126024    0.0252392    0.0778185    0.13367    0.126024    0.0252392    
0.0774634    0.132547    0.126077    0.0254531    0.0774634    0.132547    0.126077    0.0254531    
0.0771456    0.131436    0.126149    0.0256533    0.0771456    0.131436    0.126149    0.0256533    
0.0768989    0.13022    0.126175    0.0258739    0.0768989    0.13022    0.126175    0.0258739    
0.076555    0.129502    0.126178    0.0260569    0.076555    0.129502    0.126178    0.0260569    
0.0762699    0.128631    0.126194    0.0262401    0.0762699    0.128631    0.126194    0.0262401    
0.0760217    0.127819    0.1262    0.0264146    0.0760217    0.127819    0.1262    0.0264146    
0.0757941    0.12708    0.126197    0.0265795    0.0757941    0.12708    0.126197    0.0265795    
0.0755893    0.126399    0.126194    0.0267312    0.0755893    0.126399    0.126194    0.0267312    
0.075408    0.125776    0.126188    0.0268715    0.075408    0.125776    0.126188    0.0268715    
0.07523    0.125233    0.126173    0.0270004    0.07523    0.125233    0.126173    0.0270004    
0.0750813    0.12475    0.126158    0.0271161    0.0750813    0.12475    0.126158    0.0271161    
0.0749677    0.124322    0.126147    0.0272177    0.0749677    0.124322    0.126147    0.0272177    
0.0748598    0.123956    0.126133    0.0273068    0.0748598    0.123956    0.126133    0.0273068    
0.074745    0.123728    0.12612    0.0273769    0.074745    0.123728    0.12612    0.0273769    
0.0746655    0.123474    0.12611    0.0274395    0.0746655    0.123474    0.12611    0.0274395    
0.0746079    0.123273    0.1261    0.0274897    0.0746079    0.123273    0.1261    0.0274897    
0.0745664    0.123126    0.126092    0.027527    0.0745664    0.123126    0.126092    0.027527    
0.0745397    0.123029    0.126086    0.0275518    0.0745397    0.123029    0.126086    0.0275518    
0.0745274    0.122982    0.126082    0.0275643    0.0745274    0.122982    0.126082    0.0275643    
0.074529    0.122983    0.126081    0.0275649    0.074529    0.122983    0.126081    0.0275649    
0.0745441    0.12303    0.126082    0.0275541    0.0745441    0.12303    0.126082    0.0275541    
0.0745722    0.123121    0.126084    0.0275324    0.0745722    0.123121    0.126084    0.0275324    
0.0746126    0.123255    0.126088    0.0275001    0.0746126    0.123255    0.126088    0.0275001    
0.0746653    0.123431    0.126094    0.027458    0.0746653    0.123431    0.126094    0.027458    
0.0747299    0.123645    0.126101    0.0274064    0.0747299    0.123645    0.126101    0.0274064    
0.0748293    0.123817    0.126109    0.0273521    0.0748293    0.123817    0.126109    0.0273521    
0.0749225    0.124101    0.126115    0.0272845    0.0749225    0.124101    0.126115    0.0272845    
0.0750204    0.12442    0.126123    0.0272087    0.0750204    0.12442    0.126123    0.0272087    
0.0751142    0.124774    0.126128    0.0271269    0.0751142    0.124774    0.126128    0.0271269    
0.0752318    0.125154    0.126135    0.0270383    0.0752318    0.125154    0.126135    0.0270383    
0.0753713    0.125558    0.126143    0.0269433    0.0753713    0.125558    0.126143    0.0269433    
0.0755064    0.125991    0.126147    0.0268444    0.0755064    0.125991    0.126147    0.0268444    
0.0756439    0.126461    0.126145    0.026742    0.0756439    0.126461    0.126145    0.026742    
0.0757909    0.126939    0.126146    0.0266357    0.0757909    0.126939    0.126146    0.0266357    
0.0759391    0.12744    0.12614    0.0265277    0.0759391    0.12744    0.12614    0.0265277    
0.0761019    0.127953    0.126135    0.0264172    0.0761019    0.127953    0.126135    0.0264172    
0.0762649    0.128477    0.126126    0.0263058    0.0762649    0.128477    0.126126    0.0263058    
0.0764313    0.129011    0.126118    0.0261931    0.0764313    0.129011    0.126118    0.0261931    
0.0766005    0.129551    0.126107    0.0260805    0.0766005    0.129551    0.126107    0.0260805    
0.0768295    0.129897    0.1261    0.0259822    0.0768295    0.129897    0.1261    0.0259822    
0.0770258    0.130402    0.126091    0.0258722    0.0770258    0.130402    0.126091    0.0258722    
0.077132    0.131165    0.126062    0.0257506    0.077132    0.131165    0.126062    0.0257506    
0.0772846    0.131697    0.126051    0.0256423    0.0772846    0.131697    0.126051    0.0256423    
0.0774331    0.132262    0.126002    0.0255481    0.0774331    0.132262    0.126002    0.0255481    
0.0775876    0.132771    0.125974    0.0254528    0.0775876    0.132771    0.125974    0.0254528    
0.0777417    0.133259    0.12595    0.0253601    0.0777417    0.133259    0.12595    0.0253601    
0.077889    0.133725    0.125926    0.0252722    0.077889    0.133725    0.125926    0.0252722    
0.0780291    0.134166    0.125903    0.0251897    0.0780291    0.134166    0.125903    0.0251897    
0.0781606    0.134579    0.12588    0.025113    0.0781606    0.134579    0.12588    0.025113    
0.0782826    0.13496    0.125859    0.0250424    0.0782826    0.13496    0.125859    0.0250424    
0.0783941    0.135308    0.125839    0.0249784    0.0783941    0.135308    0.125839    0.0249784    
0.078493    0.13562    0.125821    0.0249211    0.078493    0.13562    0.125821    0.0249211    
0.0785813    0.135895    0.125806    0.0248707    0.0785813    0.135895    0.125806    0.0248707    
0.078657    0.136131    0.125792    0.0248277    0.078657    0.136131    0.125792    0.0248277    
0.0787198    0.136327    0.125781    0.0247917    0.0787198    0.136327    0.125781    0.0247917    
0.0787696    0.136482    0.125772    0.024763    0.0787696    0.136482    0.125772    0.024763    
0.0788061    0.136597    0.125767    0.0247416    0.0788061    0.136597    0.125767    0.0247416    
0.0788294    0.136671    0.125764    0.0247273    0.0788294    0.136671    0.125764    0.0247273    
0.0788395    0.136706    0.125764    0.0247201    0.0788395    0.136706    0.125764    0.0247201    
0.078837    0.136702    0.125766    0.0247198    0.078837    0.136702    0.125766    0.0247198    
0.0788222    0.13666    0.125772    0.0247261    0.0788222    0.13666    0.125772    0.0247261    
0.0787957    0.136584    0.125779    0.0247388    0.0787957    0.136584    0.125779    0.0247388    
0.0787582    0.136473    0.125789    0.0247575    0.0787582    0.136473    0.125789    0.0247575    
0.0787106    0.136331    0.1258    0.0247819    0.0787106    0.136331    0.1258    0.0247819    
0.0786536    0.13616    0.125814    0.0248115    0.0786536    0.13616    0.125814    0.0248115    
0.0785883    0.135963    0.125828    0.0248462    0.0785883    0.135963    0.125828    0.0248462    
0.0785157    0.135742    0.125845    0.0248849    0.0785157    0.135742    0.125845    0.0248849    
0.0784364    0.135501    0.125862    0.0249278    0.0784364    0.135501    0.125862    0.0249278    
0.0783531    0.135242    0.125879    0.0249741    0.0783531    0.135242    0.125879    0.0249741    
0.0782642    0.134968    0.125897    0.0250235    0.0782642    0.134968    0.125897    0.0250235    
0.0781716    0.134682    0.125915    0.0250754    0.0781716    0.134682    0.125915    0.0250754    
0.0780766    0.134388    0.125933    0.0251292    0.0780766    0.134388    0.125933    0.0251292    
0.0779799    0.134087    0.12595    0.0251847    0.0779799    0.134087    0.12595    0.0251847    
0.0778825    0.133783    0.125968    0.0252412    0.0778825    0.133783    0.125968    0.0252412    
0.0777852    0.133478    0.125984    0.0252982    0.0777852    0.133478    0.125984    0.0252982    
0.077689    0.133173    0.126    0.0253555    0.077689    0.133173    0.126    0.0253555    
0.0775934    0.132873    0.126014    0.0254124    0.0775934    0.132873    0.126014    0.0254124    
0.0775005    0.132579    0.126028    0.0254687    0.0775005    0.132579    0.126028    0.0254687    
0.0774117    0.132289    0.126045    0.0255225    0.0774117    0.132289    0.126045    0.0255225    
0.0773311    0.131994    0.126068    0.0255731    0.0773311    0.131994    0.126068    0.0255731    
0.0772579    0.131702    0.126095    0.0256207    0.0772579    0.131702    0.126095    0.0256207    
0.0771803    0.13145    0.126104    0.0256709    0.0771803    0.13145    0.126104    0.0256709    
0.0771048    0.131211    0.126111    0.0257189    0.0771048    0.131211    0.126111    0.0257189    
0.0770338    0.130987    0.126117    0.0257644    0.0770338    0.130987    0.126117    0.0257644    
0.0769679    0.130778    0.126123    0.025807    0.0769679    0.130778    0.126123    0.025807    
0.0769738    0.130358    0.126128    0.0258648    0.0769738    0.130358    0.126128    0.0258648    
0.0769301    0.13019    0.126123    0.0259039    0.0769301    0.13019    0.126123    0.0259039    
0.0768769    0.130041    0.126126    0.0259363    0.0768769    0.130041    0.126126    0.0259363    
0.0768285    0.129907    0.126129    0.0259653    0.0768285    0.129907    0.126129    0.0259653    
0.0767863    0.12979    0.126131    0.0259909    0.0767863    0.12979    0.126131    0.0259909    
0.0767499    0.129689    0.126132    0.026013    0.0767499    0.129689    0.126132    0.026013    
0.0767193    0.129604    0.126134    0.0260317    0.0767193    0.129604    0.126134    0.0260317    
0.0766438    0.129707    0.126129    0.0260352    0.0766438    0.129707    0.126129    0.0260352    
