1.2    -1.11643
1.20218    -1.11818
1.20627    -1.11858
1.21216    -1.11915
1.21968    -1.11983
1.22869    -1.12059
1.23901    -1.12141
1.25046    -1.12222
1.26286    -1.12302
1.27604    -1.12377
1.2898    -1.12444
1.30398    -1.12503
1.31842    -1.12552
1.33297    -1.12592
1.34748    -1.12621
1.36182    -1.12641
1.37588    -1.12652
1.38954    -1.12654
1.40273    -1.1265
1.41535    -1.1264
1.42733    -1.12626
1.43862    -1.12607
1.44916    -1.12586
1.4589    -1.12564
1.46783    -1.12541
1.4759    -1.12518
1.48311    -1.12496
1.48944    -1.12475
1.49488    -1.12456
1.49944    -1.1244
1.50313    -1.12426
1.50595    -1.12416
1.50791    -1.12408
1.50905    -1.12404
1.50938    -1.12402
1.50892    -1.12404
1.50771    -1.12409
1.50577    -1.12416
1.50315    -1.12426
1.49988    -1.12438
1.49601    -1.12452
1.49156    -1.12468
1.48659    -1.12484
1.48115    -1.12502
1.47527    -1.1252
1.46901    -1.12538
1.46242    -1.12555
1.45555    -1.12572
1.44845    -1.12588
1.44117    -1.12603
1.43377    -1.12616
1.4263    -1.12627
1.41881    -1.12637
1.41135    -1.12644
1.40397    -1.1265
1.39674    -1.12653
1.38968    -1.12654
1.38286    -1.12654
1.37632    -1.12652
1.37009    -1.12648
1.36422    -1.12643
1.35874    -1.12637
1.3537    -1.12631
1.3491    -1.12624
1.34499    -1.12617
1.34137    -1.1261
1.33827    -1.12603
1.33569    -1.12598
1.33365    -1.12593
1.33213    -1.1259
1.33114    -1.12587
1.33067    -1.12586
1.3307    -1.12586
1.33121    -1.12587
1.33219    -1.1259
1.33361    -1.12593
1.33544    -1.12597
1.33765    -1.12602
1.34021    -1.12607
1.34307    -1.12613
1.34622    -1.12619
1.3496    -1.12624
1.35318    -1.1263
1.35692    -1.12635
1.36078    -1.1264
1.36473    -1.12644
1.36874    -1.12647
1.37275    -1.1265
1.37675    -1.12652
1.3807    -1.12653
1.38458    -1.12654
1.38834    -1.12654
1.39198    -1.12654
1.39545    -1.12653
1.39876    -1.12652
1.40186    -1.12651
1.40476    -1.12649
1.40743    -1.12647
1.40987    -1.12645
1.41205    -1.12644
1.41399    -1.12642
1.41567    -1.1264
1.41708    -1.12639
1.41824    -1.12637
1.41913    -1.12636
1.41976    -1.12636
1.42015    -1.12635
1.42028    -1.12635
1.42017    -1.12635
1.41984    -1.12636
1.41928    -1.12636
1.41851    -1.12637
1.41755    -1.12638
1.4164    -1.12639
1.41508    -1.12641
1.41361    -1.12642
1.41201    -1.12644
1.41028    -1.12645
1.40844    -1.12647
1.40652    -1.12648
1.40453    -1.12649
1.40248    -1.12651
1.40039    -1.12652
1.39829    -1.12652
1.39618    -1.12653
1.39408    -1.12654
1.392    -1.12654
1.38997    -1.12654
1.388    -1.12654
1.38609    -1.12654
1.38427    -1.12654
1.38253    -1.12654
1.3809    -1.12653
1.37939    -1.12653
1.37799    -1.12652
1.37672    -1.12652
1.37558    -1.12651
1.37459    -1.12651
1.37373    -1.1265
1.37301    -1.1265
1.37244    -1.1265
1.37201    -1.12649
1.37173    -1.12649
1.37158    -1.12649
1.37157    -1.12649
1.37169    -1.12649
1.37194    -1.12649
1.37231    -1.1265
1.37278    -1.1265
1.37337    -1.1265
1.37404    -1.12651
1.37481    -1.12651
1.37565    -1.12651
1.37657    -1.12652
1.37754    -1.12652
1.37856    -1.12653
1.37962    -1.12653
1.38071    -1.12653
1.38182    -1.12654
1.38294    -1.12654
1.38406    -1.12654
1.38518    -1.12654
1.38627    -1.12654
1.38735    -1.12654
1.38839    -1.12654
1.38939    -1.12654
1.39035    -1.12654
1.39126    -1.12654
1.39212    -1.12654
1.39291    -1.12654
1.39364    -1.12654
1.3943    -1.12654
1.39489    -1.12654
1.39541    -1.12653
1.39586    -1.12653
1.39623    -1.12653
1.39652    -1.12653
1.39675    -1.12653
1.39689    -1.12653
1.39697    -1.12653
1.39698    -1.12653
1.39692    -1.12653
1.39679    -1.12653
1.3966    -1.12653
1.39636    -1.12653
1.39606    -1.12653
1.39571    -1.12653
1.39531    -1.12653
1.39487    -1.12654
1.3944    -1.12654
1.39389    -1.12654
1.39336    -1.12654
1.3928    -1.12654
1.39223    -1.12654
1.39165    -1.12654
1.39106    -1.12654
1.39047    -1.12654
1.38987    -1.12654
1.38929    -1.12654
1.38872    -1.12654
1.38816    -1.12654
1.38762    -1.12654
1.3871    -1.12654
1.38661    -1.12654
1.38615    -1.12654
1.38572    -1.12654
1.38532    -1.12654
1.38495    -1.12654
1.38463    -1.12654
1.38434    -1.12654
1.38409    -1.12654
1.38388    -1.12654
1.38371    -1.12654
1.38358    -1.12654
1.38349    -1.12654
1.38344    -1.12654
1.38342    -1.12654
1.38345    -1.12654
1.38351    -1.12654
1.3836    -1.12654
1.38372    -1.12654
1.38387    -1.12654
1.38405    -1.12654
1.38426    -1.12654
1.38449    -1.12654
1.38474    -1.12654
1.385    -1.12654
1.38528    -1.12654
1.38558    -1.12654
1.38588    -1.12654
1.38619    -1.12654
1.3865    -1.12654
1.38681    -1.12654
1.38713    -1.12654
1.38744    -1.12654
1.38774    -1.12654
1.38804    -1.12654
1.38832    -1.12654
1.3886    -1.12654
1.38886    -1.12654
1.38911    -1.12654
1.38934    -1.12654
1.38955    -1.12654
1.38974    -1.12654
1.38992    -1.12654
1.39007    -1.12654
1.39021    -1.12654
1.39032    -1.12654
1.39041    -1.12654
1.39048    -1.12654
1.39053    -1.12654
1.39056    -1.12654
1.39057    -1.12654
1.39056    -1.12654
1.39054    -1.12654
1.39049    -1.12654
1.39043    -1.12654
1.39035    -1.12654
1.39026    -1.12654
1.39015    -1.12654
1.39003    -1.12654
1.3899    -1.12654
1.38976    -1.12654
1.38962    -1.12654
1.38946    -1.12654
1.3893    -1.12654
1.38914    -1.12654
1.38898    -1.12654
1.38881    -1.12654
1.38864    -1.12654
1.38848    -1.12654
1.38832    -1.12654
1.38816    -1.12654
1.38801    -1.12654
1.38786    -1.12654
1.38772    -1.12654
1.38759    -1.12654
1.38746    -1.12654
1.38735    -1.12654
1.38724    -1.12654
1.38715    -1.12654
1.38706    -1.12654
1.38699    -1.12654
1.38693    -1.12654
1.38688    -1.12654
1.38684    -1.12654
1.38681    -1.12654
1.38679    -1.12654
1.38678    -1.12654
1.38678    -1.12654
1.3868    -1.12654
1.38682    -1.12654
1.38685    -1.12654
1.38689    -1.12654
1.38694    -1.12654
1.38699    -1.12654
1.38705    -1.12654
1.38712    -1.12654
1.3872    -1.12654
1.38727    -1.12654
1.38735    -1.12654
1.38744    -1.12654
1.38752    -1.12654
1.38761    -1.12654
1.3877    -1.12654
1.38779    -1.12654
1.38787    -1.12654
1.38796    -1.12654
1.38804    -1.12654
1.38812    -1.12654
1.3882    -1.12654
1.38828    -1.12654
1.38835    -1.12654
1.38841    -1.12654
1.38848    -1.12654
1.38853    -1.12654
1.38858    -1.12654
1.38863    -1.12654
1.38867    -1.12654
1.3887    -1.12654
1.38873    -1.12654
1.38875    -1.12654
1.38877    -1.12654
1.38878    -1.12654
1.38879    -1.12654
1.38879    -1.12654
1.38878    -1.12654
1.38877    -1.12654
1.38875    -1.12654
1.38873    -1.12654
1.38871    -1.12654
1.38868    -1.12654
1.38865    -1.12654
1.38861    -1.12654
1.38857    -1.12654
1.38853    -1.12654
1.38849    -1.12654
1.38845    -1.12654
1.3884    -1.12654
1.38836    -1.12654
1.38831    -1.12654
1.38826    -1.12654
1.38822    -1.12654
1.38817    -1.12654
1.38813    -1.12654
1.38808    -1.12654
1.38804    -1.12654
1.388    -1.12654
1.38796    -1.12654
1.38793    -1.12654
1.38789    -1.12654
1.38786    -1.12654
1.38784    -1.12654
1.38781    -1.12654
1.38779    -1.12654
1.38777    -1.12654
1.38776    -1.12654
1.38774    -1.12654
1.38773    -1.12654
1.38773    -1.12654
1.38772    -1.12654
1.38772    -1.12654
1.38773    -1.12654
1.38773    -1.12654
1.38774    -1.12654
1.38775    -1.12654
1.38776    -1.12654
1.38778    -1.12654
1.38779    -1.12654
1.38781    -1.12654
1.38783    -1.12654
1.38785    -1.12654
1.38788    -1.12654
1.3879    -1.12654
1.38792    -1.12654
1.38795    -1.12654
1.38797    -1.12654
1.388    -1.12654
1.38802    -1.12654
1.38805    -1.12654
1.38807    -1.12654
1.38809    -1.12654
1.38811    -1.12654
1.38814    -1.12654
1.38816    -1.12654
1.38818    -1.12654
1.38819    -1.12654
1.38821    -1.12654
1.38822    -1.12654
1.38824    -1.12654
1.38825    -1.12654
1.38826    -1.12654
1.38827    -1.12654
1.38827    -1.12654
1.38828    -1.12654
1.38828    -1.12654
1.38829    -1.12654
1.38829    -1.12654
1.38828    -1.12654
1.38828    -1.12654
1.38828    -1.12654
1.38827    -1.12654
1.38827    -1.12654
1.38826    -1.12654
1.38825    -1.12654
1.38824    -1.12654
1.38823    -1.12654
1.38822    -1.12654
1.38821    -1.12654
1.3882    -1.12654
1.38818    -1.12654
1.38817    -1.12654
1.38816    -1.12654
1.38814    -1.12654
1.38813    -1.12654
1.38812    -1.12654
1.38811    -1.12654
1.38809    -1.12654
1.38808    -1.12654
1.38807    -1.12654
1.38806    -1.12654
1.38805    -1.12654
1.38804    -1.12654
1.38803    -1.12654
1.38802    -1.12654
1.38802    -1.12654
1.38801    -1.12654
1.388    -1.12654
1.388    -1.12654
1.38799    -1.12654
1.38799    -1.12654
1.38799    -1.12654
1.38799    -1.12654
1.38799    -1.12654
1.38799    -1.12654
1.38799    -1.12654
1.38799    -1.12654
1.38799    -1.12654
1.388    -1.12654
1.388    -1.12654
1.38801    -1.12654
1.38801    -1.12654
1.38802    -1.12654
1.38802    -1.12654
1.38803    -1.12654
1.38803    -1.12654
1.38804    -1.12654
1.38805    -1.12654
1.38806    -1.12654
1.38806    -1.12654
1.38807    -1.12654
1.38808    -1.12654
1.38808    -1.12654
1.38809    -1.12654
1.3881    -1.12654
1.3881    -1.12654
1.38811    -1.12654
1.38811    -1.12654
1.38812    -1.12654
1.38812    -1.12654
1.38813    -1.12654
1.38813    -1.12654
1.38813    -1.12654
1.38814    -1.12654
1.38814    -1.12654
1.38814    -1.12654
1.38814    -1.12654
1.38814    -1.12654
1.38815    -1.12654
1.38815    -1.12654
1.38815    -1.12654
1.38815    -1.12654
1.38814    -1.12654
1.38814    -1.12654
1.38814    -1.12654
1.38814    -1.12654
1.38814    -1.12654
1.38813    -1.12654
1.38813    -1.12654
1.38813    -1.12654
1.38813    -1.12654
1.38812    -1.12654
1.38812    -1.12654
1.38811    -1.12654
1.38811    -1.12654
1.38811    -1.12654
1.3881    -1.12654
1.3881    -1.12654
1.3881    -1.12654
1.38809    -1.12654
1.38809    -1.12654
1.38809    -1.12654
1.38808    -1.12654
1.38808    -1.12654
1.38808    -1.12654
1.38808    -1.12654
1.38807    -1.12654
1.38807    -1.12654
