1.2    -1.17903    0.000138722    0.0199808
1.20236    -1.17976    0.000505526    0.0154725
1.20688    -1.18018    0.0010599    0.0155903
1.21341    -1.18076    0.00174967    0.0157669
1.2218    -1.18145    0.00252131    0.0159085
1.23188    -1.1822    0.00332265    0.0160715
1.24345    -1.18299    0.00410631    0.0162583
1.25631    -1.18377    0.00483205    0.0164712
1.27026    -1.1845    0.00546833    0.0166469
1.2851    -1.18516    0.00599182    0.0169132
1.30063    -1.18572    0.00638853    0.017196
1.31667    -1.18617    0.00665233    0.0174971
1.33304    -1.1865    0.00678319    0.0177715
1.34957    -1.1867    0.00678831    0.0180628
1.3661    -1.18679    0.00667815    0.0183854
1.3825    -1.18676    0.00646658    0.018677
1.39864    -1.18662    0.0061688    0.01897
1.4144    -1.1864    0.00580103    0.0192481
1.42968    -1.1861    0.00537945    0.0195356
1.4444    -1.18575    0.00492224    0.0198452
1.45848    -1.18533    0.00443907    0.0200936
1.47185    -1.18488    0.00394591    0.0203496
1.48446    -1.18441    0.00345477    0.0205961
1.49625    -1.18393    0.002976    0.0208272
1.5072    -1.18345    0.00251837    0.0210454
1.51727    -1.18298    0.00208905    0.021248
1.52645    -1.18253    0.00169375    0.0214349
1.5347    -1.18211    0.0013371    0.0216142
1.54204    -1.18172    0.00102162    0.0217651
1.54846    -1.18137    0.000749095    0.0218971
1.55395    -1.18106    0.00052006    0.022
1.55853    -1.1808    0.000334731    0.0220951
1.5622    -1.18059    0.00019214    0.0221734
1.56498    -1.18042    9.07159e-05    0.0222432
1.56689    -1.18031    2.8045e-05    0.022286
1.56795    -1.18025    1.416e-06    0.0223106
1.56819    -1.18023    7.72475e-06    0.0223185
1.56763    -1.18027    4.35563e-05    0.0223103
1.56631    -1.18035    0.000105262    0.0222865
1.56425    -1.18047    0.000189025    0.0222517
1.56149    -1.18063    0.000291113    0.0221845
1.55807    -1.18083    0.000407465    0.0221171
1.55402    -1.18106    0.000534139    0.022038
1.54938    -1.18132    0.000667264    0.021947
1.54419    -1.1816    0.00080273    0.0218572
1.53851    -1.18191    0.000937218    0.0217474
1.53237    -1.18223    0.0010673    0.0216329
1.52581    -1.18256    0.00119028    0.0214888
1.51889    -1.1829    0.00130294    0.0213511
1.51164    -1.18325    0.00140269    0.02121
1.50413    -1.18359    0.00148735    0.0210644
1.49639    -1.18393    0.00155511    0.0209147
1.48847    -1.18425    0.00160457    0.0207617
1.48043    -1.18457    0.00163475    0.0206106
1.47232    -1.18487    0.00164513    0.0204555
1.46418    -1.18515    0.00163566    0.0202993
1.45606    -1.18541    0.00160673    0.0201448
1.44802    -1.18565    0.00155791    0.0200186
1.4401    -1.18586    0.0014931    0.0198472
1.43235    -1.18605    0.00141269    0.0196956
1.4248    -1.18621    0.00131869    0.019553
1.41752    -1.18635    0.00121347    0.019416
1.41052    -1.18647    0.00109965    0.019298
1.40387    -1.18657    0.000980009    0.0191752
1.39759    -1.18664    0.000857455    0.0190592
1.39171    -1.1867    0.000734898    0.0189509
1.38627    -1.18674    0.000615184    0.0188504
1.38129    -1.18677    0.000500997    0.0187585
1.3768    -1.18678    0.000394789    0.0186755
1.37281    -1.18679    0.000298697    0.0186016
1.36935    -1.18679    0.000214486    0.0185415
1.36641    -1.18679    0.000143484    0.0184866
1.364    -1.18679    8.65715e-05    0.0184412
1.36214    -1.18678    4.41552e-05    0.0184053
1.3608    -1.18678    1.61729e-05    0.018379
1.36    -1.18677    2.11663e-06    0.0183621
1.3597    -1.18677    1.07223e-06    0.0183544
1.35991    -1.18677    1.17726e-05    0.0183557
1.3606    -1.18677    3.26628e-05    0.0183657
1.36175    -1.18678    6.1973e-05    0.0183839
1.36333    -1.18678    9.77951e-05    0.01841
1.36531    -1.18679    0.00013816    0.0184435
1.36767    -1.18679    0.000181111    0.0184838
1.37037    -1.18679    0.000224771    0.0185304
1.37338    -1.18679    0.000267406    0.0185784
1.37666    -1.18678    0.000307458    0.0186356
1.38018    -1.18677    0.000343599    0.0186976
1.3839    -1.18675    0.000374747    0.0187635
1.38778    -1.18673    0.000400079    0.0188328
1.3918    -1.1867    0.000419039    0.0189048
1.39591    -1.18666    0.000431321    0.0189788
1.40007    -1.18661    0.00043686    0.0190542
1.40427    -1.18656    0.000435809    0.0191304
1.40846    -1.1865    0.000428511    0.0192069
1.41261    -1.18643    0.000415463    0.0192819
1.4167    -1.18636    0.00039732    0.0193472
1.4207    -1.18629    0.000374789    0.0194216
1.42459    -1.18621    0.000348673    0.0194948
1.42833    -1.18613    0.000319803    0.0195656
1.43192    -1.18605    0.000289019    0.0196338
1.43534    -1.18597    0.000258425    0.0196987
1.43857    -1.18589    0.000226117    0.0197606
1.44158    -1.18582    0.00019476    0.0198488
1.44438    -1.18575    0.000164377    0.0199071
1.44696    -1.18568    0.000135551    0.0199554
1.44929    -1.18561    0.000108794    0.0199993
1.45139    -1.18555    8.45237e-05    0.0200386
1.45323    -1.18549    6.28418e-05    0.02005
1.45482    -1.18544    4.42894e-05    0.0200768
1.45616    -1.1854    2.90045e-05    0.0201031
1.45724    -1.18537    1.70304e-05    0.0201249
1.45807    -1.18534    8.32962e-06    0.0201419
1.45865    -1.18532    2.79084e-06    0.0201541
1.45898    -1.18531    2.3697e-07    0.0201616
1.45908    -1.18531    4.34416e-07    0.0201645
1.45895    -1.18531    3.10259e-06    0.0201631
1.45859    -1.18533    7.9237e-06    0.0201573
1.45803    -1.18534    1.45526e-05    0.0201476
1.45726    -1.18537    2.26265e-05    0.0201339
1.45631    -1.1854    3.17744e-05    0.0201166
1.45518    -1.18543    4.16261e-05    0.0200959
1.45388    -1.18547    5.18203e-05    0.0200721
1.45244    -1.18551    6.20128e-05    0.0200453
1.45086    -1.18557    7.1627e-05    0.0200407
1.44916    -1.18562    8.05891e-05    0.0200149
1.44736    -1.18567    8.86579e-05    0.0199825
1.44547    -1.18572    9.56226e-05    0.0199485
1.44351    -1.18577    0.000101316    0.0199131
1.44149    -1.18583    0.000105615    0.0198767
1.43942    -1.18587    0.000108847    0.0198082
1.43733    -1.18593    0.000110585    0.0197628
1.43522    -1.18598    0.000110817    0.0197226
1.43311    -1.18603    0.000109577    0.019683
1.43101    -1.18608    0.000106939    0.0196435
1.42893    -1.18612    0.000103006    0.0196044
1.42689    -1.18617    9.79174e-05    0.0195661
1.42491    -1.18621    9.18324e-05    0.0195287
1.42299    -1.18625    8.49295e-05    0.0194925
1.42114    -1.18628    7.74003e-05    0.0194576
1.41937    -1.18632    6.94433e-05    0.0194243
1.4177    -1.18635    6.12585e-05    0.0193927
1.41613    -1.18638    5.30418e-05    0.0193629
1.41467    -1.1864    4.498e-05    0.0193352
1.41332    -1.18642    3.72501e-05    0.0193206
1.4121    -1.18644    2.99997e-05    0.0192983
1.411    -1.18646    2.33638e-05    0.0192776
1.41003    -1.18648    1.74526e-05    0.0192601
1.40919    -1.18649    1.23504e-05    0.0192443
1.40848    -1.1865    8.11482e-06    0.0192308
1.40791    -1.18651    4.77621e-06    0.0192197
1.40747    -1.18651    2.33903e-06    0.0192111
1.40717    -1.18652    7.83094e-07    0.0192048
1.40699    -1.18652    6.56991e-08    0.019201
1.40694    -1.18652    1.24214e-07    0.0191994
1.40701    -1.18652    8.79157e-07    0.0192001
1.40719    -1.18652    2.23756e-06    0.019203
1.4075    -1.18651    4.09652e-06    0.0192079
1.4079    -1.18651    6.34683e-06    0.0192149
1.40841    -1.1865    8.87654e-06    0.0192236
1.409    -1.18649    1.15743e-05    0.0192341
1.40969    -1.18648    1.43327e-05    0.0192461
1.41045    -1.18647    1.70508e-05    0.0192597
1.41128    -1.18646    1.96353e-05    0.0192735
1.41217    -1.18644    2.20064e-05    0.0192895
1.41311    -1.18643    2.40959e-05    0.0193065
1.41409    -1.18641    2.58488e-05    0.0193243
1.41511    -1.18639    2.72275e-05    0.0193323
1.41616    -1.18637    2.81996e-05    0.0193511
1.41722    -1.18636    2.87537e-05    0.0193708
1.4183    -1.18634    2.889e-05    0.0193908
1.41938    -1.18632    2.86203e-05    0.0194108
1.42045    -1.1863    2.79675e-05    0.0194309
1.42151    -1.18627    2.69636e-05    0.0194508
1.42256    -1.18625    2.56482e-05    0.0194704
1.42357    -1.18623    2.40673e-05    0.0194895
1.42456    -1.18621    2.22707e-05    0.019508
1.4255    -1.18619    2.03112e-05    0.0195259
1.42641    -1.18618    1.82422e-05    0.019543
1.42727    -1.18616    1.61167e-05    0.0195593
1.42807    -1.18614    1.39857e-05    0.0195746
1.42882    -1.18612    1.1897e-05    0.0195889
1.42951    -1.18611    9.89401e-06    0.0196022
1.43015    -1.18609    8.01471e-06    0.0196144
1.43071    -1.18608    6.29238e-06    0.0196254
1.43122    -1.18607    4.75351e-06    0.0196351
1.43165    -1.18606    3.41811e-06    0.0196437
1.43203    -1.18605    2.29971e-06    0.0196509
1.43233    -1.18604    1.40544e-06    0.019657
1.43257    -1.18604    7.36303e-07    0.0196617
1.43274    -1.18604    2.87556e-07    0.0196653
1.43285    -1.18603    4.92613e-08    0.0196676
1.43289    -1.18603    6.88409e-09    0.0196688
1.43288    -1.18603    1.41987e-07    0.0196687
1.4328    -1.18603    4.32967e-07    0.0196676
1.43267    -1.18604    8.55826e-07    0.0196654
1.43248    -1.18604    1.38494e-06    0.0196621
1.43225    -1.18605    1.99385e-06    0.0196579
1.43196    -1.18605    2.65594e-06    0.0196529
1.43164    -1.18606    3.34519e-06    0.0196469
1.43127    -1.18607    4.03676e-06    0.0196402
1.43087    -1.18608    4.64164e-06    0.0196329
1.43044    -1.18609    5.27018e-06    0.019625
1.42998    -1.1861    5.84021e-06    0.0196164
1.42949    -1.18611    6.33592e-06    0.0196074
1.42899    -1.18612    6.74543e-06    0.019598
1.42847    -1.18613    7.05966e-06    0.0195883
1.42793    -1.18614    7.27277e-06    0.0195784
1.42739    -1.18616    7.38211e-06    0.0195683
1.42685    -1.18617    7.38805e-06    0.0195581
1.4263    -1.18618    7.29382e-06    0.0195479
1.42576    -1.18619    7.10521e-06    0.0195377
1.42522    -1.1862    6.83025e-06    0.0195277
1.4247    -1.18621    6.47885e-06    0.0195178
1.42419    -1.18622    6.06245e-06    0.0195082
1.42369    -1.18623    5.59355e-06    0.0194989
1.42322    -1.18624    5.08537e-06    0.01949
1.42277    -1.18625    4.55138e-06    0.0194814
1.42234    -1.18626    4.00501e-06    0.0194733
1.42194    -1.18627    3.4592e-06    0.0194657
1.42156    -1.18627    2.92614e-06    0.0194586
1.42122    -1.18628    2.41693e-06    0.019452
1.42091    -1.18629    1.94141e-06    0.0194461
1.42063    -1.18629    1.50792e-06    0.0194407
1.42038    -1.1863    1.12322e-06    0.0194359
1.42017    -1.1863    7.92326e-07    0.0194318
1.41999    -1.1863    5.1858e-07    0.0194283
1.41985    -1.18631    3.03601e-07    0.0194255
1.41974    -1.18631    1.47373e-07    0.0194232
1.41966    -1.18631    4.83512e-08    0.0194216
1.41962    -1.18631    3.60269e-09    0.0194207
1.4196    -1.18631    8.97592e-09    0.0194203
1.41962    -1.18631    5.92944e-08    0.0194205
1.41967    -1.18631    1.48565e-07    0.0194213
1.41975    -1.18631    2.70197e-07    0.0194226
1.41985    -1.18631    4.17216e-07    0.0194244
1.41998    -1.1863    5.82487e-07    0.0194267
1.42014    -1.1863    7.58913e-07    0.0194294
1.42031    -1.1863    9.39624e-07    0.0194326
1.4205    -1.18629    1.11815e-06    0.0194361
1.42072    -1.18629    1.28858e-06    0.01944
1.42094    -1.18629    1.44566e-06    0.0194442
1.42119    -1.18628    1.5849e-06    0.0194486
1.42144    -1.18628    1.70266e-06    0.0194533
1.4217    -1.18627    1.79615e-06    0.0194581
1.42197    -1.18627    1.86349e-06    0.0194631
1.42224    -1.18626    1.90365e-06    0.0194682
1.42252    -1.18626    1.91647e-06    0.0194733
1.4228    -1.18625    1.90255e-06    0.0194785
1.42308    -1.18624    1.86322e-06    0.0194837
1.42335    -1.18624    1.80041e-06    0.0194888
1.42362    -1.18623    1.71661e-06    0.0194939
1.42388    -1.18623    1.61471e-06    0.0194988
1.42414    -1.18622    1.49793e-06    0.0195036
1.42438    -1.18622    1.36969e-06    0.0195082
1.42462    -1.18621    1.23349e-06    0.0195127
1.42484    -1.18621    1.09285e-06    0.0195169
1.42505    -1.1862    9.51184e-07    0.0195209
1.42525    -1.1862    8.1171e-07    0.0195246
1.42543    -1.1862    6.77395e-07    0.0195281
1.42559    -1.18619    5.50886e-07    0.0195312
1.42574    -1.18619    4.34455e-07    0.0195341
1.42587    -1.18619    3.29972e-07    0.0195367
1.42599    -1.18618    2.38876e-07    0.0195389
1.42609    -1.18618    1.6217e-07    0.0195408
1.42617    -1.18618    1.0042e-07    0.0195424
1.42623    -1.18618    5.37719e-08    0.0195437
1.42628    -1.18618    2.19764e-08    0.0195446
1.42631    -1.18618    4.41983e-09    0.0195453
1.42632    -1.18618    1.66655e-10    0.0195456
1.42632    -1.18618    8.00528e-09    0.0195456
1.4263    -1.18618    2.64987e-08    0.0195454
1.42627    -1.18618    5.40373e-08    0.0195448
1.42622    -1.18618    8.88934e-08    0.019544
1.42616    -1.18618    1.29274e-07    0.0195429
1.42609    -1.18618    1.73373e-07    0.0195417
1.426    -1.18618    2.1942e-07    0.0195401
1.42591    -1.18619    2.65722e-07    0.0195384
1.42581    -1.18619    3.10708e-07    0.0195365
1.42569    -1.18619    3.52956e-07    0.0195345
1.42558    -1.18619    3.91224e-07    0.0195323
1.42545    -1.1862    4.24472e-07    0.01953
1.42532    -1.1862    4.51873e-07    0.0195276
1.42518    -1.1862    4.72819e-07    0.0195251
1.42505    -1.1862    4.86928e-07    0.0195225
1.42491    -1.18621    4.94033e-07    0.0195199
1.42477    -1.18621    4.94174e-07    0.0195173
1.42462    -1.18621    4.87586e-07    0.0195146
1.42448    -1.18622    4.74672e-07    0.019512
1.42435    -1.18622    4.55988e-07    0.0195094
1.42421    -1.18622    4.32214e-07    0.0195069
1.42408    -1.18622    4.04128e-07    0.0195044
1.42395    -1.18623    3.72578e-07    0.019502
1.42383    -1.18623    3.38455e-07    0.0194997
1.42371    -1.18623    3.02665e-07    0.0194974
1.4236    -1.18623    2.66105e-07    0.0194954
1.4235    -1.18624    2.2964e-07    0.0194934
1.4234    -1.18624    1.94077e-07    0.0194916
1.42331    -1.18624    1.60152e-07    0.0194899
1.42323    -1.18624    1.28512e-07    0.0194883
1.42316    -1.18624    9.97042e-08    0.019487
1.4231    -1.18624    6.56539e-08    0.0194857
1.42305    -1.18624    4.54509e-08    0.0194848
1.42301    -1.18625    2.896e-08    0.0194839
1.42297    -1.18625    1.62505e-08    0.0194832
1.42295    -1.18625    7.28932e-09    0.0194827
1.42293    -1.18625    1.94876e-09    0.0194824
1.42292    -1.18625    1.62604e-11    0.0194822
1.42292    -1.18625    1.20567e-09    0.0194821
1.42293    -1.18625    5.16983e-09    0.0194822
1.42294    -1.18625    1.15139e-08    0.0194824
1.42296    -1.18625    1.98093e-08    0.0194828
1.42299    -1.18625    2.96072e-08    0.0194833
1.42302    -1.18625    4.04519e-08    0.0194839
1.42307    -1.18624    5.18938e-08    0.0194846
1.42311    -1.18624    6.35007e-08    0.0194855
1.42316    -1.18624    7.48681e-08    0.0194864
1.42322    -1.18624    8.56271e-08    0.0194874
1.42328    -1.18624    9.54553e-08    0.0194885
1.42334    -1.18624    1.04079e-07    0.0194896
1.4234    -1.18624    1.11278e-07    0.0194908
1.42347    -1.18624    1.16888e-07    0.019492
1.42354    -1.18624    1.20801e-07    0.0194933
1.42361    -1.18623    1.22965e-07    0.0194946
1.42368    -1.18623    1.23378e-07    0.0194959
1.42375    -1.18623    1.22091e-07    0.0194972
1.42382    -1.18623    1.19197e-07    0.0194985
1.42389    -1.18623    1.14828e-07    0.0194998
1.42396    -1.18623    1.0915e-07    0.0195011
1.42402    -1.18623    1.02353e-07    0.0195024
1.42409    -1.18622    9.46462e-08    0.0195036
1.42415    -1.18622    8.62513e-08    0.0195047
1.42421    -1.18622    7.73946e-08    0.0195059
1.42426    -1.18622    6.8301e-08    0.0195069
1.42432    -1.18622    5.9188e-08    0.0195079
1.42436    -1.18622    5.026e-08    0.0195088
1.42441    -1.18622    4.17044e-08    0.0195097
1.42445    -1.18622    3.36868e-08    0.0195105
1.42449    -1.18622    2.63486e-08    0.0195112
1.42452    -1.18622    1.98047e-08    0.0195118
1.42455    -1.18621    1.41419e-08    0.0195124
1.42457    -1.18621    9.41895e-09    0.0195128
1.42459    -1.18621    5.66631e-09    0.0195132
1.42461    -1.18621    2.88758e-09    0.0195135
1.42462    -1.18621    1.06108e-09    0.0195138
1.42462    -1.18621    1.42096e-10    0.0195139
1.42463    -1.18621    6.56393e-11    0.019514
1.42462    -1.18621    7.49524e-10    0.0195139
1.42462    -1.18621    2.0977e-09    0.0195139
1.42461    -1.18621    4.00373e-09    0.0195137
1.4246    -1.18621    6.35432e-09    0.0195135
1.42458    -1.18621    9.0328e-09    0.0195132
1.42456    -1.18621    1.19224e-08    0.0195129
1.42454    -1.18621    1.49095e-08    0.0195125
1.42452    -1.18622    1.78861e-08    0.019512
1.42449    -1.18622    2.07528e-08    0.0195115
1.42446    -1.18622    2.34203e-08    0.019511
1.42443    -1.18622    2.58117e-08    0.0195104
1.4244    -1.18622    2.7863e-08    0.0195098
1.42436    -1.18622    2.95247e-08    0.0195092
1.42433    -1.18622    3.07613e-08    0.0195086
1.42429    -1.18622    3.15519e-08    0.0195079
1.42426    -1.18622    3.18895e-08    0.0195073
1.42422    -1.18622    3.17805e-08    0.0195066
1.42419    -1.18622    3.12429e-08    0.0195059
1.42415    -1.18622    3.0306e-08    0.0195053
1.42412    -1.18622    2.90079e-08    0.0195046
1.42408    -1.18622    2.73946e-08    0.019504
1.42405    -1.18622    2.55177e-08    0.0195033
1.42402    -1.18623    2.34331e-08    0.0195027
1.42399    -1.18623    2.11985e-08    0.0195022
1.42396    -1.18623    1.88726e-08    0.0195016
1.42393    -1.18623    1.65127e-08    0.0195011
1.4239    -1.18623    1.41735e-08    0.0195006
1.42388    -1.18623    1.19061e-08    0.0195001
1.42386    -1.18623    9.75619e-09    0.0194997
1.42384    -1.18623    7.76385e-09    0.0194993
1.42382    -1.18623    5.96243e-09    0.019499
1.4238    -1.18623    4.37826e-09    0.0194987
1.42379    -1.18623    3.03032e-09    0.0194984
1.42378    -1.18623    1.93031e-09    0.0194982
1.42377    -1.18623    1.08274e-09    0.019498
1.42376    -1.18623    4.85335e-10    0.0194979
1.42376    -1.18623    1.29508e-10    0.0194978
1.42376    -1.18623    1.03991e-12    0.0194978
1.42376    -1.18623    8.08192e-11    0.0194977
1.42376    -1.18623    3.45682e-10    0.0194978
1.42376    -1.18623    7.693e-10    0.0194978
1.42377    -1.18623    1.3231e-09    0.0194979
1.42378    -1.18623    1.97715e-09    0.0194981
1.42378    -1.18623    2.70111e-09    0.0194982
1.4238    -1.18623    3.465e-09    0.0194984
1.42381    -1.18623    4.23999e-09    0.0194986
1.42382    -1.18623    4.99914e-09    0.0194989
1.42383    -1.18623    5.71793e-09    0.0194991
1.42385    -1.18623    6.37475e-09    0.0194994
1.42387    -1.18623    6.95134e-09    0.0194997
1.42388    -1.18623    7.43297e-09    0.0195
1.4239    -1.18623    7.80863e-09    0.0195003
1.42392    -1.18623    8.07106e-09    0.0195006
1.42394    -1.18623    8.2167e-09    0.019501
1.42395    -1.18623    2.65391e-09    0.0195013
1.42396    -1.18623    2.7867e-09    0.0195015
1.42397    -1.18623    2.87907e-09    0.0195017
1.42398    -1.18623    2.92979e-09    0.0195019
1.42399    -1.18623    2.93889e-09    0.0195021
1.424    -1.18623    2.90755e-09    0.0195023
1.42401    -1.18623    2.838e-09    0.0195025
1.42402    -1.18623    2.7334e-09    0.0195027
1.42404    -1.18623    2.59769e-09    0.0195029
1.42405    -1.18622    2.43541e-09    0.0195031
1.42406    -1.18622    2.25154e-09    0.0195033
1.42407    -1.18622    2.05135e-09    0.0195034
1.42407    -1.18622    1.84024e-09    0.0195036
1.42408    -1.18622    1.62356e-09    0.0195038
1.42409    -1.18622    1.40648e-09    0.0195039
1.4241    -1.18622    1.19387e-09    0.0195041
1.42411    -1.18622    9.90197e-10    0.0195042
1.42411    -1.18622    7.99398e-10    0.0195043
1.42412    -1.18622    6.24836e-10    0.0195044
1.42412    -1.18622    4.69241e-10    0.0195045
1.42413    -1.18622    3.34678e-10    0.0195046
1.42413    -1.18622    2.22534e-10    0.0195047
1.42413    -1.18622    1.33529e-10    0.0195048
1.42414    -1.18622    6.77399e-11    0.0195048
1.42414    -1.18622    2.464e-11    0.0195048
1.42414    -1.18622    3.1547e-12    0.0195049
1.42414    -1.18622    1.72573e-12    0.0195049
1.42414    -1.18622    1.83855e-11    0.0195049
1.42414    -1.18622    5.08368e-11    0.0195049
1.42414    -1.18622    9.65357e-11    0.0195048
1.42413    -1.18622    1.52776e-10    0.0195048
1.42413    -1.18622    2.16774e-10    0.0195048
1.42413    -1.18622    2.85742e-10    0.0195047
1.42413    -1.18622    3.56971e-10    0.0195046
1.42412    -1.18622    4.27891e-10    0.0195046
1.42412    -1.18622    4.96133e-10    0.0195045
1.42411    -1.18622    5.59576e-10    0.0195044
1.42411    -1.18622    6.16388e-10    0.0195043
1.4241    -1.18622    6.65057e-10    0.0195042
1.4241    -1.18622    7.04406e-10    0.0195041
1.42409    -1.18622    7.33601e-10    0.019504
1.42409    -1.18622    7.52155e-10    0.0195039
1.42408    -1.18622    7.59909e-10    0.0195038
1.42408    -1.18622    7.5702e-10    0.0195037
1.42407    -1.18622    7.43934e-10    0.0195036
1.42407    -1.18622    7.2135e-10    0.0195035
1.42406    -1.18622    6.90188e-10    0.0195034
1.42405    -1.18622    6.51547e-10    0.0195033
1.42405    -1.18622    6.06663e-10    0.0195032
1.42404    -1.18622    5.56868e-10    0.0195031
1.42404    -1.18623    5.03542e-10    0.019503
1.42404    -1.18623    4.4808e-10    0.019503
1.42403    -1.18623    3.91848e-10    0.0195029
1.42403    -1.18623    3.36149e-10    0.0195028
1.42402    -1.18623    2.82192e-10    0.0195027
1.42402    -1.18623    2.31066e-10    0.0195027
1.42402    -1.18623    1.83718e-10    0.0195026
1.42401    -1.18623    1.4094e-10    0.0195026
1.42401    -1.18623    1.03352e-10    0.0195025
1.42401    -1.18623    7.14015e-11    0.0195025
1.42401    -1.18623    4.53615e-11    0.0195024
1.42401    -1.18623    2.53349e-11    0.0195024
1.42401    -1.18623    1.12625e-11    0.0195024
1.42401    -1.18623    2.93607e-12    0.0195024
1.424    -1.18623    1.34587e-14    0.0195024
1.424    -1.18623    2.03666e-12    0.0195024
1.424    -1.18623    8.45182e-12    0.0195024
1.42401    -1.18623    1.86304e-11    0.0195024
1.42401    -1.18623    3.1891e-11    0.0195024
1.42401    -1.18623    4.75209e-11    0.0195024
1.42401    -1.18623    6.47972e-11    0.0195024
1.42401    -1.18623    8.30068e-11    0.0195025
1.42401    -1.18623    1.01465e-10    0.0195025
1.42401    -1.18623    1.1953e-10    0.0195025
1.42402    -1.18623    1.36622e-10    0.0195026
1.42402    -1.18623    1.52226e-10    0.0195026
1.42402    -1.18623    1.65911e-10    0.0195027
1.42402    -1.18623    1.77326e-10    0.0195027
1.42403    -1.18623    1.86214e-10    0.0195028
1.42403    -1.18623    1.92401e-10    0.0195028
1.42403    -1.18623    1.95806e-10    0.0195029
1.42404    -1.18623    1.96429e-10    0.0195029
1.42404    -1.18623    1.94349e-10    0.019503
1.42404    -1.18622    1.89715e-10    0.019503
1.42404    -1.18622    1.82737e-10    0.0195031
1.42405    -1.18622    1.73678e-10    0.0195031
1.42405    -1.18622    1.62841e-10    0.0195032
1.42405    -1.18622    1.50559e-10    0.0195032
1.42405    -1.18622    1.37184e-10    0.0195033
1.42406    -1.18622    1.23078e-10    0.0195033
1.42406    -1.18622    1.08596e-10    0.0195034
1.42406    -1.18622    9.40863e-11    0.0195034
1.42406    -1.18622    7.98737e-11    0.0195034
1.42406    -1.18622    6.62563e-11    0.0195035
1.42407    -1.18622    5.34979e-11    0.0195035
1.42407    -1.18622    4.18237e-11    0.0195035
1.42407    -1.18622    3.14163e-11    0.0195036
1.42407    -1.18622    2.24141e-11    0.0195036
1.42407    -1.18622    1.491e-11    0.0195036
1.42407    -1.18622    8.95241e-12    0.0195036
1.42407
