0.0853909    0.149389    0.117209    0.0257    0.0853909    0.149389    0.117209    0.0257    
0.0835439    0.149406    0.124763    0.0225821    0.0835439    0.149406    0.124763    0.0225821    
0.0831787    0.148692    0.124908    0.0226303    0.0831787    0.148692    0.124908    0.0226303    
0.0830057    0.148185    0.124852    0.0227604    0.0830057    0.148185    0.124852    0.0227604    
0.0827272    0.147457    0.124924    0.0228742    0.0827272    0.147457    0.124924    0.0228742    
0.0824051    0.146621    0.125012    0.0230065    0.0824051    0.146621    0.125012    0.0230065    
0.0820422    0.145658    0.125117    0.0231559    0.0820422    0.145658    0.125117    0.0231559    
0.0816368    0.144623    0.125185    0.0233385    0.0816368    0.144623    0.125185    0.0233385    
0.0812738    0.143312    0.125411    0.0234892    0.0812738    0.143312    0.125411    0.0234892    
0.0808408    0.142169    0.125498    0.0236902    0.0808408    0.142169    0.125498    0.0236902    
0.0803814    0.14099    0.125577    0.0239034    0.0803814    0.14099    0.125577    0.0239034    
0.0799191    0.139787    0.125648    0.0241254    0.0799191    0.139787    0.125648    0.0241254    
0.0794738    0.138554    0.125748    0.0243399    0.0794738    0.138554    0.125748    0.0243399    
0.0790135    0.137392    0.125781    0.024576    0.0790135    0.137392    0.125781    0.024576    
0.0785952    0.136149    0.125866    0.0247972    0.0785952    0.136149    0.125866    0.0247972    
0.0782031    0.134936    0.125941    0.025017    0.0782031    0.134936    0.125941    0.025017    
0.0778293    0.133766    0.126005    0.0252344    0.0778293    0.133766    0.126005    0.0252344    
0.0774753    0.132644    0.126058    0.0254479    0.0774753    0.132644    0.126058    0.0254479    
0.0771579    0.131533    0.12613    0.0256474    0.0771579    0.131533    0.12613    0.0256474    
0.0769152    0.13031    0.126164    0.0258655    0.0769152    0.13031    0.126164    0.0258655    
0.0765694    0.129601    0.12616    0.0260499    0.0765694    0.129601    0.12616    0.0260499    
0.0762841    0.128731    0.126176    0.0262328    0.0762841    0.128731    0.126176    0.0262328    
0.0760358    0.127921    0.126181    0.0264075    0.0760358    0.127921    0.126181    0.0264075    
0.0758099    0.127177    0.126182    0.0265707    0.0758099    0.127177    0.126182    0.0265707    
0.0756047    0.126502    0.126175    0.0267232    0.0756047    0.126502    0.126175    0.0267232    
0.0754235    0.125879    0.12617    0.0268631    0.0754235    0.125879    0.12617    0.0268631    
0.0752457    0.125338    0.126155    0.0269916    0.0752457    0.125338    0.126155    0.0269916    
0.0750988    0.124855    0.126141    0.0271068    0.0750988    0.124855    0.126141    0.0271068    
0.0749843    0.124428    0.126129    0.0272081    0.0749843    0.124428    0.126129    0.0272081    
0.0748764    0.124064    0.126116    0.0272968    0.0748764    0.124064    0.126116    0.0272968    
0.074762    0.123836    0.126102    0.0273666    0.074762    0.123836    0.126102    0.0273666    
0.0746831    0.123582    0.126093    0.0274288    0.0746831    0.123582    0.126093    0.0274288    
0.0746257    0.123383    0.126083    0.0274787    0.0746257    0.123383    0.126083    0.0274787    
0.0745845    0.123236    0.126075    0.0275157    0.0745845    0.123236    0.126075    0.0275157    
0.074558    0.123141    0.126069    0.0275402    0.074558    0.123141    0.126069    0.0275402    
0.074546    0.123095    0.126066    0.0275524    0.074546    0.123095    0.126066    0.0275524    
0.074548    0.123097    0.126064    0.0275528    0.074548    0.123097    0.126064    0.0275528    
0.0745634    0.123145    0.126065    0.0275417    0.0745634    0.123145    0.126065    0.0275417    
0.0745918    0.123237    0.126067    0.0275198    0.0745918    0.123237    0.126067    0.0275198    
0.0746326    0.123372    0.126072    0.0274873    0.0746326    0.123372    0.126072    0.0274873    
0.0746856    0.123549    0.126077    0.0274449    0.0746856    0.123549    0.126077    0.0274449    
0.0747505    0.123765    0.126084    0.0273932    0.0747505    0.123765    0.126084    0.0273932    
0.0748504    0.123937    0.126092    0.0273388    0.0748504    0.123937    0.126092    0.0273388    
0.0749435    0.124223    0.126098    0.027271    0.0749435    0.124223    0.126098    0.027271    
0.075042    0.124542    0.126106    0.0271952    0.075042    0.124542    0.126106    0.0271952    
0.0751375    0.124897    0.126111    0.0271133    0.0751375    0.124897    0.126111    0.0271133    
0.0752541    0.125279    0.126117    0.0270245    0.0752541    0.125279    0.126117    0.0270245    
0.0753937    0.125684    0.126125    0.0269297    0.0753937    0.125684    0.126125    0.0269297    
0.0755252    0.12613    0.126125    0.0268313    0.0755252    0.12613    0.126125    0.0268313    
0.0756657    0.126589    0.126127    0.0267283    0.0756657    0.126589    0.126127    0.0267283    
0.0758138    0.127068    0.126127    0.0266221    0.0758138    0.127068    0.126127    0.0266221    
0.0759626    0.127569    0.126122    0.0265142    0.0759626    0.127569    0.126122    0.0265142    
0.0761256    0.128082    0.126116    0.0264038    0.0761256    0.128082    0.126116    0.0264038    
0.0762886    0.128608    0.126108    0.026292    0.0762886    0.128608    0.126108    0.026292    
0.076455    0.129142    0.126099    0.0261794    0.076455    0.129142    0.126099    0.0261794    
0.0766243    0.129682    0.126088    0.026067    0.0766243    0.129682    0.126088    0.026067    
0.0768552    0.130021    0.126081    0.0259694    0.0768552    0.130021    0.126081    0.0259694    
0.0769819    0.13076    0.126059    0.0258458    0.0769819    0.13076    0.126059    0.0258458    
0.0771391    0.1313    0.126049    0.0257351    0.0771391    0.1313    0.126049    0.0257351    
0.0773066    0.131828    0.126032    0.0256296    0.0773066    0.131828    0.126032    0.0256296    
0.0774546    0.132396    0.125978    0.0255376    0.0774546    0.132396    0.125978    0.0255376    
0.0776095    0.132902    0.125953    0.0254412    0.0776095    0.132902    0.125953    0.0254412    
0.0777635    0.133389    0.125929    0.0253487    0.0777635    0.133389    0.125929    0.0253487    
0.0779104    0.133854    0.125906    0.0252612    0.0779104    0.133854    0.125906    0.0252612    
0.07805    0.134294    0.125882    0.025179    0.07805    0.134294    0.125882    0.025179    
0.0781809    0.134705    0.12586    0.0251027    0.0781809    0.134705    0.12586    0.0251027    
0.0783023    0.135084    0.125839    0.0250326    0.0783023    0.135084    0.125839    0.0250326    
0.078413    0.135431    0.125819    0.0249689    0.078413    0.135431    0.125819    0.0249689    
0.0785112    0.135741    0.125801    0.024912    0.0785112    0.135741    0.125801    0.024912    
0.0785987    0.136014    0.125785    0.0248621    0.0785987    0.136014    0.125785    0.0248621    
0.0786739    0.136247    0.125772    0.0248194    0.0786739    0.136247    0.125772    0.0248194    
0.0787361    0.136441    0.125761    0.0247839    0.0787361    0.136441    0.125761    0.0247839    
0.078785    0.136594    0.125753    0.0247556    0.078785    0.136594    0.125753    0.0247556    
0.0788207    0.136706    0.125748    0.0247346    0.0788207    0.136706    0.125748    0.0247346    
0.0788431    0.136778    0.125745    0.0247208    0.0788431    0.136778    0.125745    0.0247208    
0.0788525    0.13681    0.125745    0.024714    0.0788525    0.13681    0.125745    0.024714    
0.0788492    0.136804    0.125748    0.0247141    0.0788492    0.136804    0.125748    0.0247141    
0.0788337    0.13676    0.125753    0.0247208    0.0788337    0.13676    0.125753    0.0247208    
0.0788065    0.136681    0.125761    0.0247339    0.0788065    0.136681    0.125761    0.0247339    
0.0787683    0.136568    0.12577    0.0247529    0.0787683    0.136568    0.12577    0.0247529    
0.0787201    0.136425    0.125782    0.0247777    0.0787201    0.136425    0.125782    0.0247777    
0.0786625    0.136252    0.125795    0.0248076    0.0786625    0.136252    0.125795    0.0248076    
0.0785965    0.136053    0.12581    0.0248425    0.0785965    0.136053    0.12581    0.0248425    
0.0785233    0.135831    0.125826    0.0248817    0.0785233    0.135831    0.125826    0.0248817    
0.0784436    0.135588    0.125843    0.0249248    0.0784436    0.135588    0.125843    0.0249248    
0.07836    0.135328    0.125861    0.0249713    0.07836    0.135328    0.125861    0.0249713    
0.078271    0.135053    0.125879    0.0250209    0.078271    0.135053    0.125879    0.0250209    
0.0781783    0.134766    0.125897    0.0250729    0.0781783    0.134766    0.125897    0.0250729    
0.0780831    0.134471    0.125915    0.0251269    0.0780831    0.134471    0.125915    0.0251269    
0.0779864    0.13417    0.125932    0.0251823    0.0779864    0.13417    0.125932    0.0251823    
0.077889    0.133865    0.12595    0.0252388    0.077889    0.133865    0.12595    0.0252388    
0.0777917    0.133559    0.125966    0.0252959    0.0777917    0.133559    0.125966    0.0252959    
0.0776956    0.133255    0.125982    0.0253531    0.0776956    0.133255    0.125982    0.0253531    
0.0776001    0.132955    0.125996    0.02541    0.0776001    0.132955    0.125996    0.02541    
0.0775075    0.132661    0.12601    0.0254662    0.0775075    0.132661    0.12601    0.0254662    
0.0774176    0.132374    0.126023    0.0255213    0.0774176    0.132374    0.126023    0.0255213    
0.0773322    0.132095    0.126039    0.0255735    0.0773322    0.132095    0.126039    0.0255735    
0.0772642    0.131785    0.126077    0.0256178    0.0772642    0.131785    0.126077    0.0256178    
0.0771884    0.131534    0.126086    0.0256676    0.0771884    0.131534    0.126086    0.0256676    
0.0771131    0.131297    0.126093    0.0257156    0.0771131    0.131297    0.126093    0.0257156    
0.077043    0.131075    0.126099    0.0257607    0.077043    0.131075    0.126099    0.0257607    
0.0769768    0.130866    0.126104    0.0258031    0.0769768    0.130866    0.126104    0.0258031    
0.0769864    0.130439    0.126116    0.0258585    0.0769864    0.130439    0.126116    0.0258585    
0.0769443    0.130272    0.126112    0.025897    0.0769443    0.130272    0.126112    0.025897    
0.0768919    0.130125    0.126115    0.0259291    0.0768919    0.130125    0.126115    0.0259291    
0.0768423    0.129996    0.126111    0.02596    0.0768423    0.129996    0.126111    0.02596    
0.0768001    0.12988    0.126113    0.0259855    0.0768001    0.12988    0.126113    0.0259855    
0.0767643    0.12978    0.126115    0.0260073    0.0767643    0.12978    0.126115    0.0260073    
0.0767342    0.129697    0.126116    0.0260257    0.0767342    0.129697    0.126116    0.0260257    
0.0767102    0.129629    0.126117    0.0260406    0.0767102    0.129629    0.126117    0.0260406    
0.0766407    0.129751    0.126112    0.0260402    0.0766407    0.129751    0.126112    0.0260402    
0.0766169    0.129715    0.126117    0.0260462    0.0766169    0.129715    0.126117    0.0260462    
0.0766098    0.129693    0.126117    0.026051    0.0766098    0.129693    0.126117    0.026051    
0.0766087    0.129687    0.126116    0.0260526    0.0766087    0.129687    0.126116    0.0260526    
0.0766123    0.129697    0.126115    0.0260509    0.0766123    0.129697    0.126115    0.0260509    
0.0766206    0.129722    0.126114    0.0260461    0.0766206    0.129722    0.126114    0.0260461    
0.0766334    0.129762    0.126112    0.0260383    0.0766334    0.129762    0.126112    0.0260383    
0.0767029    0.129637    0.126116    0.0260399    0.0767029    0.129637    0.126116    0.0260399    
0.0767375    0.129697    0.126108    0.0260293    0.0767375    0.129697    0.126108    0.0260293    
0.076765    0.129769    0.126106    0.0260141    0.076765    0.129769    0.126106    0.0260141    
0.0767952    0.129852    0.126103    0.0259966    0.0767952    0.129852    0.126103    0.0259966    
0.0768289    0.129944    0.1261    0.0259772    0.0768289    0.129944    0.1261    0.0259772    
0.0768658    0.130044    0.126097    0.0259559    0.0768658    0.130044    0.126097    0.0259559    
0.0769072    0.130149    0.1261    0.0259306    0.0769072    0.130149    0.1261    0.0259306    
0.0769498    0.130265    0.126097    0.0259061    0.0769498    0.130265    0.126097    0.0259061    
0.0769942    0.130386    0.126093    0.0258806    0.0769942    0.130386    0.126093    0.0258806    
0.0769694    0.130752    0.126081    0.0258377    0.0769694    0.130752    0.126081    0.0258377    
0.0769977    0.130894    0.126084    0.0258065    0.0769977    0.130894    0.126084    0.0258065    
0.0770421    0.131037    0.12608    0.0257776    0.0770421    0.131037    0.12608    0.0257776    
0.0770885    0.131182    0.126075    0.0257485    0.0770885    0.131182    0.126075    0.0257485    
0.0771353    0.131329    0.12607    0.0257191    0.0771353    0.131329    0.12607    0.0257191    
0.0771824    0.131476    0.126066    0.0256896    0.0771824    0.131476    0.126066    0.0256896    
0.0772292    0.131622    0.126061    0.0256604    0.0772292    0.131622    0.126061    0.0256604    
0.0772754    0.131768    0.126056    0.0256317    0.0772754    0.131768    0.126056    0.0256317    
0.0773059    0.131954    0.126023    0.025611    0.0773059    0.131954    0.126023    0.025611    
0.077346    0.132094    0.126016    0.0255841    0.077346    0.132094    0.126016    0.0255841    
0.0773882    0.13223    0.12601    0.0255578    0.0773882    0.13223    0.12601    0.0255578    
0.0774281    0.132363    0.126    0.025534    0.0774281    0.132363    0.126    0.025534    
0.0774668    0.132488    0.125995    0.02551    0.0774668    0.132488    0.125995    0.02551    
0.0775038    0.132607    0.125989    0.0254873    0.0775038    0.132607    0.125989    0.0254873    
0.0775385    0.132718    0.125985    0.0254659    0.0775385    0.132718    0.125985    0.0254659    
0.0775707    0.132821    0.12598    0.0254461    0.0775707    0.132821    0.12598    0.0254461    
0.0776003    0.132915    0.125976    0.0254279    0.0776003    0.132915    0.125976    0.0254279    
0.0776272    0.133001    0.125972    0.0254114    0.0776272    0.133001    0.125972    0.0254114    
0.0776518    0.133078    0.125969    0.0253966    0.0776518    0.133078    0.125969    0.0253966    
0.0776729    0.133145    0.125966    0.0253836    0.0776729    0.133145    0.125966    0.0253836    
0.0776908    0.133203    0.125964    0.0253724    0.0776908    0.133203    0.125964    0.0253724    
0.0777057    0.133251    0.125962    0.0253631    0.0777057    0.133251    0.125962    0.0253631    
0.0777175    0.133289    0.12596    0.0253557    0.0777175    0.133289    0.12596    0.0253557    
0.0777262    0.133318    0.125959    0.0253501    0.0777262    0.133318    0.125959    0.0253501    
0.0777318    0.133336    0.125959    0.0253463    0.0777318    0.133336    0.125959    0.0253463    
0.0777345    0.133346    0.125959    0.0253443    0.0777345    0.133346    0.125959    0.0253443    
0.0777343    0.133346    0.12596    0.025344    0.0777343    0.133346    0.12596    0.025344    
0.0777312    0.133337    0.125961    0.0253454    0.0777312    0.133337    0.125961    0.0253454    
0.0777255    0.13332    0.125962    0.0253484    0.0777255    0.13332    0.125962    0.0253484    
0.0777173    0.133295    0.125964    0.0253529    0.0777173    0.133295    0.125964    0.0253529    
0.0777066    0.133262    0.125966    0.0253589    0.0777066    0.133262    0.125966    0.0253589    
0.0776937    0.133222    0.125968    0.0253663    0.0776937    0.133222    0.125968    0.0253663    
0.0776788    0.133176    0.125971    0.0253748    0.0776788    0.133176    0.125971    0.0253748    
0.0776621    0.133123    0.125974    0.0253846    0.0776621    0.133123    0.125974    0.0253846    
0.0776436    0.133066    0.125977    0.0253954    0.0776436    0.133066    0.125977    0.0253954    
0.077623    0.133003    0.12598    0.0254071    0.077623    0.133003    0.12598    0.0254071    
0.0776018    0.132937    0.125984    0.0254196    0.0776018    0.132937    0.125984    0.0254196    
0.0775796    0.132867    0.125988    0.0254328    0.0775796    0.132867    0.125988    0.0254328    
0.0775566    0.132794    0.125991    0.0254466    0.0775566    0.132794    0.125991    0.0254466    
0.0775329    0.132719    0.125995    0.0254608    0.0775329    0.132719    0.125995    0.0254608    
0.0775087    0.132642    0.125999    0.0254754    0.0775087    0.132642    0.125999    0.0254754    
0.0774843    0.132565    0.126002    0.0254902    0.0774843    0.132565    0.126002    0.0254902    
0.0774598    0.132487    0.126006    0.0255051    0.0774598    0.132487    0.126006    0.0255051    
0.0774354    0.132409    0.12601    0.0255199    0.0774354    0.132409    0.12601    0.0255199    
0.0774113    0.132332    0.126013    0.0255347    0.0774113    0.132332    0.126013    0.0255347    
0.0773888    0.132255    0.126021    0.0255478    0.0773888    0.132255    0.126021    0.0255478    
0.0773659    0.132181    0.126024    0.025562    0.0773659    0.132181    0.126024    0.025562    
0.0773436    0.132109    0.126027    0.0255759    0.0773436    0.132109    0.126027    0.0255759    
0.077322    0.13204    0.12603    0.0255893    0.077322    0.13204    0.12603    0.0255893    
0.0773015    0.131974    0.126033    0.0256021    0.0773015    0.131974    0.126033    0.0256021    
0.0772969    0.131867    0.126063    0.0256069    0.0772969    0.131867    0.126063    0.0256069    
0.0772821    0.131809    0.126066    0.0256181    0.0772821    0.131809    0.126066    0.0256181    
0.0772651    0.131755    0.126067    0.025629    0.0772651    0.131755    0.126067    0.025629    
0.0772491    0.131704    0.126069    0.0256391    0.0772491    0.131704    0.126069    0.0256391    
0.0772345    0.131658    0.12607    0.0256483    0.0772345    0.131658    0.12607    0.0256483    
0.0772214    0.131617    0.126071    0.0256567    0.0772214    0.131617    0.126071    0.0256567    
0.0772097    0.13158    0.126073    0.0256642    0.0772097    0.13158    0.126073    0.0256642    
0.0771995    0.131547    0.126073    0.0256707    0.0771995    0.131547    0.126073    0.0256707    
0.0771909    0.13152    0.126074    0.0256764    0.0771909    0.13152    0.126074    0.0256764    
0.0771838    0.131497    0.126075    0.025681    0.0771838    0.131497    0.126075    0.025681    
0.0771782    0.131479    0.126075    0.0256848    0.0771782    0.131479    0.126075    0.0256848    
0.0771741    0.131465    0.126075    0.0256876    0.0771741    0.131465    0.126075    0.0256876    
0.0771714    0.131456    0.126075    0.0256894    0.0771714    0.131456    0.126075    0.0256894    
0.0771702    0.131452    0.126075    0.0256904    0.0771702    0.131452    0.126075    0.0256904    
0.0771703    0.131452    0.126075    0.0256905    0.0771703    0.131452    0.126075    0.0256905    
0.0771719    0.131457    0.126074    0.0256897    0.0771719    0.131457    0.126074    0.0256897    
0.0771747    0.131465    0.126074    0.0256882    0.0771747    0.131465    0.126074    0.0256882    
0.0771787    0.131477    0.126073    0.0256858    0.0771787    0.131477    0.126073    0.0256858    
0.0771839    0.131493    0.126073    0.0256828    0.0771839    0.131493    0.126073    0.0256828    
0.0771901    0.131512    0.126072    0.025679    0.0771901    0.131512    0.126072    0.025679    
0.0771974    0.131535    0.126071    0.0256746    0.0771974    0.131535    0.126071    0.0256746    
0.0772056    0.13156    0.12607    0.0256696    0.0772056    0.13156    0.12607    0.0256696    
0.0772146    0.131588    0.126069    0.0256641    0.0772146    0.131588    0.126069    0.0256641    
0.0772244    0.131619    0.126067    0.0256581    0.0772244    0.131619    0.126067    0.0256581    
0.0772347    0.131651    0.126066    0.0256518    0.0772347    0.131651    0.126066    0.0256518    
0.0772457    0.131685    0.126065    0.0256451    0.0772457    0.131685    0.126065    0.0256451    
0.077257    0.131721    0.126063    0.0256381    0.077257    0.131721    0.126063    0.0256381    
0.0772688    0.131757    0.126062    0.0256308    0.0772688    0.131757    0.126062    0.0256308    
0.0772808    0.131795    0.126061    0.0256234    0.0772808    0.131795    0.126061    0.0256234    
0.0772931    0.131833    0.126059    0.0256159    0.0772931    0.131833    0.126059    0.0256159    
0.0773055    0.131872    0.126058    0.0256082    0.0773055    0.131872    0.126058    0.0256082    
0.0773029    0.131955    0.126029    0.0256081    0.0773029    0.131955    0.126029    0.0256081    
0.0773113    0.131994    0.126026    0.025601    0.0773113    0.131994    0.126026    0.025601    
0.077323    0.132032    0.126024    0.0255935    0.077323    0.132032    0.126024    0.0255935    
0.0773349    0.13207    0.126023    0.0255862    0.0773349    0.13207    0.126023    0.0255862    
0.0773464    0.132107    0.126021    0.0255791    0.0773464    0.132107    0.126021    0.0255791    
0.0773575    0.132142    0.12602    0.0255722    0.0773575    0.132142    0.12602    0.0255722    
0.0773682    0.132177    0.126018    0.0255655    0.0773682    0.132177    0.126018    0.0255655    
0.0773784    0.13221    0.126017    0.0255592    0.0773784    0.13221    0.126017    0.0255592    
0.0773881    0.132241    0.126016    0.0255532    0.0773881    0.132241    0.126016    0.0255532    
0.077396    0.132272    0.12601    0.025549    0.077396    0.132272    0.12601    0.025549    
0.0774042    0.132299    0.126009    0.0255439    0.0774042    0.132299    0.126009    0.0255439    
0.0774119    0.132324    0.126008    0.025539    0.0774119    0.132324    0.126008    0.025539    
0.0774189    0.132346    0.126007    0.0255346    0.0774189    0.132346    0.126007    0.0255346    
0.0774252    0.132366    0.126006    0.0255307    0.0774252    0.132366    0.126006    0.0255307    
0.0774307    0.132384    0.126005    0.0255272    0.0774307    0.132384    0.126005    0.0255272    
0.0774354    0.1324    0.126005    0.0255242    0.0774354    0.1324    0.126005    0.0255242    
0.0774394    0.132413    0.126004    0.0255217    0.0774394    0.132413    0.126004    0.0255217    
0.0774426    0.132423    0.126004    0.0255196    0.0774426    0.132423    0.126004    0.0255196    
0.077445    0.132431    0.126004    0.025518    0.077445    0.132431    0.126004    0.025518    
0.0774466    0.132436    0.126004    0.0255169    0.0774466    0.132436    0.126004    0.0255169    
0.0774475    0.132439    0.126004    0.0255163    0.0774475    0.132439    0.126004    0.0255163    
0.0774476    0.13244    0.126004    0.0255161    0.0774476    0.13244    0.126004    0.0255161    
0.0774471    0.132438    0.126004    0.0255163    0.0774471    0.132438    0.126004    0.0255163    
0.0774458    0.132435    0.126004    0.025517    0.0774458    0.132435    0.126004    0.025517    
0.0774439    0.132429    0.126005    0.0255181    0.0774439    0.132429    0.126005    0.0255181    
0.0774414    0.132421    0.126005    0.0255195    0.0774414    0.132421    0.126005    0.0255195    
0.0774383    0.132411    0.126006    0.0255213    0.0774383    0.132411    0.126006    0.0255213    
0.0774347    0.1324    0.126006    0.0255234    0.0774347    0.1324    0.126006    0.0255234    
0.0774306    0.132387    0.126007    0.0255259    0.0774306    0.132387    0.126007    0.0255259    
0.077426    0.132373    0.126008    0.0255286    0.077426    0.132373    0.126008    0.0255286    
0.0774211    0.132357    0.126009    0.0255316    0.0774211    0.132357    0.126009    0.0255316    
0.0774158    0.13234    0.126009    0.0255347    0.0774158    0.13234    0.126009    0.0255347    
0.0774102    0.132323    0.12601    0.0255381    0.0774102    0.132323    0.12601    0.0255381    
0.0774044    0.132304    0.126011    0.0255416    0.0774044    0.132304    0.126011    0.0255416    
0.0773984    0.132285    0.126012    0.0255453    0.0773984    0.132285    0.126012    0.0255453    
0.0773922    0.132265    0.126013    0.0255491    0.0773922    0.132265    0.126013    0.0255491    
0.077387    0.132243    0.126018    0.0255514    0.077387    0.132243    0.126018    0.0255514    
0.077381    0.132223    0.126019    0.0255552    0.077381    0.132223    0.126019    0.0255552    
0.0773747    0.132203    0.12602    0.0255591    0.0773747    0.132203    0.12602    0.0255591    
0.0773684    0.132183    0.126021    0.0255629    0.0773684    0.132183    0.126021    0.0255629    
0.0773622    0.132163    0.126022    0.0255667    0.0773622    0.132163    0.126022    0.0255667    
0.0773562    0.132144    0.126023    0.0255705    0.0773562    0.132144    0.126023    0.0255705    
0.0773503    0.132125    0.126023    0.0255741    0.0773503    0.132125    0.126023    0.0255741    
0.0773446    0.132107    0.126024    0.0255777    0.0773446    0.132107    0.126024    0.0255777    
0.0773391    0.132089    0.126025    0.0255811    0.0773391    0.132089    0.126025    0.0255811    
0.0773339    0.132072    0.126026    0.0255843    0.0773339    0.132072    0.126026    0.0255843    
0.077329    0.132057    0.126026    0.0255874    0.077329    0.132057    0.126026    0.0255874    
0.0773244    0.132042    0.126027    0.0255903    0.0773244    0.132042    0.126027    0.0255903    
0.0773201    0.132028    0.126027    0.025593    0.0773201    0.132028    0.126027    0.025593    
0.0773162    0.132015    0.126028    0.0255955    0.0773162    0.132015    0.126028    0.0255955    
0.0773126    0.132004    0.126028    0.0255977    0.0773126    0.132004    0.126028    0.0255977    
0.0773094    0.131993    0.126029    0.0255998    0.0773094    0.131993    0.126029    0.0255998    
0.0773066    0.131984    0.126029    0.0256016    0.0773066    0.131984    0.126029    0.0256016    
0.0773042    0.131977    0.126029    0.0256031    0.0773042    0.131977    0.126029    0.0256031    
0.0773022    0.13197    0.12603    0.0256044    0.0773022    0.13197    0.12603    0.0256044    
0.0773006    0.131965    0.12603    0.0256055    0.0773006    0.131965    0.12603    0.0256055    
0.0772993    0.131961    0.12603    0.0256063    0.0772993    0.131961    0.12603    0.0256063    
0.0772985    0.131958    0.12603    0.0256069    0.0772985    0.131958    0.12603    0.0256069    
0.077298    0.131956    0.12603    0.0256072    0.077298    0.131956    0.12603    0.0256072    
0.0772979    0.131956    0.12603    0.0256073    0.0772979    0.131956    0.12603    0.0256073    
0.0772982    0.131956    0.12603    0.0256072    0.0772982    0.131956    0.12603    0.0256072    
0.0772988    0.131958    0.12603    0.0256069    0.0772988    0.131958    0.12603    0.0256069    
0.0772997    0.131961    0.126029    0.0256064    0.0772997    0.131961    0.126029    0.0256064    
0.077301    0.131965    0.126029    0.0256056    0.077301    0.131965    0.126029    0.0256056    
0.0773025    0.13197    0.126029    0.0256047    0.0773025    0.13197    0.126029    0.0256047    
0.0773043    0.131976    0.126029    0.0256036    0.0773043    0.131976    0.126029    0.0256036    
0.0773064    0.131982    0.126028    0.0256024    0.0773064    0.131982    0.126028    0.0256024    
0.0773086    0.131989    0.126028    0.025601    0.0773086    0.131989    0.126028    0.025601    
0.0773111    0.131997    0.126028    0.0255995    0.0773111    0.131997    0.126028    0.0255995    
0.0773138    0.132005    0.126027    0.0255979    0.0773138    0.132005    0.126027    0.0255979    
0.0773166    0.132014    0.126027    0.0255962    0.0773166    0.132014    0.126027    0.0255962    
0.0773195    0.132024    0.126026    0.0255944    0.0773195    0.132024    0.126026    0.0255944    
0.0773226    0.132033    0.126026    0.0255925    0.0773226    0.132033    0.126026    0.0255925    
0.0773257    0.132043    0.126025    0.0255906    0.0773257    0.132043    0.126025    0.0255906    
0.0773289    0.132054    0.126025    0.0255887    0.0773289    0.132054    0.126025    0.0255887    
0.0773321    0.132064    0.126025    0.0255867    0.0773321    0.132064    0.126025    0.0255867    
0.0773353    0.132074    0.126024    0.0255847    0.0773353    0.132074    0.126024    0.0255847    
0.0773385    0.132084    0.126024    0.0255827    0.0773385    0.132084    0.126024    0.0255827    
0.0773417    0.132094    0.126023    0.0255808    0.0773417    0.132094    0.126023    0.0255808    
0.0773448    0.132104    0.126023    0.0255789    0.0773448    0.132104    0.126023    0.0255789    
0.0773478    0.132114    0.126022    0.025577    0.0773478    0.132114    0.126022    0.025577    
0.0773507    0.132124    0.126022    0.0255751    0.0773507    0.132124    0.126022    0.0255751    
0.0773536    0.132133    0.126022    0.0255734    0.0773536    0.132133    0.126022    0.0255734    
0.0773563    0.132141    0.126021    0.0255717    0.0773563    0.132141    0.126021    0.0255717    
0.0773588    0.13215    0.126021    0.0255701    0.0773588    0.13215    0.126021    0.0255701    
0.0773612    0.132157    0.126021    0.0255686    0.0773612    0.132157    0.126021    0.0255686    
0.0773634    0.132164    0.12602    0.0255672    0.0773634    0.132164    0.12602    0.0255672    
0.0773655    0.132171    0.12602    0.0255659    0.0773655    0.132171    0.12602    0.0255659    
0.0773674    0.132177    0.12602    0.0255648    0.0773674    0.132177    0.12602    0.0255648    
0.0773691    0.132182    0.12602    0.0255637    0.0773691    0.132182    0.12602    0.0255637    
0.0773705    0.132187    0.126019    0.0255628    0.0773705    0.132187    0.126019    0.0255628    
0.0773718    0.132191    0.126019    0.0255619    0.0773718    0.132191    0.126019    0.0255619    
0.0773729    0.132195    0.126019    0.0255612    0.0773729    0.132195    0.126019    0.0255612    
0.0773739    0.132198    0.126019    0.0255606    0.0773739    0.132198    0.126019    0.0255606    
0.0773745    0.1322    0.126019    0.0255602    0.0773745    0.1322    0.126019    0.0255602    
0.077375    0.132202    0.126019    0.0255599    0.077375    0.132202    0.126019    0.0255599    
0.0773752    0.132203    0.126019    0.0255597    0.0773752    0.132203    0.126019    0.0255597    
0.0773753    0.132203    0.126019    0.0255596    0.0773753    0.132203    0.126019    0.0255596    
0.0773752    0.132203    0.126019    0.0255596    0.0773752    0.132203    0.126019    0.0255596    
0.0773749    0.132202    0.126019    0.0255598    0.0773749    0.132202    0.126019    0.0255598    
0.0773744    0.1322    0.126019    0.0255601    0.0773744    0.1322    0.126019    0.0255601    
0.0773738    0.132198    0.126019    0.0255604    0.0773738    0.132198    0.126019    0.0255604    
0.0773731    0.132196    0.126019    0.0255609    0.0773731    0.132196    0.126019    0.0255609    
0.0773721    0.132193    0.12602    0.0255614    0.0773721    0.132193    0.12602    0.0255614    
0.0773711    0.13219    0.12602    0.025562    0.0773711    0.13219    0.12602    0.025562    
0.0773699    0.132186    0.12602    0.0255627    0.0773699    0.132186    0.12602    0.0255627    
0.0773687    0.132182    0.12602    0.0255635    0.0773687    0.132182    0.12602    0.0255635    
0.0773673    0.132178    0.12602    0.0255643    0.0773673    0.132178    0.12602    0.0255643    
0.0773659    0.132173    0.126021    0.0255652    0.0773659    0.132173    0.126021    0.0255652    
0.0773643    0.132169    0.126021    0.0255661    0.0773643    0.132169    0.126021    0.0255661    
0.0773628    0.132164    0.126021    0.0255671    0.0773628    0.132164    0.126021    0.0255671    
0.0773612    0.132158    0.126021    0.0255681    0.0773612    0.132158    0.126021    0.0255681    
0.0773596    0.132153    0.126021    0.0255691    0.0773596    0.132153    0.126021    0.0255691    
0.0773579    0.132148    0.126022    0.0255701    0.0773579    0.132148    0.126022    0.0255701    
0.0773562    0.132143    0.126022    0.0255711    0.0773562    0.132143    0.126022    0.0255711    
0.0773546    0.132137    0.126022    0.0255721    0.0773546    0.132137    0.126022    0.0255721    
0.077353    0.132132    0.126022    0.0255731    0.077353    0.132132    0.126022    0.0255731    
0.0773514    0.132127    0.126023    0.0255741    0.0773514    0.132127    0.126023    0.0255741    
0.0773498    0.132122    0.126023    0.0255751    0.0773498    0.132122    0.126023    0.0255751    
0.0773483    0.132117    0.126023    0.025576    0.0773483    0.132117    0.126023    0.025576    
0.0773469    0.132113    0.126023    0.0255769    0.0773469    0.132113    0.126023    0.0255769    
0.0773455    0.132108    0.126023    0.0255778    0.0773455    0.132108    0.126023    0.0255778    
0.0773442    0.132104    0.126024    0.0255786    0.0773442    0.132104    0.126024    0.0255786    
0.0773429    0.1321    0.126024    0.0255794    0.0773429    0.1321    0.126024    0.0255794    
0.0773418    0.132096    0.126024    0.0255801    0.0773418    0.132096    0.126024    0.0255801    
0.0773407    0.132093    0.126024    0.0255807    0.0773407    0.132093    0.126024    0.0255807    
0.0773397    0.13209    0.126024    0.0255814    0.0773397    0.13209    0.126024    0.0255814    
0.0773389    0.132087    0.126024    0.0255819    0.0773389    0.132087    0.126024    0.0255819    
0.0773381    0.132084    0.126024    0.0255824    0.0773381    0.132084    0.126024    0.0255824    
0.0773375    0.132082    0.126024    0.0255828    0.0773375    0.132082    0.126024    0.0255828    
0.0773369    0.13208    0.126024    0.0255832    0.0773369    0.13208    0.126024    0.0255832    
0.0773364    0.132079    0.126025    0.0255835    0.0773364    0.132079    0.126025    0.0255835    
0.0773361    0.132078    0.126025    0.0255837    0.0773361    0.132078    0.126025    0.0255837    
0.0773358    0.132077    0.126025    0.0255839    0.0773358    0.132077    0.126025    0.0255839    
0.0773357    0.132077    0.126025    0.025584    0.0773357    0.132077    0.126025    0.025584    
0.0773356    0.132076    0.126025    0.025584    0.0773356    0.132076    0.126025    0.025584    
0.0773357    0.132076    0.126025    0.025584    0.0773357    0.132076    0.126025    0.025584    
0.0773358    0.132077    0.126025    0.0255839    0.0773358    0.132077    0.126025    0.0255839    
0.077336    0.132078    0.126024    0.0255838    0.077336    0.132078    0.126024    0.0255838    
0.0773364    0.132078    0.126024    0.0255836    0.0773364    0.132078    0.126024    0.0255836    
0.0773367    0.13208    0.126024    0.0255834    0.0773367    0.13208    0.126024    0.0255834    
0.0773372    0.132081    0.126024    0.0255831    0.0773372    0.132081    0.126024    0.0255831    
0.0773377    0.132083    0.126024    0.0255828    0.0773377    0.132083    0.126024    0.0255828    
0.0773383    0.132085    0.126024    0.0255825    0.0773383    0.132085    0.126024    0.0255825    
0.0773389    0.132087    0.126024    0.0255821    0.0773389    0.132087    0.126024    0.0255821    
0.0773396    0.132089    0.126024    0.0255817    0.0773396    0.132089    0.126024    0.0255817    
0.0773404    0.132091    0.126024    0.0255812    0.0773404    0.132091    0.126024    0.0255812    
0.0773411    0.132094    0.126024    0.0255808    0.0773411    0.132094    0.126024    0.0255808    
0.0773419    0.132096    0.126024    0.0255803    0.0773419    0.132096    0.126024    0.0255803    
0.0773427    0.132099    0.126023    0.0255798    0.0773427    0.132099    0.126023    0.0255798    
0.0773436    0.132101    0.126023    0.0255793    0.0773436    0.132101    0.126023    0.0255793    
0.0773444    0.132104    0.126023    0.0255787    0.0773444    0.132104    0.126023    0.0255787    
0.0773453    0.132107    0.126023    0.0255782    0.0773453    0.132107    0.126023    0.0255782    
0.0773461    0.132109    0.126023    0.0255777    0.0773461    0.132109    0.126023    0.0255777    
0.0773469    0.132112    0.126023    0.0255772    0.0773469    0.132112    0.126023    0.0255772    
0.0773477    0.132115    0.126023    0.0255767    0.0773477    0.132115    0.126023    0.0255767    
0.0773485    0.132117    0.126023    0.0255762    0.0773485    0.132117    0.126023    0.0255762    
0.0773493    0.13212    0.126023    0.0255757    0.0773493    0.13212    0.126023    0.0255757    
0.0773501    0.132122    0.126022    0.0255752    0.0773501    0.132122    0.126022    0.0255752    
0.0773508    0.132124    0.126022    0.0255748    0.0773508    0.132124    0.126022    0.0255748    
0.0773515    0.132127    0.126022    0.0255744    0.0773515    0.132127    0.126022    0.0255744    
0.0773521    0.132129    0.126022    0.025574    0.0773521    0.132129    0.126022    0.025574    
0.0773527    0.132131    0.126022    0.0255736    0.0773527    0.132131    0.126022    0.0255736    
0.0773533    0.132132    0.126022    0.0255733    0.0773533    0.132132    0.126022    0.0255733    
0.0773538    0.132134    0.126022    0.0255729    0.0773538    0.132134    0.126022    0.0255729    
0.0773542    0.132135    0.126022    0.0255726    0.0773542    0.132135    0.126022    0.0255726    
0.0773546    0.132137    0.126022    0.0255724    0.0773546    0.132137    0.126022    0.0255724    
0.077355    0.132138    0.126022    0.0255722    0.077355    0.132138    0.126022    0.0255722    
0.0773552    0.132139    0.126022    0.025572    0.0773552    0.132139    0.126022    0.025572    
0.0773555    0.13214    0.126022    0.0255718    0.0773555    0.13214    0.126022    0.0255718    
0.0773557    0.13214    0.126022    0.0255717    0.0773557    0.13214    0.126022    0.0255717    
0.0773558    0.132141    0.126022    0.0255716    0.0773558    0.132141    0.126022    0.0255716    
0.0773559    0.132141    0.126022    0.0255716    0.0773559    0.132141    0.126022    0.0255716    
0.0773559    0.132141    0.126022    0.0255715    0.0773559    0.132141    0.126022    0.0255715    
0.0773559    0.132141    0.126022    0.0255715    0.0773559    0.132141    0.126022    0.0255715    
0.0773559    0.132141    0.126022    0.0255716    0.0773559    0.132141    0.126022    0.0255716    
0.0773557    0.132141    0.126022    0.0255716    0.0773557    0.132141    0.126022    0.0255716    
0.0773556    0.13214    0.126022    0.0255717    0.0773556    0.13214    0.126022    0.0255717    
0.0773554    0.13214    0.126022    0.0255718    0.0773554    0.13214    0.126022    0.0255718    
0.0773552    0.132139    0.126022    0.025572    0.0773552    0.132139    0.126022    0.025572    
0.0773549    0.132138    0.126022    0.0255721    0.0773549    0.132138    0.126022    0.0255721    
0.0773546    0.132137    0.126022    0.0255723    0.0773546    0.132137    0.126022    0.0255723    
0.0773543    0.132136    0.126022    0.0255725    0.0773543    0.132136    0.126022    0.0255725    
0.0773539    0.132135    0.126022    0.0255727    0.0773539    0.132135    0.126022    0.0255727    
0.0773536    0.132134    0.126022    0.0255729    0.0773536    0.132134    0.126022    0.0255729    
0.0773532    0.132133    0.126022    0.0255732    0.0773532    0.132133    0.126022    0.0255732    
0.0773528    0.132131    0.126022    0.0255734    0.0773528    0.132131    0.126022    0.0255734    
0.0773524    0.13213    0.126022    0.0255737    0.0773524    0.13213    0.126022    0.0255737    
0.0773519    0.132129    0.126022    0.0255739    0.0773519    0.132129    0.126022    0.0255739    
0.0773515    0.132127    0.126022    0.0255742    0.0773515    0.132127    0.126022    0.0255742    
0.0773511    0.132126    0.126022    0.0255744    0.0773511    0.132126    0.126022    0.0255744    
0.0773506    0.132124    0.126023    0.0255747    0.0773506    0.132124    0.126023    0.0255747    
0.0773502    0.132123    0.126023    0.025575    0.0773502    0.132123    0.126023    0.025575    
0.0773499    0.132122    0.126023    0.0255752    0.0773499    0.132122    0.126023    0.0255752    
0.0773494    0.132121    0.126023    0.0255755    0.0773494    0.132121    0.126023    0.0255755    
0.077349    0.132119    0.126023    0.0255757    0.077349    0.132119    0.126023    0.0255757    
0.0773486    0.132118    0.126023    0.025576    0.0773486    0.132118    0.126023    0.025576    
0.0773482    0.132117    0.126023    0.0255762    0.0773482    0.132117    0.126023    0.0255762    
0.0773479    0.132115    0.126023    0.0255764    0.0773479    0.132115    0.126023    0.0255764    
0.0773475    0.132114    0.126023    0.0255767    0.0773475    0.132114    0.126023    0.0255767    
0.0773472    0.132113    0.126023    0.0255769    0.0773472    0.132113    0.126023    0.0255769    
0.0773469    0.132112    0.126023    0.0255771    0.0773469    0.132112    0.126023    0.0255771    
0.0773466    0.132111    0.126023    0.0255772    0.0773466    0.132111    0.126023    0.0255772    
0.0773463    0.132111    0.126023    0.0255774    0.0773463    0.132111    0.126023    0.0255774    
0.0773461    0.13211    0.126023    0.0255775    0.0773461    0.13211    0.126023    0.0255775    
0.0773459    0.132109    0.126023    0.0255777    0.0773459    0.132109    0.126023    0.0255777    
0.0773458    0.132109    0.126023    0.0255778    0.0773458    0.132109    0.126023    0.0255778    
0.0773456    0.132108    0.126023    0.0255778    0.0773456    0.132108    0.126023    0.0255778    
0.0773455    0.132108    0.126023    0.0255779    0.0773455    0.132108    0.126023    0.0255779    
0.0773454    0.132108    0.126023    0.025578    0.0773454    0.132108    0.126023    0.025578    
0.0773454    0.132107    0.126023    0.025578    0.0773454    0.132107    0.126023    0.025578    
0.0773454    0.132107    0.126023    0.025578    0.0773454    0.132107    0.126023    0.025578    
0.0773454    0.132107    0.126023    0.025578    0.0773454    0.132107    0.126023    0.025578    
0.0773454    0.132107    0.126023    0.025578    0.0773454    0.132107    0.126023    0.025578    
0.0773455    0.132108    0.126023    0.025578    0.0773455    0.132108    0.126023    0.025578    
0.0773455    0.132108    0.126023    0.0255779    0.0773455    0.132108    0.126023    0.0255779    
0.0773456    0.132108    0.126023    0.0255779    0.0773456    0.132108    0.126023    0.0255779    
0.0773457    0.132109    0.126023    0.0255778    0.0773457    0.132109    0.126023    0.0255778    
0.0773459    0.132109    0.126023    0.0255777    0.0773459    0.132109    0.126023    0.0255777    
0.077346    0.132109    0.126023    0.0255776    0.077346    0.132109    0.126023    0.0255776    
0.0773462    0.13211    0.126023    0.0255775    0.0773462    0.13211    0.126023    0.0255775    
0.0773464    0.132111    0.126023    0.0255774    0.0773464    0.132111    0.126023    0.0255774    
0.0773466    0.132111    0.126023    0.0255773    0.0773466    0.132111    0.126023    0.0255773    
0.0773468    0.132112    0.126023    0.0255772    0.0773468    0.132112    0.126023    0.0255772    
0.077347    0.132113    0.126023    0.025577    0.077347    0.132113    0.126023    0.025577    
0.0773472    0.132113    0.126023    0.0255769    0.0773472    0.132113    0.126023    0.0255769    
0.0773475    0.132114    0.126023    0.0255768    0.0773475    0.132114    0.126023    0.0255768    
0.0773477    0.132115    0.126023    0.0255766    0.0773477    0.132115    0.126023    0.0255766    
0.0773479    0.132115    0.126023    0.0255765    0.0773479    0.132115    0.126023    0.0255765    
0.0773482    0.132116    0.126023    0.0255763    0.0773482    0.132116    0.126023    0.0255763    
0.0773484    0.132117    0.126023    0.0255762    0.0773484    0.132117    0.126023    0.0255762    
0.0773486    0.132118    0.126023    0.0255761    0.0773486    0.132118    0.126023    0.0255761    
0.0773488    0.132118    0.126023    0.0255759    0.0773488    0.132118    0.126023    0.0255759    
0.0773491    0.132119    0.126023    0.0255758    0.0773491    0.132119    0.126023    0.0255758    
0.0773493    0.13212    0.126023    0.0255757    0.0773493    0.13212    0.126023    0.0255757    
0.0773495    0.13212    0.126023    0.0255755    0.0773495    0.13212    0.126023    0.0255755    
0.0773497    0.132121    0.126023    0.0255754    0.0773497    0.132121    0.126023    0.0255754    
0.0773498    0.132122    0.126023    0.0255753    0.0773498    0.132122    0.126023    0.0255753    
0.07735    0.132122    0.126023    0.0255752    0.07735    0.132122    0.126023    0.0255752    
0.0773502    0.132123    0.126022    0.0255751    0.0773502    0.132123    0.126022    0.0255751    
0.0773503    0.132123    0.126022    0.025575    0.0773503    0.132123    0.126022    0.025575    
0.0773504    0.132124    0.126022    0.0255749    0.0773504    0.132124    0.126022    0.0255749    
0.0773506    0.132124    0.126022    0.0255749    0.0773506    0.132124    0.126022    0.0255749    
0.0773507    0.132124    0.126022    0.0255748    0.0773507    0.132124    0.126022    0.0255748    
0.0773507    0.132125    0.126022    0.0255747    0.0773507    0.132125    0.126022    0.0255747    
0.0773508    0.132125    0.126022    0.0255747    0.0773508    0.132125    0.126022    0.0255747    
0.0773509    0.132125    0.126022    0.0255746    0.0773509    0.132125    0.126022    0.0255746    
0.0773509    0.132125    0.126022    0.0255746    0.0773509    0.132125    0.126022    0.0255746    
0.0773509    0.132125    0.126022    0.0255746    0.0773509    0.132125    0.126022    0.0255746    
0.077351    0.132125    0.126022    0.0255746    0.077351    0.132125    0.126022    0.0255746    
0.077351    0.132125    0.126022    0.0255746    0.077351    0.132125    0.126022    0.0255746    
0.0773509    0.132125    0.126022    0.0255746    0.0773509    0.132125    0.126022    0.0255746    
0.0773509    0.132125    0.126022    0.0255746    0.0773509    0.132125    0.126022    0.0255746    
0.0773509    0.132125    0.126022    0.0255746    0.0773509    0.132125    0.126022    0.0255746    
0.0773508    0.132125    0.126022    0.0255747    0.0773508    0.132125    0.126022    0.0255747    
0.0773508    0.132125    0.126022    0.0255747    0.0773508    0.132125    0.126022    0.0255747    
0.0773507    0.132124    0.126022    0.0255747    0.0773507    0.132124    0.126022    0.0255747    
0.0773506    0.132124    0.126022    0.0255748    0.0773506    0.132124    0.126022    0.0255748    
0.0773505    0.132124    0.126022    0.0255748    0.0773505    0.132124    0.126022    0.0255748    
0.0773504    0.132124    0.126022    0.0255749    0.0773504    0.132124    0.126022    0.0255749    
0.0773503    0.132123    0.126023    0.0255749    0.0773503    0.132123    0.126023    0.0255749    
0.0773502    0.132123    0.126023    0.025575    0.0773502    0.132123    0.126023    0.025575    
0.0773501    0.132123    0.126023    0.0255751    0.0773501    0.132123    0.126023    0.0255751    
0.07735    0.132122    0.126023    0.0255751    0.07735    0.132122    0.126023    0.0255751    
0.0773499    0.132122    0.126023    0.0255752    0.0773499    0.132122    0.126023    0.0255752    
0.0773498    0.132122    0.126023    0.0255753    0.0773498    0.132122    0.126023    0.0255753    
0.0773497    0.132121    0.126023    0.0255754    0.0773497    0.132121    0.126023    0.0255754    
0.0773495    0.132121    0.126023    0.0255754    0.0773495    0.132121    0.126023    0.0255754    
0.0773494    0.13212    0.126023    0.0255755    0.0773494    0.13212    0.126023    0.0255755    
0.0773493    0.13212    0.126023    0.0255756    0.0773493    0.13212    0.126023    0.0255756    
0.0773492    0.13212    0.126023    0.0255757    0.0773492    0.13212    0.126023    0.0255757    
0.0773491    0.132119    0.126023    0.0255757    0.0773491    0.132119    0.126023    0.0255757    
0.077349    0.132119    0.126023    0.0255758    0.077349    0.132119    0.126023    0.0255758    
0.0773489    0.132119    0.126023    0.0255759    0.0773489    0.132119    0.126023    0.0255759    
0.0773488    0.132118    0.126023    0.0255759    0.0773488    0.132118    0.126023    0.0255759    
0.0773487    0.132118    0.126023    0.025576    0.0773487    0.132118    0.126023    0.025576    
0.0773486    0.132118    0.126023    0.025576    0.0773486    0.132118    0.126023    0.025576    
0.0773485    0.132117    0.126023    0.0255761    0.0773485    0.132117    0.126023    0.0255761    
0.0773484    0.132117    0.126023    0.0255761    0.0773484    0.132117    0.126023    0.0255761    
0.0773484    0.132117    0.126023    0.0255762    0.0773484    0.132117    0.126023    0.0255762    
0.0773483    0.132117    0.126023    0.0255762    0.0773483    0.132117    0.126023    0.0255762    
0.0773483    0.132117    0.126023    0.0255762    0.0773483    0.132117    0.126023    0.0255762    
0.0773482    0.132117    0.126023    0.0255763    0.0773482    0.132117    0.126023    0.0255763    
0.0773482    0.132116    0.126023    0.0255763    0.0773482    0.132116    0.126023    0.0255763    
0.0773481    0.132116    0.126023    0.0255763    0.0773481    0.132116    0.126023    0.0255763    
0.0773481    0.132116    0.126023    0.0255763    0.0773481    0.132116    0.126023    0.0255763    
0.0773481    0.132116    0.126023    0.0255763    0.0773481    0.132116    0.126023    0.0255763    
0.0773481    0.132116    0.126023    0.0255763    0.0773481    0.132116    0.126023    0.0255763    
0.0773481    0.132116    0.126023    0.0255763    0.0773481    0.132116    0.126023    0.0255763    
0.0773481    0.132116    0.126023    0.0255763    0.0773481    0.132116    0.126023    0.0255763    
0.0773481    0.132116    0.126023    0.0255763    0.0773481    0.132116    0.126023    0.0255763    
0.0773481    0.132116    0.126023    0.0255763    0.0773481    0.132116    0.126023    0.0255763    
0.0773482    0.132116    0.126023    0.0255763    0.0773482    0.132116    0.126023    0.0255763    
