0.99919
1.00039
1.00114
1.00222
1.00361
1.00529
1.0072
1.00933
1.01163
1.01408
1.01664
1.01927
1.02194
1.02464
1.02732
1.02996
1.03256
1.03507
1.03749
1.0398
1.04199
1.04404
1.04595
1.04771
1.04931
1.05075
1.05203
1.05313
1.05408
1.05486
1.05547
1.05592
1.05621
1.05636
1.05634
1.05619
1.05589
1.05546
1.05491
1.05423
1.05345
1.05257
1.05159
1.05053
1.04939
1.04819
1.04693
1.04562
1.04428
1.04292
1.04154
1.04015
1.03877
1.0374
1.03606
1.03475
1.03348
1.03227
1.03111
1.03003
1.02901
1.02809
1.02724
1.02649
1.02583
1.02526
1.0248
1.02444
1.02418
1.02401
1.02395
1.02397
1.02409
1.02429
1.02458
1.02494
1.02538
1.02587
1.02643
1.02703
1.02767
1.02835
1.02906
1.02979
1.03053
1.03127
1.03202
1.03277
1.03349
1.0342
1.03489
1.03555
1.03618
1.03677
1.03732
1.03783
1.0383
1.03872
1.0391
1.03942
1.03969
1.03992
1.0401
1.04023
1.04031
1.04034
1.04033
1.04027
1.04017
1.04003
1.03986
1.03964
1.0394
1.03913
1.03883
1.03851
1.03817
1.03781
1.03744
1.03706
1.03667
1.03628
1.03589
1.0355
1.03512
1.03474
1.03438
1.03403
1.0337
1.03338
1.03308
1.03281
1.03255
1.03232
1.03212
1.03195
1.03179
1.03167
1.03157
1.03151
1.03146
1.03144
1.03145
1.03149
1.03155
1.03162
1.03172
1.03183
1.03196
1.03212
1.03228
1.03245
1.03264
1.03283
1.03303
1.03323
1.03344
1.03364
1.03385
1.03405
1.03425
1.03445
1.03463
1.03482
1.03499
1.03514
1.03529
1.03543
1.03555
1.03566
1.03576
1.03584
1.03591
1.03597
1.03601
1.03604
1.03605
1.03605
1.03604
1.03602
1.03599
1.03594
1.03588
1.03582
1.03575
1.03567
1.03558
1.03549
1.03539
1.03528
1.03518
1.03507
1.03497
1.03486
1.03475
1.03464
1.03454
1.03444
1.03434
1.03425
1.03416
1.03408
1.034
1.03393
1.03387
1.03381
1.03376
1.03372
1.03369
1.03366
1.03364
1.03363
1.03362
1.03362
1.03363
1.03365
1.03367
1.03369
1.03372
1.03376
1.0338
1.03384
1.03389
1.03394
1.03399
1.03405
1.0341
1.03415
1.03421
1.03427
1.03432
1.03438
1.03444
1.03449
1.03453
1.03459
1.03463
1.03467
1.03471
1.03474
1.03478
1.0348
1.03483
1.03485
1.03487
1.03488
1.03489
1.0349
1.0349
1.0349
1.03489
1.03489
1.03487
1.03486
1.03485
1.03482
1.0348
1.03478
1.03476
1.03474
1.03471
1.03468
1.03465
1.03462
1.03459
1.03456
1.03453
1.03451
1.03448
1.03445
1.03443
1.0344
1.03438
1.03436
1.03434
1.03432
1.0343
1.03429
1.03428
1.03427
1.03426
1.03425
1.03425
1.03425
1.03425
1.03424
1.03425
1.03425
1.03425
1.03427
1.03428
1.03429
1.03429
1.0343
1.03432
1.03433
1.03434
1.03436
1.03437
1.03439
1.0344
1.03441
1.03443
1.03444
1.03446
1.03447
1.03448
1.0345
1.03451
1.03452
1.03452
1.03453
1.03454
1.03454
1.03455
1.03456
1.03456
1.03456
1.03457
1.03457
1.03457
1.03457
1.03456
1.03456
1.03455
1.03455
1.03455
1.03454
1.03454
1.03453
1.03453
1.03452
1.03451
1.0345
1.03449
1.03449
1.03448
1.03447
1.03447
1.03446
1.03446
1.03445
1.03445
1.03443
1.03443
1.03443
1.03442
1.03442
1.03442
1.03441
1.03441
1.03441
1.03441
1.03441
1.03441
1.03441
1.03441
1.03441
1.03441
1.03441
1.03441
1.03441
1.03442
1.03442
1.03442
1.03443
1.03443
1.03444
1.03444
1.03444
1.03445
1.03445
1.03445
1.03445
1.03446
1.03446
1.03446
1.03446
1.03447
1.03447
1.03448
1.03448
1.03448
1.03448
1.03448
1.03448
1.03449
1.03449
1.03449
1.03449
1.03449
1.03448
1.03448
1.03448
1.03448
1.03448
1.03448
1.03448
1.03448
1.03447
1.03447
1.03447
1.03447
1.03447
1.03447
1.03447
1.03446
1.03446
1.03446
1.03446
1.03446
1.03446
1.03446
1.03445
1.03445
1.03445
1.03445
1.03445
1.03444
1.03445
1.03444
1.03445
1.03444
1.03444
1.03444
1.03444
1.03444
1.03444
1.03444
1.03444
1.03444
1.03445
1.03445
1.03445
1.03445
1.03445
1.03445
1.03445
1.03445
1.03445
1.03446
1.03446
1.03446
1.03446
1.03446
1.03446
1.03446
1.03446
1.03446
1.03446
1.03446
1.03446
1.03446
1.03446
1.03447
1.03447
1.03447
1.03447
1.03447
1.03447
1.03447
1.03447
1.03447
1.03447
1.03447
1.03446
1.03446
1.03446
1.03446
1.03446
1.03446
1.03446
1.03446
1.03446
1.03446
1.03446
1.03446
1.03446
1.03446
1.03446
1.03446
1.03446
1.03446
1.03446
1.03445
1.03445
1.03445
1.03445
1.03445
1.03445
1.03445
1.03445
1.03445
1.03445
1.03445
1.03445
1.03445
1.03445
