-7.39223e-05   -0.000395405   -0.00144076
-0.000176234   -0.000922481   -0.003288
-0.000340567   -0.00172712   -0.00595729
-0.000614265   -0.00299825   -0.00993249
-0.0010671   -0.00499075   -0.0157921
-0.00180108   -0.00804337   -0.0242028
-0.00296116   -0.0125884   -0.0358729
-0.00474612   -0.0191475   -0.0514573
-0.00741756   -0.0283057   -0.0714085
-0.0113043   -0.0406569   -0.0957818
-0.0167986   -0.0567151   -0.124015
-0.0243407   -0.0767921   -0.154727
-0.0343872   -0.100851   -0.18559
-0.0473633   -0.128356   -0.21335
-0.0635987   -0.158142   -0.234049
-0.0832519   -0.188355   -0.243473
-0.106233   -0.216486   -0.237816
-0.132139   -0.239526   -0.21447
-0.160209   -0.254267   -0.172779
-0.189329   -0.257697   -0.114613
-0.218077   -0.247469   -0.0445406
-0.244825   -0.22234   0.0304796
-0.267881   -0.182513   0.101934
-0.285672   -0.129782   0.160996
-0.296909   -0.0674512   0.199958
-0.300753   2.01875e-06   0.213561
-0.296909   0.0674551   0.199942
-0.285672   0.129786   0.160966
-0.267881   0.182516   0.101894
-0.244824   0.222342   0.0304337
-0.218077   0.24747   -0.0445865
-0.189329   0.257697   -0.114654
-0.160209   0.254266   -0.172811
-0.132138   0.239524   -0.214489
-0.106233   0.216482   -0.237822
-0.0832516   0.188351   -0.243463
-0.0635984   0.158137   -0.234026
-0.0473629   0.12835   -0.213315
-0.0343867   0.100845   -0.185543
-0.02434   0.0767844   -0.154669
-0.0167978   0.0567059   -0.123946
-0.0113031   0.0406455   -0.095701
-0.00741591   0.0282911   -0.0713123
-0.00474373   0.019128   -0.0513397
-0.00295757   0.0125614   -0.0357241
-0.00179554   0.00800444   -0.0240064
-0.0010583   0.00493273   -0.0155217
-0.000599878   0.00290883   -0.00954434
-0.000316401   0.00158478   -0.00537778
-0.000134528   0.000688768   -0.00239011
