1.2    -1.11792    0.000210487    -0.63144    -2.63964    2.38088e-08    0.143554
1.20206    -1.11817    0.000786009    -0.629624    -2.6409    7.32006e-08    0.148859
1.20604    -1.11856    0.0016557    -0.628866    -2.63772    1.53153e-07    0.151506
1.21181    -1.11911    0.00273872    -0.627796    -2.63306    2.51137e-07    0.155206
1.21924    -1.11979    0.00395018    -0.626427    -2.62709    3.58485e-07    0.159842
1.22816    -1.12055    0.00520727    -0.624793    -2.61997    4.67e-07    0.165232
1.2384    -1.12136    0.00643429    -0.622929    -2.61185    5.6953e-07    0.17119
1.24978    -1.12218    0.00756647    -0.620872    -2.6029    6.60343e-07    0.177537
1.26212    -1.12298    0.00855233    -0.618661    -2.59326    7.35301e-07    0.184103
1.27524    -1.12373    0.0093547    -0.616331    -2.58312    7.91863e-07    0.190742
1.28897    -1.1244    0.00995053    -0.613916    -2.5726    8.28947e-07    0.197326
1.30312    -1.125    0.0103298    -0.611451    -2.56187    8.46708e-07    0.20375
1.31755    -1.1255    0.010494    -0.608963    -2.55104    8.46278e-07    0.209935
1.33208    -1.12589    0.0104537    -0.606481    -2.54024    8.29495e-07    0.215818
1.34659    -1.12619    0.0102268    -0.604029    -2.52956    7.98648e-07    0.221358
1.36094    -1.1264    0.00983626    -0.601627    -2.51911    7.5626e-07    0.226528
1.37502    -1.12651    0.00930819    -0.599295    -2.50896    7.04911e-07    0.231315
1.38871    -1.12654    0.0086703    -0.597048    -2.49918    6.47107e-07    0.235716
1.40192    -1.12651    0.00795048    -0.594899    -2.48983    5.85181e-07    0.239735
1.41457    -1.12641    0.00717573    -0.59286    -2.48096    5.21233e-07    0.243384
1.42659    -1.12627    0.00637137    -0.590939    -2.4726    4.57096e-07    0.246677
1.43792    -1.12609    0.00556045    -0.589143    -2.46479    3.94328e-07    0.249631
1.4485    -1.12588    0.0047634    -0.587478    -2.45754    3.3421e-07    0.252266
1.45829    -1.12565    0.00399779    -0.585947    -2.45088    2.77764e-07    0.254601
1.46727    -1.12542    0.00327833    -0.584554    -2.44482    2.25772e-07    0.256655
1.47539    -1.12519    0.00261683    -0.5833    -2.43936    1.78801e-07    0.258447
1.48265    -1.12497    0.00202235    -0.582185    -2.43451    1.37231e-07    0.259995
1.48903    -1.12476    0.00150136    -0.58121    -2.43026    1.01276e-07    0.261315
1.49453    -1.12457    0.00105794    -0.580372    -2.42662    7.10121e-08    0.262423
1.49915    -1.12441    0.00069397    -0.579672    -2.42357    4.6396e-08    0.263332
1.50288    -1.12427    0.000409388    -0.579106    -2.42111    2.72873e-08    0.264055
1.50575    -1.12416    0.000202419    -0.578673    -2.41922    1.34638e-08    0.264601
1.50777    -1.12409    6.97923e-05    -0.578369    -2.41789    4.6368e-09    0.264981
1.50896    -1.12404    6.97035e-06    -0.57819    -2.41712    4.62967e-10    0.265203
1.50933    -1.12403    8.35433e-06    -0.578134    -2.41687    5.55206e-10    0.265273
1.50892    -1.12404    6.74856e-05    -0.578196    -2.41714    4.49126e-09    0.265196
1.50776    -1.12409    0.000177233    -0.578371    -2.4179    1.18212e-08    0.264978
1.50587    -1.12416    0.00032997    -0.578656    -2.41914    2.20738e-08    0.264622
1.50329    -1.12426    0.000517737    -0.579045    -2.42084    3.47623e-08    0.264131
1.50006    -1.12438    0.000732404    -0.579534    -2.42296    4.93896e-08    0.263508
1.49622    -1.12451    0.000965807    -0.580116    -2.4255    6.54532e-08    0.262756
1.49181    -1.12467    0.0012099    -0.580786    -2.42841    8.24503e-08    0.261875
1.48688    -1.12483    0.00145686    -0.581539    -2.43169    9.98832e-08    0.260869
1.48146    -1.12501    0.00169926    -0.582369    -2.4353    1.17264e-07    0.259739
1.47561    -1.12519    0.00193012    -0.583268    -2.43921    1.34123e-07    0.258488
1.46938    -1.12537    0.00214308    -0.58423    -2.44339    1.50012e-07    0.257119
1.46281    -1.12554    0.00233244    -0.585248    -2.44782    1.64513e-07    0.255636
1.45595    -1.12571    0.00249332    -0.586315    -2.45246    1.77246e-07    0.254042
1.44887    -1.12587    0.00262169    -0.587423    -2.45728    1.87875e-07    0.252345
1.4416    -1.12602    0.00271445    -0.588565    -2.46225    1.96119e-07    0.25055
1.43421    -1.12615    0.0027695    -0.589733    -2.46733    2.01753e-07    0.248666
1.42674    -1.12627    0.00278578    -0.590919    -2.47249    2.04622e-07    0.246702
1.41925    -1.12636    0.00276327    -0.592115    -2.47769    2.04644e-07    0.24467
1.41179    -1.12644    0.00270297    -0.593311    -2.48289    2.01812e-07    0.242581
1.40442    -1.12649    0.00260693    -0.594501    -2.48807    1.96201e-07    0.240452
1.39717    -1.12653    0.00247814    -0.595675    -2.49317    1.87963e-07    0.238296
1.39011    -1.12654    0.00232046    -0.596826    -2.49818    1.77332e-07    0.236131
1.38327    -1.12654    0.00213851    -0.597944    -2.50304    1.6461e-07    0.233976
1.37671    -1.12652    0.00193754    -0.599023    -2.50773    1.50168e-07    0.23185
1.37046    -1.12648    0.00172326    -0.600054    -2.51222    1.34427e-07    0.229773
1.36457    -1.12643    0.00150163    -0.601031    -2.51647    1.17848e-07    0.227765
1.35907    -1.12638    0.00127874    -0.601946    -2.52045    1.00916e-07    0.225847
1.354    -1.12631    0.00106052    -0.602794    -2.52414    8.41185e-08    0.22404
1.34938    -1.12624    0.000852582    -0.603568    -2.52751    6.79326e-08    0.222361
1.34523    -1.12617    0.000660039    -0.604264    -2.53054    5.28009e-08    0.220829
1.34159    -1.1261    0.000487312    -0.604879    -2.53322    3.91164e-08    0.21946
1.33846    -1.12604    0.00033799    -0.605408    -2.53552    2.72073e-08    0.218268
1.33585    -1.12598    0.00021473    -0.60585    -2.53744    1.73239e-08    0.217263
1.33377    -1.12593    0.00011918    -0.606202    -2.53898    9.63108e-09    0.216455
1.33222    -1.1259    5.19602e-05    -0.606465    -2.54012    4.20345e-09    0.215849
1.3312    -1.12587    1.26796e-05    -0.606638    -2.54088    1.02626e-09    0.215447
1.33069    -1.12586    3.77981e-11    -0.606724    -2.54125    3.60567e-15    0.215248
1.33069    -1.12586    1.17365e-05    -0.606724    -2.54125    9.49279e-10    0.215249
1.33118    -1.12587    4.499e-05    -0.606641    -2.54089    3.63482e-09    0.215441
1.33213    -1.1259    9.63037e-05    -0.606479    -2.54019    7.76801e-09    0.215817
1.33352    -1.12593    0.000161834    -0.606243    -2.53916    1.30268e-08    0.216363
1.33532    -1.12597    0.000237525    -0.605936    -2.53783    1.90721e-08    0.217067
1.33751    -1.12602    0.000319284    -0.605566    -2.53622    2.55634e-08    0.217912
1.34005    -1.12607    0.000403138    -0.605137    -2.53435    3.21736e-08    0.218883
1.3429    -1.12613    0.000485377    -0.604656    -2.53226    3.86011e-08    0.219962
1.34602    -1.12618    0.000562674    -0.604129    -2.52997    4.45797e-08    0.221132
1.34939    -1.12624    0.000632174    -0.603563    -2.52751    4.98864e-08    0.222375
1.35296    -1.12629    0.000691554    -0.602965    -2.5249    5.43453e-08    0.223674
1.35669    -1.12635    0.000739068    -0.60234    -2.52219    5.78298e-08    0.225013
1.36055    -1.12639    0.000773544    -0.601697    -2.51939    6.02622e-08    0.226377
1.36449    -1.12643    0.00079438    -0.60104    -2.51653    6.1611e-08    0.227749
1.36849    -1.12647    0.000801502    -0.600377    -2.51365    6.18869e-08    0.229118
1.37251    -1.1265    0.000795319    -0.599712    -2.51075    6.11379e-08    0.230471
1.37651    -1.12652    0.000776656    -0.599052    -2.50788    5.94426e-08    0.231797
1.38047    -1.12653    0.000746687    -0.598401    -2.50505    5.69047e-08    0.233086
1.38434    -1.12654    0.00070686    -0.597765    -2.50228    5.36458e-08    0.23433
1.38812    -1.12654    0.000658821    -0.597147    -2.4996    4.97999e-08    0.235521
1.39176    -1.12654    0.000604341    -0.596553    -2.49701    4.55069e-08    0.236654
1.39525    -1.12653    0.000545248    -0.595985    -2.49454    4.0908e-08    0.237723
1.39856    -1.12652    0.000483363    -0.595446    -2.4922    3.61412e-08    0.238725
1.40168    -1.12651    0.000420446    -0.594941    -2.49    3.13369e-08    0.239655
1.40459    -1.12649    0.000358147    -0.59447    -2.48795    2.66154e-08    0.240512
1.40728    -1.12647    0.000297969    -0.594036    -2.48606    2.20843e-08    0.241294
1.40972    -1.12646    0.000241237    -0.593642    -2.48434    1.78367e-08    0.242
1.41193    -1.12644    0.000189076    -0.593287    -2.4828    1.39504e-08    0.242629
1.41388    -1.12642    0.000142396    -0.592974    -2.48144    1.0487e-08    0.24318
1.41557    -1.1264    0.000101887    -0.592702    -2.48026    7.49216e-09    0.243656
1.41701    -1.12639    6.80207e-05    -0.592472    -2.47926    4.99556e-09    0.244055
1.41818    -1.12637    4.10503e-05    -0.592285    -2.47844    3.0119e-09    0.24438
1.41909    -1.12636    2.10269e-05    -0.592139    -2.47781    1.54172e-09    0.244631
1.41974    -1.12636    7.81178e-06    -0.592035    -2.47735    5.72543e-10    0.24481
1.42013    -1.12635    1.09584e-06    -0.591972    -2.47708    8.03066e-11    0.244918
1.42028    -1.12635    4.20189e-07    -0.591948    -2.47698    3.07969e-11    0.244959
1.42019    -1.12635    5.19951e-06    -0.591963    -2.47704    3.81237e-10    0.244933
1.41987    -1.12635    1.47463e-05    -0.592015    -2.47726    1.08191e-09    0.244844
1.41932    -1.12636    2.8296e-05    -0.592102    -2.47764    2.07783e-09    0.244694
1.41857    -1.12637    4.50318e-05    -0.592223    -2.47817    3.31035e-09    0.244486
1.41761    -1.12638    6.41095e-05    -0.592376    -2.47883    4.71883e-09    0.244222
1.41648    -1.12639    8.46812e-05    -0.592558    -2.47962    6.24218e-09    0.243906
1.41517    -1.12641    0.000105917    -0.592767    -2.48053    7.82035e-09    0.243541
1.41371    -1.12642    0.000127027    -0.593002    -2.48155    9.39575e-09    0.24313
1.41211    -1.12644    0.000147277    -0.593259    -2.48267    1.09145e-08    0.242677
1.41039    -1.12645    0.000166007    -0.593536    -2.48388    1.23276e-08    0.242186
1.40856    -1.12647    0.000182643    -0.59383    -2.48516    1.35919e-08    0.241662
1.40664    -1.12648    0.000196708    -0.59414    -2.4865    1.46711e-08    0.241107
1.40465    -1.12649    0.000207831    -0.594461    -2.4879    1.55358e-08    0.240526
1.40261    -1.1265    0.000215747    -0.594792    -2.48934    1.61649e-08    0.239925
1.40052    -1.12652    0.000220305    -0.59513    -2.49081    1.65448e-08    0.239307
1.39842    -1.12652    0.000221459    -0.595471    -2.49229    1.66704e-08    0.238677
1.39631    -1.12653    0.000219269    -0.595814    -2.49379    1.65439e-08    0.238039
1.3942    -1.12654    0.000213893    -0.596156    -2.49527    1.61752e-08    0.2374
1.39213    -1.12654    0.000205575    -0.596494    -2.49674    1.55812e-08    0.236763
1.39009    -1.12654    0.000194637    -0.596826    -2.49819    1.47843e-08    0.236133
1.38811    -1.12654    0.000181463    -0.597149    -2.49959    1.38127e-08    0.235515
1.3862    -1.12654    0.000166484    -0.597462    -2.50095    1.2698e-08    0.234913
1.38437    -1.12654    0.000150164    -0.597762    -2.50226    1.14752e-08    0.234333
1.38263    -1.12654    0.000132987    -0.598047    -2.5035    1.01808e-08    0.233778
1.381    -1.12653    0.000115435    -0.598316    -2.50467    8.85193e-09    0.233251
1.37947    -1.12653    9.79788e-05    -0.598566    -2.50576    7.52486e-09    0.232758
1.37807    -1.12653    8.10597e-05    -0.598797    -2.50676    6.23415e-09    0.232301
1.37679    -1.12652    6.50808e-05    -0.599008    -2.50768    5.01149e-09    0.231883
1.37565    -1.12651    5.03945e-05    -0.599196    -2.5085    3.88484e-09    0.231506
1.37464    -1.12651    3.72943e-05    -0.599362    -2.50922    2.87766e-09    0.231173
1.37377    -1.1265    2.60089e-05    -0.599505    -2.50984    2.00844e-09    0.230886
1.37305    -1.1265    1.66988e-05    -0.599625    -2.51036    1.29031e-09    0.230645
1.37247    -1.1265    9.45455e-06    -0.59972    -2.51078    7.30884e-10    0.230452
1.37203    -1.12649    4.29815e-06    -0.599793    -2.51109    3.3237e-10    0.230306
1.37174    -1.12649    1.18659e-06    -0.599841    -2.51131    9.17714e-11    0.230208
1.37158    -1.12649    1.70379e-08    -0.599867    -2.51142    1.31779e-12    0.230156
1.37156    -1.12649    6.33944e-07    -0.59987    -2.51143    4.90222e-11    0.23015
1.37168    -1.12649    2.83742e-06    -0.599851    -2.51135    2.19353e-10    0.230188
1.37192    -1.12649    6.39261e-06    -0.599811    -2.51118    4.93989e-10    0.230269
1.37227    -1.1265    1.10396e-05    -0.599752    -2.51092    8.52624e-10    0.230389
1.37275    -1.1265    1.65034e-05    -0.599674    -2.51058    1.27378e-09    0.230546
1.37332    -1.1265    2.25042e-05    -0.599579    -2.51017    1.73562e-09    0.230739
1.374    -1.12651    2.87662e-05    -0.599468    -2.50968    2.21668e-09    0.230962
1.37476    -1.12651    3.50269e-05    -0.599342    -2.50914    2.69657e-09    0.231215
1.3756    -1.12651    4.10438e-05    -0.599203    -2.50854    3.15658e-09    0.231492
1.37651    -1.12652    4.66015e-05    -0.599054    -2.50788    3.58013e-09    0.231792
1.37747    -1.12652    5.15158e-05    -0.598894    -2.50719    3.95319e-09    0.23211
1.37849    -1.12653    5.56381e-05    -0.598726    -2.50646    4.26449e-09    0.232442
1.37955    -1.12653    5.88565e-05    -0.598552    -2.5057    4.50572e-09    0.232787
1.38064    -1.12653    6.10972e-05    -0.598373    -2.50492    4.67151e-09    0.233139
1.38175    -1.12654    6.23239e-05    -0.598191    -2.50413    4.75938e-09    0.233497
1.38287    -1.12654    6.25354e-05    -0.598007    -2.50333    4.7696e-09    0.233856
1.38399    -1.12654    6.17636e-05    -0.597823    -2.50253    4.70493e-09    0.234215
1.38511    -1.12654    6.00697e-05    -0.597641    -2.50174    4.57034e-09    0.23457
1.38621    -1.12654    5.75397e-05    -0.59746    -2.50095    4.37266e-09    0.234918
1.38728    -1.12654    5.42803e-05    -0.597284    -2.50019    4.12021e-09    0.235257
1.38833    -1.12654    5.04134e-05    -0.597113    -2.49944    3.82245e-09    0.235585
1.38934    -1.12654    4.60718e-05    -0.596949    -2.49873    3.48957e-09    0.2359
1.3903    -1.12654    4.13937e-05    -0.596792    -2.49804    3.1321e-09    0.2362
1.39121    -1.12654    3.65184e-05    -0.596643    -2.4974    2.7606e-09    0.236483
1.39207    -1.12654    3.15817e-05    -0.596503    -2.49679    2.38534e-09    0.236747
1.39287    -1.12654    2.67125e-05    -0.596373    -2.49622    2.01595e-09    0.236993
1.3936    -1.12654    2.20289e-05    -0.596253    -2.4957    1.66128e-09    0.237218
1.39427    -1.12654    1.76357e-05    -0.596145    -2.49523    1.32911e-09    0.237422
1.39486    -1.12654    1.36225e-05    -0.596048    -2.49481    1.02607e-09    0.237603
1.39539    -1.12653    1.00617e-05    -0.595963    -2.49444    7.57498e-10    0.237763
1.39584    -1.12653    7.00786e-06    -0.59589    -2.49412    5.27376e-10    0.2379
1.39621    -1.12653    4.49737e-06    -0.595829    -2.49385    3.38341e-10    0.238013
1.39651    -1.12653    2.54863e-06    -0.59578    -2.49364    1.91689e-10    0.238105
1.39674    -1.12653    1.16278e-06    -0.595743    -2.49348    8.74423e-11    0.238173
1.39689    -1.12653    3.24923e-07    -0.595718    -2.49337    2.44327e-11    0.238219
1.39697    -1.12653    5.62508e-09    -0.595705    -2.49332    4.23005e-13    0.238244
1.39698    -1.12653    1.62803e-07    -0.595703    -2.49331    1.22429e-11    0.238247
1.39693    -1.12653    7.438e-07    -0.595713    -2.49335    5.5942e-11    0.238229
1.3968    -1.12653    1.68762e-06    -0.595732    -2.49343    1.26955e-10    0.238192
1.39662    -1.12653    2.92726e-06    -0.595762    -2.49357    2.20271e-10    0.238137
1.39638    -1.12653    4.39204e-06    -0.595802    -2.49374    3.30604e-10    0.238063
1.39608    -1.12653    6.00989e-06    -0.59585    -2.49395    4.52563e-10    0.237973
1.39573    -1.12653    7.70951e-06    -0.595907    -2.49419    5.80806e-10    0.237867
1.39534    -1.12653    9.42238e-06    -0.595971    -2.49447    7.10194e-10    0.237747
1.3949    -1.12654    1.10846e-05    -0.596042    -2.49478    8.3592e-10    0.237615
1.39443    -1.12654    1.26383e-05    -0.596119    -2.49511    9.53627e-10    0.23747
1.39393    -1.12654    1.40331e-05    -0.596201    -2.49547    1.0595e-09    0.237316
1.39339    -1.12654    1.52271e-05    -0.596287    -2.49585    1.15035e-09    0.237153
1.39284    -1.12654    1.61872e-05    -0.596378    -2.49624    1.22366e-09    0.236983
1.39227    -1.12654    1.689e-05    -0.596471    -2.49664    1.27761e-09    0.236807
1.39169    -1.12654    1.73214e-05    -0.596566    -2.49706    1.31111e-09    0.236628
1.3911    -1.12654    1.74769e-05    -0.596662    -2.49748    1.32375e-09    0.236445
1.3905    -1.12654    1.73606e-05    -0.596759    -2.4979    1.3158e-09    0.236261
1.38991    -1.12654    1.69849e-05    -0.596855    -2.49832    1.28815e-09    0.236077
1.38933    -1.12654    1.63694e-05    -0.596951    -2.49873    1.24226e-09    0.235895
1.38875    -1.12654    1.554e-05    -0.597045    -2.49914    1.18004e-09    0.235716
1.38819    -1.12654    1.45274e-05    -0.597136    -2.49954    1.10381e-09    0.235541
1.38765    -1.12654    1.33665e-05    -0.597225    -2.49992    1.01618e-09    0.235371
1.38713    -1.12654    1.20943e-05    -0.597309    -2.50029    9.19963e-10    0.235208
1.38664    -1.12654    1.07493e-05    -0.59739    -2.50064    8.18071e-10    0.235053
1.38617    -1.12654    9.36979e-06    -0.597466    -2.50098    7.13422e-10    0.234906
1.38574    -1.12654    7.99288e-06    -0.597537    -2.50128    6.08851e-10    0.234769
1.38534    -1.12654    6.65348e-06    -0.597603    -2.50157    5.07025e-10    0.234642
1.38497    -1.12654    5.38326e-06    -0.597663    -2.50183    4.10376e-10    0.234525
1.38464    -1.12654    4.20996e-06    -0.597717    -2.50207    3.21035e-10    0.234421
1.38435    -1.12654    3.15673e-06    -0.597765    -2.50227    2.40785e-10    0.234328
1.3841    -1.12654    2.24177e-06    -0.597806    -2.50245    1.71034e-10    0.234248
1.38389    -1.12654    1.47804e-06    -0.597841    -2.5026    1.12787e-10    0.23418
1.38372    -1.12654    8.73209e-07    -0.597869    -2.50273    6.66427e-11    0.234125
1.38358    -1.12654    4.29777e-07    -0.597891    -2.50282    3.28035e-11    0.234083
1.38349    -1.12654    1.45309e-07    -0.597906    -2.50289    1.10915e-11    0.234053
1.38344    -1.12654    1.28379e-08    -0.597915    -2.50293    9.79951e-13    0.234036
1.38342    -1.12654    2.13806e-08    -0.597917    -2.50294    1.63197e-12    0.234031
1.38344    -1.12654    1.56533e-07    -0.597914    -2.50292    1.19472e-11    0.234038
1.3835    -1.12654    4.0114e-07    -0.597905    -2.50288    3.06135e-11    0.234056
1.38359    -1.12654    7.36007e-07    -0.59789    -2.50282    5.61616e-11    0.234085
1.38371    -1.12654    1.14063e-06    -0.59787    -2.50273    8.70212e-11    0.234123
1.38386    -1.12654    1.59389e-06    -0.597845    -2.50263    1.21577e-10    0.234172
1.38404    -1.12654    2.07477e-06    -0.597816    -2.5025    1.58222e-10    0.234229
1.38424    -1.12654    2.563e-06    -0.597782    -2.50235    1.95404e-10    0.234294
1.38447    -1.12654    3.03957e-06    -0.597745    -2.50219    2.31673e-10    0.234366
1.38472    -1.12654    3.48728e-06    -0.597705    -2.50201    2.65719e-10    0.234445
1.38498    -1.12654    3.89112e-06    -0.597661    -2.50182    2.96398e-10    0.234529
1.38526    -1.12654    4.23858e-06    -0.597615    -2.50163    3.22759e-10    0.234618
1.38555    -1.12654    4.51983e-06    -0.597567    -2.50142    3.44061e-10    0.234711
1.38586    -1.12654    4.72787e-06    -0.597518    -2.5012    3.59775e-10    0.234806
1.38617    -1.12654    4.85853e-06    -0.597468    -2.50098    3.69589e-10    0.234904
1.38648    -1.12654    4.91036e-06    -0.597416    -2.50076    3.73402e-10    0.235002
1.38679    -1.12654    4.88454e-06    -0.597365    -2.50054    3.7131e-10    0.235102
1.38711    -1.12654    4.78461e-06    -0.597314    -2.50031    3.63588e-10    0.2352
1.38742    -1.12654    4.6162e-06    -0.597263    -2.50009    3.50673e-10    0.235298
1.38772    -1.12654    4.38673e-06    -0.597213    -2.49988    3.33132e-10    0.235394
1.38802    -1.12654    4.10504e-06    -0.597164    -2.49966    3.11641e-10    0.235487
1.38831    -1.12654    3.78099e-06    -0.597117    -2.49946    2.86954e-10    0.235577
1.38858    -1.12654    3.42516e-06    -0.597072    -2.49926    2.59873e-10    0.235663
1.38884    -1.12654    3.0484e-06    -0.597029    -2.49908    2.31225e-10    0.235746
1.38909    -1.12654    2.66153e-06    -0.596989    -2.4989    2.01829e-10    0.235823
1.38932    -1.12654    2.27497e-06    -0.596951    -2.49874    1.72475e-10    0.235895
1.38954    -1.12654    1.89851e-06    -0.596916    -2.49858    1.43903e-10    0.235962
1.38973    -1.12654    1.54099e-06    -0.596884    -2.49845    1.16782e-10    0.236023
1.38991    -1.12654    1.21016e-06    -0.596855    -2.49832    9.16944e-11    0.236078
1.39007    -1.12654    9.12468e-07    -0.59683    -2.49821    6.91281e-11    0.236126
1.3902    -1.12654    6.52998e-07    -0.596808    -2.49811    4.94646e-11    0.236168
1.39032    -1.12654    4.35378e-07    -0.596789    -2.49803    3.29766e-11    0.236204
1.39041    -1.12654    2.61789e-07    -0.596774    -2.49796    1.9827e-11    0.236233
1.39048    -1.12654    1.32991e-07    -0.596762    -2.49791    1.00717e-11    0.236255
1.39053    -1.12654    4.83964e-08    -0.596754    -2.49788    3.66507e-12    0.236271
1.39057    -1.12654    6.1809e-09    -0.596749    -2.49785    4.6808e-13    0.236281
1.39058    -1.12654    3.4192e-09    -0.596747    -2.49785    2.58937e-13    0.236284
1.39057    -1.12654    3.62469e-08    -0.596748    -2.49785    2.74508e-12    0.236282
1.39054    -1.12654    1.00039e-07    -0.596752    -2.49787    7.5766e-12    0.236273
1.3905    -1.12654    1.89596e-07    -0.59676    -2.4979    1.43604e-11    0.23626
1.39043    -1.12654    2.99342e-07    -0.59677    -2.49795    2.26748e-11    0.23624
1.39036    -1.12654    4.23511e-07    -0.596783    -2.498    3.20838e-11    0.236216
1.39026    -1.12654    5.5633e-07    -0.596798    -2.49807    4.21507e-11    0.236188
1.39016    -1.12654    6.92195e-07    -0.596815    -2.49814    5.24516e-11    0.236155
1.39004    -1.12654    8.25824e-07    -0.596834    -2.49823    6.25865e-11    0.236118
1.38991    -1.12654    9.52391e-07    -0.596855    -2.49832    7.21898e-11    0.236078
1.38977    -1.12654    1.06764e-06    -0.596878    -2.49842    8.09388e-11    0.236035
1.38963    -1.12654    1.16797e-06    -0.596902    -2.49852    8.85603e-11    0.235989
1.38947    -1.12654    1.25052e-06    -0.596927    -2.49863    9.48355e-11    0.235941
1.38931    -1.12654    1.31314e-06    -0.596953    -2.49874    9.9603e-11    0.235892
1.38915    -1.12654    1.35451e-06    -0.596979    -2.49886    1.02759e-10    0.235841
1.38899    -1.12654    1.37402e-06    -0.597006    -2.49898    1.04259e-10    0.235789
1.38882    -1.12654    1.3718e-06    -0.597033    -2.49909    1.0411e-10    0.235737
1.38865    -1.12654    1.34867e-06    -0.597061    -2.49921    1.02373e-10    0.235686
1.38849    -1.12654    1.30603e-06    -0.597088    -2.49933    9.91535e-11    0.235634
1.38833    -1.12654    1.24579e-06    -0.597114    -2.49944    9.45968e-11    0.235583
1.38817    -1.12654    1.17031e-06    -0.59714    -2.49956    8.88805e-11    0.235534
1.38802    -1.12654    1.08226e-06    -0.597165    -2.49967    8.22069e-11    0.235485
1.38787    -1.12654    9.84541e-07    -0.597189    -2.49977    7.47958e-11    0.235439
1.38773    -1.12654    8.80163e-07    -0.597212    -2.49987    6.6876e-11    0.235395
1.38759    -1.12654    7.72163e-07    -0.597234    -2.49997    5.8678e-11    0.235353
1.38747    -1.12654    6.635e-07    -0.597254    -2.50005    5.04269e-11    0.235314
1.38735    -1.12654    5.56975e-07    -0.597273    -2.50014    4.23358e-11    0.235278
1.38725    -1.12654    4.55155e-07    -0.597291    -2.50021    3.46e-11    0.235244
1.38715    -1.12654    3.60307e-07    -0.597306    -2.50028    2.73924e-11    0.235214
1.38707    -1.12654    2.74355e-07    -0.59732    -2.50034    2.08596e-11    0.235188
1.38699    -1.12654    1.98838e-07    -0.597332    -2.50039    1.5119e-11    0.235164
1.38693    -1.12654    1.34892e-07    -0.597343    -2.50044    1.02573e-11    0.235144
1.38688    -1.12654    8.32407e-08    -0.597351    -2.50048    6.32996e-12    0.235128
1.38684    -1.12654    4.42009e-08    -0.597358    -2.5005    3.36132e-12    0.235115
1.38681    -1.12654    1.77e-08    -0.597363    -2.50053    1.34605e-12    0.235106
1.38679    -1.12654    3.30381e-09    -0.597366    -2.50054    2.51251e-13    0.2351
1.38678    -1.12654    2.53434e-10    -0.597367    -2.50055    1.92734e-14    0.235097
1.38678    -1.12654    7.51005e-09    -0.597367    -2.50054    5.71116e-13    0.235098
1.38679    -1.12654    2.38049e-08    -0.597365    -2.50054    1.81024e-12    0.235102
1.38682    -1.12654    4.7693e-08    -0.597361    -2.50052    3.62669e-12    0.235109
1.38685    -1.12654    7.76087e-08    -0.597356    -2.5005    5.90128e-12    0.235118
1.38689    -1.12654    1.11921e-07    -0.59735    -2.50047    8.50989e-12    0.235131
1.38693    -1.12654    1.48987e-07    -0.597342    -2.50044    1.13275e-11    0.235146
1.38699    -1.12654    1.87203e-07    -0.597333    -2.5004    1.42321e-11    0.235163
1.38705    -1.12654    2.2505e-07    -0.597323    -2.50035    1.71081e-11    0.235182
1.38712    -1.12654    2.61131e-07    -0.597312    -2.50031    1.98494e-11    0.235204
1.38719    -1.12654    2.94211e-07    -0.5973    -2.50025    2.23619e-11    0.235226
1.38727    -1.12654    3.23237e-07    -0.597287    -2.5002    2.45659e-11    0.235251
1.38735    -1.12654    3.47359e-07    -0.597274    -2.50014    2.63967e-11    0.235276
1.38743    -1.12654    3.65945e-07    -0.597261    -2.50008    2.78064e-11    0.235302
1.38752    -1.12654    3.78579e-07    -0.597247    -2.50002    2.87637e-11    0.235329
1.3876    -1.12654    3.85064e-07    -0.597232    -2.49996    2.92535e-11    0.235357
1.38769    -1.12654    3.85409e-07    -0.597218    -2.4999    2.92769e-11    0.235384
1.38778    -1.12654    3.79817e-07    -0.597203    -2.49983    2.88493e-11    0.235412
1.38787    -1.12654    3.68663e-07    -0.597189    -2.49977    2.79994e-11    0.235439
1.38795    -1.12654    3.52471e-07    -0.597175    -2.49971    2.67672e-11    0.235466
1.38804    -1.12654    3.3189e-07    -0.597161    -2.49965    2.5202e-11    0.235493
1.38812    -1.12654    3.07663e-07    -0.597148    -2.49959    2.33603e-11    0.235518
1.3882    -1.12654    2.80598e-07    -0.597135    -2.49954    2.13035e-11    0.235543
1.38827    -1.12654    2.51541e-07    -0.597123    -2.49948    1.9096e-11    0.235567
1.38834    -1.12654    2.21346e-07    -0.597111    -2.49943    1.68024e-11    0.235589
1.38841    -1.12654    1.90847e-07    -0.5971    -2.49938    1.44863e-11    0.23561
1.38847    -1.12654    1.60837e-07    -0.59709    -2.49934    1.22076e-11    0.235629
1.38853    -1.12654    1.32045e-07    -0.597081    -2.4993    1.00217e-11    0.235647
1.38858    -1.12654    1.05119e-07    -0.597072    -2.49926    7.97771e-12    0.235663
1.38863    -1.12654    8.06096e-08    -0.597065    -2.49923    6.1174e-12    0.235678
1.38867    -1.12654    5.89638e-08    -0.597058    -2.4992    4.47454e-12    0.23569
1.3887    -1.12654    4.05146e-08    -0.597053    -2.49918    3.07441e-12    0.235701
1.38873    -1.12654    2.54807e-08    -0.597048    -2.49916    1.93353e-12    0.23571
1.38875    -1.12654    1.3967e-08    -0.597044    -2.49914    1.05983e-12    0.235717
1.38877    -1.12654    5.96908e-09    -0.597042    -2.49913    4.52934e-13    0.235722
1.38878    -1.12654    1.38061e-09    -0.59704    -2.49912    1.0476e-13    0.235726
1.38879    -1.12654    3.41405e-12    -0.597039    -2.49912    2.5917e-16    0.235727
1.38879    -1.12654    1.55954e-09    -0.597039    -2.49912    1.18338e-13    0.235727
1.38878    -1.12654    5.70494e-09    -0.59704    -2.49912    4.32897e-13    0.235725
1.38877    -1.12654    1.20442e-08    -0.597042    -2.49913    9.13942e-13    0.235722
1.38875    -1.12654    2.01458e-08    -0.597044    -2.49914    1.52875e-12    0.235717
1.38873    -1.12654    2.95575e-08    -0.597047    -2.49915    2.24301e-12    0.235711
1.38871    -1.12654    3.98214e-08    -0.597051    -2.49917    3.02199e-12    0.235703
1.38868    -1.12654    5.04875e-08    -0.597056    -2.49919    3.83157e-12    0.235694
1.38865    -1.12654    6.11274e-08    -0.597061    -2.49921    4.63923e-12    0.235684
1.38861    -1.12654    7.13449e-08    -0.597067    -2.49924    5.41491e-12    0.235673
1.38858    -1.12654    8.07864e-08    -0.597073    -2.49927    6.13177e-12    0.235662
1.38854    -1.12654    8.91477e-08    -0.59708    -2.4993    6.76673e-12    0.235649
1.38849    -1.12654    9.61807e-08    -0.597087    -2.49933    7.30092e-12    0.235636
1.38845    -1.12654    1.01696e-07    -0.597094    -2.49936    7.72e-12    0.235622
1.3884    -1.12654    1.05567e-07    -0.597101    -2.49939    8.0142e-12    0.235608
1.38836    -1.12654    1.07724e-07    -0.597109    -2.49942    8.17838e-12    0.235593
1.38831    -1.12654    1.08159e-07    -0.597116    -2.49945    8.21182e-12    0.235579
1.38827    -1.12654    1.06917e-07    -0.597124    -2.49949    8.11796e-12    0.235564
1.38822    -1.12654    1.04093e-07    -0.597132    -2.49952    7.90399e-12    0.23555
1.38817    -1.12654    9.9827e-08    -0.597139    -2.49955    7.5804e-12    0.235535
1.38813    -1.12654    9.42918e-08    -0.597146    -2.49959    7.16043e-12    0.235521
1.38809    -1.12654    8.76907e-08    -0.597154    -2.49962    6.65945e-12    0.235508
1.38804    -1.12654    8.02468e-08    -0.59716    -2.49965    6.09441e-12    0.235494
1.388    -1.12654    7.21951e-08    -0.597167    -2.49967    5.48315e-12    0.235482
1.38796    -1.12654    6.37749e-08    -0.597173    -2.4997    4.84384e-12    0.23547
1.38793    -1.12654    5.5222e-08    -0.597179    -2.49973    4.19438e-12    0.235459
1.3879    -1.12654    4.67615e-08    -0.597185    -2.49975    3.55189e-12    0.235448
1.38786    -1.12654    3.86024e-08    -0.59719    -2.49977    2.93222e-12    0.235438
1.38784    -1.12654    3.09313e-08    -0.597194    -2.49979    2.3496e-12    0.23543
1.38781    -1.12654    2.39093e-08    -0.597198    -2.49981    1.81623e-12    0.235422
1.38779    -1.12654    1.76679e-08    -0.597202    -2.49983    1.34214e-12    0.235415
1.38777    -1.12654    1.23075e-08    -0.597205    -2.49984    9.34956e-13    0.235409
1.38776    -1.12654    7.89626e-09    -0.597207    -2.49985    5.99859e-13    0.235404
1.38774    -1.12654    4.4702e-09    -0.59721    -2.49986    3.39593e-13    0.2354
1.38773    -1.12654    2.0342e-09    -0.597211    -2.49987    1.54536e-13    0.235397
1.38773    -1.12654    5.63964e-10    -0.597212    -2.49987    4.28439e-14    0.235395
1.38772    -1.12654    8.69007e-12    -0.597213    -2.49987    6.60221e-16    0.235394
1.38772    -1.12654    2.94353e-10    -0.597213    -2.49987    2.23616e-14    0.235394
1.38773    -1.12654    1.32749e-09    -0.597212    -2.49987    1.00847e-13    0.235395
1.38773    -1.12654    2.99934e-09    -0.597211    -2.49987    2.27852e-13    0.235396
1.38774    -1.12654    5.19008e-09    -0.59721    -2.49986    3.94273e-13    0.235399
1.38775    -1.12654    7.77324e-09    -0.597209    -2.49986    5.90498e-13    0.235402
1.38776    -1.12654    1.06199e-08    -0.597207    -2.49985    8.06734e-13    0.235406
1.38778    -1.12654    1.36028e-08    -0.597204    -2.49984    1.03331e-12    0.235411
1.38779    -1.12654    1.65999e-08    -0.597201    -2.49982    1.26095e-12    0.235416
1.38781    -1.12654    1.9498e-08    -0.597198    -2.49981    1.48106e-12    0.235422
1.38783    -1.12654    2.21951e-08    -0.597195    -2.4998    1.68589e-12    0.235428
1.38785    -1.12654    2.46031e-08    -0.597192    -2.49978    1.86875e-12    0.235434
1.38787    -1.12654    2.66492e-08    -0.597188    -2.49977    2.02411e-12    0.235441
1.3879    -1.12654    2.82773e-08    -0.597184    -2.49975    2.14772e-12    0.235449
1.38792    -1.12654    2.94483e-08    -0.59718    -2.49973    2.2366e-12    0.235456
1.38795    -1.12654    3.01404e-08    -0.597176    -2.49972    2.2891e-12    0.235464
1.38797    -1.12654    3.03482e-08    -0.597172    -2.4997    2.30482e-12    0.235472
1.38799    -1.12654    3.00818e-08    -0.597168    -2.49968    2.28453e-12    0.235479
1.38802    -1.12654    2.93659e-08    -0.597164    -2.49966    2.2301e-12    0.235487
1.38804    -1.12654    2.82372e-08    -0.59716    -2.49965    2.14433e-12    0.235495
1.38807    -1.12654    2.67434e-08    -0.597156    -2.49963    2.03083e-12    0.235502
1.38809    -1.12654    2.494e-08    -0.597153    -2.49961    1.89384e-12    0.235509
1.38811    -1.12654    2.2889e-08    -0.597149    -2.4996    1.73806e-12    0.235516
1.38813    -1.12654    2.06559e-08    -0.597145    -2.49958    1.56845e-12    0.235523
1.38815    -1.12654    1.83077e-08    -0.597142    -2.49957    1.39012e-12    0.235529
1.38817    -1.12654    1.5911e-08    -0.597139    -2.49955    1.20812e-12    0.235535
1.38819    -1.12654    1.35296e-08    -0.597136    -2.49954    1.02727e-12    0.235541
1.38821    -1.12654    1.12228e-08    -0.597133    -2.49953    8.52112e-13    0.235546
1.38822    -1.12654    9.04425e-09    -0.597131    -2.49952    6.8669e-13    0.235551
1.38824    -1.12654    7.04029e-09    -0.597129    -2.49951    5.34532e-13    0.235555
1.38825    -1.12654    5.24929e-09    -0.597127    -2.4995    3.98546e-13    0.235559
1.38826    -1.12654    3.70091e-09    -0.597125    -2.49949    2.80984e-13    0.235562
1.38827    -1.12654    2.4158e-09    -0.597124    -2.49949    1.83414e-13    0.235565
1.38827    -1.12654    1.40561e-09    -0.597123    -2.49948    1.06717e-13    0.235567
1.38828    -1.12654    6.73195e-10    -0.597122    -2.49948    5.11102e-14    0.235569
1.38828    -1.12654    2.13142e-10    -0.597121    -2.49948    1.61821e-14    0.23557
1.38829    -1.12654    1.24758e-11    -0.597121    -2.49947    9.47201e-16    0.235571
1.38829    -1.12654    5.15556e-11    -0.597121    -2.49947    3.91419e-15    0.235571
1.38829    -1.12654    3.0511e-10    -0.597121    -2.49947    2.31645e-14    0.23557
1.38828    -1.12654    7.43374e-10    -0.597121    -2.49948    5.64386e-14    0.23557
1.38828    -1.12654    1.33328e-09    -0.597122    -2.49948    1.01226e-13    0.235568
1.38827    -1.12654    2.03969e-09    -0.597123    -2.49948    1.5486e-13    0.235567
1.38827    -1.12654    2.82654e-09    -0.597124    -2.49949    2.14602e-13    0.235565
1.38826    -1.12654    3.65805e-09    -0.597125    -2.49949    2.77736e-13    0.235562
1.38825    -1.12654    4.49974e-09    -0.597126    -2.4995    3.41645e-13    0.23556
1.38824    -1.12654    5.31935e-09    -0.597128    -2.4995    4.03879e-13    0.235557
1.38823    -1.12654    6.08773e-09    -0.59713    -2.49951    4.62225e-13    0.235553
1.38822    -1.12654    6.77943e-09    -0.597131    -2.49952    5.1475e-13    0.23555
1.38821    -1.12654    7.37324e-09    -0.597133    -2.49953    5.59845e-13    0.235546
1.3882    -1.12654    7.85254e-09    -0.597135    -2.49954    5.96246e-13    0.235542
1.38818    -1.12654    8.20549e-09    -0.597137    -2.49955    6.23055e-13    0.235539
1.38817    -1.12654    8.42504e-09    -0.59714    -2.49956    6.39735e-13    0.235535
1.38816    -1.12654    8.50881e-09    -0.597142    -2.49956    6.46105e-13    0.23553
1.38814    -1.12654    8.45887e-09    -0.597144    -2.49957    6.42322e-13    0.235526
1.38813    -1.12654    8.28134e-09    -0.597146    -2.49958    6.2885e-13    0.235522
1.38812    -1.12654    7.98592e-09    -0.597148    -2.49959    6.06426e-13    0.235518
1.38811    -1.12654    7.58539e-09    -0.59715    -2.4996    5.76019e-13    0.235514
1.38809    -1.12654    7.09497e-09    -0.597152    -2.49961    5.38785e-13    0.23551
1.38808    -1.12654    6.53171e-09    -0.597154    -2.49962    4.96017e-13    0.235507
1.38807    -1.12654    5.91383e-09    -0.597156    -2.49963    4.49101e-13    0.235503
1.38806    -1.12654    5.26009e-09    -0.597158    -2.49963    3.9946e-13    0.2355
1.38805    -1.12654    4.58922e-09    -0.597159    -2.49964    3.48516e-13    0.235496
1.38804    -1.12654    3.91928e-09    -0.597161    -2.49965    2.97642e-13    0.235493
1.38803    -1.12654    3.26721e-09    -0.597162    -2.49965    2.48124e-13    0.235491
1.38802    -1.12654    2.64837e-09    -0.597164    -2.49966    2.01129e-13    0.235488
1.38802    -1.12654    2.07619e-09    -0.597165    -2.49967    1.57676e-13    0.235486
1.38801    -1.12654    1.56188e-09    -0.597166    -2.49967    1.18618e-13    0.235484
1.388    -1.12654    1.11423e-09    -0.597167    -2.49967    8.46212e-14    0.235482
1.388    -1.12654    7.39531e-10    -0.597168    -2.49968    5.61646e-14    0.23548
1.38799    -1.12654    4.41526e-10    -0.597168    -2.49968    3.35324e-14    0.235479
1.38799    -1.12654    2.21481e-10    -0.597169    -2.49968    1.68207e-14    0.235478
1.38799    -1.12654    7.83027e-11    -0.597169    -2.49968    5.94684e-15    0.235478
1.38799    -1.12654    8.73585e-12    -0.597169    -2.49969    6.63465e-16    0.235477
1.38799    -1.12654    7.60043e-12    -0.597169    -2.49969    5.77227e-16    0.235477
1.38799    -1.12654    6.80779e-11    -0.597169    -2.49969    5.17028e-15    0.235477
1.38799    -1.12654    1.82026e-10    -0.597169    -2.49968    1.38242e-14    0.235478
1.38799    -1.12654    3.4031e-10    -0.597169    -2.49968    2.58452e-14    0.235478
1.38799    -1.12654    5.33149e-10    -0.597168    -2.49968    4.04905e-14    0.235479
1.388    -1.12654    7.50447e-10    -0.597168    -2.49968    5.69931e-14    0.23548
1.388    -1.12654    9.8212e-10    -0.597167    -2.49968    7.45872e-14    0.235481
1.38801    -1.12654    1.2184e-09    -0.597167    -2.49967    9.25309e-14    0.235483
1.38801    -1.12654    1.4501e-09    -0.597166    -2.49967    1.10127e-13    0.235484
1.38802    -1.12654    1.66886e-09    -0.597165    -2.49967    1.26739e-13    0.235486
1.38802    -1.12654    1.86733e-09    -0.597164    -2.49966    1.41811e-13    0.235488
1.38803    -1.12654    2.03934e-09    -0.597163    -2.49966    1.54873e-13    0.23549
1.38803    -1.12654    2.17998e-09    -0.597162    -2.49965    1.65553e-13    0.235492
1.38804    -1.12654    2.28568e-09    -0.597161    -2.49965    1.73578e-13    0.235494
1.38805    -1.12654    2.35422e-09    -0.59716    -2.49964    1.78782e-13    0.235496
1.38805    -1.12654    2.38469e-09    -0.597159    -2.49964    1.81094e-13    0.235498
1.38806    -1.12654    2.37746e-09    -0.597157    -2.49963    1.80544e-13    0.2355
1.38807    -1.12654    2.33404e-09    -0.597156    -2.49963    1.77245e-13    0.235502
1.38808    -1.12654    2.25699e-09    -0.597155    -2.49962    1.71393e-13    0.235505
1.38808    -1.12654    2.14975e-09    -0.597154    -2.49962    1.63248e-13    0.235507
1.38809    -1.12654    2.01648e-09    -0.597153    -2.49961    1.53127e-13    0.235509
1.3881    -1.12654    1.86187e-09    -0.597152    -2.49961    1.41385e-13    0.235511
1.3881    -1.12654    1.691e-09    -0.597151    -2.4996    1.28409e-13    0.235513
1.38811    -1.12654    1.50912e-09    -0.59715    -2.4996    1.14597e-13    0.235514
1.38811    -1.12654    1.32148e-09    -0.597149    -2.4996    1.00348e-13    0.235516
1.38812    -1.12654    1.1332e-09    -0.597148    -2.49959    8.60499e-14    0.235518
1.38812    -1.12654    9.49095e-10    -0.597147    -2.49959    7.20695e-14    0.235519
1.38813    -1.12654    7.73563e-10    -0.597147    -2.49959    5.87403e-14    0.235521
1.38813    -1.12654    6.10472e-10    -0.597146    -2.49958    4.63558e-14    0.235522
1.38813    -1.12654    4.63082e-10    -0.597146    -2.49958    3.51637e-14    0.235523
1.38814    -1.12654    3.33984e-10    -0.597145    -2.49958    2.53607e-14    0.235524
1.38814    -1.12654    2.25071e-10    -0.597145    -2.49958    1.70905e-14    0.235525
1.38814    -1.12654    1.37521e-10    -0.597144    -2.49958    1.04424e-14    0.235525
1.38814    -1.12654    7.18125e-11    -0.597144    -2.49957    5.45298e-15    0.235526
1.38814    -1.12654    2.77577e-11    -0.597144    -2.49957    2.10774e-15    0.235526
1.38815    -1.12654    4.54963e-12    -0.597144    -2.49957    3.45471e-16    0.235527
1.38815    -1.12654    8.29473e-13    -0.597144    -2.49957    6.2985e-17    0.235527
1.38815    -1.12654    1.47639e-11    -0.597144    -2.49957    1.12108e-15    0.235527
1.38815    -1.12654    4.4132e-11    -0.597144    -2.49957    3.3511e-15    0.235526
1.38814    -1.12654    8.64179e-11    -0.597144    -2.49957    6.56202e-15    0.235526
1.38814    -1.12654    1.38906e-10    -0.597144    -2.49958    1.05477e-14    0.235526
1.38814    -1.12654    1.98776e-10    -0.597144    -2.49958    1.50938e-14    0.235525
1.38814    -1.12654    2.63194e-10    -0.597145    -2.49958    1.99855e-14    0.235525
1.38814    -1.12654    3.29401e-10    -0.597145    -2.49958    2.50129e-14    0.235524
1.38813    -1.12654    3.94786e-10    -0.597145    -2.49958    2.9978e-14    0.235523
1.38813    -1.12654    4.56959e-10    -0.597146    -2.49958    3.46991e-14    0.235522
1.38813    -1.12654    5.13803e-10    -0.597146    -2.49959    3.90157e-14    0.235521
1.38813    -1.12654    5.63524e-10    -0.597147    -2.49959    4.27915e-14    0.23552
1.38812    -1.12654    6.04679e-10    -0.597148    -2.49959    4.59168e-14    0.235519
1.38812    -1.12654    6.36196e-10    -0.597148    -2.49959    4.83102e-14    0.235518
1.38812    -1.12654    6.57382e-10    -0.597149    -2.4996    4.99192e-14    0.235517
1.38811    -1.12654    6.67916e-10    -0.597149    -2.4996    5.07193e-14    0.235516
1.38811    -1.12654    6.67835e-10    -0.59715    -2.4996    5.07134e-14    0.235515
1.3881    -1.12654    6.57506e-10    -0.59715    -2.4996    4.99292e-14    0.235514
1.3881    -1.12654    6.37593e-10    -0.597151    -2.49961    4.84173e-14    0.235512
1.3881    -1.12654    6.09019e-10    -0.597152    -2.49961    4.62476e-14    0.235511
1.38809    -1.12654    5.72914e-10    -0.597152    -2.49961    4.3506e-14    0.23551
1.38809    -1.12654    5.30572e-10    -0.597153    -2.49961    4.02908e-14    0.235509
1.38809    -1.12654    4.83398e-10    -0.597153    -2.49962    3.67086e-14    0.235508
1.38808    -1.12654    4.32859e-10    -0.597154    -2.49962    3.28708e-14    0.235507
1.38808    -1.12654    3.80432e-10    -0.597154    -2.49962    2.88897e-14    0.235506
1.38808    -1.12654    3.27563e-10    -0.597155    -2.49962    2.48749e-14    0.235505
1.38808    -1.12654    2.7562e-10    -0.597155    -2.49962    2.09305e-14    0.235504
1.38807    -1.12654    2.25861e-10    -0.597156    -2.49962    1.71519e-14    0.235504
1.38807    -1.12654    1.79401e-10    -0.597156    -2.49963    1.36237e-14    0.235503
1.38807    -1.12654    1.37187e-10    -0.597156    -2.49963    1.0418e-14    0.235502
1.38807    -1.12654    9.99821e-11    -0.597156    -2.49963    7.59266e-15    0.235502
1.38807    -1.12654    6.83538e-11    -0.597157    -2.49963    5.19081e-15    0.235502
1.38806    -1.12654    4.26702e-11    -0.597157    -2.49963    3.24039e-15    0.235501
1.38806    -1.12654    2.31018e-11    -0.597157    -2.49963    1.75436e-15    0.235501
1.38806    -1.12654    9.62969e-12    -0.597157    -2.49963    7.31284e-16    0.235501
1.38806    -1.12654    2.05869e-12    -0.597157    -2.49963    1.56338e-16    0.235501
1.38806    -1.12654    3.49696e-14    -0.597157    -2.49963    2.65577e-18    0.2355
1.38806    -1.12654    3.06732e-12    -0.597157    -2.49963    2.32933e-16    0.2355
1.38806    -1.12654    1.05511e-11    -0.597157    -2.49963    8.01252e-16    0.235501
1.38806    -1.12654    2.17939e-11    -0.597157    -2.49963    1.65504e-15    0.235501
1.38806    -1.12654    3.60425e-11    -0.597157    -2.49963    2.73707e-15    0.235501
1.38806    -1.12654    5.25092e-11    -0.597157    -2.49963    3.98756e-15    0.235501
1.38807    -1.12654    7.03981e-11    -0.597157    -2.49963    5.34604e-15    0.235501
1.38807    -1.12654    8.89294e-11    -0.597157    -2.49963    6.75329e-15    0.235502
1.38807    -1.12654    1.07362e-10    -0.597156    -2.49963    8.15303e-15    0.235502
1.38807    -1.12654    1.25012e-10    -0.597156    -2.49963    9.49335e-15    0.235503
1.38807    -1.12654    1.41271e-10    -0.597156    -2.49963    1.0728e-14    0.235503
1.38807    -1.12654    1.55618e-10    -0.597156    -2.49962    1.18175e-14    0.235504
1.38807    -1.12654    1.67629e-10    -0.597155    -2.49962    1.27296e-14    0.235504
1.38808    -1.12654    1.76985e-10    -0.597155    -2.49962    1.34401e-14    0.235505
1.38808    -1.12654    1.83472e-10    -0.597155    -2.49962    1.39326e-14    0.235505
1.38808    -1.12654    1.8698e-10    -0.597154    -2.49962    1.4199e-14    0.235506
1.38808    -1.12654    1.87502e-10    -0.597154    -2.49962    1.42386e-14    0.235507
1.38808    -1.12654    1.85124e-10    -0.597154    -2.49962    1.4058e-14    0.235507
1.38809    -1.12654    1.80019e-10    -0.597153    -2.49962    1.36703e-14    0.235508
1.38809    -1.12654    1.72432e-10    -0.597153    -2.49961    1.30941e-14    0.235509
1.38809    -1.12654    1.6267e-10    -0.597153    -2.49961    1.23528e-14    0.235509
1.38809    -1.12654    1.5109e-10    -0.597152    -2.49961    1.14735e-14    0.23551
1.38809    -1.12654    1.38081e-10    -0.597152    -2.49961    1.04855e-14    0.23551
1.3881    -1.12654    1.24051e-10    -0.597152    -2.49961    9.42016e-15    0.235511
1.3881    -1.12654    1.09417e-10    -0.597152    -2.49961    8.30881e-15    0.235511
1.3881    -1.12654    9.45841e-11    -0.597151    -2.49961    7.18246e-15    0.235512
1.3881    -1.12654    7.99428e-11    -0.597151    -2.49961    6.07063e-15    0.235512
1.3881    -1.12654    6.58516e-11    -0.597151    -2.49961    5.00058e-15    0.235513
1.3881    -1.12654    5.26312e-11    -0.597151    -2.4996    3.99666e-15    0.235513
1.3881    -1.12654    4.05561e-11    -0.597151    -2.4996    3.07971e-15    0.235513
1.3881    -1.12654    2.98503e-11    -0.59715    -2.4996    2.26674e-15    0.235513
1.3881    -1.12654    2.06831e-11    -0.59715    -2.4996    1.57061e-15    0.235514
1.38811    -1.12654    1.31679e-11    -0.59715    -2.4996    9.99928e-16    0.235514
1.38811    -1.12654    7.36271e-12    -0.59715    -2.4996    5.59101e-16    0.235514
1.38811    -1.12654    3.27176e-12    -0.59715    -2.4996    2.48447e-16    0.235514
1.38811    -1.12654    8.49106e-13    -0.59715    -2.4996    6.44785e-17    0.235514
1.38811    -1.12654    3.32643e-15    -0.59715    -2.4996    2.52667e-19    0.235514
1.38811    -1.12654    6.03323e-13    -0.59715    -2.4996    4.58143e-17    0.235514
1.38811    -1.12654    2.4849e-12    -0.59715    -2.4996    1.88695e-16    0.235514
1.38811    -1.12654    5.45793e-12    -0.59715    -2.4996    4.14458e-16    0.235514
1.38811    -1.12654    9.31379e-12    -0.59715    -2.4996    7.0726e-16    0.235514
1.38811    -1.12654    1.38329e-11    -0.59715    -2.4996    1.05042e-15    0.235514
1.38811    -1.12654    1.87919e-11    -0.59715    -2.4996    1.427e-15    0.235514
1.3881    -1.12654    2.39709e-11    -0.59715    -2.4996    1.82028e-15    0.235514
1.3881    -1.12654    2.91596e-11    -0.597151    -2.4996    2.2143e-15    0.235513
1.3881    -1.12654    3.4163e-11    -0.597151    -2.4996    2.59424e-15    0.235513
1.3881    -1.12654    3.88063e-11    -0.597151    -2.4996    2.94684e-15    0.235513
1.3881    -1.12654    4.29385e-11    -0.597151    -2.4996    3.26063e-15    0.235513
1.3881    -1.12654    4.64357e-11    -0.597151    -2.49961    3.5262e-15    0.235512
1.3881    -1.12654    4.92027e-11    -0.597151    -2.49961    3.73633e-15    0.235512
1.3881    -1.12654    5.1174e-11    -0.597151    -2.49961    3.88603e-15    0.235512
1.3881    -1.12654    5.23136e-11    -0.597152    -2.49961    3.97257e-15    0.235511
1.3881    -1.12654    5.26143e-11    -0.597152    -2.49961    3.99541e-15    0.235511
1.3881    -1.12654    5.20954e-11    -0.597152    -2.49961    3.95601e-15    0.235511
1.38809    -1.12654    5.08011e-11    -0.597152    -2.49961    3.85773e-15    0.23551
1.38809    -1.12654    4.87967e-11    -0.597152    -2.49961    3.70552e-15    0.23551
1.38809    -1.12654    4.61654e-11    -0.597152    -2.49961    3.50571e-15    0.23551
1.38809    -1.12654    4.30048e-11    -0.597153    -2.49961    3.26571e-15    0.23551
1.38809    -1.12654    3.94226e-11    -0.597153    -2.49961    2.99368e-15    0.235509
1.38809    -1.12654    3.55328e-11    -0.597153    -2.49961    2.6983e-15    0.235509
1.38809    -1.12654    3.14517e-11    -0.597153    -2.49961    2.38839e-15    0.235509
1.38809    -1.12654    2.72942e-11    -0.597153    -2.49961    2.07268e-15    0.235508
1.38809    -1.12654    2.31706e-11    -0.597153    -2.49961    1.75954e-15    0.235508
1.38809    -1.12654    1.91834e-11    -0.597153    -2.49962    1.45676e-15    0.235508
1.38809    -1.12654    1.54246e-11    -0.597153    -2.49962    1.17132e-15    0.235508
1.38809    -1.12654    1.19737e-11    -0.597154    -2.49962    9.09263e-16    0.235508
1.38808    -1.12654    8.89621e-12    -0.597154    -2.49962    6.75566e-16    0.235507
1.38808    -1.12654    6.24257e-12    -0.597154    -2.49962    4.74052e-16    0.235507
1.38808    -1.12654    4.0475e-12    -0.597154    -2.49962    3.07362e-16    0.235507
1.38808    -1.12654    2.33011e-12    -0.597154    -2.49962    1.76945e-16    0.235507
1.38808    -1.12654    1.09431e-12    -0.597154    -2.49962    8.31008e-17    0.235507
1.38808    -1.12654    3.29758e-13    -0.597154    -2.49962    2.50414e-17    0.235507
1.38808    -1.12654    1.30562e-14    -0.597154    -2.49962    9.91493e-19    0.235507
1.38808    -1.12654    1.09373e-13    -0.597154    -2.49962    8.30567e-18    0.235507
1.38808    -1.12654    5.74237e-13    -0.597154    -2.49962    4.36068e-17    0.235507
1.38808    -1.12654    1.35552e-12    -0.597154    -2.49962    1.02936e-16    0.235507
1.38808    -1.12654    2.39551e-12    -0.597154    -2.49962    1.81912e-16    0.235507
1.38808    -1.12654    3.63305e-12    -0.597154    -2.49962    2.75889e-16    0.235507
1.38808    -1.12654    5.00555e-12    -0.597154    -2.49962    3.80114e-16    0.235507
1.38808    -1.12654    6.45102e-12    -0.597154    -2.49962    4.89881e-16    0.235507
1.38808    -1.12654    7.90985e-12    -0.597154    -2.49962    6.00662e-16    0.235507
1.38809    -1.12654    9.32644e-12    -0.597154    -2.49962    7.08236e-16    0.235508
1.38809    -1.12654    1.06506e-11    -0.597154    -2.49962    8.08793e-16    0.235508
1.38809    -1.12654    1.18388e-11    -0.597153    -2.49962    8.9902e-16    0.235508
1.38809    -1.12654    1.28548e-11    -0.597153    -2.49962    9.76169e-16    0.235508
1.38809    -1.12654    1.36702e-11    -0.597153    -2.49961    1.0381e-15    0.235508
1.38809    -1.12654    1.42654e-11    -0.597153    -2.49961    1.08329e-15    0.235508
1.38809    -1.12654    1.46285e-11    -0.597153    -2.49961    1.11086e-15    0.235509
1.38809    -1.12654    1.47562e-11    -0.597153    -2.49961    1.12056e-15    0.235509
1.38809    -1.12654    1.46525e-11    -0.597153    -2.49961    1.11268e-15    0.235509
1.38809    -1.12654    1.43285e-11    -0.597153    -2.49961    1.08808e-15    0.235509
1.38809    -1.12654    1.38017e-11    -0.597153    -2.49961    1.04807e-15    0.235509
1.38809    -1.12654    1.30944e-11    -0.597153    -2.49961    9.9436e-16    0.235509
1.38809    -1.12654    1.22333e-11    -0.597153    -2.49961    9.28974e-16    0.23551
1.38809    -1.12654    1.12483e-11    -0.597152    -2.49961    8.54173e-16    0.23551
1.38809    -1.12654    1.0171e-11    -0.597152    -2.49961    7.72366e-16    0.23551
1.38809    -1.12654    9.03405e-12    -0.597152    -2.49961    6.86027e-16    0.23551
1.38809    -1.12654    7.86979e-12    -0.597152    -2.49961    5.97615e-16    0.23551
1.38809    -1.12654    6.70946e-12    -0.597152    -2.49961    5.09502e-16    0.23551
1.38809    -1.12654    5.58224e-12    -0.597152    -2.49961    4.23903e-16    0.23551
1.38809    -1.12654    4.51454e-12    -0.597152    -2.49961    3.42824e-16    0.23551
1.38809    -1.12654    3.52936e-12    -0.597152    -2.49961    2.68011e-16    0.235511
1.38809    -1.12654    2.6458e-12    -0.597152    -2.49961    2.00916e-16    0.235511
1.3881    -1.12654    1.87881e-12    -0.597152    -2.49961    1.42673e-16    0.235511
1.3881    -1.12654    1.23894e-12    -0.597152    -2.49961    9.40822e-17    0.235511
1.3881    -1.12654    7.3235e-13    -0.597152    -2.49961    5.5613e-17    0.235511
1.3881    -1.12654    3.60916e-13    -0.597152    -2.49961    2.74071e-17    0.235511
1.3881    -1.12654    1.22449e-13    -0.597152    -2.49961    9.29849e-18    0.235511
1.3881    -1.12654    1.10367e-14    -0.597152    -2.49961    8.38109e-19    0.235511
1.3881    -1.12654    1.7469e-14    -0.597152    -2.49961    1.32655e-18    0.235511
1.3881    -1.12654    1.29735e-13    -0.597152    -2.49961    9.85173e-18    0.235511
1.3881    -1.12654    3.3357e-13    -0.597152    -2.49961    2.53305e-17    0.235511
1.3881    -1.12654    6.1304e-13    -0.597152    -2.49961    4.65528e-17    0.235511
1.3881    -1.12654    9.51126e-13    -0.597152    -2.49961    7.22263e-17    0.235511
1.3881    -1.12654    1.33031e-12    -0.597152    -2.49961    1.01021e-16    0.235511
1.3881    -1.12654    1.73314e-12    -0.597152    -2.49961    1.31611e-16    0.235511
1.38809    -1.12654    2.14274e-12    -0.597152    -2.49961    1.62715e-16    0.235511
1.38809    -1.12654    2.54329e-12    -0.597152    -2.49961    1.93131e-16    0.235511
1.38809    -1.12654    2.9204e-12    -0.597152    -2.49961    2.21768e-16    0.235511
1.38809    -1.12654    3.26148e-12    -0.597152    -2.49961    2.47669e-16    0.23551
1.38809    -1.12654    3.55598e-12    -0.597152    -2.49961    2.70033e-16    0.23551
1.38809    -1.12654    3.79556e-12    -0.597152    -2.49961    2.88227e-16    0.23551
1.38809    -1.12654    3.97421e-12    -0.597152    -2.49961    3.01793e-16    0.23551
1.38809    -1.12654    4.08824e-12    -0.597152    -2.49961    3.10452e-16    0.23551
1.38809    -1.12654    4.13624e-12    -0.597152    -2.49961    3.14098e-16    0.23551
1.38809    -1.12654    4.11901e-12    -0.597152    -2.49961    3.12789e-16    0.23551
1.38809    -1.12654    4.0393e-12    -0.597152    -2.49961    3.06736e-16    0.23551
1.38809    -1.12654    3.90167e-12    -0.597152    -2.49961    2.96285e-16    0.23551
1.38809    -1.12654    3.71217e-12    -0.597152    -2.49961    2.81895e-16    0.23551
1.38809    -1.12654    3.4781e-12    -0.597153    -2.49961    2.6412e-16    0.23551
1.38809    -1.12654    3.20767e-12    -0.597153    -2.49961    2.43584e-16    0.235509
1.38809    -1.12654    2.90968e-12    -0.597153    -2.49961    2.20956e-16    0.235509
1.38809    -1.12654    2.59327e-12    -0.597153    -2.49961    1.96928e-16    0.235509
1.38809    -1.12654    2.26753e-12    -0.597153    -2.49961    1.72192e-16    0.235509
1.38809    -1.12654    1.9413e-12    -0.597153    -2.49961    1.47419e-16    0.235509
1.38809    -1.12654    1.6229e-12    -0.597153    -2.49961    1.2324e-16    0.235509
1.38809    -1.12654    1.31989e-12    -0.597153    -2.49961    1.0023e-16    0.235509
1.38809    -1.12654    1.03889e-12    -0.597153    -2.49961    7.88918e-17    0.235509
1.38809    -1.12654    7.85494e-13    -0.597153    -2.49961    5.9649e-17    0.235509
1.38809    -1.12654    5.64095e-13    -0.597153    -2.49961    4.28364e-17    0.235509
1.38809    -1.12654    3.77888e-13    -0.597153    -2.49961    2.86962e-17    0.235509
1.38809    -1.12654    2.28829e-13    -0.597153    -2.49961    1.73769e-17    0.235509
1.38809    -1.12654    1.17661e-13    -0.597153    -2.49961    8.93497e-18    0.235509
1.38809    -1.12654    4.39759e-14    -0.597153    -2.49961    3.33946e-18    0.235509
1.38809    -1.12654    6.30094e-15    -0.597153    -2.49961    4.78485e-19    0.235509
1.38809    -1.12654    2.21457e-15    -0.597153    -2.49961    1.68171e-19    0.235509
1.38809    -1.12654    2.84829e-14    -0.597153    -2.49961    2.16294e-18    0.235509
1.38809    -1.12654    8.1211e-14    -0.597153    -2.49961    6.16701e-18    0.235509
1.38809    -1.12654    1.56005e-13    -0.597153    -2.49961    1.18467e-17    0.235509
1.38809    -1.12654    2.48135e-13    -0.597153    -2.49961    1.88429e-17    0.235509
1.38809    -1.12654    3.52704e-13    -0.597153    -2.49961    2.67837e-17    0.235509
1.38809    -1.12654    4.64802e-13    -0.597153    -2.49961    3.52962e-17    0.235509
1.38809    -1.12654    5.79657e-13    -0.597153    -2.49961    4.40181e-17    0.235509
1.38809    -1.12654    6.92767e-13    -0.597153    -2.49961    5.26074e-17    0.235509
1.38809    -1.12654    8.00016e-13    -0.597153    -2.49961    6.07517e-17    0.235509
1.38809    -1.12654    8.97775e-13    -0.597153    -2.49961    6.81754e-17    0.235509
1.38809    -1.12654    9.82975e-13    -0.597153    -2.49961    7.46452e-17    0.235509
1.38809    -1.12654    1.05316e-12    -0.597153    -2.49961    7.99749e-17    0.235509
1.38809    -1.12654    1.10652e-12    -0.597153    -2.49961    8.40268e-17    0.235509
1.38809    -1.12654    1.1419e-12    -0.597153    -2.49961    8.67135e-17    0.235509
1.38809    -1.12654    1.15879e-12    -0.597153    -2.49961    8.79962e-17    0.235509
1.38809    -1.12654    1.1573e-12    -0.597153    -2.49961    8.78832e-17    0.235509
1.38809    -1.12654    1.13811e-12    -0.597153    -2.49961    8.6426e-17    0.235509
1.38809    -1.12654    1.10241e-12    -0.597153    -2.49961    8.37147e-17    0.235509
1.38809    -1.12654    1.05182e-12    -0.597153    -2.49961    7.98729e-17    0.235509
1.38809    -1.12654    9.88327e-13    -0.597153    -2.49961    7.50516e-17    0.23551
1.38809    -1.12654    9.14197e-13    -0.597153    -2.49961    6.94223e-17    0.23551
1.38809    -1.12654    8.31876e-13    -0.597153    -2.49961    6.3171e-17    0.23551
1.38809    -1.12654    7.43909e-13    -0.597152    -2.49961    5.6491e-17    0.23551
1.38809    -1.12654    6.52859e-13    -0.597152    -2.49961    4.95768e-17    0.23551
1.38809    -1.12654    5.61224e-13    -0.597152    -2.49961    4.26182e-17    0.23551
1.38809    -1.12654    4.71365e-13    -0.597152    -2.49961    3.57945e-17    0.23551
1.38809    -1.12654    3.85446e-13    -0.597152    -2.49961    2.92699e-17    0.23551
1.38809    -1.12654    3.05378e-13    -0.597152    -2.49961    2.31898e-17    0.23551
1.38809    -1.12654    2.32783e-13    -0.597152    -2.49961    1.76771e-17    0.23551
1.38809    -1.12654    1.68959e-13    -0.597152    -2.49961    1.28304e-17    0.23551
1.38809    -1.12654    1.14864e-13    -0.597152    -2.49961    8.72252e-18    0.23551
1.38809    -1.12654    7.11096e-14    -0.597152    -2.49961    5.39992e-18    0.23551
1.38809    -1.12654    3.79674e-14    -0.597152    -2.49961    2.88317e-18    0.23551
1.38809    -1.12654    1.53806e-14    -0.597152    -2.49961    1.16797e-18    0.23551
1.38809    -1.12654    2.98939e-15    -0.597152    -2.49961    2.27009e-19    0.23551
1.38809    -1.12654    1.61166e-16    -0.597152    -2.49961    1.22388e-20    0.23551
1.38809    -1.12654    6.02821e-15    -0.597152    -2.49961    4.57769e-19    0.23551
1.38809    -1.12654    1.95293e-14    -0.597152    -2.49961    1.48301e-18    0.23551
1.38809    -1.12654    3.94547e-14    -0.597152    -2.49961    2.9961e-18    0.23551
1.38809    -1.12654    6.44922e-14    -0.597152    -2.49961    4.8974e-18    0.23551
1.38809    -1.12654    9.32736e-14    -0.597152    -2.49961    7.083e-18    0.23551
1.38809    -1.12654    1.2442e-13    -0.597152    -2.49961    9.44817e-18    0.23551
1.38809    -1.12654    1.56582e-13    -0.597152    -2.49961    1.18905e-17    0.23551
1.38809    -1.12654    1.88481e-13    -0.597152    -2.49961    1.43129e-17    0.23551
1.38809    -1.12654    2.18942e-13    -0.597152    -2.49961    1.6626e-17    0.23551
1.38809    -1.12654    2.46918e-13    -0.597152    -2.49961    1.87505e-17    0.23551
1.38809    -1.12654    2.7152e-13    -0.597152    -2.49961    2.06186e-17    0.23551
1.38809    -1.12654    2.92024e-13    -0.597152    -2.49961    2.21757e-17    0.23551
1.38809    -1.12654    3.07891e-13    -0.597152    -2.49961    2.33806e-17    0.23551
1.38809    -1.12654    3.18762e-13    -0.597152    -2.49961    2.42062e-17    0.23551
1.38809    -1.12654    3.24463e-13    -0.597152    -2.49961    2.4639e-17    0.23551
1.38809    -1.12654    3.2499e-13    -0.597152    -2.49961    2.46791e-17    0.23551
1.38809    -1.12654    3.20508e-13    -0.597153    -2.49961    2.43387e-17    0.23551
1.38809    -1.12654    3.11322e-13    -0.597153    -2.49961    2.36412e-17    0.23551
1.38809    -1.12654    2.9787e-13    -0.597153    -2.49961    2.26197e-17    0.23551
1.38809    -1.12654    2.8069e-13    -0.597153    -2.49961    2.13151e-17    0.23551
1.38809    -1.12654    2.60405e-13    -0.597153    -2.49961    1.97746e-17    0.23551
1.38809    -1.12654    2.37693e-13    -0.597153    -2.49961    1.80499e-17    0.23551
1.38809    -1.12654    2.13264e-13    -0.597153    -2.49961    1.61948e-17    0.235509
1.38809    -1.12654    1.87838e-13    -0.597153    -2.49961    1.42641e-17    0.235509
1.38809    -1.12654    1.62121e-13    -0.597153    -2.49961    1.23111e-17    0.235509
1.38809    -1.12654    1.36782e-13    -0.597153    -2.49961    1.0387e-17    0.235509
1.38809    -1.12654    1.12442e-13    -0.597153    -2.49961    8.53859e-18    0.235509
1.38809    -1.12654    8.96481e-14    -0.597153    -2.49961    6.80771e-18    0.235509
1.38809    -1.12654    6.88726e-14    -0.597153    -2.49961    5.23005e-18    0.235509
1.38809    -1.12654    5.04961e-14    -0.597153    -2.49961    3.83458e-18    0.235509
1.38809    -1.12654    3.48054e-14    -0.597153    -2.49961    2.64305e-18    0.235509
1.38809    -1.12654    2.199e-14    -0.597153    -2.49961    1.66988e-18    0.235509
1.38809    -1.12654    1.21435e-14    -0.597153    -2.49961    9.22155e-19    0.235509
1.38809    -1.12654    5.26654e-15    -0.597153    -2.49961    3.99932e-19    0.235509
1.38809    -1.12654    1.27337e-15    -0.597153    -2.49961    9.66976e-20    0.235509
1.38809    -1.12654    4.14756e-20    -0.597153    -2.49961    3.2534e-24    0.235509
1.38809    -1.12654    1.21459e-15    -0.597153    -2.49961    9.22333e-20    0.235509
1.38809    -1.12654    4.62854e-15    -0.597153    -2.49961    3.51482e-19    0.235509
1.38809    -1.12654    9.9094e-15    -0.597153    -2.49961    7.525e-19    0.235509
1.38809    -1.12654    1.66935e-14    -0.597153    -2.49961    1.26767e-18    0.235509
1.38809    -1.12654    2.45992e-14    -0.597153    -2.49961    1.86802e-18    0.235509
1.38809    -1.12654    3.32394e-14    -0.597153    -2.49961    2.52413e-18    0.235509
1.38809    -1.12654    4.22334e-14    -0.597153    -2.49961    3.20712e-18    0.235509
1.38809    -1.12654    5.12181e-14    -0.597153    -2.49961    3.88941e-18    0.235509
1.38809    -1.12654    5.98579e-14    -0.597153    -2.49961    4.54549e-18    0.235509
1.38809    -1.12654    6.78524e-14    -0.597153    -2.49961    5.15257e-18    0.235509
1.38809    -1.12654    7.49431e-14    -0.597153    -2.49961    5.69103e-18    0.235509
1.38809    -1.12654    8.09188e-14    -0.597153    -2.49961    6.14482e-18    0.235509
1.38809    -1.12654    8.56182e-14    -0.597153    -2.49961    6.50168e-18    0.235509
1.38809    -1.12654    8.89315e-14    -0.597153    -2.49961    6.75328e-18    0.235509
1.38809    -1.12654    9.07999e-14    -0.597153    -2.49961    6.89517e-18    0.235509
1.38809    -1.12654    9.12145e-14    -0.597153    -2.49961    6.92665e-18    0.235509
1.38809    -1.12654    9.02123e-14    -0.597153    -2.49961    6.85055e-18    0.235509
1.38809    -1.12654    8.78726e-14    -0.597153    -2.49961    6.67287e-18    0.235509
1.38809    -1.12654    8.43113e-14    -0.597153    -2.49961    6.40243e-18    0.23551
1.38809    -1.12654    7.96748e-14    -0.597153    -2.49961    6.05034e-18    0.23551
1.38809    -1.12654    7.41337e-14    -0.597153    -2.49961    5.62956e-18    0.23551
1.38809    -1.12654    6.78759e-14    -0.597153    -2.49961    5.15436e-18    0.23551
1.38809    -1.12654    6.10995e-14    -0.597153    -2.49961    4.63977e-18    0.23551
1.38809    -1.12654    5.40062e-14    -0.597153    -2.49961    4.10113e-18    0.23551
1.38809    -1.12654    4.67951e-14    -0.597153    -2.49961    3.55353e-18    0.23551
1.38809    -1.12654    3.96565e-14    -0.597153    -2.49961    3.01144e-18    0.23551
1.38809    -1.12654    3.27667e-14    -0.597153    -2.49961    2.48824e-18    0.23551
1.38809    -1.12654    2.6284e-14    -0.597153    -2.49961    1.99595e-18    0.23551
1.38809    -1.12654    2.03445e-14    -0.597153    -2.49961    1.54492e-18    0.23551
1.38809    -1.12654    1.50598e-14    -0.597153    -2.49961    1.14361e-18    0.23551
1.38809    -1.12654    1.05155e-14    -0.597153    -2.49961    7.98527e-19    0.23551
1.38809    -1.12654    6.7697e-15    -0.597153    -2.49961    5.14078e-19    0.23551
1.38809    -1.12654    3.85356e-15    -0.597153    -2.49961    2.92632e-19    0.23551
1.38809    -1.12654    1.772e-15    -0.597152    -2.49961    1.34562e-19    0.23551
1.38809    -1.12654    5.05294e-16    -0.597152    -2.49961    3.83711e-20    0.23551
1.38809    -1.12654    1.13333e-17    -0.597152    -2.49961    8.60666e-22    0.23551
1.38809    -1.12654    2.28367e-16    -0.597152    -2.49961    1.73417e-20    0.23551
1.38809    -1.12654    1.07818e-15    -0.597152    -2.49961    8.18748e-20    0.23551
1.38809    -1.12654    2.46955e-15    -0.597152    -2.49961    1.87532e-19    0.23551
1.38809    -1.12654    4.30185e-15    -0.597152    -2.49961    3.26673e-19    0.23551
1.38809    -1.12654    6.4687e-15    -0.597153    -2.49961    4.9122e-19    0.23551
1.38809    -1.12654    8.86157e-15    -0.597153    -2.49961    6.72929e-19    0.23551
1.38809    -1.12654    1.13731e-14    -0.597153    -2.49961    8.63654e-19    0.23551
1.38809    -1.12654    1.39005e-14    -0.597153    -2.49961    1.05558e-18    0.23551
1.38809    -1.12654    1.63479e-14    -0.597153    -2.49961    1.24142e-18    0.23551
1.38809    -1.12654    1.8629e-14    -0.597153    -2.49961    1.41465e-18    0.23551
1.38809    -1.12654    2.06693e-14    -0.597153    -2.49961    1.56958e-18    0.23551
1.38809    -1.12654    2.24067e-14    -0.597153    -2.49961    1.70152e-18    0.23551
1.38809    -1.12654    2.37936e-14    -0.597153    -2.49961    1.80684e-18    0.23551
1.38809    -1.12654    2.47964e-14    -0.597153    -2.49961    1.88299e-18    0.23551
1.38809    -1.12654    2.5396e-14    -0.597153    -2.49961    1.92852e-18    0.23551
1.38809    -1.12654    2.55873e-14    -0.597153    -2.49961    1.94305e-18    0.23551
1.38809    -1.12654    2.53785e-14    -0.597153    -2.49961    1.9272e-18    0.23551
1.38809    -1.12654    2.47898e-14    -0.597153    -2.49961    1.88248e-18    0.23551
1.38809    -1.12654    2.38517e-14    -0.597153    -2.49961    1.81125e-18    0.23551
1.38809    -1.12654    2.26039e-14    -0.597153    -2.49961    1.7165e-18    0.23551
1.38809    -1.12654    2.10932e-14    -0.597153    -2.49961    1.60178e-18    0.23551
1.38809    -1.12654    1.93715e-14    -0.597153    -2.49961    1.47103e-18    0.23551
1.38809    -1.12654    1.74939e-14    -0.597153    -2.49961    1.32845e-18    0.23551
1.38809    -1.12654    1.5517e-14    -0.597153    -2.49961    1.17833e-18    0.23551
1.38809    -1.12654    1.34969e-14    -0.597153    -2.49961    1.02493e-18    0.23551
1.38809    -1.12654    1.14875e-14    -0.597153    -2.49961    8.72335e-19    0.23551
1.38809    -1.12654    9.53899e-15    -0.597153    -2.49961    7.24372e-19    0.235509
1.38809    -1.12654    7.69687e-15    -0.597153    -2.49961    5.84486e-19    0.235509
1.38809    -1.12654    6.00051e-15    -0.597153    -2.49961    4.55667e-19    0.235509
1.38809    -1.12654    4.48255e-15    -0.597153    -2.49961    3.40396e-19    0.235509
1.38809    -1.12654    3.16831e-15    -0.597153    -2.49961    2.40595e-19    0.235509
1.38809    -1.12654    2.07554e-15    -0.597153    -2.49961    1.57613e-19    0.235509
1.38809    -1.12654    1.21438e-15    -0.597153    -2.49961    9.22179e-20    0.235509
1.38809    -1.12654    5.87536e-16    -0.597153    -2.49961    4.46164e-20    0.235509
1.38809    -1.12654    1.90711e-16    -0.597153    -2.49961    1.44822e-20    0.235509
1.38809    -1.12654    1.32073e-17    -0.597153    -2.49961    1.00295e-21    0.235509
1.38809    -1.12654    3.86649e-17    -0.597153    -2.49961    2.93614e-21    0.235509
1.38809    -1.12654    2.45935e-16    -0.597153    -2.49961    1.86758e-20    0.235509
1.38809    -1.12654    6.10037e-16    -0.597153    -2.49961    4.63249e-20    0.235509
