0.107636    0.166353    0.0472118    0.0508419    0.107636    0.166353    0.0472118    0.0508419    
0.0619513    0.0887067    0.103787    0.0361865    0.0619513    0.0887067    0.103787    0.0361865    
0.104305    0.173347    0.0850342    0.036442    0.104305    0.173347    0.0850342    0.036442    
0.0664278    0.105642    0.121128    0.0281862    0.0664278    0.105642    0.121128    0.0281862    
0.0995118    0.168636    0.100637    0.030899    0.0995118    0.168636    0.100637    0.030899    
0.0696526    0.114536    0.125161    0.0259854    0.0696526    0.114536    0.125161    0.0259854    
0.0948585    0.161191    0.107953    0.0288651    0.0948585    0.161191    0.107953    0.0288651    
0.0719326    0.119767    0.125462    0.025644    0.0719326    0.119767    0.125462    0.025644    
0.0907387    0.153913    0.112208    0.0280711    0.0907387    0.153913    0.112208    0.0280711    
0.0734299    0.122851    0.124902    0.025868    0.0734299    0.122851    0.124902    0.025868    
0.087237    0.147576    0.115067    0.0277684    0.087237    0.147576    0.115067    0.0277684    
0.0743062    0.124532    0.124345    0.0262263    0.0743062    0.124532    0.124345    0.0262263    
0.0843396    0.14234    0.117204    0.0276585    0.0843396    0.14234    0.117204    0.0276585    
0.0747264    0.125317    0.124066    0.0265489    0.0747264    0.125317    0.124066    0.0265489    
0.081988    0.138155    0.11896    0.0275997    0.081988    0.138155    0.11896    0.0275997    
0.0748416    0.125569    0.124105    0.0267788    0.0748416    0.125569    0.124105    0.0267788    
0.0801061    0.134872    0.120463    0.0275459    0.0801061    0.134872    0.120463    0.0275459    
0.0747751    0.125508    0.12433    0.0269419    0.0747751    0.125508    0.12433    0.0269419    
0.0786161    0.132285    0.121661    0.027529    0.0786161    0.132285    0.121661    0.027529    
0.0746181    0.125241    0.124508    0.027115    0.0746181    0.125241    0.124508    0.027115    
0.077448    0.130195    0.122438    0.0276063    0.077448    0.130195    0.122438    0.0276063    
0.0744338    0.124829    0.124463    0.0273567    0.0744338    0.124829    0.124463    0.0273567    
0.0765447    0.128474    0.122781    0.0277898    0.0765447    0.128474    0.122781    0.0277898    
0.0742644    0.124361    0.124195    0.027656    0.0742644    0.124361    0.124195    0.027656    
0.075862    0.127085    0.122823    0.0280273    0.075862    0.127085    0.122823    0.0280273    
0.0741371    0.123945    0.123831    0.0279525    0.0741371    0.123945    0.123831    0.0279525    
0.0753664    0.126031    0.122743    0.0282488    0.0753664    0.126031    0.122743    0.0282488    
0.0740678    0.123661    0.123492    0.0281926    0.0740678    0.123661    0.123492    0.0281926    
0.0750316    0.125304    0.122651    0.0284119    0.0750316    0.125304    0.122651    0.0284119    
0.0740646    0.123545    0.123228    0.028355    0.0740646    0.123545    0.123228    0.028355    
0.0748367    0.124877    0.122587    0.0285058    0.0748367    0.124877    0.122587    0.0285058    
0.0741309    0.123605    0.123036    0.0284419    0.0741309    0.123605    0.123036    0.0284419    
0.0747648    0.124715    0.122549    0.0285359    0.0747648    0.124715    0.122549    0.0285359    
0.0742673    0.123833    0.122897    0.0284637    0.0742673    0.123833    0.122897    0.0284637    
0.0748025    0.124787    0.122526    0.0285115    0.0748025    0.124787    0.122526    0.0285115    
0.0744728    0.124219    0.122792    0.0284312    0.0744728    0.124219    0.122792    0.0284312    
0.0749384    0.125063    0.122505    0.028442    0.0749384    0.125063    0.122505    0.028442    
0.074745    0.12475    0.122704    0.0283546    0.074745    0.12475    0.122704    0.0283546    
0.0751625    0.12552    0.122477    0.0283364    0.0751625    0.12552    0.122477    0.0283364    
0.0750802    0.125412    0.122617    0.0282437    0.0750802    0.125412    0.122617    0.0282437    
0.0754653    0.126132    0.122431    0.028204    0.0754653    0.126132    0.122431    0.028204    
0.0754732    0.126189    0.122519    0.0281086    0.0754732    0.126189    0.122519    0.0281086    
0.0758368    0.126874    0.122356    0.0280544    0.0758368    0.126874    0.122356    0.0280544    
0.0759173    0.12706    0.122395    0.0279598    0.0759173    0.12706    0.122395    0.0279598    
0.0762663    0.127719    0.122241    0.0278982    0.0762663    0.127719    0.122241    0.0278982    
0.0764035    0.128003    0.122232    0.0278087    0.0764035    0.128003    0.122232    0.0278087    
0.0767416    0.128637    0.122073    0.0277466    0.0767416    0.128637    0.122073    0.0277466    
0.0769212    0.128989    0.122016    0.027667    0.0769212    0.128989    0.122016    0.027667    
0.0772488    0.129596    0.121841    0.0276111    0.0772488    0.129596    0.121841    0.0276111    
0.0774572    0.129987    0.121736    0.0275459    0.0774572    0.129987    0.121736    0.0275459    
0.0777725    0.13056    0.121538    0.027502    0.0777725    0.13056    0.121538    0.027502    
0.0779967    0.130966    0.121386    0.027455    0.0779967    0.130966    0.121386    0.027455    
0.0782956    0.131495    0.121162    0.0274272    0.0782956    0.131495    0.121162    0.0274272    
0.0785233    0.131892    0.12097    0.0274003    0.0785233    0.131892    0.12097    0.0274003    
0.0788005    0.132368    0.120725    0.0273898    0.0788005    0.132368    0.120725    0.0273898    
0.07902    0.132737    0.120504    0.0273818    0.07902    0.132737    0.120504    0.0273818    
0.0792695    0.133153    0.120249    0.0273865    0.0792695    0.133153    0.120249    0.0273865    
0.0794701    0.133479    0.120019    0.0273929    0.0794701    0.133479    0.120019    0.0273929    
0.0796858    0.13383    0.119774    0.0274077    0.0796858    0.13383    0.119774    0.0274077    
0.0798587    0.134103    0.119557    0.0274219    0.0798587    0.134103    0.119557    0.0274219    
0.0800351    0.134385    0.119341    0.0274401    0.0800351    0.134385    0.119341    0.0274401    
0.080173    0.134599    0.119159    0.0274555    0.080173    0.134599    0.119159    0.0274555    
0.0803061    0.134809    0.11899    0.0274716    0.0803061    0.134809    0.11899    0.0274716    
0.0804038    0.134959    0.118856    0.0274841    0.0804038    0.134959    0.118856    0.0274841    
0.0804911    0.135094    0.118741    0.0274961    0.0804911    0.135094    0.118741    0.0274961    
0.0805458    0.135174    0.118658    0.0275053    0.0805458    0.135174    0.118658    0.0275053    
0.0805866    0.135232    0.118593    0.0275149    0.0805866    0.135232    0.118593    0.0275149    
0.0805979    0.135239    0.118554    0.0275239    0.0805979    0.135239    0.118554    0.0275239    
0.0805936    0.135218    0.118528    0.0275353    0.0805936    0.135218    0.118528    0.0275353    
0.080563    0.13515    0.11852    0.0275489    0.080563    0.13515    0.11852    0.0275489    
0.0805169    0.135052    0.11852    0.0275669    0.0805169    0.135052    0.11852    0.0275669    
0.080448    0.13491    0.11853    0.0275893    0.080448    0.13491    0.11853    0.0275893    
0.0803649    0.134741    0.118542    0.0276175    0.0803649    0.134741    0.118542    0.0276175    
0.0802629    0.134534    0.118559    0.0276511    0.0802629    0.134534    0.118559    0.0276511    
0.0801489    0.134302    0.118577    0.0276906    0.0801489    0.134302    0.118577    0.0276906    
0.08002    0.13404    0.118596    0.027735    0.08002    0.13404    0.118596    0.027735    
0.079882    0.13376    0.118615    0.0277842    0.079882    0.13376    0.118615    0.0277842    
0.0797332    0.133458    0.118637    0.0278367    0.0797332    0.133458    0.118637    0.0278367    
0.0795784    0.133146    0.11866    0.0278914    0.0795784    0.133146    0.11866    0.0278914    
0.0794168    0.132822    0.11869    0.0279467    0.0794168    0.132822    0.11869    0.0279467    
0.0792524    0.132495    0.118726    0.0280009    0.0792524    0.132495    0.118726    0.0280009    
0.0790851    0.132166    0.118772    0.0280522    0.0790851    0.132166    0.118772    0.0280522    
0.0789179    0.131843    0.118829    0.0280989    0.0789179    0.131843    0.118829    0.0280989    
0.0787513    0.131527    0.118903    0.028139    0.0787513    0.131527    0.118903    0.028139    
0.0785876    0.131225    0.118992    0.0281713    0.0785876    0.131225    0.118992    0.0281713    
0.0784273    0.130937    0.119101    0.0281943    0.0784273    0.130937    0.119101    0.0281943    
0.0782725    0.130669    0.11923    0.0282072    0.0782725    0.130669    0.11923    0.0282072    
0.0781236    0.13042    0.119378    0.0282094    0.0781236    0.13042    0.119378    0.0282094    
0.0779821    0.130195    0.119545    0.0282011    0.0779821    0.130195    0.119545    0.0282011    
0.0778484    0.129992    0.119728    0.0281827    0.0778484    0.129992    0.119728    0.0281827    
0.0777236    0.129813    0.119924    0.028155    0.0777236    0.129813    0.119924    0.028155    
0.0776081    0.129657    0.120131    0.0281194    0.0776081    0.129657    0.120131    0.0281194    
0.0775026    0.129524    0.120343    0.0280773    0.0775026    0.129524    0.120343    0.0280773    
0.0774072    0.129412    0.120556    0.0280305    0.0774072    0.129412    0.120556    0.0280305    
0.0773225    0.129322    0.120766    0.0279805    0.0773225    0.129322    0.120766    0.0279805    
0.0772486    0.12925    0.120969    0.027929    0.0772486    0.12925    0.120969    0.027929    
0.0771858    0.129197    0.12116    0.0278773    0.0771858    0.129197    0.12116    0.0278773    
0.0771338    0.129162    0.121338    0.0278266    0.0771338    0.129162    0.121338    0.0278266    
0.077093    0.129143    0.1215    0.0277777    0.077093    0.129143    0.1215    0.0277777    
0.0770631    0.129139    0.121645    0.027731    0.0770631    0.129139    0.121645    0.027731    
0.0770441    0.129152    0.121772    0.027687    0.0770441    0.129152    0.121772    0.027687    
0.0770357    0.129179    0.121881    0.0276457    0.0770357    0.129179    0.121881    0.0276457    
0.0770378    0.12922    0.121973    0.027607    0.0770378    0.12922    0.121973    0.027607    
0.07705    0.129277    0.122048    0.0275706    0.07705    0.129277    0.122048    0.0275706    
0.077072    0.129347    0.122108    0.0275364    0.077072    0.129347    0.122108    0.0275364    
0.0771034    0.129431    0.122153    0.0275039    0.0771034    0.129431    0.122153    0.0275039    
0.0771437    0.129528    0.122185    0.027473    0.0771437    0.129528    0.122185    0.027473    
0.0771926    0.129638    0.122205    0.0274433    0.0771926    0.129638    0.122205    0.0274433    
0.0772494    0.12976    0.122214    0.0274147    0.0772494    0.12976    0.122214    0.0274147    
0.0773136    0.129893    0.122212    0.027387    0.0773136    0.129893    0.122212    0.027387    
0.0773845    0.130036    0.122201    0.0273603    0.0773845    0.130036    0.122201    0.0273603    
0.0774616    0.130189    0.122182    0.0273344    0.0774616    0.130189    0.122182    0.0273344    
0.0775442    0.13035    0.122154    0.0273094    0.0775442    0.13035    0.122154    0.0273094    
0.0776315    0.130517    0.122119    0.0272855    0.0776315    0.130517    0.122119    0.0272855    
0.0777228    0.13069    0.122077    0.0272627    0.0777228    0.13069    0.122077    0.0272627    
0.0778174    0.130868    0.122028    0.0272413    0.0778174    0.130868    0.122028    0.0272413    
0.0779145    0.131048    0.121974    0.0272214    0.0779145    0.131048    0.121974    0.0272214    
0.0780133    0.131229    0.121913    0.0272032    0.0780133    0.131229    0.121913    0.0272032    
0.0781129    0.13141    0.121847    0.027187    0.0781129    0.13141    0.121847    0.027187    
0.0782127    0.131589    0.121777    0.0271728    0.0782127    0.131589    0.121777    0.0271728    
0.0783117    0.131765    0.121702    0.0271609    0.0783117    0.131765    0.121702    0.0271609    
0.0784092    0.131936    0.121622    0.0271513    0.0784092    0.131936    0.121622    0.0271513    
0.0785045    0.132102    0.12154    0.0271442    0.0785045    0.132102    0.12154    0.0271442    
0.0785968    0.13226    0.121455    0.0271396    0.0785968    0.13226    0.121455    0.0271396    
0.0786854    0.132409    0.121368    0.0271376    0.0786854    0.132409    0.121368    0.0271376    
0.0787696    0.132549    0.121279    0.0271382    0.0787696    0.132549    0.121279    0.0271382    
0.0788487    0.132678    0.121189    0.0271412    0.0788487    0.132678    0.121189    0.0271412    
0.0789223    0.132796    0.1211    0.0271467    0.0789223    0.132796    0.1211    0.0271467    
0.0789898    0.132901    0.121011    0.0271546    0.0789898    0.132901    0.121011    0.0271546    
0.0790507    0.132993    0.120924    0.0271647    0.0790507    0.132993    0.120924    0.0271647    
0.0791046    0.133071    0.120839    0.027177    0.0791046    0.133071    0.120839    0.027177    
0.0791513    0.133136    0.120756    0.0271914    0.0791513    0.133136    0.120756    0.0271914    
0.0791904    0.133186    0.120677    0.0272076    0.0791904    0.133186    0.120677    0.0272076    
0.0792219    0.133221    0.120601    0.0272256    0.0792219    0.133221    0.120601    0.0272256    
0.0792456    0.133242    0.120529    0.0272453    0.0792456    0.133242    0.120529    0.0272453    
0.0792614    0.133248    0.120461    0.0272665    0.0792614    0.133248    0.120461    0.0272665    
0.0792696    0.133241    0.120398    0.0272891    0.0792696    0.133241    0.120398    0.0272891    
0.07927    0.133219    0.12034    0.027313    0.07927    0.133219    0.12034    0.027313    
0.0792631    0.133183    0.120287    0.027338    0.0792631    0.133183    0.120287    0.027338    
0.079249    0.133135    0.120238    0.027364    0.079249    0.133135    0.120238    0.027364    
0.079228    0.133074    0.120194    0.0273909    0.079228    0.133074    0.120194    0.0273909    
0.0792006    0.133003    0.120156    0.0274184    0.0792006    0.133003    0.120156    0.0274184    
0.0791671    0.13292    0.120123    0.0274464    0.0791671    0.13292    0.120123    0.0274464    
0.079128    0.132828    0.120094    0.0274746    0.079128    0.132828    0.120094    0.0274746    
0.0790839    0.132728    0.120071    0.0275028    0.0790839    0.132728    0.120071    0.0275028    
0.0790352    0.13262    0.120054    0.0275308    0.0790352    0.13262    0.120054    0.0275308    
0.0789826    0.132507    0.120041    0.0275582    0.0789826    0.132507    0.120041    0.0275582    
0.0789265    0.132388    0.120035    0.0275848    0.0789265    0.132388    0.120035    0.0275848    
0.0788676    0.132266    0.120034    0.0276103    0.0788676    0.132266    0.120034    0.0276103    
0.0788065    0.132142    0.120038    0.0276343    0.0788065    0.132142    0.120038    0.0276343    
0.0787438    0.132017    0.120049    0.0276566    0.0787438    0.132017    0.120049    0.0276566    
0.07868    0.131892    0.120065    0.0276769    0.07868    0.131892    0.120065    0.0276769    
0.0786157    0.131769    0.120088    0.0276949    0.0786157    0.131769    0.120088    0.0276949    
0.0785514    0.131648    0.120117    0.0277105    0.0785514    0.131648    0.120117    0.0277105    
0.0784878    0.13153    0.120151    0.0277234    0.0784878    0.13153    0.120151    0.0277234    
0.0784252    0.131418    0.120191    0.0277335    0.0784252    0.131418    0.120191    0.0277335    
0.0783642    0.13131    0.120237    0.0277407    0.0783642    0.13131    0.120237    0.0277407    
0.0783052    0.131209    0.120287    0.027745    0.0783052    0.131209    0.120287    0.027745    
0.0782487    0.131115    0.120342    0.0277464    0.0782487    0.131115    0.120342    0.0277464    
0.0781949    0.131028    0.120401    0.027745    0.0781949    0.131028    0.120401    0.027745    
0.0781443    0.130949    0.120464    0.0277409    0.0781443    0.130949    0.120464    0.0277409    
0.0780971    0.130878    0.120528    0.0277342    0.0780971    0.130878    0.120528    0.0277342    
0.0780536    0.130815    0.120595    0.0277252    0.0780536    0.130815    0.120595    0.0277252    
0.0780141    0.130761    0.120663    0.0277141    0.0780141    0.130761    0.120663    0.0277141    
0.0779786    0.130716    0.120731    0.0277012    0.0779786    0.130716    0.120731    0.0277012    
0.0779475    0.130679    0.120798    0.0276866    0.0779475    0.130679    0.120798    0.0276866    
0.0779207    0.130651    0.120864    0.0276707    0.0779207    0.130651    0.120864    0.0276707    
0.0778983    0.130631    0.120928    0.0276538    0.0778983    0.130631    0.120928    0.0276538    
0.0778805    0.130619    0.120989    0.027636    0.0778805    0.130619    0.120989    0.027636    
0.0778672    0.130616    0.121047    0.0276176    0.0778672    0.130616    0.121047    0.0276176    
0.0778583    0.13062    0.121101    0.0275988    0.0778583    0.13062    0.121101    0.0275988    
0.0778539    0.130632    0.121151    0.0275798    0.0778539    0.130632    0.121151    0.0275798    
0.0778538    0.130651    0.121197    0.0275609    0.0778538    0.130651    0.121197    0.0275609    
0.077858    0.130676    0.121237    0.027542    0.077858    0.130676    0.121237    0.027542    
0.0778663    0.130709    0.121273    0.0275235    0.0778663    0.130709    0.121273    0.0275235    
0.0778785    0.130747    0.121304    0.0275053    0.0778785    0.130747    0.121304    0.0275053    
0.0778944    0.130791    0.121329    0.0274876    0.0778944    0.130791    0.121329    0.0274876    
0.0779138    0.13084    0.12135    0.0274705    0.0779138    0.13084    0.12135    0.0274705    
0.0779365    0.130894    0.121365    0.0274541    0.0779365    0.130894    0.121365    0.0274541    
0.0779622    0.130953    0.121376    0.0274384    0.0779622    0.130953    0.121376    0.0274384    
0.0779907    0.131015    0.121381    0.0274236    0.0779907    0.131015    0.121381    0.0274236    
0.0780217    0.13108    0.121382    0.0274096    0.0780217    0.13108    0.121382    0.0274096    
0.0780548    0.131148    0.121379    0.0273966    0.0780548    0.131148    0.121379    0.0273966    
0.0780898    0.131218    0.121371    0.0273845    0.0780898    0.131218    0.121371    0.0273845    
0.0781263    0.13129    0.121359    0.0273734    0.0781263    0.13129    0.121359    0.0273734    
0.078164    0.131363    0.121343    0.0273635    0.078164    0.131363    0.121343    0.0273635    
0.0782026    0.131436    0.121324    0.0273546    0.0782026    0.131436    0.121324    0.0273546    
0.0782418    0.131509    0.121301    0.0273469    0.0782418    0.131509    0.121301    0.0273469    
0.0782812    0.131581    0.121275    0.0273404    0.0782812    0.131581    0.121275    0.0273404    
0.0783205    0.131652    0.121247    0.027335    0.0783205    0.131652    0.121247    0.027335    
0.0783594    0.131721    0.121216    0.0273309    0.0783594    0.131721    0.121216    0.0273309    
0.0783976    0.131788    0.121183    0.027328    0.0783976    0.131788    0.121183    0.027328    
0.0784347    0.131852    0.121148    0.0273264    0.0784347    0.131852    0.121148    0.0273264    
0.0784706    0.131913    0.121112    0.0273259    0.0784706    0.131913    0.121112    0.0273259    
0.0785049    0.13197    0.121074    0.0273267    0.0785049    0.13197    0.121074    0.0273267    
0.0785374    0.132022    0.121035    0.0273287    0.0785374    0.132022    0.121035    0.0273287    
0.0785678    0.13207    0.120996    0.0273319    0.0785678    0.13207    0.120996    0.0273319    
0.078596    0.132114    0.120956    0.0273363    0.078596    0.132114    0.120956    0.0273363    
0.0786217    0.132152    0.120916    0.0273417    0.0786217    0.132152    0.120916    0.0273417    
0.0786448    0.132185    0.120876    0.0273482    0.0786448    0.132185    0.120876    0.0273482    
0.0786652    0.132212    0.120837    0.0273557    0.0786652    0.132212    0.120837    0.0273557    
0.0786828    0.132234    0.120798    0.0273641    0.0786828    0.132234    0.120798    0.0273641    
0.0786974    0.13225    0.12076    0.0273735    0.0786974    0.13225    0.12076    0.0273735    
0.078709    0.13226    0.120723    0.0273836    0.078709    0.13226    0.120723    0.0273836    
0.0787176    0.132265    0.120688    0.0273945    0.0787176    0.132265    0.120688    0.0273945    
0.0787232    0.132263    0.120654    0.027406    0.0787232    0.132263    0.120654    0.027406    
0.0787258    0.132257    0.120622    0.0274181    0.0787258    0.132257    0.120622    0.0274181    
0.0787255    0.132245    0.120592    0.0274307    0.0787255    0.132245    0.120592    0.0274307    
0.0787223    0.132228    0.120564    0.0274436    0.0787223    0.132228    0.120564    0.0274436    
0.0787163    0.132206    0.120538    0.0274569    0.0787163    0.132206    0.120538    0.0274569    
0.0787077    0.132179    0.120514    0.0274703    0.0787077    0.132179    0.120514    0.0274703    
0.0786966    0.132148    0.120493    0.0274838    0.0786966    0.132148    0.120493    0.0274838    
0.078683    0.132114    0.120474    0.0274973    0.078683    0.132114    0.120474    0.0274973    
0.0786673    0.132076    0.120458    0.0275106    0.0786673    0.132076    0.120458    0.0275106    
0.0786496    0.132034    0.120445    0.0275237    0.0786496    0.132034    0.120445    0.0275237    
0.0786301    0.13199    0.120434    0.0275365    0.0786301    0.13199    0.120434    0.0275365    
0.0786089    0.131944    0.120426    0.0275488    0.0786089    0.131944    0.120426    0.0275488    
0.0785864    0.131896    0.12042    0.0275606    0.0785864    0.131896    0.12042    0.0275606    
0.0785627    0.131847    0.120418    0.0275717    0.0785627    0.131847    0.120418    0.0275717    
0.0785381    0.131797    0.120418    0.0275821    0.0785381    0.131797    0.120418    0.0275821    
0.0785127    0.131746    0.120421    0.0275917    0.0785127    0.131746    0.120421    0.0275917    
0.0784869    0.131696    0.120426    0.0276005    0.0784869    0.131696    0.120426    0.0276005    
0.0784607    0.131645    0.120434    0.0276082    0.0784607    0.131645    0.120434    0.0276082    
0.0784345    0.131596    0.120445    0.027615    0.0784345    0.131596    0.120445    0.027615    
0.0784084    0.131548    0.120458    0.0276208    0.0784084    0.131548    0.120458    0.0276208    
0.0783827    0.131502    0.120473    0.0276255    0.0783827    0.131502    0.120473    0.0276255    
0.0783576    0.131458    0.12049    0.0276291    0.0783576    0.131458    0.12049    0.0276291    
0.0783332    0.131415    0.120509    0.0276316    0.0783332    0.131415    0.120509    0.0276316    
0.0783096    0.131376    0.120529    0.0276331    0.0783096    0.131376    0.120529    0.0276331    
0.0782872    0.131339    0.120551    0.0276335    0.0782872    0.131339    0.120551    0.0276335    
0.0782659    0.131305    0.120574    0.0276329    0.0782659    0.131305    0.120574    0.0276329    
0.078246    0.131274    0.120598    0.0276314    0.078246    0.131274    0.120598    0.0276314    
0.0782275    0.131247    0.120623    0.0276289    0.0782275    0.131247    0.120623    0.0276289    
0.0782107    0.131223    0.120648    0.0276256    0.0782107    0.131223    0.120648    0.0276256    
0.0781954    0.131203    0.120674    0.0276214    0.0781954    0.131203    0.120674    0.0276214    
0.0781819    0.131186    0.120699    0.0276166    0.0781819    0.131186    0.120699    0.0276166    
0.0781702    0.131172    0.120724    0.0276111    0.0781702    0.131172    0.120724    0.0276111    
0.0781603    0.131162    0.120749    0.0276051    0.0781603    0.131162    0.120749    0.0276051    
0.0781522    0.131156    0.120772    0.0275986    0.0781522    0.131156    0.120772    0.0275986    
0.078146    0.131153    0.120795    0.0275917    0.078146    0.131153    0.120795    0.0275917    
0.0781417    0.131154    0.120817    0.0275844    0.0781417    0.131154    0.120817    0.0275844    
0.0781392    0.131158    0.120837    0.027577    0.0781392    0.131158    0.120837    0.027577    
0.0781385    0.131165    0.120855    0.0275694    0.0781385    0.131165    0.120855    0.0275694    
0.0781396    0.131175    0.120872    0.0275616    0.0781396    0.131175    0.120872    0.0275616    
0.0781423    0.131188    0.120888    0.0275539    0.0781423    0.131188    0.120888    0.0275539    
0.0781468    0.131203    0.120901    0.0275463    0.0781468    0.131203    0.120901    0.0275463    
0.0781527    0.131221    0.120913    0.0275387    0.0781527    0.131221    0.120913    0.0275387    
0.0781602    0.131241    0.120922    0.0275314    0.0781602    0.131241    0.120922    0.0275314    
0.078169    0.131263    0.12093    0.0275242    0.078169    0.131263    0.12093    0.0275242    
0.0781791    0.131288    0.120935    0.0275174    0.0781791    0.131288    0.120935    0.0275174    
0.0781904    0.131313    0.120939    0.0275109    0.0781904    0.131313    0.120939    0.0275109    
0.0782026    0.13134    0.120941    0.0275047    0.0782026    0.13134    0.120941    0.0275047    
0.0782158    0.131368    0.12094    0.027499    0.0782158    0.131368    0.12094    0.027499    
0.0782298    0.131397    0.120938    0.0274938    0.0782298    0.131397    0.120938    0.0274938    
0.0782444    0.131427    0.120934    0.027489    0.0782444    0.131427    0.120934    0.027489    
0.0782594    0.131457    0.120928    0.0274848    0.0782594    0.131457    0.120928    0.0274848    
0.0782749    0.131487    0.120921    0.027481    0.0782749    0.131487    0.120921    0.027481    
0.0782906    0.131517    0.120912    0.0274779    0.0782906    0.131517    0.120912    0.0274779    
0.0783064    0.131546    0.120901    0.0274752    0.0783064    0.131546    0.120901    0.0274752    
0.0783221    0.131575    0.120889    0.0274732    0.0783221    0.131575    0.120889    0.0274732    
0.0783377    0.131603    0.120876    0.0274718    0.0783377    0.131603    0.120876    0.0274718    
0.078353    0.13163    0.120862    0.0274709    0.078353    0.13163    0.120862    0.0274709    
0.0783678    0.131656    0.120847    0.0274706    0.0783678    0.131656    0.120847    0.0274706    
0.0783822    0.13168    0.120831    0.0274709    0.0783822    0.13168    0.120831    0.0274709    
0.0783958    0.131702    0.120814    0.0274718    0.0783958    0.131702    0.120814    0.0274718    
0.0784088    0.131723    0.120797    0.0274733    0.0784088    0.131723    0.120797    0.0274733    
0.0784209    0.131742    0.120779    0.0274752    0.0784209    0.131742    0.120779    0.0274752    
0.0784321    0.131759    0.120761    0.0274777    0.0784321    0.131759    0.120761    0.0274777    
0.0784423    0.131774    0.120743    0.0274808    0.0784423    0.131774    0.120743    0.0274808    
0.0784515    0.131787    0.120725    0.0274842    0.0784515    0.131787    0.120725    0.0274842    
0.0784596    0.131797    0.120707    0.0274882    0.0784596    0.131797    0.120707    0.0274882    
0.0784665    0.131805    0.120689    0.0274925    0.0784665    0.131805    0.120689    0.0274925    
0.0784722    0.131811    0.120671    0.0274972    0.0784722    0.131811    0.120671    0.0274972    
0.0784767    0.131815    0.120654    0.0275023    0.0784767    0.131815    0.120654    0.0275023    
0.07848    0.131816    0.120638    0.0275076    0.07848    0.131816    0.120638    0.0275076    
0.0784821    0.131815    0.120622    0.0275132    0.0784821    0.131815    0.120622    0.0275132    
0.078483    0.131811    0.120606    0.0275191    0.078483    0.131811    0.120606    0.0275191    
0.0784826    0.131806    0.120592    0.0275251    0.0784826    0.131806    0.120592    0.0275251    
0.0784812    0.131798    0.120578    0.0275312    0.0784812    0.131798    0.120578    0.0275312    
0.0784785    0.131789    0.120566    0.0275374    0.0784785    0.131789    0.120566    0.0275374    
0.0784748    0.131777    0.120554    0.0275436    0.0784748    0.131777    0.120554    0.0275436    
0.0784701    0.131764    0.120544    0.0275499    0.0784701    0.131764    0.120544    0.0275499    
0.0784644    0.13175    0.120534    0.0275561    0.0784644    0.13175    0.120534    0.0275561    
0.0784578    0.131734    0.120526    0.0275621    0.0784578    0.131734    0.120526    0.0275621    
0.0784503    0.131717    0.120519    0.0275681    0.0784503    0.131717    0.120519    0.0275681    
0.0784421    0.131698    0.120514    0.0275738    0.0784421    0.131698    0.120514    0.0275738    
0.0784333    0.131679    0.120509    0.0275794    0.0784333    0.131679    0.120509    0.0275794    
0.0784238    0.131659    0.120506    0.0275846    0.0784238    0.131659    0.120506    0.0275846    
0.0784138    0.131639    0.120504    0.0275896    0.0784138    0.131639    0.120504    0.0275896    
0.0784035    0.131618    0.120503    0.0275942    0.0784035    0.131618    0.120503    0.0275942    
0.0783928    0.131597    0.120504    0.0275985    0.0783928    0.131597    0.120504    0.0275985    
0.0783819    0.131576    0.120505    0.0276024    0.0783819    0.131576    0.120505    0.0276024    
0.0783708    0.131555    0.120508    0.0276059    0.0783708    0.131555    0.120508    0.0276059    
0.0783597    0.131535    0.120512    0.027609    0.0783597    0.131535    0.120512    0.027609    
0.0783486    0.131515    0.120516    0.0276116    0.0783486    0.131515    0.120516    0.0276116    
0.0783377    0.131495    0.120522    0.0276138    0.0783377    0.131495    0.120522    0.0276138    
0.0783269    0.131476    0.120529    0.0276156    0.0783269    0.131476    0.120529    0.0276156    
0.0783164    0.131459    0.120536    0.0276169    0.0783164    0.131459    0.120536    0.0276169    
0.0783063    0.131442    0.120544    0.0276178    0.0783063    0.131442    0.120544    0.0276178    
0.0782966    0.131426    0.120552    0.0276182    0.0782966    0.131426    0.120552    0.0276182    
0.0782874    0.131412    0.120562    0.0276182    0.0782874    0.131412    0.120562    0.0276182    
0.0782787    0.131399    0.120571    0.0276179    0.0782787    0.131399    0.120571    0.0276179    
0.0782706    0.131387    0.120581    0.0276171    0.0782706    0.131387    0.120581    0.0276171    
0.0782632    0.131376    0.120591    0.027616    0.0782632    0.131376    0.120591    0.027616    
0.0782564    0.131367    0.120601    0.0276145    0.0782564    0.131367    0.120601    0.0276145    
0.0782503    0.13136    0.120611    0.0276127    0.0782503    0.13136    0.120611    0.0276127    
0.078245    0.131354    0.120621    0.0276107    0.078245    0.131354    0.120621    0.0276107    
0.0782404    0.13135    0.120631    0.0276084    0.0782404    0.13135    0.120631    0.0276084    
0.0782366    0.131347    0.120641    0.0276058    0.0782366    0.131347    0.120641    0.0276058    
0.0782336    0.131345    0.12065    0.0276031    0.0782336    0.131345    0.12065    0.0276031    
0.0782314    0.131345    0.120659    0.0276002    0.0782314    0.131345    0.120659    0.0276002    
0.0782299    0.131346    0.120667    0.0275972    0.0782299    0.131346    0.120667    0.0275972    
0.0782292    0.131349    0.120675    0.0275941    0.0782292    0.131349    0.120675    0.0275941    
0.0782292    0.131353    0.120682    0.027591    0.0782292    0.131353    0.120682    0.027591    
0.0782299    0.131358    0.120689    0.0275878    0.0782299    0.131358    0.120689    0.0275878    
0.0782314    0.131364    0.120694    0.0275846    0.0782314    0.131364    0.120694    0.0275846    
0.0782335    0.131372    0.120699    0.0275815    0.0782335    0.131372    0.120699    0.0275815    
0.0782362    0.13138    0.120703    0.0275784    0.0782362    0.13138    0.120703    0.0275784    
0.0782395    0.131389    0.120707    0.0275754    0.0782395    0.131389    0.120707    0.0275754    
0.0782433    0.131399    0.120709    0.0275725    0.0782433    0.131399    0.120709    0.0275725    
0.0782477    0.13141    0.120711    0.0275697    0.0782477    0.13141    0.120711    0.0275697    
0.0782525    0.131421    0.120712    0.0275671    0.0782525    0.131421    0.120712    0.0275671    
0.0782576    0.131433    0.120712    0.0275647    0.0782576    0.131433    0.120712    0.0275647    
0.0782631    0.131445    0.120711    0.0275625    0.0782631    0.131445    0.120711    0.0275625    
0.0782689    0.131457    0.120709    0.0275605    0.0782689    0.131457    0.120709    0.0275605    
0.0782749    0.13147    0.120707    0.0275587    0.0782749    0.13147    0.120707    0.0275587    
0.078281    0.131482    0.120704    0.0275572    0.078281    0.131482    0.120704    0.0275572    
0.0782873    0.131495    0.1207    0.0275559    0.0782873    0.131495    0.1207    0.0275559    
0.0782935    0.131507    0.120696    0.0275548    0.0782935    0.131507    0.120696    0.0275548    
0.0782998    0.131519    0.120691    0.027554    0.0782998    0.131519    0.120691    0.027554    
0.0783061    0.131531    0.120685    0.0275535    0.0783061    0.131531    0.120685    0.0275535    
0.0783122    0.131542    0.120679    0.0275533    0.0783122    0.131542    0.120679    0.0275533    
0.0783181    0.131553    0.120672    0.0275533    0.0783181    0.131553    0.120672    0.0275533    
0.0783238    0.131563    0.120665    0.0275535    0.0783238    0.131563    0.120665    0.0275535    
0.0783293    0.131573    0.120658    0.0275541    0.0783293    0.131573    0.120658    0.0275541    
0.0783345    0.131581    0.12065    0.0275548    0.0783345    0.131581    0.12065    0.0275548    
0.0783393    0.131589    0.120643    0.0275558    0.0783393    0.131589    0.120643    0.0275558    
0.0783437    0.131596    0.120635    0.0275571    0.0783437    0.131596    0.120635    0.0275571    
0.0783478    0.131602    0.120626    0.0275586    0.0783478    0.131602    0.120626    0.0275586    
0.0783514    0.131608    0.120618    0.0275602    0.0783514    0.131608    0.120618    0.0275602    
0.0783545    0.131612    0.12061    0.0275621    0.0783545    0.131612    0.12061    0.0275621    
0.0783572    0.131615    0.120602    0.0275642    0.0783572    0.131615    0.120602    0.0275642    
0.0783593    0.131618    0.120594    0.0275664    0.0783593    0.131618    0.120594    0.0275664    
0.078361    0.131619    0.120586    0.0275687    0.078361    0.131619    0.120586    0.0275687    
0.0783622    0.13162    0.120578    0.0275712    0.0783622    0.13162    0.120578    0.0275712    
0.0783629    0.131619    0.120571    0.0275738    0.0783629    0.131619    0.120571    0.0275738    
0.078363    0.131618    0.120564    0.0275765    0.078363    0.131618    0.120564    0.0275765    
0.0783627    0.131615    0.120557    0.0275792    0.0783627    0.131615    0.120557    0.0275792    
0.0783618    0.131612    0.120551    0.027582    0.0783618    0.131612    0.120551    0.027582    
0.0783605    0.131608    0.120545    0.0275848    0.0783605    0.131608    0.120545    0.0275848    
0.0783588    0.131604    0.12054    0.0275877    0.0783588    0.131604    0.12054    0.0275877    
0.0783566    0.131598    0.120535    0.0275905    0.0783566    0.131598    0.120535    0.0275905    
0.078354    0.131592    0.120531    0.0275933    0.078354    0.131592    0.120531    0.0275933    
0.078351    0.131585    0.120527    0.027596    0.078351    0.131585    0.120527    0.027596    
0.0783477    0.131578    0.120523    0.0275987    0.0783477    0.131578    0.120523    0.0275987    
0.078344    0.131571    0.12052    0.0276013    0.078344    0.131571    0.12052    0.0276013    
0.0783401    0.131563    0.120518    0.0276037    0.0783401    0.131563    0.120518    0.0276037    
0.0783359    0.131554    0.120516    0.0276061    0.0783359    0.131554    0.120516    0.0276061    
0.0783315    0.131546    0.120515    0.0276083    0.0783315    0.131546    0.120515    0.0276083    
0.0783269    0.131537    0.120514    0.0276104    0.0783269    0.131537    0.120514    0.0276104    
0.0783221    0.131528    0.120514    0.0276123    0.0783221    0.131528    0.120514    0.0276123    
0.0783173    0.131519    0.120515    0.0276141    0.0783173    0.131519    0.120515    0.0276141    
0.0783124    0.131511    0.120515    0.0276157    0.0783124    0.131511    0.120515    0.0276157    
0.0783074    0.131502    0.120517    0.0276171    0.0783074    0.131502    0.120517    0.0276171    
0.0783025    0.131494    0.120518    0.0276183    0.0783025    0.131494    0.120518    0.0276183    
0.0782976    0.131485    0.120521    0.0276193    0.0782976    0.131485    0.120521    0.0276193    
0.0782928    0.131478    0.120523    0.0276202    0.0782928    0.131478    0.120523    0.0276202    
0.0782881    0.13147    0.120526    0.0276209    0.0782881    0.13147    0.120526    0.0276209    
0.0782835    0.131463    0.120529    0.0276213    0.0782835    0.131463    0.120529    0.0276213    
0.0782791    0.131456    0.120533    0.0276216    0.0782791    0.131456    0.120533    0.0276216    
0.0782749    0.13145    0.120536    0.0276217    0.0782749    0.13145    0.120536    0.0276217    
0.0782709    0.131445    0.12054    0.0276217    0.0782709    0.131445    0.12054    0.0276217    
0.0782672    0.131439    0.120544    0.0276214    0.0782672    0.131439    0.120544    0.0276214    
0.0782637    0.131435    0.120548    0.0276211    0.0782637    0.131435    0.120548    0.0276211    
0.0782605    0.131431    0.120552    0.0276205    0.0782605    0.131431    0.120552    0.0276205    
0.0782576    0.131428    0.120556    0.0276199    0.0782576    0.131428    0.120556    0.0276199    
0.078255    0.131425    0.12056    0.0276191    0.078255    0.131425    0.12056    0.0276191    
0.0782527    0.131423    0.120564    0.0276182    0.0782527    0.131423    0.120564    0.0276182    
0.0782508    0.131422    0.120568    0.0276172    0.0782508    0.131422    0.120568    0.0276172    
0.0782492    0.131421    0.120572    0.0276161    0.0782492    0.131421    0.120572    0.0276161    
0.0782479    0.131421    0.120576    0.027615    0.0782479    0.131421    0.120576    0.027615    
0.0782469    0.131422    0.120579    0.0276137    0.0782469    0.131422    0.120579    0.0276137    
0.0782463    0.131423    0.120582    0.0276125    0.0782463    0.131423    0.120582    0.0276125    
0.0782459    0.131424    0.120585    0.0276112    0.0782459    0.131424    0.120585    0.0276112    
0.0782459    0.131427    0.120588    0.0276099    0.0782459    0.131427    0.120588    0.0276099    
0.0782462    0.131429    0.12059    0.0276086    0.0782462    0.131429    0.12059    0.0276086    
0.0782467    0.131432    0.120593    0.0276073    0.0782467    0.131432    0.120593    0.0276073    
0.0782476    0.131436    0.120594    0.027606    0.0782476    0.131436    0.120594    0.027606    
0.0782486    0.13144    0.120596    0.0276047    0.0782486    0.13144    0.120596    0.0276047    
0.0782499    0.131444    0.120597    0.0276035    0.0782499    0.131444    0.120597    0.0276035    
0.0782514    0.131449    0.120598    0.0276024    0.0782514    0.131449    0.120598    0.0276024    
0.0782531    0.131454    0.120598    0.0276013    0.0782531    0.131454    0.120598    0.0276013    
0.078255    0.131459    0.120598    0.0276003    0.078255    0.131459    0.120598    0.0276003    
0.078257    0.131464    0.120598    0.0275994    0.078257    0.131464    0.120598    0.0275994    
0.0782592    0.131469    0.120597    0.0275985    0.0782592    0.131469    0.120597    0.0275985    
0.0782614    0.131474    0.120596    0.0275978    0.0782614    0.131474    0.120596    0.0275978    
0.0782637    0.13148    0.120594    0.0275972    0.0782637    0.13148    0.120594    0.0275972    
0.078266    0.131485    0.120593    0.0275966    0.078266    0.131485    0.120593    0.0275966    
0.0782684    0.13149    0.120591    0.0275962    0.0782684    0.13149    0.120591    0.0275962    
0.0782708    0.131496    0.120589    0.0275959    0.0782708    0.131496    0.120589    0.0275959    
0.0782731    0.131501    0.120586    0.0275957    0.0782731    0.131501    0.120586    0.0275957    
0.0782754    0.131506    0.120583    0.0275957    0.0782754    0.131506    0.120583    0.0275957    
0.0782777    0.13151    0.120581    0.0275957    0.0782777    0.13151    0.120581    0.0275957    
0.0782798    0.131515    0.120577    0.0275959    0.0782798    0.131515    0.120577    0.0275959    
0.0782819    0.131519    0.120574    0.0275961    0.0782819    0.131519    0.120574    0.0275961    
0.0782838    0.131522    0.120571    0.0275965    0.0782838    0.131522    0.120571    0.0275965    
0.0782856    0.131526    0.120567    0.027597    0.0782856    0.131526    0.120567    0.027597    
0.0782872    0.131529    0.120564    0.0275976    0.0782872    0.131529    0.120564    0.0275976    
0.0782886    0.131532    0.12056    0.0275983    0.0782886    0.131532    0.12056    0.0275983    
0.0782899    0.131534    0.120557    0.027599    0.0782899    0.131534    0.120557    0.027599    
0.078291    0.131536    0.120553    0.0275999    0.078291    0.131536    0.120553    0.0275999    
0.0782919    0.131538    0.120549    0.0276008    0.0782919    0.131538    0.120549    0.0276008    
0.0782925    0.131539    0.120546    0.0276018    0.0782925    0.131539    0.120546    0.0276018    
0.078293    0.131539    0.120542    0.0276029    0.078293    0.131539    0.120542    0.0276029    
0.0782932    0.13154    0.120539    0.027604    0.0782932    0.13154    0.120539    0.027604    
0.0782933    0.13154    0.120535    0.0276052    0.0782933    0.13154    0.120535    0.0276052    
0.0782931    0.131539    0.120532    0.0276064    0.0782931    0.131539    0.120532    0.0276064    
0.0782927    0.131538    0.120529    0.0276076    0.0782927    0.131538    0.120529    0.0276076    
0.0782921    0.131537    0.120526    0.0276089    0.0782921    0.131537    0.120526    0.0276089    
0.0782913    0.131536    0.120523    0.0276102    0.0782913    0.131536    0.120523    0.0276102    
0.0782903    0.131534    0.120521    0.0276114    0.0782903    0.131534    0.120521    0.0276114    
0.0782891    0.131532    0.120519    0.0276127    0.0782891    0.131532    0.120519    0.0276127    
0.0782877    0.131529    0.120517    0.0276139    0.0782877    0.131529    0.120517    0.0276139    
0.0782862    0.131526    0.120515    0.0276152    0.0782862    0.131526    0.120515    0.0276152    
0.0782846    0.131523    0.120513    0.0276164    0.0782846    0.131523    0.120513    0.0276164    
0.0782827    0.13152    0.120512    0.0276175    0.0782827    0.13152    0.120512    0.0276175    
0.0782808    0.131517    0.120511    0.0276186    0.0782808    0.131517    0.120511    0.0276186    
0.0782788    0.131514    0.12051    0.0276197    0.0782788    0.131514    0.12051    0.0276197    
0.0782766    0.13151    0.120509    0.0276207    0.0782766    0.13151    0.120509    0.0276207    
0.0782744    0.131507    0.120508    0.0276216    0.0782744    0.131507    0.120508    0.0276216    
0.0782721    0.131503    0.120508    0.0276225    0.0782721    0.131503    0.120508    0.0276225    
0.0782698    0.131499    0.120508    0.0276233    0.0782698    0.131499    0.120508    0.0276233    
0.0782674    0.131496    0.120508    0.027624    0.0782674    0.131496    0.120508    0.027624    
0.078265    0.131492    0.120509    0.0276247    0.078265    0.131492    0.120509    0.0276247    
0.0782626    0.131489    0.120509    0.0276253    0.0782626    0.131489    0.120509    0.0276253    
0.0782602    0.131485    0.12051    0.0276258    0.0782602    0.131485    0.12051    0.0276258    
0.0782579    0.131482    0.120511    0.0276262    0.0782579    0.131482    0.120511    0.0276262    
0.0782556    0.131479    0.120512    0.0276265    0.0782556    0.131479    0.120512    0.0276265    
0.0782534    0.131476    0.120513    0.0276268    0.0782534    0.131476    0.120513    0.0276268    
0.0782512    0.131473    0.120515    0.0276269    0.0782512    0.131473    0.120515    0.0276269    
0.0782491    0.131471    0.120516    0.027627    0.0782491    0.131471    0.120516    0.027627    
0.0782471    0.131468    0.120518    0.0276271    0.0782471    0.131468    0.120518    0.0276271    
0.0782452    0.131466    0.120519    0.027627    0.0782452    0.131466    0.120519    0.027627    
0.0782434    0.131464    0.120521    0.0276269    0.0782434    0.131464    0.120521    0.0276269    
0.0782417    0.131463    0.120522    0.0276267    0.0782417    0.131463    0.120522    0.0276267    
0.0782402    0.131462    0.120524    0.0276265    0.0782402    0.131462    0.120524    0.0276265    
0.0782387    0.13146    0.120526    0.0276262    0.0782387    0.13146    0.120526    0.0276262    
0.0782374    0.13146    0.120527    0.0276258    0.0782374    0.13146    0.120527    0.0276258    
0.0782363    0.131459    0.120529    0.0276255    0.0782363    0.131459    0.120529    0.0276255    
0.0782353    0.131459    0.12053    0.027625    0.0782353    0.131459    0.12053    0.027625    
0.0782344    0.131459    0.120532    0.0276246    0.0782344    0.131459    0.120532    0.0276246    
0.0782337    0.131459    0.120533    0.0276241    0.0782337    0.131459    0.120533    0.0276241    
0.0782331    0.13146    0.120535    0.0276236    0.0782331    0.13146    0.120535    0.0276236    
0.0782326    0.131461    0.120536    0.0276231    0.0782326    0.131461    0.120536    0.0276231    
0.0782323    0.131462    0.120537    0.0276225    0.0782323    0.131462    0.120537    0.0276225    
0.0782321    0.131463    0.120538    0.027622    0.0782321    0.131463    0.120538    0.027622    
0.078232    0.131464    0.120539    0.0276215    0.078232    0.131464    0.120539    0.0276215    
0.078232    0.131466    0.120539    0.027621    0.078232    0.131466    0.120539    0.027621    
0.0782321    0.131468    0.12054    0.0276205    0.0782321    0.131468    0.12054    0.0276205    
0.0782324    0.131469    0.12054    0.02762    0.0782324    0.131469    0.12054    0.02762    
0.0782327    0.131471    0.120541    0.0276195    0.0782327    0.131471    0.120541    0.0276195    
0.0782331    0.131474    0.120541    0.0276191    0.0782331    0.131474    0.120541    0.0276191    
0.0782336    0.131476    0.120541    0.0276186    0.0782336    0.131476    0.120541    0.0276186    
0.0782341    0.131478    0.12054    0.0276183    0.0782341    0.131478    0.12054    0.0276183    
0.0782347    0.131481    0.12054    0.0276179    0.0782347    0.131481    0.12054    0.0276179    
0.0782354    0.131483    0.12054    0.0276176    0.0782354    0.131483    0.12054    0.0276176    
0.0782361    0.131485    0.120539    0.0276174    0.0782361    0.131485    0.120539    0.0276174    
0.0782367    0.131488    0.120538    0.0276172    0.0782367    0.131488    0.120538    0.0276172    
0.0782375    0.13149    0.120537    0.027617    0.0782375    0.13149    0.120537    0.027617    
0.0782382    0.131493    0.120536    0.0276169    0.0782382    0.131493    0.120536    0.0276169    
0.0782389    0.131495    0.120535    0.0276169    0.0782389    0.131495    0.120535    0.0276169    
0.0782395    0.131497    0.120534    0.0276168    0.0782395    0.131497    0.120534    0.0276168    
0.0782402    0.131499    0.120533    0.0276169    0.0782402    0.131499    0.120533    0.0276169    
0.0782408    0.131501    0.120531    0.027617    0.0782408    0.131501    0.120531    0.027617    
0.0782414    0.131503    0.12053    0.0276171    0.0782414    0.131503    0.12053    0.0276171    
0.0782419    0.131505    0.120528    0.0276173    0.0782419    0.131505    0.120528    0.0276173    
0.0782424    0.131506    0.120527    0.0276175    0.0782424    0.131506    0.120527    0.0276175    
0.0782428    0.131508    0.120525    0.0276178    0.0782428    0.131508    0.120525    0.0276178    
0.0782431    0.131509    0.120523    0.0276181    0.0782431    0.131509    0.120523    0.0276181    
0.0782433    0.13151    0.120522    0.0276185    0.0782433    0.13151    0.120522    0.0276185    
0.0782435    0.131511    0.12052    0.0276189    0.0782435    0.131511    0.12052    0.0276189    
0.0782436    0.131512    0.120518    0.0276193    0.0782436    0.131512    0.120518    0.0276193    
0.0782436    0.131513    0.120517    0.0276198    0.0782436    0.131513    0.120517    0.0276198    
0.0782435    0.131513    0.120515    0.0276202    0.0782435    0.131513    0.120515    0.0276202    
0.0782433    0.131513    0.120514    0.0276208    0.0782433    0.131513    0.120514    0.0276208    
0.078243    0.131514    0.120512    0.0276213    0.078243    0.131514    0.120512    0.0276213    
0.0782427    0.131514    0.120511    0.0276218    0.0782427    0.131514    0.120511    0.0276218    
0.0782422    0.131513    0.120509    0.0276224    0.0782422    0.131513    0.120509    0.0276224    
0.0782416    0.131513    0.120508    0.027623    0.0782416    0.131513    0.120508    0.027623    
0.078241    0.131512    0.120507    0.0276235    0.078241    0.131512    0.120507    0.0276235    
0.0782403    0.131512    0.120505    0.0276241    0.0782403    0.131512    0.120505    0.0276241    
0.0782395    0.131511    0.120504    0.0276247    0.0782395    0.131511    0.120504    0.0276247    
0.0782386    0.13151    0.120503    0.0276252    0.0782386    0.13151    0.120503    0.0276252    
0.0782377    0.131509    0.120502    0.0276258    0.0782377    0.131509    0.120502    0.0276258    
0.0782367    0.131508    0.120502    0.0276263    0.0782367    0.131508    0.120502    0.0276263    
0.0782356    0.131507    0.120501    0.0276269    0.0782356    0.131507    0.120501    0.0276269    
0.0782345    0.131506    0.1205    0.0276274    0.0782345    0.131506    0.1205    0.0276274    
0.0782333    0.131504    0.1205    0.0276278    0.0782333    0.131504    0.1205    0.0276278    
0.0782321    0.131503    0.120499    0.0276283    0.0782321    0.131503    0.120499    0.0276283    
0.0782308    0.131502    0.120499    0.0276287    0.0782308    0.131502    0.120499    0.0276287    
0.0782295    0.1315    0.120499    0.0276291    0.0782295    0.1315    0.120499    0.0276291    
0.0782282    0.131499    0.120499    0.0276295    0.0782282    0.131499    0.120499    0.0276295    
0.0782269    0.131497    0.120499    0.0276299    0.0782269    0.131497    0.120499    0.0276299    
0.0782256    0.131496    0.120499    0.0276302    0.0782256    0.131496    0.120499    0.0276302    
0.0782242    0.131495    0.120499    0.0276305    0.0782242    0.131495    0.120499    0.0276305    
0.0782229    0.131493    0.120499    0.0276307    0.0782229    0.131493    0.120499    0.0276307    
0.0782216    0.131492    0.120499    0.0276309    0.0782216    0.131492    0.120499    0.0276309    
0.0782203    0.131491    0.1205    0.0276311    0.0782203    0.131491    0.1205    0.0276311    
0.078219    0.13149    0.1205    0.0276312    0.078219    0.13149    0.1205    0.0276312    
0.0782178    0.131489    0.120501    0.0276313    0.0782178    0.131489    0.120501    0.0276313    
0.0782165    0.131488    0.120501    0.0276314    0.0782165    0.131488    0.120501    0.0276314    
0.0782154    0.131487    0.120502    0.0276314    0.0782154    0.131487    0.120502    0.0276314    
0.0782142    0.131486    0.120502    0.0276314    0.0782142    0.131486    0.120502    0.0276314    
0.0782131    0.131485    0.120503    0.0276314    0.0782131    0.131485    0.120503    0.0276314    
0.0782121    0.131485    0.120504    0.0276314    0.0782121    0.131485    0.120504    0.0276314    
0.0782111    0.131484    0.120504    0.0276313    0.0782111    0.131484    0.120504    0.0276313    
0.0782101    0.131484    0.120505    0.0276312    0.0782101    0.131484    0.120505    0.0276312    
0.0782093    0.131484    0.120505    0.0276311    0.0782093    0.131484    0.120505    0.0276311    
0.0782084    0.131484    0.120506    0.0276309    0.0782084    0.131484    0.120506    0.0276309    
0.0782077    0.131484    0.120507    0.0276308    0.0782077    0.131484    0.120507    0.0276308    
0.078207    0.131484    0.120507    0.0276306    0.078207    0.131484    0.120507    0.0276306    
0.0782063    0.131484    0.120508    0.0276304    0.0782063    0.131484    0.120508    0.0276304    
0.0782057    0.131484    0.120508    0.0276303    0.0782057    0.131484    0.120508    0.0276303    
0.0782052    0.131485    0.120509    0.0276301    0.0782052    0.131485    0.120509    0.0276301    
0.0782047    0.131485    0.120509    0.0276299    0.0782047    0.131485    0.120509    0.0276299    
0.0782043    0.131486    0.120509    0.0276296    0.0782043    0.131486    0.120509    0.0276296    
0.0782039    0.131487    0.12051    0.0276294    0.0782039    0.131487    0.12051    0.0276294    
0.0782036    0.131488    0.12051    0.0276292    0.0782036    0.131488    0.12051    0.0276292    
0.0782033    0.131489    0.12051    0.027629    0.0782033    0.131489    0.12051    0.027629    
0.0782031    0.13149    0.12051    0.0276289    0.0782031    0.13149    0.12051    0.0276289    
0.0782029    0.131491    0.12051    0.0276287    0.0782029    0.131491    0.12051    0.0276287    
0.0782027    0.131492    0.12051    0.0276285    0.0782027    0.131492    0.12051    0.0276285    
0.0782026    0.131493    0.12051    0.0276283    0.0782026    0.131493    0.12051    0.0276283    
0.0782025    0.131494    0.12051    0.0276282    0.0782025    0.131494    0.12051    0.0276282    
0.0782024    0.131495    0.12051    0.0276281    0.0782024    0.131495    0.12051    0.0276281    
0.0782024    0.131496    0.120509    0.027628    0.0782024    0.131496    0.120509    0.027628    
0.0782023    0.131497    0.120509    0.0276279    0.0782023    0.131497    0.120509    0.0276279    
0.0782023    0.131498    0.120509    0.0276278    0.0782023    0.131498    0.120509    0.0276278    
0.0782023    0.1315    0.120508    0.0276278    0.0782023    0.1315    0.120508    0.0276278    
0.0782022    0.131501    0.120508    0.0276277    0.0782022    0.131501    0.120508    0.0276277    
0.0782022    0.131502    0.120507    0.0276277    0.0782022    0.131502    0.120507    0.0276277    
0.0782022    0.131503    0.120507    0.0276277    0.0782022    0.131503    0.120507    0.0276277    
0.0782021    0.131504    0.120506    0.0276278    0.0782021    0.131504    0.120506    0.0276278    
0.0782021    0.131505    0.120505    0.0276278    0.0782021    0.131505    0.120505    0.0276278    
0.078202    0.131506    0.120505    0.0276279    0.078202    0.131506    0.120505    0.0276279    
0.0782019    0.131507    0.120504    0.027628    0.0782019    0.131507    0.120504    0.027628    
0.0782017    0.131508    0.120503    0.0276281    0.0782017    0.131508    0.120503    0.0276281    
0.0782016    0.131509    0.120502    0.0276283    0.0782016    0.131509    0.120502    0.0276283    
0.0782014    0.131509    0.120502    0.0276284    0.0782014    0.131509    0.120502    0.0276284    
0.0782012    0.13151    0.120501    0.0276286    0.0782012    0.13151    0.120501    0.0276286    
0.0782009    0.131511    0.1205    0.0276288    0.0782009    0.131511    0.1205    0.0276288    
0.0782006    0.131511    0.120499    0.027629    0.0782006    0.131511    0.120499    0.027629    
0.0782003    0.131512    0.120498    0.0276292    0.0782003    0.131512    0.120498    0.0276292    
0.0781999    0.131512    0.120498    0.0276294    0.0781999    0.131512    0.120498    0.0276294    
0.0781995    0.131512    0.120497    0.0276297    0.0781995    0.131512    0.120497    0.0276297    
0.0781991    0.131512    0.120496    0.0276299    0.0781991    0.131512    0.120496    0.0276299    
0.0781986    0.131513    0.120495    0.0276302    0.0781986    0.131513    0.120495    0.0276302    
0.0781981    0.131513    0.120495    0.0276304    0.0781981    0.131513    0.120495    0.0276304    
0.0781975    0.131513    0.120494    0.0276307    0.0781975    0.131513    0.120494    0.0276307    
0.0781969    0.131513    0.120493    0.027631    0.0781969    0.131513    0.120493    0.027631    
0.0781962    0.131512    0.120493    0.0276312    0.0781962    0.131512    0.120493    0.0276312    
0.0781956    0.131512    0.120492    0.0276315    0.0781956    0.131512    0.120492    0.0276315    
0.0781949    0.131512    0.120492    0.0276318    0.0781949    0.131512    0.120492    0.0276318    
0.0781941    0.131512    0.120491    0.027632    0.0781941    0.131512    0.120491    0.027632    
0.0781934    0.131512    0.120491    0.0276323    0.0781934    0.131512    0.120491    0.0276323    
0.0781926    0.131511    0.12049    0.0276325    0.0781926    0.131511    0.12049    0.0276325    
0.0781917    0.131511    0.12049    0.0276328    0.0781917    0.131511    0.12049    0.0276328    
0.0781909    0.13151    0.12049    0.027633    0.0781909    0.13151    0.12049    0.027633    
0.07819    0.13151    0.12049    0.0276332    0.07819    0.13151    0.12049    0.0276332    
0.0781892    0.13151    0.120489    0.0276334    0.0781892    0.13151    0.120489    0.0276334    
0.0781883    0.131509    0.120489    0.0276336    0.0781883    0.131509    0.120489    0.0276336    
0.0781874    0.131509    0.120489    0.0276338    0.0781874    0.131509    0.120489    0.0276338    
0.0781865    0.131508    0.120489    0.027634    0.0781865    0.131508    0.120489    0.027634    
0.0781856    0.131508    0.120489    0.0276341    0.0781856    0.131508    0.120489    0.0276341    
0.0781846    0.131507    0.120489    0.0276343    0.0781846    0.131507    0.120489    0.0276343    
0.0781837    0.131507    0.120489    0.0276344    0.0781837    0.131507    0.120489    0.0276344    
0.0781828    0.131507    0.120489    0.0276345    0.0781828    0.131507    0.120489    0.0276345    
0.0781819    0.131506    0.120489    0.0276346    0.0781819    0.131506    0.120489    0.0276346    
0.078181    0.131506    0.120489    0.0276347    0.078181    0.131506    0.120489    0.0276347    
0.0781801    0.131506    0.120489    0.0276348    0.0781801    0.131506    0.120489    0.0276348    
0.0781793    0.131505    0.120489    0.0276348    0.0781793    0.131505    0.120489    0.0276348    
0.0781784    0.131505    0.120489    0.0276349    0.0781784    0.131505    0.120489    0.0276349    
0.0781776    0.131505    0.12049    0.0276349    0.0781776    0.131505    0.12049    0.0276349    
0.0781767    0.131505    0.12049    0.0276349    0.0781767    0.131505    0.12049    0.0276349    
0.0781759    0.131505    0.12049    0.0276349    0.0781759    0.131505    0.12049    0.0276349    
0.0781752    0.131505    0.12049    0.0276349    0.0781752    0.131505    0.12049    0.0276349    
0.0781744    0.131505    0.12049    0.0276349    0.0781744    0.131505    0.12049    0.0276349    
0.0781737    0.131505    0.120491    0.0276349    0.0781737    0.131505    0.120491    0.0276349    
0.078173    0.131505    0.120491    0.0276348    0.078173    0.131505    0.120491    0.0276348    
0.0781723    0.131505    0.120491    0.0276348    0.0781723    0.131505    0.120491    0.0276348    
0.0781716    0.131505    0.120491    0.0276347    0.0781716    0.131505    0.120491    0.0276347    
0.078171    0.131506    0.120491    0.0276347    0.078171    0.131506    0.120491    0.0276347    
0.0781704    0.131506    0.120491    0.0276346    0.0781704    0.131506    0.120491    0.0276346    
0.0781698    0.131506    0.120491    0.0276345    0.0781698    0.131506    0.120491    0.0276345    
0.0781692    0.131507    0.120492    0.0276345    0.0781692    0.131507    0.120492    0.0276345    
0.0781687    0.131507    0.120492    0.0276344    0.0781687    0.131507    0.120492    0.0276344    
0.0781682    0.131507    0.120492    0.0276343    0.0781682    0.131507    0.120492    0.0276343    
0.0781677    0.131508    0.120492    0.0276343    0.0781677    0.131508    0.120492    0.0276343    
0.0781672    0.131509    0.120492    0.0276342    0.0781672    0.131509    0.120492    0.0276342    
0.0781667    0.131509    0.120492    0.0276341    0.0781667    0.131509    0.120492    0.0276341    
0.0781663    0.13151    0.120492    0.0276341    0.0781663    0.13151    0.120492    0.0276341    
0.0781659    0.13151    0.120492    0.027634    0.0781659    0.13151    0.120492    0.027634    
0.0781654    0.131511    0.120491    0.027634    0.0781654    0.131511    0.120491    0.027634    
0.078165    0.131512    0.120491    0.0276339    0.078165    0.131512    0.120491    0.0276339    
0.0781646    0.131512    0.120491    0.0276339    0.0781646    0.131512    0.120491    0.0276339    
0.0781643    0.131513    0.120491    0.0276339    0.0781643    0.131513    0.120491    0.0276339    
0.0781639    0.131514    0.120491    0.0276339    0.0781639    0.131514    0.120491    0.0276339    
0.0781635    0.131514    0.12049    0.0276339    0.0781635    0.131514    0.12049    0.0276339    
0.0781631    0.131515    0.12049    0.0276339    0.0781631    0.131515    0.12049    0.0276339    
0.0781627    0.131516    0.12049    0.0276339    0.0781627    0.131516    0.12049    0.0276339    
0.0781624    0.131516    0.12049    0.0276339    0.0781624    0.131516    0.12049    0.0276339    
0.078162    0.131517    0.120489    0.0276339    0.078162    0.131517    0.120489    0.0276339    
0.0781616    0.131518    0.120489    0.0276339    0.0781616    0.131518    0.120489    0.0276339    
0.0781612    0.131518    0.120489    0.027634    0.0781612    0.131518    0.120489    0.027634    
0.0781608    0.131519    0.120488    0.027634    0.0781608    0.131519    0.120488    0.027634    
0.0781604    0.131519    0.120488    0.0276341    0.0781604    0.131519    0.120488    0.0276341    
0.07816    0.13152    0.120487    0.0276342    0.07816    0.13152    0.120487    0.0276342    
0.0781596    0.13152    0.120487    0.0276342    0.0781596    0.13152    0.120487    0.0276342    
0.0781591    0.131521    0.120487    0.0276343    0.0781591    0.131521    0.120487    0.0276343    
0.0781587    0.131521    0.120486    0.0276344    0.0781587    0.131521    0.120486    0.0276344    
0.0781582    0.131522    0.120486    0.0276345    0.0781582    0.131522    0.120486    0.0276345    
0.0781577    0.131522    0.120485    0.0276346    0.0781577    0.131522    0.120485    0.0276346    
0.0781572    0.131522    0.120485    0.0276347    0.0781572    0.131522    0.120485    0.0276347    
0.0781567    0.131523    0.120484    0.0276349    0.0781567    0.131523    0.120484    0.0276349    
0.0781561    0.131523    0.120484    0.027635    0.0781561    0.131523    0.120484    0.027635    
0.0781556    0.131523    0.120484    0.0276351    0.0781556    0.131523    0.120484    0.0276351    
0.078155    0.131524    0.120483    0.0276352    0.078155    0.131524    0.120483    0.0276352    
0.0781544    0.131524    0.120483    0.0276354    0.0781544    0.131524    0.120483    0.0276354    
0.0781538    0.131524    0.120483    0.0276355    0.0781538    0.131524    0.120483    0.0276355    
0.0781532    0.131524    0.120482    0.0276356    0.0781532    0.131524    0.120482    0.0276356    
0.0781525    0.131524    0.120482    0.0276358    0.0781525    0.131524    0.120482    0.0276358    
0.0781519    0.131524    0.120482    0.0276359    0.0781519    0.131524    0.120482    0.0276359    
0.0781512    0.131525    0.120481    0.027636    0.0781512    0.131525    0.120481    0.027636    
0.0781505    0.131525    0.120481    0.0276362    0.0781505    0.131525    0.120481    0.0276362    
0.0781498    0.131525    0.120481    0.0276363    0.0781498    0.131525    0.120481    0.0276363    
0.0781491    0.131525    0.12048    0.0276364    0.0781491    0.131525    0.12048    0.0276364    
0.0781484    0.131525    0.12048    0.0276365    0.0781484    0.131525    0.12048    0.0276365    
0.0781476    0.131525    0.12048    0.0276367    0.0781476    0.131525    0.12048    0.0276367    
0.0781469    0.131525    0.12048    0.0276368    0.0781469    0.131525    0.12048    0.0276368    
0.0781461    0.131525    0.12048    0.0276369    0.0781461    0.131525    0.12048    0.0276369    
0.0781454    0.131525    0.120479    0.027637    0.0781454    0.131525    0.120479    0.027637    
0.0781446    0.131525    0.120479    0.0276371    0.0781446    0.131525    0.120479    0.0276371    
0.0781438    0.131525    0.120479    0.0276372    0.0781438    0.131525    0.120479    0.0276372    
0.0781431    0.131525    0.120479    0.0276373    0.0781431    0.131525    0.120479    0.0276373    
0.0781423    0.131525    0.120479    0.0276374    0.0781423    0.131525    0.120479    0.0276374    
0.0781415    0.131525    0.120479    0.0276374    0.0781415    0.131525    0.120479    0.0276374    
0.0781408    0.131525    0.120479    0.0276375    0.0781408    0.131525    0.120479    0.0276375    
0.07814    0.131525    0.120479    0.0276376    0.07814    0.131525    0.120479    0.0276376    
0.0781392    0.131525    0.120479    0.0276376    0.0781392    0.131525    0.120479    0.0276376    
0.0781385    0.131525    0.120479    0.0276377    0.0781385    0.131525    0.120479    0.0276377    
0.0781377    0.131525    0.120479    0.0276377    0.0781377    0.131525    0.120479    0.0276377    
0.078137    0.131525    0.120479    0.0276378    0.078137    0.131525    0.120479    0.0276378    
0.0781362    0.131525    0.120479    0.0276378    0.0781362    0.131525    0.120479    0.0276378    
0.0781355    0.131525    0.120479    0.0276378    0.0781355    0.131525    0.120479    0.0276378    
0.0781347    0.131525    0.120479    0.0276379    0.0781347    0.131525    0.120479    0.0276379    
0.078134    0.131525    0.120479    0.0276379    0.078134    0.131525    0.120479    0.0276379    
0.0781333    0.131526    0.120479    0.0276379    0.0781333    0.131526    0.120479    0.0276379    
0.0781326    0.131526    0.120479    0.0276379    0.0781326    0.131526    0.120479    0.0276379    
0.0781319    0.131526    0.120479    0.0276379    0.0781319    0.131526    0.120479    0.0276379    
0.0781312    0.131526    0.120479    0.0276379    0.0781312    0.131526    0.120479    0.0276379    
0.0781306    0.131527    0.120479    0.0276379    0.0781306    0.131527    0.120479    0.0276379    
0.0781299    0.131527    0.120479    0.0276379    0.0781299    0.131527    0.120479    0.0276379    
0.0781293    0.131527    0.120479    0.0276379    0.0781293    0.131527    0.120479    0.0276379    
0.0781286    0.131528    0.120478    0.0276379    0.0781286    0.131528    0.120478    0.0276379    
0.078128    0.131528    0.120478    0.0276379    0.078128    0.131528    0.120478    0.0276379    
0.0781274    0.131528    0.120478    0.0276379    0.0781274    0.131528    0.120478    0.0276379    
0.0781267    0.131529    0.120478    0.0276379    0.0781267    0.131529    0.120478    0.0276379    
0.0781261    0.131529    0.120478    0.0276379    0.0781261    0.131529    0.120478    0.0276379    
0.0781255    0.131529    0.120478    0.0276378    0.0781255    0.131529    0.120478    0.0276378    
0.0781249    0.13153    0.120478    0.0276378    0.0781249    0.13153    0.120478    0.0276378    
0.0781244    0.13153    0.120478    0.0276378    0.0781244    0.13153    0.120478    0.0276378    
0.0781238    0.131531    0.120478    0.0276378    0.0781238    0.131531    0.120478    0.0276378    
0.0781232    0.131531    0.120478    0.0276378    0.0781232    0.131531    0.120478    0.0276378    
0.0781226    0.131532    0.120478    0.0276378    0.0781226    0.131532    0.120478    0.0276378    
0.0781221    0.131532    0.120477    0.0276378    0.0781221    0.131532    0.120477    0.0276378    
0.0781215    0.131533    0.120477    0.0276378    0.0781215    0.131533    0.120477    0.0276378    
0.0781209    0.131533    0.120477    0.0276379    0.0781209    0.131533    0.120477    0.0276379    
0.0781204    0.131534    0.120477    0.0276379    0.0781204    0.131534    0.120477    0.0276379    
0.0781198    0.131534    0.120477    0.0276379    0.0781198    0.131534    0.120477    0.0276379    
0.0781193    0.131535    0.120477    0.0276379    0.0781193    0.131535    0.120477    0.0276379    
0.0781187    0.131535    0.120476    0.0276379    0.0781187    0.131535    0.120476    0.0276379    
0.0781182    0.131536    0.120476    0.027638    0.0781182    0.131536    0.120476    0.027638    
0.0781176    0.131536    0.120476    0.027638    0.0781176    0.131536    0.120476    0.027638    
0.078117    0.131536    0.120476    0.027638    0.078117    0.131536    0.120476    0.027638    
0.0781164    0.131537    0.120475    0.0276381    0.0781164    0.131537    0.120475    0.0276381    
0.0781159    0.131537    0.120475    0.0276381    0.0781159    0.131537    0.120475    0.0276381    
0.0781153    0.131538    0.120475    0.0276382    0.0781153    0.131538    0.120475    0.0276382    
0.0781147    0.131538    0.120475    0.0276382    0.0781147    0.131538    0.120475    0.0276382    
0.0781141    0.131539    0.120474    0.0276383    0.0781141    0.131539    0.120474    0.0276383    
0.0781135    0.131539    0.120474    0.0276384    0.0781135    0.131539    0.120474    0.0276384    
0.0781129    0.131539    0.120474    0.0276384    0.0781129    0.131539    0.120474    0.0276384    
0.0781123    0.13154    0.120474    0.0276385    0.0781123    0.13154    0.120474    0.0276385    
0.0781117    0.13154    0.120473    0.0276386    0.0781117    0.13154    0.120473    0.0276386    
0.078111    0.13154    0.120473    0.0276386    0.078111    0.13154    0.120473    0.0276386    
0.0781104    0.131541    0.120473    0.0276387    0.0781104    0.131541    0.120473    0.0276387    
0.0781098    0.131541    0.120472    0.0276388    0.0781098    0.131541    0.120472    0.0276388    
0.0781091    0.131541    0.120472    0.0276388    0.0781091    0.131541    0.120472    0.0276388    
0.0781085    0.131542    0.120472    0.0276389    0.0781085    0.131542    0.120472    0.0276389    
0.0781078    0.131542    0.120472    0.027639    0.0781078    0.131542    0.120472    0.027639    
0.0781071    0.131542    0.120471    0.0276391    0.0781071    0.131542    0.120471    0.0276391    
0.0781064    0.131542    0.120471    0.0276392    0.0781064    0.131542    0.120471    0.0276392    
0.0781057    0.131543    0.120471    0.0276392    0.0781057    0.131543    0.120471    0.0276392    
0.078105    0.131543    0.120471    0.0276393    0.078105    0.131543    0.120471    0.0276393    
0.0781043    0.131543    0.120471    0.0276394    0.0781043    0.131543    0.120471    0.0276394    
0.0781036    0.131543    0.12047    0.0276395    0.0781036    0.131543    0.12047    0.0276395    
0.0781029    0.131544    0.12047    0.0276395    0.0781029    0.131544    0.12047    0.0276395    
0.0781022    0.131544    0.12047    0.0276396    0.0781022    0.131544    0.12047    0.0276396    
0.0781015    0.131544    0.12047    0.0276397    0.0781015    0.131544    0.12047    0.0276397    
0.0781007    0.131544    0.12047    0.0276398    0.0781007    0.131544    0.12047    0.0276398    
0.0781    0.131544    0.120469    0.0276398    0.0781    0.131544    0.120469    0.0276398    
0.0780992    0.131545    0.120469    0.0276399    0.0780992    0.131545    0.120469    0.0276399    
0.0780985    0.131545    0.120469    0.02764    0.0780985    0.131545    0.120469    0.02764    
0.0780978    0.131545    0.120469    0.02764    0.0780978    0.131545    0.120469    0.02764    
0.078097    0.131545    0.120469    0.0276401    0.078097    0.131545    0.120469    0.0276401    
0.0780963    0.131545    0.120469    0.0276401    0.0780963    0.131545    0.120469    0.0276401    
0.0780955    0.131546    0.120469    0.0276402    0.0780955    0.131546    0.120469    0.0276402    
0.0780948    0.131546    0.120469    0.0276403    0.0780948    0.131546    0.120469    0.0276403    
0.078094    0.131546    0.120468    0.0276403    0.078094    0.131546    0.120468    0.0276403    
0.0780933    0.131546    0.120468    0.0276404    0.0780933    0.131546    0.120468    0.0276404    
0.0780925    0.131546    0.120468    0.0276404    0.0780925    0.131546    0.120468    0.0276404    
0.0780918    0.131547    0.120468    0.0276404    0.0780918    0.131547    0.120468    0.0276404    
0.078091    0.131547    0.120468    0.0276405    0.078091    0.131547    0.120468    0.0276405    
0.0780903    0.131547    0.120468    0.0276405    0.0780903    0.131547    0.120468    0.0276405    
0.0780895    0.131547    0.120468    0.0276405    0.0780895    0.131547    0.120468    0.0276405    
0.0780888    0.131548    0.120468    0.0276406    0.0780888    0.131548    0.120468    0.0276406    
0.0780881    0.131548    0.120468    0.0276406    0.0780881    0.131548    0.120468    0.0276406    
0.0780873    0.131548    0.120468    0.0276406    0.0780873    0.131548    0.120468    0.0276406    
0.0780866    0.131548    0.120467    0.0276407    0.0780866    0.131548    0.120467    0.0276407    
0.0780859    0.131549    0.120467    0.0276407    0.0780859    0.131549    0.120467    0.0276407    
0.0780852    0.131549    0.120467    0.0276407    0.0780852    0.131549    0.120467    0.0276407    
0.0780845    0.131549    0.120467    0.0276407    0.0780845    0.131549    0.120467    0.0276407    
0.0780837    0.13155    0.120467    0.0276407    0.0780837    0.13155    0.120467    0.0276407    
0.078083    0.13155    0.120467    0.0276408    0.078083    0.13155    0.120467    0.0276408    
0.0780823    0.13155    0.120467    0.0276408    0.0780823    0.13155    0.120467    0.0276408    
0.0780816    0.131551    0.120467    0.0276408    0.0780816    0.131551    0.120467    0.0276408    
0.0780809    0.131551    0.120467    0.0276408    0.0780809    0.131551    0.120467    0.0276408    
0.0780802    0.131551    0.120467    0.0276408    0.0780802    0.131551    0.120467    0.0276408    
0.0780795    0.131552    0.120466    0.0276409    0.0780795    0.131552    0.120466    0.0276409    
0.0780789    0.131552    0.120466    0.0276409    0.0780789    0.131552    0.120466    0.0276409    
0.0780782    0.131553    0.120466    0.0276409    0.0780782    0.131553    0.120466    0.0276409    
0.0780775    0.131553    0.120466    0.0276409    0.0780775    0.131553    0.120466    0.0276409    
0.0780768    0.131553    0.120466    0.0276409    0.0780768    0.131553    0.120466    0.0276409    
0.0780761    0.131554    0.120466    0.027641    0.0780761    0.131554    0.120466    0.027641    
0.0780754    0.131554    0.120466    0.027641    0.0780754    0.131554    0.120466    0.027641    
0.0780748    0.131555    0.120465    0.027641    0.0780748    0.131555    0.120465    0.027641    
0.0780741    0.131555    0.120465    0.027641    0.0780741    0.131555    0.120465    0.027641    
0.0780734    0.131555    0.120465    0.0276411    0.0780734    0.131555    0.120465    0.0276411    
0.0780727    0.131556    0.120465    0.0276411    0.0780727    0.131556    0.120465    0.0276411    
0.0780721    0.131556    0.120465    0.0276411    0.0780721    0.131556    0.120465    0.0276411    
0.0780714    0.131557    0.120465    0.0276411    0.0780714    0.131557    0.120465    0.0276411    
0.0780707    0.131557    0.120464    0.0276412    0.0780707    0.131557    0.120464    0.0276412    
0.07807    0.131558    0.120464    0.0276412    0.07807    0.131558    0.120464    0.0276412    
0.0780693    0.131558    0.120464    0.0276412    0.0780693    0.131558    0.120464    0.0276412    
0.0780687    0.131558    0.120464    0.0276413    0.0780687    0.131558    0.120464    0.0276413    
0.078068    0.131559    0.120464    0.0276413    0.078068    0.131559    0.120464    0.0276413    
0.0780673    0.131559    0.120463    0.0276414    0.0780673    0.131559    0.120463    0.0276414    
0.0780666    0.13156    0.120463    0.0276414    0.0780666    0.13156    0.120463    0.0276414    
0.0780659    0.13156    0.120463    0.0276415    0.0780659    0.13156    0.120463    0.0276415    
0.0780652    0.13156    0.120463    0.0276415    0.0780652    0.13156    0.120463    0.0276415    
0.0780645    0.131561    0.120463    0.0276416    0.0780645    0.131561    0.120463    0.0276416    
0.0780638    0.131561    0.120462    0.0276416    0.0780638    0.131561    0.120462    0.0276416    
0.0780631    0.131561    0.120462    0.0276417    0.0780631    0.131561    0.120462    0.0276417    
0.0780624    0.131562    0.120462    0.0276417    0.0780624    0.131562    0.120462    0.0276417    
0.0780617    0.131562    0.120462    0.0276418    0.0780617    0.131562    0.120462    0.0276418    
0.0780609    0.131563    0.120462    0.0276418    0.0780609    0.131563    0.120462    0.0276418    
0.0780602    0.131563    0.120461    0.0276419    0.0780602    0.131563    0.120461    0.0276419    
0.0780595    0.131563    0.120461    0.0276419    0.0780595    0.131563    0.120461    0.0276419    
0.0780588    0.131564    0.120461    0.027642    0.0780588    0.131564    0.120461    0.027642    
0.078058    0.131564    0.120461    0.027642    0.078058    0.131564    0.120461    0.027642    
0.0780573    0.131564    0.120461    0.0276421    0.0780573    0.131564    0.120461    0.0276421    
0.0780565    0.131565    0.12046    0.0276421    0.0780565    0.131565    0.12046    0.0276421    
0.0780558    0.131565    0.12046    0.0276422    0.0780558    0.131565    0.12046    0.0276422    
0.078055    0.131565    0.12046    0.0276423    0.078055    0.131565    0.12046    0.0276423    
0.0780543    0.131566    0.12046    0.0276423    0.0780543    0.131566    0.12046    0.0276423    
0.0780535    0.131566    0.12046    0.0276424    0.0780535    0.131566    0.12046    0.0276424    
0.0780528    0.131566    0.12046    0.0276424    0.0780528    0.131566    0.12046    0.0276424    
0.078052    0.131566    0.120459    0.0276425    0.078052    0.131566    0.120459    0.0276425    
0.0780512    0.131567    0.120459    0.0276425    0.0780512    0.131567    0.120459    0.0276425    
0.0780505    0.131567    0.120459    0.0276426    0.0780505    0.131567    0.120459    0.0276426    
0.0780497    0.131567    0.120459    0.0276426    0.0780497    0.131567    0.120459    0.0276426    
0.0780489    0.131568    0.120459    0.0276427    0.0780489    0.131568    0.120459    0.0276427    
0.0780481    0.131568    0.120459    0.0276427    0.0780481    0.131568    0.120459    0.0276427    
0.0780474    0.131568    0.120458    0.0276428    0.0780474    0.131568    0.120458    0.0276428    
0.0780466    0.131569    0.120458    0.0276428    0.0780466    0.131569    0.120458    0.0276428    
0.0780458    0.131569    0.120458    0.0276429    0.0780458    0.131569    0.120458    0.0276429    
0.078045    0.131569    0.120458    0.0276429    0.078045    0.131569    0.120458    0.0276429    
0.0780442    0.131569    0.120458    0.027643    0.0780442    0.131569    0.120458    0.027643    
0.0780435    0.13157    0.120458    0.027643    0.0780435    0.13157    0.120458    0.027643    
0.0780427    0.13157    0.120457    0.0276431    0.0780427    0.13157    0.120457    0.0276431    
0.0780419    0.13157    0.120457    0.0276431    0.0780419    0.13157    0.120457    0.0276431    
0.0780411    0.131571    0.120457    0.0276431    0.0780411    0.131571    0.120457    0.0276431    
0.0780403    0.131571    0.120457    0.0276432    0.0780403    0.131571    0.120457    0.0276432    
0.0780395    0.131571    0.120457    0.0276432    0.0780395    0.131571    0.120457    0.0276432    
0.0780388    0.131572    0.120457    0.0276433    0.0780388    0.131572    0.120457    0.0276433    
0.078038    0.131572    0.120457    0.0276433    0.078038    0.131572    0.120457    0.0276433    
0.0780372    0.131572    0.120457    0.0276433    0.0780372    0.131572    0.120457    0.0276433    
0.0780364    0.131573    0.120456    0.0276434    0.0780364    0.131573    0.120456    0.0276434    
0.0780356    0.131573    0.120456    0.0276434    0.0780356    0.131573    0.120456    0.0276434    
