1.2    -1.11796    0.000202846    -0.629994    -2.6426    1.90026e-08    0.147495
1.20202    -1.11816    0.000771744    -0.629613    -2.64096    7.18821e-08    0.148879
1.20596    -1.11855    0.00163632    -0.628881    -2.63777    1.51379e-07    0.151453
1.2117    -1.1191    0.00271581    -0.627819    -2.63314    2.49075e-07    0.155129
1.2191    -1.11978    0.00392539    -0.626456    -2.6272    3.56302e-07    0.159745
1.22799    -1.12054    0.00518218    -0.624828    -2.6201    4.64848e-07    0.165119
1.2382    -1.12134    0.00641032    -0.622968    -2.61199    5.67539e-07    0.171065
1.24957    -1.12216    0.0075448    -0.620916    -2.60305    6.58615e-07    0.177403
1.26189    -1.12296    0.00853389    -0.618708    -2.59343    7.33908e-07    0.183965
1.275    -1.12371    0.00934012    -0.61638    -2.58329    7.90844e-07    0.190602
1.28871    -1.12439    0.00994018    -0.613968    -2.57279    8.28314e-07    0.197186
1.30286    -1.12499    0.0103238    -0.611503    -2.56205    8.46452e-07    0.203614
1.31728    -1.12549    0.0104922    -0.609015    -2.55123    8.46373e-07    0.209804
1.33181    -1.12589    0.0104559    -0.606533    -2.54042    8.29899e-07    0.215693
1.34632    -1.12619    0.0102325    -0.604079    -2.52975    7.99314e-07    0.221241
1.36068    -1.12639    0.00984503    -0.601676    -2.51929    7.57137e-07    0.226419
1.37476    -1.12651    0.00931946    -0.599342    -2.50914    7.05948e-07    0.231215
1.38846    -1.12654    0.00868351    -0.597093    -2.49935    6.48255e-07    0.235625
1.40168    -1.12651    0.00796508    -0.594942    -2.48999    5.86395e-07    0.239653
1.41435    -1.12641    0.00719118    -0.5929    -2.48111    5.22472e-07    0.24331
1.42638    -1.12627    0.00638718    -0.590976    -2.47274    4.58327e-07    0.246611
1.43772    -1.12609    0.00557619    -0.589177    -2.46492    3.95521e-07    0.249573
1.44832    -1.12588    0.00477867    -0.587509    -2.45766    3.35341e-07    0.252215
1.45813    -1.12566    0.00401229    -0.585975    -2.45099    2.78816e-07    0.254556
1.46711    -1.12543    0.00329178    -0.584579    -2.44492    2.26731e-07    0.256616
1.47525    -1.1252    0.00262903    -0.583322    -2.43945    1.79658e-07    0.258414
1.48253    -1.12497    0.00203316    -0.582204    -2.43458    1.3798e-07    0.259967
1.48893    -1.12477    0.00151069    -0.581226    -2.43033    1.01914e-07    0.261292
1.49444    -1.12458    0.00106573    -0.580386    -2.42667    7.15396e-08    0.262404
1.49908    -1.12441    0.000700203    -0.579683    -2.42361    4.68151e-08    0.263318
1.50283    -1.12427    0.000414095    -0.579114    -2.42114    2.76019e-08    0.264044
1.50572    -1.12416    0.000205657    -0.578678    -2.41924    1.36794e-08    0.264594
1.50775    -1.12409    7.16454e-05    -0.578372    -2.41791    4.75989e-09    0.264977
1.50896    -1.12404    7.54415e-06    -0.578191    -2.41712    5.01062e-10    0.265202
1.50935    -1.12403    7.77278e-06    -0.578132    -2.41686    5.16541e-10    0.265275
1.50895    -1.12404    6.58868e-05    -0.578192    -2.41712    4.38465e-09    0.265201
1.5078    -1.12409    0.000174766    -0.578365    -2.41788    1.16559e-08    0.264986
1.50592    -1.12416    0.000326789    -0.578648    -2.41911    2.18594e-08    0.264632
1.50336    -1.12425    0.000514004    -0.579035    -2.42079    3.45086e-08    0.264144
1.50014    -1.12437    0.000728278    -0.579522    -2.42291    4.91065e-08    0.263524
1.49631    -1.12451    0.000961449    -0.580102    -2.42544    6.51506e-08    0.262774
1.49191    -1.12466    0.00120546    -0.580771    -2.42835    8.21382e-08    0.261897
1.48698    -1.12483    0.0014525    -0.581523    -2.43162    9.95711e-08    0.260893
1.48158    -1.125    0.00169511    -0.58235    -2.43522    1.16962e-07    0.259766
1.47573    -1.12518    0.00192631    -0.583248    -2.43913    1.33839e-07    0.258517
1.46951    -1.12536    0.00213972    -0.584209    -2.44331    1.49755e-07    0.257151
1.46294    -1.12554    0.00232964    -0.585226    -2.44773    1.6429e-07    0.25567
1.45609    -1.12571    0.00249116    -0.586292    -2.45237    1.77065e-07    0.254079
1.44901    -1.12587    0.00262023    -0.5874    -2.45719    1.87741e-07    0.252383
1.44175    -1.12602    0.00271374    -0.588541    -2.46216    1.96036e-07    0.25059
1.43435    -1.12615    0.00276956    -0.589709    -2.46724    2.01726e-07    0.248708
1.42689    -1.12626    0.00278662    -0.590895    -2.47239    2.04652e-07    0.246746
1.41939    -1.12636    0.00276486    -0.59209    -2.47759    2.04731e-07    0.244715
1.41193    -1.12644    0.00270528    -0.593287    -2.4828    2.01955e-07    0.242628
1.40455    -1.12649    0.0026099    -0.594477    -2.48797    1.96396e-07    0.240499
1.3973    -1.12653    0.00248169    -0.595651    -2.49308    1.88207e-07    0.238343
1.39023    -1.12654    0.0023245    -0.596802    -2.49809    1.77617e-07    0.236178
1.38339    -1.12654    0.00214293    -0.597922    -2.50296    1.64931e-07    0.234022
1.37682    -1.12652    0.00194223    -0.599001    -2.50766    1.50514e-07    0.231895
1.37057    -1.12648    0.00172809    -0.600034    -2.51215    1.3479e-07    0.229816
1.36467    -1.12644    0.00150648    -0.601012    -2.5164    1.18218e-07    0.227806
1.35916    -1.12638    0.00128349    -0.601929    -2.52039    1.01282e-07    0.225886
1.35408    -1.12631    0.00106505    -0.602778    -2.52408    8.44716e-08    0.224075
1.34945    -1.12624    0.000856789    -0.603554    -2.52746    6.82636e-08    0.222393
1.3453    -1.12617    0.000663834    -0.604252    -2.5305    5.31017e-08    0.220857
1.34164    -1.1261    0.000490619    -0.604869    -2.53318    3.93804e-08    0.219484
1.3385    -1.12604    0.000340758    -0.6054    -2.53549    2.74293e-08    0.218287
1.33588    -1.12598    0.000216925    -0.605843    -2.53742    1.75008e-08    0.217278
1.33379    -1.12593    0.000120793    -0.606198    -2.53896    9.76135e-09    0.216466
1.33223    -1.1259    5.30008e-05    -0.606463    -2.54012    4.28765e-09    0.215855
1.33119    -1.12587    1.31785e-05    -0.606638    -2.54088    1.06664e-09    0.215448
1.33068    -1.12586    5.24869e-09    -0.606726    -2.54126    4.24801e-13    0.215245
1.33067    -1.12586    1.13111e-05    -0.606728    -2.54127    9.14899e-10    0.215241
1.33115    -1.12587    4.42083e-05    -0.606646    -2.54092    3.57181e-09    0.215429
1.33209    -1.12589    9.52477e-05    -0.606486    -2.54022    7.68322e-09    0.215801
1.33347    -1.12593    0.000160589    -0.606251    -2.53919    1.29274e-08    0.216344
1.33527    -1.12597    0.000236178    -0.605946    -2.53787    1.89652e-08    0.217044
1.33745    -1.12602    0.000317918    -0.605576    -2.53626    2.54558e-08    0.217887
1.33998    -1.12607    0.000401828    -0.605148    -2.5344    3.20715e-08    0.218855
1.34283    -1.12613    0.000484193    -0.604668    -2.53231    3.85098e-08    0.219933
1.34595    -1.12618    0.000561671    -0.604142    -2.53002    4.45038e-08    0.221101
1.34931    -1.12624    0.000631396    -0.603577    -2.52756    4.98292e-08    0.222343
1.35288    -1.12629    0.000691036    -0.602979    -2.52496    5.43091e-08    0.223642
1.35661    -1.12635    0.000738827    -0.602355    -2.52224    5.78158e-08    0.224981
1.36047    -1.12639    0.000773589    -0.601712    -2.51944    6.02708e-08    0.226344
1.36441    -1.12643    0.000794707    -0.601055    -2.51659    6.16414e-08    0.227718
1.36841    -1.12647    0.000802097    -0.600391    -2.5137    6.19379e-08    0.229087
1.37243    -1.1265    0.000796159    -0.599726    -2.51081    6.12073e-08    0.230441
1.37644    -1.12652    0.000777713    -0.599065    -2.50793    5.9528e-08    0.231768
1.38039    -1.12653    0.000747926    -0.598414    -2.5051    5.70032e-08    0.233058
1.38427    -1.12654    0.000708243    -0.597777    -2.50233    5.37544e-08    0.234304
1.38805    -1.12654    0.000660308    -0.597159    -2.49964    4.99154e-08    0.235497
1.3917    -1.12654    0.000605892    -0.596564    -2.49705    4.56263e-08    0.236632
1.39519    -1.12654    0.000546824    -0.595995    -2.49458    4.10284e-08    0.237703
1.39851    -1.12652    0.000484927    -0.595456    -2.49223    3.62598e-08    0.238706
1.40163    -1.12651    0.000421964    -0.594949    -2.49003    3.14514e-08    0.239638
1.40455    -1.12649    0.000359589    -0.594478    -2.48798    2.67235e-08    0.240497
1.40724    -1.12647    0.00029931    -0.594043    -2.48609    2.21843e-08    0.241281
1.40969    -1.12646    0.000242456    -0.593647    -2.48437    1.79273e-08    0.241989
1.4119    -1.12644    0.000190157    -0.593292    -2.48282    1.40304e-08    0.242619
1.41386    -1.12642    0.000143328    -0.592977    -2.48145    1.05559e-08    0.243173
1.41556    -1.1264    0.000102666    -0.592705    -2.48026    7.54945e-09    0.24365
1.417    -1.12639    6.86438e-05    -0.592474    -2.47926    5.04132e-09    0.244051
1.41817    -1.12637    4.15211e-05    -0.592286    -2.47844    3.04643e-09    0.244378
1.41909    -1.12636    2.13522e-05    -0.592139    -2.47781    1.56556e-09    0.24463
1.41974    -1.12636    8.00205e-06    -0.592034    -2.47735    5.86477e-10    0.244811
1.42014    -1.12635    1.16412e-06    -0.59197    -2.47707    8.53084e-11    0.244921
1.4203    -1.12635    3.81906e-07    -0.591946    -2.47696    2.79903e-11    0.244963
1.42021    -1.12635    5.07177e-06    -0.59196    -2.47703    3.7186e-10    0.244939
1.41989    -1.12635    1.45473e-05    -0.592011    -2.47725    1.06728e-09    0.244851
1.41935    -1.12636    2.80446e-05    -0.592097    -2.47762    2.05929e-09    0.244702
1.4186    -1.12637    4.47468e-05    -0.592218    -2.47815    3.28927e-09    0.244495
1.41765    -1.12638    6.38093e-05    -0.59237    -2.47881    4.69654e-09    0.244232
1.41651    -1.12639    8.43832e-05    -0.592551    -2.4796    6.21994e-09    0.243917
1.41521    -1.12641    0.000105638    -0.59276    -2.48051    7.79934e-09    0.243553
1.41375    -1.12642    0.00012678    -0.592995    -2.48153    9.37704e-09    0.243143
1.41215    -1.12643    0.000147075    -0.593251    -2.48264    1.0899e-08    0.242691
1.41043    -1.12645    0.00016586    -0.593528    -2.48385    1.23161e-08    0.242201
1.40861    -1.12646    0.000182559    -0.593823    -2.48513    1.35851e-08    0.241676
1.40669    -1.12648    0.000196694    -0.594132    -2.48647    1.46692e-08    0.241122
1.4047    -1.12649    0.000207888    -0.594453    -2.48787    1.55393e-08    0.240541
1.40265    -1.1265    0.000215877    -0.594784    -2.48931    1.61738e-08    0.23994
1.40057    -1.12651    0.000220504    -0.595122    -2.49078    1.6559e-08    0.239322
1.39846    -1.12652    0.000221725    -0.595463    -2.49227    1.66896e-08    0.238692
1.39635    -1.12653    0.000219596    -0.595807    -2.49376    1.65678e-08    0.238054
1.39424    -1.12654    0.000214273    -0.596149    -2.49525    1.62033e-08    0.237414
1.39217    -1.12654    0.000205999    -0.596487    -2.49672    1.56127e-08    0.236777
1.39013    -1.12654    0.000195096    -0.596819    -2.49816    1.48186e-08    0.236146
1.38815    -1.12654    0.000181945    -0.597143    -2.49957    1.38489e-08    0.235528
1.38624    -1.12654    0.000166978    -0.597456    -2.50093    1.27353e-08    0.234925
1.3844    -1.12654    0.000150661    -0.597756    -2.50224    1.15128e-08    0.234344
1.38266    -1.12654    0.000133475    -0.598042    -2.50348    1.02179e-08    0.233788
1.38102    -1.12653    0.000115906    -0.598311    -2.50465    8.88778e-09    0.233261
1.37949    -1.12653    9.84219e-05    -0.598562    -2.50574    7.55875e-09    0.232766
1.37808    -1.12653    8.14683e-05    -0.598794    -2.50675    6.26548e-09    0.232308
1.3768    -1.12652    6.54487e-05    -0.599005    -2.50767    5.03976e-09    0.231889
1.37566    -1.12651    5.0717e-05    -0.599194    -2.50849    3.90967e-09    0.231511
1.37465    -1.12651    3.75684e-05    -0.599361    -2.50922    2.8988e-09    0.231177
1.37378    -1.1265    2.62333e-05    -0.599504    -2.50984    2.02577e-09    0.230888
1.37305    -1.1265    1.68735e-05    -0.599624    -2.51036    1.30381e-09    0.230647
1.37247    -1.1265    9.58119e-06    -0.599721    -2.51078    7.40677e-10    0.230452
1.37203    -1.12649    4.37972e-06    -0.599793    -2.5111    3.3868e-10    0.230305
1.37173    -1.12649    1.22723e-06    -0.599842    -2.51131    9.49149e-11    0.230206
1.37157    -1.12649    2.18491e-08    -0.599868    -2.51143    1.68984e-12    0.230153
1.37155    -1.12649    6.08776e-07    -0.599872    -2.51144    4.70768e-11    0.230146
1.37166    -1.12649    2.78862e-06    -0.599853    -2.51136    2.15584e-10    0.230183
1.3719    -1.12649    6.32677e-06    -0.599814    -2.51119    4.88912e-10    0.230263
1.37226    -1.1265    1.09633e-05    -0.599755    -2.51093    8.46753e-10    0.230382
1.37273    -1.1265    1.64231e-05    -0.599678    -2.5106    1.26762e-09    0.230539
1.3733    -1.1265    2.24259e-05    -0.599583    -2.51018    1.72963e-09    0.230731
1.37397    -1.12651    2.86954e-05    -0.599472    -2.5097    2.21128e-09    0.230954
1.37473    -1.12651    3.49683e-05    -0.599346    -2.50915    2.69214e-09    0.231206
1.37557    -1.12651    4.10014e-05    -0.599208    -2.50855    3.1534e-09    0.231483
1.37648    -1.12652    4.65782e-05    -0.599058    -2.5079    3.57844e-09    0.231783
1.37745    -1.12652    5.15139e-05    -0.598899    -2.50721    3.95314e-09    0.2321
1.37847    -1.12653    5.56587e-05    -0.598731    -2.50648    4.26618e-09    0.232433
1.37953    -1.12653    5.88999e-05    -0.598557    -2.50572    4.50916e-09    0.232777
1.38062    -1.12653    6.11629e-05    -0.598378    -2.50494    4.67664e-09    0.23313
1.38173    -1.12654    6.24105e-05    -0.598195    -2.50415    4.76611e-09    0.233488
1.38285    -1.12654    6.26411e-05    -0.598011    -2.50335    4.77778e-09    0.233848
1.38397    -1.12654    6.1886e-05    -0.597827    -2.50255    4.71436e-09    0.234207
1.38509    -1.12654    6.02058e-05    -0.597644    -2.50175    4.58079e-09    0.234562
1.38619    -1.12654    5.76863e-05    -0.597464    -2.50097    4.38388e-09    0.23491
1.38726    -1.12654    5.44341e-05    -0.597288    -2.5002    4.13196e-09    0.23525
1.38831    -1.12654    5.05711e-05    -0.597117    -2.49946    3.83447e-09    0.235579
1.38932    -1.12654    4.623e-05    -0.596952    -2.49874    3.50159e-09    0.235894
1.39029    -1.12654    4.15492e-05    -0.596794    -2.49805    3.1439e-09    0.236194
1.3912    -1.12654    3.66683e-05    -0.596645    -2.4974    2.77196e-09    0.236478
1.39206    -1.12654    3.17235e-05    -0.596505    -2.49679    2.39606e-09    0.236743
1.39286    -1.12654    2.68439e-05    -0.596375    -2.49623    2.02588e-09    0.236989
1.39359    -1.12654    2.21481e-05    -0.596255    -2.49571    1.67027e-09    0.237215
1.39426    -1.12654    1.77415e-05    -0.596146    -2.49523    1.33709e-09    0.237419
1.39486    -1.12654    1.3714e-05    -0.596049    -2.49481    1.03296e-09    0.237602
1.39538    -1.12653    1.01384e-05    -0.595963    -2.49444    7.63271e-10    0.237762
1.39584    -1.12653    7.06985e-06    -0.59589    -2.49412    5.32039e-10    0.237899
1.39621    -1.12653    4.54508e-06    -0.595828    -2.49385    3.41927e-10    0.238014
1.39652    -1.12653    2.58284e-06    -0.595779    -2.49364    1.94261e-10    0.238105
1.39674    -1.12653    1.18461e-06    -0.595742    -2.49348    8.90827e-11    0.238174
1.3969    -1.12653    3.35737e-07    -0.595717    -2.49337    2.52454e-11    0.238221
1.39698    -1.12653    7.00392e-09    -0.595704    -2.49331    5.26653e-13    0.238246
1.39699    -1.12653    1.56471e-07    -0.595702    -2.4933    1.17665e-11    0.238249
1.39694    -1.12653    7.31564e-07    -0.595711    -2.49334    5.50211e-11    0.238232
1.39682    -1.12653    1.67132e-06    -0.595731    -2.49343    1.25727e-10    0.238196
1.39663    -1.12653    2.9087e-06    -0.59576    -2.49356    2.18871e-10    0.23814
1.39639    -1.12653    4.37294e-06    -0.5958    -2.49373    3.29162e-10    0.238067
1.39609    -1.12653    5.99186e-06    -0.595848    -2.49394    4.51198e-10    0.237977
1.39575    -1.12653    7.69398e-06    -0.595905    -2.49418    5.79627e-10    0.237872
1.39535    -1.12653    9.4106e-06    -0.595969    -2.49446    7.09294e-10    0.237752
1.39492    -1.12654    1.10776e-05    -0.596039    -2.49477    8.35378e-10    0.237619
1.39444    -1.12654    1.26368e-05    -0.596116    -2.4951    9.53501e-10    0.237475
1.39394    -1.12654    1.40378e-05    -0.596198    -2.49546    1.05984e-09    0.237321
1.39341    -1.12654    1.52381e-05    -0.596285    -2.49584    1.15117e-09    0.237158
1.39285    -1.12654    1.62047e-05    -0.596375    -2.49623    1.22497e-09    0.236988
1.39228    -1.12654    1.69138e-05    -0.596468    -2.49664    1.27939e-09    0.236812
1.3917    -1.12654    1.73512e-05    -0.596563    -2.49705    1.31334e-09    0.236632
1.39111    -1.12654    1.75121e-05    -0.59666    -2.49747    1.32639e-09    0.23645
1.39052    -1.12654    1.74005e-05    -0.596757    -2.49789    1.3188e-09    0.236265
1.38992    -1.12654    1.70286e-05    -0.596853    -2.49831    1.29145e-09    0.236082
1.38934    -1.12654    1.64161e-05    -0.596949    -2.49873    1.24578e-09    0.235899
1.38876    -1.12654    1.55886e-05    -0.597043    -2.49913    1.18372e-09    0.23572
1.3882    -1.12654    1.4577e-05    -0.597134    -2.49953    1.10757e-09    0.235544
1.38766    -1.12654    1.34161e-05    -0.597223    -2.49992    1.01994e-09    0.235374
1.38714    -1.12654    1.21431e-05    -0.597308    -2.50029    9.23662e-10    0.235211
1.38665    -1.12654    1.07963e-05    -0.597389    -2.50064    8.21639e-10    0.235055
1.38618    -1.12654    9.41418e-06    -0.597465    -2.50097    7.16798e-10    0.234908
1.38574    -1.12654    8.03406e-06    -0.597536    -2.50128    6.11985e-10    0.23477
1.38534    -1.12654    6.6909e-06    -0.597602    -2.50157    5.09875e-10    0.234643
1.38498    -1.12654    5.41651e-06    -0.597662    -2.50183    4.1291e-10    0.234527
1.38465    -1.12654    4.23878e-06    -0.597717    -2.50207    3.23232e-10    0.234422
1.38435    -1.12654    3.18099e-06    -0.597764    -2.50227    2.42636e-10    0.234329
1.3841    -1.12654    2.26148e-06    -0.597806    -2.50245    1.72539e-10    0.234248
1.38389    -1.12654    1.49334e-06    -0.597841    -2.50261    1.13955e-10    0.23418
1.38371    -1.12654    8.84352e-07    -0.597869    -2.50273    6.74932e-11    0.234125
1.38358    -1.12654    4.37113e-07    -0.597891    -2.50282    3.33635e-11    0.234082
1.38349    -1.12654    1.49273e-07    -0.597907    -2.50289    1.13941e-11    0.234052
1.38343    -1.12654    1.39318e-08    -0.597916    -2.50293    1.06345e-12    0.234035
1.38341    -1.12654    2.01508e-08    -0.597918    -2.50294    1.53811e-12    0.234029
1.38343    -1.12654    1.53551e-07    -0.597915    -2.50293    1.17198e-11    0.234036
1.38349    -1.12654    3.96984e-07    -0.597906    -2.50289    3.02966e-11    0.234054
1.38358    -1.12654    7.31244e-07    -0.597891    -2.50283    5.57985e-11    0.234082
1.3837    -1.12654    1.13579e-06    -0.597871    -2.50274    8.66531e-11    0.234121
1.38385    -1.12654    1.58947e-06    -0.597847    -2.50263    1.21242e-10    0.234169
1.38403    -1.12654    2.07122e-06    -0.597817    -2.5025    1.57952e-10    0.234226
1.38424    -1.12654    2.56068e-06    -0.597784    -2.50236    1.95228e-10    0.234291
1.38446    -1.12654    3.03878e-06    -0.597747    -2.5022    2.31615e-10    0.234364
1.38471    -1.12654    3.48824e-06    -0.597706    -2.50202    2.65794e-10    0.234442
1.38497    -1.12654    3.89397e-06    -0.597663    -2.50183    2.96617e-10    0.234526
1.38525    -1.12654    4.24339e-06    -0.597617    -2.50163    3.23128e-10    0.234615
1.38555    -1.12654    4.52659e-06    -0.597569    -2.50142    3.44578e-10    0.234708
1.38585    -1.12654    4.73651e-06    -0.597519    -2.50121    3.60434e-10    0.234803
1.38616    -1.12654    4.86889e-06    -0.597469    -2.50099    3.7038e-10    0.234901
1.38647    -1.12654    4.92227e-06    -0.597418    -2.50076    3.74309e-10    0.235
1.38679    -1.12654    4.89775e-06    -0.597366    -2.50054    3.72316e-10    0.235099
1.3871    -1.12654    4.79886e-06    -0.597315    -2.50032    3.64673e-10    0.235198
1.38741    -1.12654    4.6312e-06    -0.597264    -2.5001    3.51814e-10    0.235296
1.38772    -1.12654    4.40218e-06    -0.597214    -2.49988    3.34307e-10    0.235392
1.38801    -1.12654    4.12064e-06    -0.597165    -2.49967    3.12826e-10    0.235485
1.3883    -1.12654    3.79645e-06    -0.597118    -2.49946    2.88128e-10    0.235575
1.38858    -1.12654    3.44021e-06    -0.597073    -2.49927    2.61015e-10    0.235662
1.38884    -1.12654    3.06278e-06    -0.59703    -2.49908    2.32316e-10    0.235744
1.38909    -1.12654    2.67503e-06    -0.596989    -2.4989    2.02853e-10    0.235822
1.38932    -1.12654    2.28741e-06    -0.596951    -2.49874    1.73418e-10    0.235894
1.38954    -1.12654    1.90974e-06    -0.596916    -2.49858    1.44754e-10    0.235961
1.38973    -1.12654    1.55091e-06    -0.596884    -2.49845    1.17534e-10    0.236022
1.38991    -1.12654    1.21872e-06    -0.596856    -2.49832    9.23427e-11    0.236077
1.39007    -1.12654    9.19641e-07    -0.59683    -2.49821    6.96714e-11    0.236126
1.3902    -1.12654    6.58806e-07    -0.596808    -2.49811    4.99045e-11    0.236168
1.39032    -1.12654    4.39878e-07    -0.596789    -2.49803    3.33173e-11    0.236204
1.39041    -1.12654    2.65069e-07    -0.596774    -2.49796    2.00754e-11    0.236233
1.39048    -1.12654    1.35166e-07    -0.596762    -2.49791    1.02364e-11    0.236256
1.39054    -1.12654    4.96044e-08    -0.596753    -2.49787    3.75654e-12    0.236272
1.39057    -1.12654    6.5759e-09    -0.596748    -2.49785    4.97987e-13    0.236282
1.39058    -1.12654    3.16608e-09    -0.596746    -2.49784    2.39767e-13    0.236286
1.39057    -1.12654    3.55159e-08    -0.596747    -2.49785    2.68971e-12    0.236283
1.39054    -1.12654    9.89998e-08    -0.596752    -2.49787    7.49788e-12    0.236275
1.3905    -1.12654    1.88415e-07    -0.596759    -2.4979    1.42708e-11    0.236261
1.39044    -1.12654    2.98173e-07    -0.596769    -2.49794    2.25861e-11    0.236242
1.39036    -1.12654    4.22494e-07    -0.596782    -2.498    3.20066e-11    0.236218
1.39027    -1.12654    5.55591e-07    -0.596797    -2.49806    4.20945e-11    0.236189
1.39016    -1.12654    6.91838e-07    -0.596814    -2.49814    5.24243e-11    0.236156
1.39005    -1.12654    8.25932e-07    -0.596833    -2.49822    6.25943e-11    0.23612
1.38992    -1.12654    9.53025e-07    -0.596854    -2.49832    7.22374e-11    0.236079
1.38978    -1.12654    1.06884e-06    -0.596877    -2.49841    8.1029e-11    0.236036
1.38963    -1.12654    1.16975e-06    -0.596901    -2.49852    8.86943e-11    0.235991
1.38948    -1.12654    1.25286e-06    -0.596926    -2.49863    9.50129e-11    0.235943
1.38932    -1.12654    1.31603e-06    -0.596952    -2.49874    9.98218e-11    0.235893
1.38916    -1.12654    1.3579e-06    -0.596979    -2.49886    1.03016e-10    0.235842
1.38899    -1.12654    1.37785e-06    -0.597006    -2.49897    1.04549e-10    0.235791
1.38882    -1.12654    1.37601e-06    -0.597033    -2.49909    1.04429e-10    0.235739
1.38866    -1.12654    1.35317e-06    -0.59706    -2.49921    1.02714e-10    0.235687
1.38849    -1.12654    1.31073e-06    -0.597087    -2.49933    9.95103e-11    0.235635
1.38833    -1.12654    1.25061e-06    -0.597114    -2.49944    9.49625e-11    0.235584
1.38817    -1.12654    1.17516e-06    -0.597139    -2.49956    8.92482e-11    0.235535
1.38802    -1.12654    1.08705e-06    -0.597165    -2.49966    8.25702e-11    0.235486
1.38787    -1.12654    9.89185e-07    -0.597189    -2.49977    7.51484e-11    0.23544
1.38773    -1.12654    8.84593e-07    -0.597212    -2.49987    6.72124e-11    0.235396
1.38759    -1.12654    7.76313e-07    -0.597234    -2.49996    5.89933e-11    0.235354
1.38747    -1.12654    6.67318e-07    -0.597254    -2.50005    5.0717e-11    0.235314
1.38735    -1.12654    5.60419e-07    -0.597273    -2.50014    4.25975e-11    0.235278
1.38725    -1.12654    4.58196e-07    -0.59729    -2.50021    3.48311e-11    0.235245
1.38715    -1.12654    3.62929e-07    -0.597306    -2.50028    2.75917e-11    0.235214
1.38707    -1.12654    2.76554e-07    -0.59732    -2.50034    2.10267e-11    0.235188
1.38699    -1.12654    2.00622e-07    -0.597332    -2.50039    1.52545e-11    0.235164
1.38693    -1.12654    1.36279e-07    -0.597343    -2.50044    1.03627e-11    0.235144
1.38688    -1.12654    8.42588e-08    -0.597351    -2.50048    6.40738e-12    0.235128
1.38683    -1.12654    4.48867e-08    -0.597358    -2.50051    3.41348e-12    0.235115
1.3868    -1.12654    1.80965e-08    -0.597363    -2.50053    1.3762e-12    0.235105
1.38679    -1.12654    3.45866e-09    -0.597366    -2.50054    2.63026e-13    0.235099
1.38678    -1.12654    2.17397e-10    -0.597368    -2.50055    1.65327e-14    0.235096
1.38678    -1.12654    7.33527e-09    -0.597367    -2.50055    5.57826e-13    0.235097
1.38679    -1.12654    2.35432e-08    -0.597365    -2.50054    1.79035e-12    0.235101
1.38681    -1.12654    4.73944e-08    -0.597362    -2.50052    3.60399e-12    0.235108
1.38684    -1.12654    7.73199e-08    -0.597357    -2.5005    5.87933e-12    0.235118
1.38688    -1.12654    1.11684e-07    -0.59735    -2.50047    8.49191e-12    0.23513
1.38693    -1.12654    1.48839e-07    -0.597342    -2.50044    1.13163e-11    0.235145
1.38699    -1.12654    1.87175e-07    -0.597333    -2.5004    1.423e-11    0.235162
1.38705    -1.12654    2.25165e-07    -0.597323    -2.50035    1.71169e-11    0.235181
1.38711    -1.12654    2.61407e-07    -0.597312    -2.50031    1.98704e-11    0.235203
1.38719    -1.12654    2.94658e-07    -0.5973    -2.50026    2.23959e-11    0.235225
1.38726    -1.12654    3.23857e-07    -0.597288    -2.5002    2.46131e-11    0.23525
1.38734    -1.12654    3.4815e-07    -0.597275    -2.50014    2.64569e-11    0.235275
1.38743    -1.12654    3.66897e-07    -0.597261    -2.50008    2.78788e-11    0.235301
1.38751    -1.12654    3.79678e-07    -0.597247    -2.50002    2.88472e-11    0.235328
1.3876    -1.12654    3.86291e-07    -0.597233    -2.49996    2.93468e-11    0.235356
1.38769    -1.12654    3.86742e-07    -0.597218    -2.4999    2.93782e-11    0.235384
1.38778    -1.12654    3.81231e-07    -0.597204    -2.49983    2.89567e-11    0.235411
1.38787    -1.12654    3.70131e-07    -0.597189    -2.49977    2.81109e-11    0.235439
1.38795    -1.12654    3.53966e-07    -0.597175    -2.49971    2.68808e-11    0.235466
1.38804    -1.12654    3.33386e-07    -0.597162    -2.49965    2.53156e-11    0.235492
1.38812    -1.12654    3.09133e-07    -0.597148    -2.49959    2.34719e-11    0.235518
1.3882    -1.12654    2.8202e-07    -0.597135    -2.49954    2.14114e-11    0.235543
1.38827    -1.12654    2.52892e-07    -0.597123    -2.49948    1.91985e-11    0.235566
1.38834    -1.12654    2.22607e-07    -0.597111    -2.49943    1.68982e-11    0.235589
1.38841    -1.12654    1.92003e-07    -0.5971    -2.49938    1.4574e-11    0.23561
1.38847    -1.12654    1.61877e-07    -0.59709    -2.49934    1.22866e-11    0.235629
1.38853    -1.12654    1.32962e-07    -0.597081    -2.4993    1.00913e-11    0.235647
1.38858    -1.12654    1.05907e-07    -0.597072    -2.49926    8.03756e-12    0.235663
1.38863    -1.12654    8.12702e-08    -0.597065    -2.49923    6.16751e-12    0.235678
1.38867    -1.12654    5.94993e-08    -0.597058    -2.4992    4.51517e-12    0.23569
1.3887    -1.12654    4.09314e-08    -0.597053    -2.49918    3.10603e-12    0.235701
1.38873    -1.12654    2.57878e-08    -0.597048    -2.49916    1.95683e-12    0.23571
1.38875    -1.12654    1.41758e-08    -0.597044    -2.49914    1.07567e-12    0.235717
1.38877    -1.12654    6.09283e-09    -0.597041    -2.49913    4.62322e-13    0.235722
1.38878    -1.12654    1.43385e-09    -0.59704    -2.49912    1.088e-13    0.235726
1.38879    -1.12654    1.50813e-12    -0.597039    -2.49912    1.14437e-16    0.235728
1.38879    -1.12654    1.51815e-09    -0.597039    -2.49912    1.15197e-13    0.235728
1.38878    -1.12654    5.63954e-09    -0.59704    -2.49912    4.27934e-13    0.235726
1.38877    -1.12654    1.19696e-08    -0.597041    -2.49913    9.08282e-13    0.235722
1.38876    -1.12654    2.00759e-08    -0.597044    -2.49914    1.52344e-12    0.235718
1.38874    -1.12654    2.95047e-08    -0.597047    -2.49915    2.23899e-12    0.235711
1.38871    -1.12654    3.97963e-08    -0.597051    -2.49917    3.02008e-12    0.235704
1.38868    -1.12654    5.04991e-08    -0.597056    -2.49919    3.83244e-12    0.235695
1.38865    -1.12654    6.11826e-08    -0.597061    -2.49921    4.6434e-12    0.235685
1.38862    -1.12654    7.14485e-08    -0.597067    -2.49924    5.42276e-12    0.235674
1.38858    -1.12654    8.09409e-08    -0.597073    -2.49927    6.14349e-12    0.235662
1.38854    -1.12654    8.9354e-08    -0.59708    -2.49929    6.78237e-12    0.235649
1.3885    -1.12654    9.64375e-08    -0.597086    -2.49932    7.3204e-12    0.235636
1.38845    -1.12654    1.02001e-07    -0.597094    -2.49936    7.74308e-12    0.235622
1.38841    -1.12654    1.05914e-07    -0.597101    -2.49939    8.04055e-12    0.235608
1.38836    -1.12654    1.08108e-07    -0.597109    -2.49942    8.20756e-12    0.235594
1.38831    -1.12654    1.08574e-07    -0.597116    -2.49945    8.24332e-12    0.235579
1.38827    -1.12654    1.07355e-07    -0.597124    -2.49949    8.1512e-12    0.235564
1.38822    -1.12654    1.04547e-07    -0.597131    -2.49952    7.93837e-12    0.23555
1.38817    -1.12654    1.00287e-07    -0.597139    -2.49955    7.61531e-12    0.235536
1.38813    -1.12654    9.47505e-08    -0.597146    -2.49958    7.19525e-12    0.235521
1.38809    -1.12654    8.81406e-08    -0.597153    -2.49962    6.69361e-12    0.235508
1.38804    -1.12654    8.06807e-08    -0.59716    -2.49965    6.12736e-12    0.235495
1.388    -1.12654    7.26067e-08    -0.597167    -2.49967    5.5144e-12    0.235482
1.38797    -1.12654    6.41587e-08    -0.597173    -2.4997    4.87298e-12    0.23547
1.38793    -1.12654    5.55735e-08    -0.597179    -2.49973    4.22107e-12    0.235459
1.3879    -1.12654    4.70775e-08    -0.597185    -2.49975    3.57588e-12    0.235448
1.38786    -1.12654    3.88805e-08    -0.59719    -2.49977    2.95335e-12    0.235439
1.38784    -1.12654    3.11706e-08    -0.597194    -2.49979    2.36777e-12    0.23543
1.38781    -1.12654    2.41097e-08    -0.597198    -2.49981    1.83146e-12    0.235422
1.38779    -1.12654    1.78306e-08    -0.597202    -2.49983    1.3545e-12    0.235415
1.38777    -1.12654    1.24344e-08    -0.597205    -2.49984    9.44599e-13    0.235409
1.38775    -1.12654    7.99029e-09    -0.597208    -2.49985    6.07001e-13    0.235404
1.38774    -1.12654    4.53481e-09    -0.59721    -2.49986    3.44501e-13    0.2354
1.38773    -1.12654    2.07345e-09    -0.597211    -2.49987    1.57517e-13    0.235397
1.38773    -1.12654    5.8229e-10    -0.597212    -2.49987    4.4236e-14    0.235395
1.38772    -1.12654    1.0751e-11    -0.597213    -2.49987    8.16745e-16    0.235394
1.38772    -1.12654    2.84884e-10    -0.597213    -2.49987    2.16423e-14    0.235394
1.38772    -1.12654    1.31116e-09    -0.597212    -2.49987    9.96064e-14    0.235395
1.38773    -1.12654    2.98059e-09    -0.597212    -2.49987    2.26428e-13    0.235396
1.38774    -1.12654    5.17304e-09    -0.59721    -2.49986    3.92979e-13    0.235399
1.38775    -1.12654    7.76161e-09    -0.597209    -2.49986    5.89616e-13    0.235402
1.38776    -1.12654    1.06169e-08    -0.597207    -2.49985    8.06505e-13    0.235406
1.38778    -1.12654    1.3611e-08    -0.597204    -2.49984    1.03393e-12    0.23541
1.38779    -1.12654    1.66214e-08    -0.597202    -2.49983    1.26258e-12    0.235416
1.38781    -1.12654    1.9534e-08    -0.597199    -2.49981    1.4838e-12    0.235421
1.38783    -1.12654    2.22464e-08    -0.597195    -2.4998    1.68979e-12    0.235427
1.38785    -1.12654    2.46699e-08    -0.597192    -2.49978    1.87382e-12    0.235434
1.38787    -1.12654    2.6731e-08    -0.597188    -2.49977    2.03033e-12    0.235441
1.3879    -1.12654    2.83732e-08    -0.597184    -2.49975    2.155e-12    0.235448
1.38792    -1.12654    2.95569e-08    -0.597181    -2.49973    2.24485e-12    0.235456
1.38794    -1.12654    3.02599e-08    -0.597177    -2.49972    2.29817e-12    0.235464
1.38797    -1.12654    3.04764e-08    -0.597172    -2.4997    2.31456e-12    0.235471
1.38799    -1.12654    3.02166e-08    -0.597168    -2.49968    2.29476e-12    0.235479
1.38802    -1.12654    2.95048e-08    -0.597164    -2.49966    2.24065e-12    0.235487
1.38804    -1.12654    2.83779e-08    -0.59716    -2.49965    2.15501e-12    0.235494
1.38807    -1.12654    2.68833e-08    -0.597157    -2.49963    2.04146e-12    0.235502
1.38809    -1.12654    2.50769e-08    -0.597153    -2.49961    1.90424e-12    0.235509
1.38811    -1.12654    2.30208e-08    -0.597149    -2.4996    1.74806e-12    0.235516
1.38813    -1.12654    2.07806e-08    -0.597146    -2.49958    1.57792e-12    0.235523
1.38815    -1.12654    1.84239e-08    -0.597142    -2.49957    1.39894e-12    0.235529
1.38817    -1.12654    1.60173e-08    -0.597139    -2.49955    1.21618e-12    0.235535
1.38819    -1.12654    1.3625e-08    -0.597136    -2.49954    1.03452e-12    0.235541
1.38821    -1.12654    1.13067e-08    -0.597133    -2.49953    8.58482e-13    0.235546
1.38822    -1.12654    9.11641e-09    -0.597131    -2.49952    6.92168e-13    0.235551
1.38824    -1.12654    7.10075e-09    -0.597129    -2.49951    5.39121e-13    0.235555
1.38825    -1.12654    5.2984e-09    -0.597127    -2.4995    4.02274e-13    0.235559
1.38826    -1.12654    3.7393e-09    -0.597125    -2.49949    2.83899e-13    0.235562
1.38827    -1.12654    2.44435e-09    -0.597124    -2.49949    1.85581e-13    0.235565
1.38828    -1.12654    1.4254e-09    -0.597123    -2.49948    1.08219e-13    0.235567
1.38828    -1.12654    6.85451e-10    -0.597122    -2.49948    5.20406e-14    0.235569
1.38828    -1.12654    2.19208e-10    -0.597121    -2.49947    1.66426e-14    0.23557
1.38829    -1.12654    1.37556e-11    -0.597121    -2.49947    1.04435e-15    0.235571
1.38829    -1.12654    4.94701e-11    -0.597121    -2.49947    3.75585e-15    0.235571
1.38829    -1.12654    3.01054e-10    -0.597121    -2.49947    2.28566e-14    0.23557
1.38828    -1.12654    7.38676e-10    -0.597121    -2.49948    5.60819e-14    0.23557
1.38828    -1.12654    1.32917e-09    -0.597122    -2.49948    1.00914e-13    0.235569
1.38827    -1.12654    2.03725e-09    -0.597123    -2.49948    1.54675e-13    0.235567
1.38827    -1.12654    2.82673e-09    -0.597124    -2.49949    2.14616e-13    0.235565
1.38826    -1.12654    3.66164e-09    -0.597125    -2.49949    2.78008e-13    0.235563
1.38825    -1.12654    4.5073e-09    -0.597126    -2.4995    3.42218e-13    0.23556
1.38824    -1.12654    5.33128e-09    -0.597128    -2.4995    4.04784e-13    0.235557
1.38823    -1.12654    6.10424e-09    -0.59713    -2.49951    4.63478e-13    0.235554
1.38822    -1.12654    6.80054e-09    -0.597131    -2.49952    5.16353e-13    0.23555
1.38821    -1.12654    7.39882e-09    -0.597133    -2.49953    5.61786e-13    0.235546
1.3882    -1.12654    7.88229e-09    -0.597135    -2.49954    5.98504e-13    0.235543
1.38818    -1.12654    8.23898e-09    -0.597137    -2.49955    6.25597e-13    0.235539
1.38817    -1.12654    8.46173e-09    -0.597139    -2.49955    6.42519e-13    0.235535
1.38816    -1.12654    8.54807e-09    -0.597142    -2.49956    6.49085e-13    0.235531
1.38815    -1.12654    8.50002e-09    -0.597144    -2.49957    6.45446e-13    0.235526
1.38813    -1.12654    8.32365e-09    -0.597146    -2.49958    6.32062e-13    0.235522
1.38812    -1.12654    8.02867e-09    -0.597148    -2.49959    6.09671e-13    0.235518
1.38811    -1.12654    7.62785e-09    -0.59715    -2.4996    5.79242e-13    0.235514
1.38809    -1.12654    7.13646e-09    -0.597152    -2.49961    5.41935e-13    0.23551
1.38808    -1.12654    6.5716e-09    -0.597154    -2.49962    4.99046e-13    0.235507
1.38807    -1.12654    5.95156e-09    -0.597156    -2.49963    4.51966e-13    0.235503
1.38806    -1.12654    5.2952e-09    -0.597158    -2.49963    4.02126e-13    0.2355
1.38805    -1.12654    4.62131e-09    -0.597159    -2.49964    3.50954e-13    0.235496
1.38804    -1.12654    3.94808e-09    -0.597161    -2.49965    2.9983e-13    0.235493
1.38803    -1.12654    3.29255e-09    -0.597162    -2.49965    2.50048e-13    0.235491
1.38802    -1.12654    2.67017e-09    -0.597164    -2.49966    2.02784e-13    0.235488
1.38802    -1.12654    2.09446e-09    -0.597165    -2.49967    1.59064e-13    0.235486
1.38801    -1.12654    1.57674e-09    -0.597166    -2.49967    1.19746e-13    0.235484
1.388    -1.12654    1.12588e-09    -0.597167    -2.49967    8.55059e-14    0.235482
1.388    -1.12654    7.48235e-10    -0.597168    -2.49968    5.68255e-14    0.23548
1.38799    -1.12654    4.4761e-10    -0.597168    -2.49968    3.39944e-14    0.235479
1.38799    -1.12654    2.25317e-10    -0.597169    -2.49968    1.7112e-14    0.235478
1.38799    -1.12654    8.02951e-11    -0.597169    -2.49968    6.09814e-15    0.235478
1.38799    -1.12654    9.30679e-12    -0.597169    -2.49969    7.06819e-16    0.235477
1.38799    -1.12654    7.17633e-12    -0.597169    -2.49969    5.45018e-16    0.235477
1.38799    -1.12654    6.70765e-11    -0.597169    -2.49969    5.09423e-15    0.235477
1.38799    -1.12654    1.80844e-10    -0.597169    -2.49968    1.37345e-14    0.235478
1.38799    -1.12654    3.39315e-10    -0.597169    -2.49968    2.57697e-14    0.235478
1.38799    -1.12654    5.32667e-10    -0.597168    -2.49968    4.04538e-14    0.235479
1.388    -1.12654    7.50757e-10    -0.597168    -2.49968    5.70166e-14    0.23548
1.388    -1.12654    9.83449e-10    -0.597167    -2.49968    7.46882e-14    0.235481
1.38801    -1.12654    1.22092e-09    -0.597167    -2.49967    9.27224e-14    0.235483
1.38801    -1.12654    1.45393e-09    -0.597166    -2.49967    1.10417e-13    0.235484
1.38802    -1.12654    1.67406e-09    -0.597165    -2.49967    1.27134e-13    0.235486
1.38802    -1.12654    1.8739e-09    -0.597164    -2.49966    1.4231e-13    0.235488
1.38803    -1.12654    2.04724e-09    -0.597163    -2.49966    1.55473e-13    0.23549
1.38803    -1.12654    2.18911e-09    -0.597162    -2.49965    1.66246e-13    0.235492
1.38804    -1.12654    2.29592e-09    -0.597161    -2.49965    1.74356e-13    0.235494
1.38805    -1.12654    2.3654e-09    -0.59716    -2.49964    1.79631e-13    0.235496
1.38805    -1.12654    2.39662e-09    -0.597159    -2.49964    1.82001e-13    0.235498
1.38806    -1.12654    2.38994e-09    -0.597157    -2.49963    1.81492e-13    0.2355
1.38807    -1.12654    2.34686e-09    -0.597156    -2.49963    1.78218e-13    0.235502
1.38808    -1.12654    2.26992e-09    -0.597155    -2.49962    1.72375e-13    0.235505
1.38808    -1.12654    2.16258e-09    -0.597154    -2.49962    1.64222e-13    0.235507
1.38809    -1.12654    2.029e-09    -0.597153    -2.49961    1.54077e-13    0.235509
1.3881    -1.12654    1.8739e-09    -0.597152    -2.49961    1.42299e-13    0.235511
1.3881    -1.12654    1.70238e-09    -0.597151    -2.4996    1.29273e-13    0.235513
1.38811    -1.12654    1.51969e-09    -0.59715    -2.4996    1.154e-13    0.235514
1.38811    -1.12654    1.33115e-09    -0.597149    -2.4996    1.01081e-13    0.235516
1.38812    -1.12654    1.14187e-09    -0.597148    -2.49959    8.67085e-14    0.235518
1.38812    -1.12654    9.56726e-10    -0.597147    -2.49959    7.26489e-14    0.235519
1.38813    -1.12654    7.8013e-10    -0.597147    -2.49959    5.92388e-14    0.235521
1.38813    -1.12654    6.15982e-10    -0.597146    -2.49958    4.67742e-14    0.235522
1.38813    -1.12654    4.67571e-10    -0.597146    -2.49958    3.55045e-14    0.235523
1.38814    -1.12654    3.37512e-10    -0.597145    -2.49958    2.56285e-14    0.235524
1.38814    -1.12654    2.27717e-10    -0.597145    -2.49958    1.72914e-14    0.235525
1.38814    -1.12654    1.39385e-10    -0.597144    -2.49958    1.0584e-14    0.235525
1.38814    -1.12654    7.30061e-11    -0.597144    -2.49957    5.5436e-15    0.235526
1.38815    -1.12654    2.84019e-11    -0.597144    -2.49957    2.15665e-15    0.235526
1.38815    -1.12654    4.77095e-12    -0.597144    -2.49957    3.62274e-16    0.235527
1.38815    -1.12654    7.55362e-13    -0.597144    -2.49957    5.73572e-17    0.235527
1.38815    -1.12654    1.45191e-11    -0.597144    -2.49957    1.10249e-15    0.235527
1.38815    -1.12654    4.3835e-11    -0.597144    -2.49957    3.32854e-15    0.235527
1.38814    -1.12654    8.61777e-11    -0.597144    -2.49957    6.54378e-15    0.235526
1.38814    -1.12654    1.3882e-10    -0.597144    -2.49957    1.05411e-14    0.235526
1.38814    -1.12654    1.98927e-10    -0.597144    -2.49958    1.51053e-14    0.235525
1.38814    -1.12654    2.6365e-10    -0.597145    -2.49958    2.002e-14    0.235525
1.38814    -1.12654    3.30212e-10    -0.597145    -2.49958    2.50744e-14    0.235524
1.38813    -1.12654    3.95987e-10    -0.597145    -2.49958    3.00691e-14    0.235523
1.38813    -1.12654    4.58566e-10    -0.597146    -2.49958    3.48211e-14    0.235522
1.38813    -1.12654    5.15819e-10    -0.597146    -2.49959    3.91687e-14    0.235521
1.38813    -1.12654    5.65934e-10    -0.597147    -2.49959    4.29744e-14    0.23552
1.38812    -1.12654    6.07455e-10    -0.597147    -2.49959    4.61275e-14    0.235519
1.38812    -1.12654    6.393e-10    -0.597148    -2.49959    4.85459e-14    0.235518
1.38812    -1.12654    6.60764e-10    -0.597149    -2.49959    5.0176e-14    0.235517
1.38811    -1.12654    6.71521e-10    -0.597149    -2.4996    5.0993e-14    0.235516
1.38811    -1.12654    6.71601e-10    -0.59715    -2.4996    5.09993e-14    0.235515
1.3881    -1.12654    6.61368e-10    -0.59715    -2.4996    5.02224e-14    0.235514
1.3881    -1.12654    6.41486e-10    -0.597151    -2.49961    4.87129e-14    0.235512
1.3881    -1.12654    6.12879e-10    -0.597152    -2.49961    4.65407e-14    0.235511
1.38809    -1.12654    5.7668e-10    -0.597152    -2.49961    4.3792e-14    0.23551
1.38809    -1.12654    5.34189e-10    -0.597153    -2.49961    4.05655e-14    0.235509
1.38809    -1.12654    4.86817e-10    -0.597153    -2.49962    3.69682e-14    0.235508
1.38808    -1.12654    4.36038e-10    -0.597154    -2.49962    3.31122e-14    0.235507
1.38808    -1.12654    3.83338e-10    -0.597154    -2.49962    2.91104e-14    0.235506
1.38808    -1.12654    3.30172e-10    -0.597155    -2.49962    2.5073e-14    0.235505
1.38808    -1.12654    2.77917e-10    -0.597155    -2.49962    2.11048e-14    0.235504
1.38807    -1.12654    2.27839e-10    -0.597156    -2.49963    1.7302e-14    0.235504
1.38807    -1.12654    1.81063e-10    -0.597156    -2.49963    1.37499e-14    0.235503
1.38807    -1.12654    1.38543e-10    -0.597156    -2.49963    1.0521e-14    0.235502
1.38807    -1.12654    1.01051e-10    -0.597157    -2.49963    7.67379e-15    0.235502
1.38807    -1.12654    6.9159e-11    -0.597157    -2.49963    5.25195e-15    0.235502
1.38806    -1.12654    4.32416e-11    -0.597157    -2.49963    3.28378e-15    0.235501
1.38806    -1.12654    2.34729e-11    -0.597157    -2.49963    1.78254e-15    0.235501
1.38806    -1.12654    9.8366e-12    -0.597157    -2.49963    7.46995e-16    0.235501
1.38806    -1.12654    2.13919e-12    -0.597157    -2.49963    1.62451e-16    0.2355
1.38806    -1.12654    2.71069e-14    -0.597157    -2.49963    2.05851e-18    0.2355
1.38806    -1.12654    3.0083e-12    -0.597157    -2.49963    2.28451e-16    0.2355
1.38806    -1.12654    1.04762e-11    -0.597157    -2.49963    7.95567e-16    0.235501
1.38806    -1.12654    2.17357e-11    -0.597157    -2.49963    1.65062e-15    0.235501
1.38806    -1.12654    3.60299e-11    -0.597157    -2.49963    2.73612e-15    0.235501
1.38806    -1.12654    5.2567e-11    -0.597157    -2.49963    3.99194e-15    0.235501
1.38807    -1.12654    7.05464e-11    -0.597157    -2.49963    5.35729e-15    0.235501
1.38807    -1.12654    8.91833e-11    -0.597157    -2.49963    6.77257e-15    0.235502
1.38807    -1.12654    1.07731e-10    -0.597156    -2.49963    8.18109e-15    0.235502
1.38807    -1.12654    1.25502e-10    -0.597156    -2.49963    9.53058e-15    0.235503
1.38807    -1.12654    1.41882e-10    -0.597156    -2.49963    1.07745e-14    0.235503
1.38807    -1.12654    1.56346e-10    -0.597156    -2.49963    1.18728e-14    0.235504
1.38807    -1.12654    1.68467e-10    -0.597155    -2.49962    1.27932e-14    0.235504
1.38808    -1.12654    1.7792e-10    -0.597155    -2.49962    1.3511e-14    0.235505
1.38808    -1.12654    1.84489e-10    -0.597155    -2.49962    1.40099e-14    0.235505
1.38808    -1.12654    1.88063e-10    -0.597154    -2.49962    1.42812e-14    0.235506
1.38808    -1.12654    1.88632e-10    -0.597154    -2.49962    1.43244e-14    0.235507
1.38808    -1.12654    1.86283e-10    -0.597154    -2.49962    1.4146e-14    0.235507
1.38809    -1.12654    1.81186e-10    -0.597153    -2.49962    1.3759e-14    0.235508
1.38809    -1.12654    1.73589e-10    -0.597153    -2.49961    1.3182e-14    0.235508
1.38809    -1.12654    1.63799e-10    -0.597153    -2.49961    1.24386e-14    0.235509
1.38809    -1.12654    1.52175e-10    -0.597152    -2.49961    1.15558e-14    0.23551
1.38809    -1.12654    1.39106e-10    -0.597152    -2.49961    1.05634e-14    0.23551
1.3881    -1.12654    1.25005e-10    -0.597152    -2.49961    9.49255e-15    0.235511
1.3881    -1.12654    1.10288e-10    -0.597152    -2.49961    8.375e-15    0.235511
1.3881    -1.12654    9.53671e-11    -0.597151    -2.49961    7.24191e-15    0.235512
1.3881    -1.12654    8.06325e-11    -0.597151    -2.49961    6.123e-15    0.235512
1.3881    -1.12654    6.64463e-11    -0.597151    -2.49961    5.04573e-15    0.235513
1.3881    -1.12654    5.31315e-11    -0.597151    -2.4996    4.03464e-15    0.235513
1.3881    -1.12654    4.09653e-11    -0.597151    -2.4996    3.11077e-15    0.235513
1.3881    -1.12654    3.01736e-11    -0.59715    -2.4996    2.29129e-15    0.235513
1.3881    -1.12654    2.09278e-11    -0.59715    -2.4996    1.58919e-15    0.235514
1.38811    -1.12654    1.33428e-11    -0.59715    -2.4996    1.01321e-15    0.235514
1.38811    -1.12654    7.47773e-12    -0.59715    -2.4996    5.67834e-16    0.235514
1.38811    -1.12654    3.33769e-12    -0.59715    -2.4996    2.53453e-16    0.235514
1.38811    -1.12654    8.7718e-13    -0.59715    -2.4996    6.66101e-17    0.235514
1.38811    -1.12654    4.86331e-15    -0.59715    -2.4996    3.69303e-19    0.235514
1.38811    -1.12654    5.89396e-13    -0.59715    -2.4996    4.47567e-17    0.235514
1.38811    -1.12654    2.46603e-12    -0.59715    -2.4996    1.87262e-16    0.235514
1.38811    -1.12654    5.44379e-12    -0.59715    -2.4996    4.13383e-16    0.235514
1.38811    -1.12654    9.313e-12    -0.59715    -2.4996    7.07199e-16    0.235514
1.38811    -1.12654    1.38528e-11    -0.59715    -2.4996    1.05194e-15    0.235514
1.38811    -1.12654    1.88385e-11    -0.59715    -2.4996    1.43054e-15    0.235514
1.3881    -1.12654    2.40488e-11    -0.59715    -2.4996    1.82619e-15    0.235514
1.3881    -1.12654    2.92718e-11    -0.597151    -2.4996    2.22281e-15    0.235513
1.3881    -1.12654    3.4311e-11    -0.597151    -2.4996    2.60547e-15    0.235513
1.3881    -1.12654    3.89901e-11    -0.597151    -2.4996    2.9608e-15    0.235513
1.3881    -1.12654    4.3157e-11    -0.597151    -2.4996    3.27722e-15    0.235513
1.3881    -1.12654    4.66865e-11    -0.597151    -2.49961    3.54525e-15    0.235512
1.3881    -1.12654    4.94824e-11    -0.597151    -2.49961    3.75756e-15    0.235512
1.3881    -1.12654    5.14782e-11    -0.597151    -2.49961    3.90912e-15    0.235512
1.3881    -1.12654    5.26374e-11    -0.597152    -2.49961    3.99715e-15    0.235511
1.3881    -1.12654    5.29521e-11    -0.597152    -2.49961    4.02106e-15    0.235511
1.3881    -1.12654    5.24417e-11    -0.597152    -2.49961    3.9823e-15    0.235511
1.38809    -1.12654    5.115e-11    -0.597152    -2.49961    3.88422e-15    0.23551
1.38809    -1.12654    4.91426e-11    -0.597152    -2.49961    3.73178e-15    0.23551
1.38809    -1.12654    4.6503e-11    -0.597152    -2.49961    3.53134e-15    0.23551
1.38809    -1.12654    4.33291e-11    -0.597153    -2.49961    3.29033e-15    0.23551
1.38809    -1.12654    3.97293e-11    -0.597153    -2.49961    3.01697e-15    0.235509
1.38809    -1.12654    3.58181e-11    -0.597153    -2.49961    2.71996e-15    0.235509
1.38809    -1.12654    3.17127e-11    -0.597153    -2.49961    2.40821e-15    0.235509
1.38809    -1.12654    2.75289e-11    -0.597153    -2.49961    2.0905e-15    0.235508
1.38809    -1.12654    2.33776e-11    -0.597153    -2.49961    1.77525e-15    0.235508
1.38809    -1.12654    1.9362e-11    -0.597153    -2.49962    1.47032e-15    0.235508
1.38809    -1.12654    1.55751e-11    -0.597153    -2.49962    1.18275e-15    0.235508
1.38809    -1.12654    1.2097e-11    -0.597154    -2.49962    9.18631e-16    0.235508
1.38808    -1.12654    8.994e-12    -0.597154    -2.49962    6.82991e-16    0.235507
1.38808    -1.12654    6.31692e-12    -0.597154    -2.49962    4.79698e-16    0.235507
1.38808    -1.12654    4.101e-12    -0.597154    -2.49962    3.11424e-16    0.235507
1.38808    -1.12654    2.36571e-12    -0.597154    -2.49962    1.79649e-16    0.235507
1.38808    -1.12654    1.11522e-12    -0.597154    -2.49962    8.46882e-17    0.235507
1.38808    -1.12654    3.39299e-13    -0.597154    -2.49962    2.57659e-17    0.235507
1.38808    -1.12654    1.45937e-14    -0.597154    -2.49962    1.10822e-18    0.235507
1.38808    -1.12654    1.06198e-13    -0.597154    -2.49962    8.06451e-18    0.235507
1.38808    -1.12654    5.69474e-13    -0.597154    -2.49962    4.32451e-17    0.235507
1.38808    -1.12654    1.35205e-12    -0.597154    -2.49962    1.02673e-16    0.235507
1.38808    -1.12654    2.39591e-12    -0.597154    -2.49962    1.81942e-16    0.235507
1.38808    -1.12654    3.6395e-12    -0.597154    -2.49962    2.76378e-16    0.235507
1.38808    -1.12654    5.01985e-12    -0.597154    -2.49962    3.812e-16    0.235507
1.38808    -1.12654    6.47452e-12    -0.597154    -2.49962    4.91665e-16    0.235507
1.38808    -1.12654    7.94346e-12    -0.597154    -2.49962    6.03214e-16    0.235507
1.38809    -1.12654    9.37064e-12    -0.597154    -2.49962    7.11592e-16    0.235508
1.38809    -1.12654    1.07055e-11    -0.597154    -2.49962    8.12956e-16    0.235508
1.38809    -1.12654    1.19039e-11    -0.597153    -2.49962    9.03964e-16    0.235508
1.38809    -1.12654    1.29294e-11    -0.597153    -2.49962    9.81839e-16    0.235508
1.38809    -1.12654    1.37535e-11    -0.597153    -2.49961    1.04442e-15    0.235508
1.38809    -1.12654    1.43559e-11    -0.597153    -2.49961    1.09016e-15    0.235508
1.38809    -1.12654    1.47249e-11    -0.597153    -2.49961    1.11818e-15    0.235508
1.38809    -1.12654    1.48567e-11    -0.597153    -2.49961    1.12819e-15    0.235509
1.38809    -1.12654    1.47556e-11    -0.597153    -2.49961    1.12051e-15    0.235509
1.38809    -1.12654    1.44324e-11    -0.597153    -2.49961    1.09597e-15    0.235509
1.38809    -1.12654    1.39047e-11    -0.597153    -2.49961    1.0559e-15    0.235509
1.38809    -1.12654    1.3195e-11    -0.597153    -2.49961    1.002e-15    0.235509
1.38809    -1.12654    1.233e-11    -0.597153    -2.49961    9.36317e-16    0.23551
1.38809    -1.12654    1.13398e-11    -0.597152    -2.49961    8.61121e-16    0.23551
1.38809    -1.12654    1.02562e-11    -0.597152    -2.49961    7.78835e-16    0.23551
1.38809    -1.12654    9.11208e-12    -0.597152    -2.49961    6.91951e-16    0.23551
1.38809    -1.12654    7.94e-12    -0.597152    -2.49961    6.02945e-16    0.23551
1.38809    -1.12654    6.77144e-12    -0.597152    -2.49961    5.14207e-16    0.23551
1.38809    -1.12654    5.63582e-12    -0.597152    -2.49961    4.27971e-16    0.23551
1.38809    -1.12654    4.55978e-12    -0.597152    -2.49961    3.46259e-16    0.23551
1.38809    -1.12654    3.56652e-12    -0.597152    -2.49961    2.70833e-16    0.235511
1.38809    -1.12654    2.67536e-12    -0.597152    -2.49961    2.0316e-16    0.235511
1.3881    -1.12654    1.90138e-12    -0.597152    -2.49961    1.44386e-16    0.235511
1.3881    -1.12654    1.25529e-12    -0.597152    -2.49961    9.53236e-17    0.235511
1.3881    -1.12654    7.43351e-13    -0.597152    -2.49961    5.64483e-17    0.235511
1.3881    -1.12654    3.67514e-13    -0.597152    -2.49961    2.79081e-17    0.235511
1.3881    -1.12654    1.2563e-13    -0.597152    -2.49961    9.54007e-18    0.235511
1.3881    -1.12654    1.17979e-14    -0.597152    -2.49961    8.95905e-19    0.235511
1.3881    -1.12654    1.67856e-14    -0.597152    -2.49961    1.27466e-18    0.235511
1.3881    -1.12654    1.28535e-13    -0.597152    -2.49961    9.76062e-18    0.235511
1.3881    -1.12654    3.32711e-13    -0.597152    -2.49961    2.52652e-17    0.235511
1.3881    -1.12654    6.13284e-13    -0.597152    -2.49961    4.65713e-17    0.235511
1.3881    -1.12654    9.5313e-13    -0.597152    -2.49961    7.23784e-17    0.235511
1.3881    -1.12654    1.33461e-12    -0.597152    -2.49961    1.01347e-16    0.235511
1.3881    -1.12654    1.74014e-12    -0.597152    -2.49961    1.32142e-16    0.235511
1.38809    -1.12654    2.15272e-12    -0.597152    -2.49961    1.63472e-16    0.235511
1.38809    -1.12654    2.55638e-12    -0.597152    -2.49961    1.94126e-16    0.235511
1.38809    -1.12654    2.93663e-12    -0.597152    -2.49961    2.23001e-16    0.235511
1.38809    -1.12654    3.28076e-12    -0.597152    -2.49961    2.49133e-16    0.23551
1.38809    -1.12654    3.5781e-12    -0.597152    -2.49961    2.71713e-16    0.23551
1.38809    -1.12654    3.82022e-12    -0.597152    -2.49961    2.90099e-16    0.23551
1.38809    -1.12654    4.00104e-12    -0.597152    -2.49961    3.0383e-16    0.23551
1.38809    -1.12654    4.1168e-12    -0.597152    -2.49961    3.12621e-16    0.23551
1.38809    -1.12654    4.16607e-12    -0.597152    -2.49961    3.16363e-16    0.23551
1.38809    -1.12654    4.1496e-12    -0.597152    -2.49961    3.15112e-16    0.23551
1.38809    -1.12654    4.07016e-12    -0.597152    -2.49961    3.09079e-16    0.23551
1.38809    -1.12654    3.93229e-12    -0.597152    -2.49961    2.9861e-16    0.23551
1.38809    -1.12654    3.74208e-12    -0.597152    -2.49961    2.84166e-16    0.23551
1.38809    -1.12654    3.50687e-12    -0.597153    -2.49961    2.66305e-16    0.23551
1.38809    -1.12654    3.23491e-12    -0.597153    -2.49961    2.45653e-16    0.235509
1.38809    -1.12654    2.93508e-12    -0.597153    -2.49961    2.22884e-16    0.235509
1.38809    -1.12654    2.61655e-12    -0.597153    -2.49961    1.98695e-16    0.235509
1.38809    -1.12654    2.2885e-12    -0.597153    -2.49961    1.73784e-16    0.235509
1.38809    -1.12654    1.95984e-12    -0.597153    -2.49961    1.48827e-16    0.235509
1.38809    -1.12654    1.63896e-12    -0.597153    -2.49961    1.24459e-16    0.235509
1.38809    -1.12654    1.33347e-12    -0.597153    -2.49961    1.01261e-16    0.235509
1.38809    -1.12654    1.05008e-12    -0.597153    -2.49961    7.97411e-17    0.235509
1.38809    -1.12654    7.94418e-13    -0.597153    -2.49961    6.03266e-17    0.235509
1.38809    -1.12654    5.70941e-13    -0.597153    -2.49961    4.33562e-17    0.235509
1.38809    -1.12654    3.8288e-13    -0.597153    -2.49961    2.90752e-17    0.235509
1.38809    -1.12654    2.32223e-13    -0.597153    -2.49961    1.76346e-17    0.235509
1.38809    -1.12654    1.19736e-13    -0.597153    -2.49961    9.09251e-18    0.235509
1.38809    -1.12654    4.50227e-14    -0.597153    -2.49961    3.41894e-18    0.235509
1.38809    -1.12654    6.61413e-15    -0.597153    -2.49961    5.02265e-19    0.235509
1.38809    -1.12654    2.08308e-15    -0.597153    -2.49961    1.58185e-19    0.235509
1.38809    -1.12654    2.81819e-14    -0.597153    -2.49961    2.14008e-18    0.235509
1.38809    -1.12654    8.0995e-14    -0.597153    -2.49961    6.15061e-18    0.235509
1.38809    -1.12654    1.56101e-13    -0.597153    -2.49961    1.1854e-17    0.235509
1.38809    -1.12654    2.48739e-13    -0.597153    -2.49961    1.88888e-17    0.235509
1.38809    -1.12654    3.53976e-13    -0.597153    -2.49961    2.68803e-17    0.235509
1.38809    -1.12654    4.66864e-13    -0.597153    -2.49961    3.54528e-17    0.235509
1.38809    -1.12654    5.82593e-13    -0.597153    -2.49961    4.4241e-17    0.235509
1.38809    -1.12654    6.9662e-13    -0.597153    -2.49961    5.29e-17    0.235509
1.38809    -1.12654    8.04796e-13    -0.597153    -2.49961    6.11146e-17    0.235509
1.38809    -1.12654    9.03454e-13    -0.597153    -2.49961    6.86066e-17    0.235509
1.38809    -1.12654    9.89494e-13    -0.597153    -2.49961    7.51403e-17    0.235509
1.38809    -1.12654    1.06043e-12    -0.597153    -2.49961    8.05272e-17    0.235509
1.38809    -1.12654    1.11444e-12    -0.597153    -2.49961    8.46282e-17    0.235509
1.38809    -1.12654    1.15034e-12    -0.597153    -2.49961    8.73543e-17    0.235509
1.38809    -1.12654    1.16761e-12    -0.597153    -2.49961    8.86659e-17    0.235509
1.38809    -1.12654    1.16635e-12    -0.597153    -2.49961    8.85706e-17    0.235509
1.38809    -1.12654    1.14725e-12    -0.597153    -2.49961    8.71197e-17    0.235509
1.38809    -1.12654    1.11148e-12    -0.597153    -2.49961    8.44037e-17    0.235509
1.38809    -1.12654    1.06069e-12    -0.597153    -2.49961    8.05466e-17    0.235509
1.38809    -1.12654    9.96869e-13    -0.597153    -2.49961    7.57002e-17    0.23551
1.38809    -1.12654    9.22295e-13    -0.597153    -2.49961    7.00371e-17    0.23551
1.38809    -1.12654    8.39431e-13    -0.597153    -2.49961    6.37446e-17    0.23551
1.38809    -1.12654    7.50843e-13    -0.597152    -2.49961    5.70174e-17    0.23551
1.38809    -1.12654    6.59114e-13    -0.597152    -2.49961    5.00517e-17    0.23551
1.38809    -1.12654    5.66762e-13    -0.597152    -2.49961    4.30387e-17    0.23551
1.38809    -1.12654    4.76168e-13    -0.597152    -2.49961    3.61592e-17    0.23551
1.38809    -1.12654    3.89518e-13    -0.597152    -2.49961    2.95792e-17    0.23551
1.38809    -1.12654    3.08741e-13    -0.597152    -2.49961    2.34452e-17    0.23551
1.38809    -1.12654    2.35476e-13    -0.597152    -2.49961    1.78815e-17    0.23551
1.38809    -1.12654    1.71034e-13    -0.597152    -2.49961    1.29879e-17    0.23551
1.38809    -1.12654    1.16386e-13    -0.597152    -2.49961    8.83812e-18    0.23551
1.38809    -1.12654    7.21551e-14    -0.597152    -2.49961    5.4793e-18    0.23551
1.38809    -1.12654    3.86177e-14    -0.597152    -2.49961    2.93254e-18    0.23551
1.38809    -1.12654    1.57214e-14    -0.597152    -2.49961    1.19385e-18    0.23551
1.38809    -1.12654    3.10756e-15    -0.597152    -2.49961    2.35981e-19    0.23551
1.38809    -1.12654    1.42087e-16    -0.597152    -2.49961    1.07898e-20    0.23551
1.38809    -1.12654    5.95337e-15    -0.597152    -2.49961    4.52086e-19    0.23551
1.38809    -1.12654    1.94742e-14    -0.597152    -2.49961    1.47883e-18    0.23551
1.38809    -1.12654    3.94868e-14    -0.597152    -2.49961    2.99854e-18    0.23551
1.38809    -1.12654    6.46699e-14    -0.597152    -2.49961    4.91089e-18    0.23551
1.38809    -1.12654    9.36448e-14    -0.597152    -2.49961    7.11119e-18    0.23551
1.38809    -1.12654    1.25021e-13    -0.597152    -2.49961    9.49384e-18    0.23551
1.38809    -1.12654    1.57439e-13    -0.597152    -2.49961    1.19556e-17    0.23551
1.38809    -1.12654    1.89608e-13    -0.597152    -2.49961    1.43984e-17    0.23551
1.38809    -1.12654    2.20341e-13    -0.597152    -2.49961    1.67322e-17    0.23551
1.38809    -1.12654    2.48583e-13    -0.597152    -2.49961    1.88769e-17    0.23551
1.38809    -1.12654    2.73433e-13    -0.597152    -2.49961    2.07639e-17    0.23551
1.38809    -1.12654    2.94162e-13    -0.597152    -2.49961    2.2338e-17    0.23551
1.38809    -1.12654    3.10221e-13    -0.597152    -2.49961    2.35575e-17    0.23551
1.38809    -1.12654    3.21247e-13    -0.597152    -2.49961    2.43949e-17    0.23551
1.38809    -1.12654    3.27062e-13    -0.597152    -2.49961    2.48364e-17    0.23551
1.38809    -1.12654    3.27661e-13    -0.597152    -2.49961    2.48819e-17    0.23551
1.38809    -1.12654    3.23206e-13    -0.597153    -2.49961    2.45436e-17    0.23551
1.38809    -1.12654    3.14005e-13    -0.597153    -2.49961    2.38449e-17    0.23551
1.38809    -1.12654    3.00496e-13    -0.597153    -2.49961    2.2819e-17    0.23551
1.38809    -1.12654    2.83221e-13    -0.597153    -2.49961    2.15072e-17    0.23551
1.38809    -1.12654    2.62807e-13    -0.597153    -2.49961    1.9957e-17    0.23551
1.38809    -1.12654    2.39936e-13    -0.597153    -2.49961    1.82203e-17    0.23551
1.38809    -1.12654    2.15326e-13    -0.597153    -2.49961    1.63514e-17    0.235509
1.38809    -1.12654    1.89701e-13    -0.597153    -2.49961    1.44055e-17    0.235509
1.38809    -1.12654    1.63773e-13    -0.597153    -2.49961    1.24366e-17    0.235509
1.38809    -1.12654    1.38218e-13    -0.597153    -2.49961    1.0496e-17    0.235509
1.38809    -1.12654    1.13661e-13    -0.597153    -2.49961    8.63122e-18    0.235509
1.38809    -1.12654    9.06583e-14    -0.597153    -2.49961    6.88441e-18    0.235509
1.38809    -1.12654    6.96841e-14    -0.597153    -2.49961    5.29167e-18    0.235509
1.38809    -1.12654    5.11243e-14    -0.597153    -2.49961    3.88227e-18    0.235509
1.38809    -1.12654    3.52693e-14    -0.597153    -2.49961    2.67828e-18    0.235509
1.38809    -1.12654    2.23116e-14    -0.597153    -2.49961    1.6943e-18    0.235509
1.38809    -1.12654    1.23467e-14    -0.597153    -2.49961    9.37586e-19    0.235509
1.38809    -1.12654    5.37659e-15    -0.597153    -2.49961    4.08287e-19    0.235509
1.38809    -1.12654    1.31581e-15    -0.597153    -2.49961    9.99196e-20    0.235509
1.38809    -1.12654    4.93783e-20    -0.597153    -2.49961    3.75023e-24    0.235509
1.38809    -1.12654    1.19626e-15    -0.597153    -2.49961    9.08413e-20    0.235509
1.38809    -1.12654    4.61423e-15    -0.597153    -2.49961    3.50395e-19    0.235509
1.38809    -1.12654    9.91919e-15    -0.597153    -2.49961    7.53243e-19    0.235509
1.38809    -1.12654    1.67448e-14    -0.597153    -2.49961    1.27157e-18    0.235509
1.38809    -1.12654    2.47063e-14    -0.597153    -2.49961    1.87615e-18    0.235509
1.38809    -1.12654    3.34133e-14    -0.597153    -2.49961    2.53734e-18    0.235509
1.38809    -1.12654    4.24819e-14    -0.597153    -2.49961    3.22599e-18    0.235509
1.38809    -1.12654    5.15457e-14    -0.597153    -2.49961    3.91427e-18    0.235509
1.38809    -1.12654    6.02656e-14    -0.597153    -2.49961    4.57645e-18    0.235509
1.38809    -1.12654    6.83382e-14    -0.597153    -2.49961    5.18946e-18    0.235509
1.38809    -1.12654    7.55025e-14    -0.597153    -2.49961    5.7335e-18    0.235509
1.38809    -1.12654    8.15446e-14    -0.597153    -2.49961    6.19233e-18    0.235509
1.38809    -1.12654    8.63012e-14    -0.597153    -2.49961    6.55354e-18    0.235509
1.38809    -1.12654    8.96609e-14    -0.597153    -2.49961    6.80867e-18    0.235509
1.38809    -1.12654    9.1564e-14    -0.597153    -2.49961    6.95318e-18    0.235509
1.38809    -1.12654    9.20005e-14    -0.597153    -2.49961    6.98633e-18    0.235509
1.38809    -1.12654    9.10073e-14    -0.597153    -2.49961    6.91091e-18    0.235509
1.38809    -1.12654    8.8664e-14    -0.597153    -2.49961    6.73296e-18    0.235509
1.38809    -1.12654    8.50867e-14    -0.597153    -2.49961    6.46131e-18    0.23551
1.38809    -1.12654    8.04231e-14    -0.597153    -2.49961    6.10716e-18    0.23551
1.38809    -1.12654    7.48447e-14    -0.597153    -2.49961    5.68355e-18    0.23551
1.38809    -1.12654    6.8541e-14    -0.597153    -2.49961    5.20486e-18    0.23551
1.38809    -1.12654    6.17116e-14    -0.597153    -2.49961    4.68625e-18    0.23551
1.38809    -1.12654    5.45601e-14    -0.597153    -2.49961    4.14318e-18    0.23551
1.38809    -1.12654    4.72872e-14    -0.597153    -2.49961    3.59089e-18    0.23551
1.38809    -1.12654    4.0085e-14    -0.597153    -2.49961    3.04397e-18    0.23551
1.38809    -1.12654    3.31317e-14    -0.597153    -2.49961    2.51596e-18    0.23551
1.38809    -1.12654    2.65871e-14    -0.597153    -2.49961    2.01897e-18    0.23551
1.38809    -1.12654    2.05888e-14    -0.597153    -2.49961    1.56347e-18    0.23551
1.38809    -1.12654    1.52499e-14    -0.597153    -2.49961    1.15804e-18    0.23551
1.38809    -1.12654    1.06567e-14    -0.597153    -2.49961    8.09249e-19    0.23551
1.38809    -1.12654    6.86848e-15    -0.597153    -2.49961    5.21578e-19    0.23551
1.38809    -1.12654    3.91691e-15    -0.597152    -2.49961    2.97442e-19    0.23551
1.38809    -1.12654    1.8073e-15    -0.597152    -2.49961    1.37242e-19    0.23551
1.38809    -1.12654    5.20055e-16    -0.597152    -2.49961    3.94919e-20    0.23551
1.38809    -1.12654    1.29716e-17    -0.597152    -2.49961    9.85036e-22    0.23551
1.38809    -1.12654    2.23994e-16    -0.597152    -2.49961    1.70096e-20    0.23551
1.38809    -1.12654    1.07441e-15    -0.597152    -2.49961    8.15886e-20    0.23551
1.38809    -1.12654    2.47235e-15    -0.597152    -2.49961    1.87745e-19    0.23551
1.38809    -1.12654    4.31638e-15    -0.597152    -2.49961    3.27777e-19    0.23551
1.38809    -1.12654    6.49926e-15    -0.597153    -2.49961    4.9354e-19    0.23551
1.38809    -1.12654    8.91149e-15    -0.597153    -2.49961    6.7672e-19    0.23551
1.38809    -1.12654    1.14448e-14    -0.597153    -2.49961    8.69093e-19    0.23551
1.38809    -1.12654    1.39952e-14    -0.597153    -2.49961    1.06277e-18    0.23551
1.38809    -1.12654    1.64661e-14    -0.597153    -2.49961    1.2504e-18    0.23551
1.38809    -1.12654    1.87703e-14    -0.597153    -2.49961    1.42537e-18    0.23551
1.38809    -1.12654    2.08322e-14    -0.597153    -2.49961    1.58195e-18    0.23551
1.38809    -1.12654    2.25893e-14    -0.597153    -2.49961    1.71539e-18    0.23551
1.38809    -1.12654    2.39932e-14    -0.597153    -2.49961    1.822e-18    0.23551
1.38809    -1.12654    2.50099e-14    -0.597153    -2.49961    1.8992e-18    0.23551
1.38809    -1.12654    2.56199e-14    -0.597153    -2.49961    1.94552e-18    0.23551
1.38809    -1.12654    2.5818e-14    -0.597153    -2.49961    1.96057e-18    0.23551
1.38809    -1.12654    2.56122e-14    -0.597153    -2.49961    1.94494e-18    0.23551
1.38809    -1.12654    2.50227e-14    -0.597153    -2.49961    1.90017e-18    0.23551
1.38809    -1.12654    2.40802e-14    -0.597153    -2.49961    1.8286e-18    0.23551
1.38809    -1.12654    2.28248e-14    -0.597153    -2.49961    1.73326e-18    0.23551
1.38809    -1.12654    2.13034e-14    -0.597153    -2.49961    1.61773e-18    0.23551
1.38809    -1.12654    1.95684e-14    -0.597153    -2.49961    1.48598e-18    0.23551
1.38809    -1.12654    1.76754e-14    -0.597153    -2.49961    1.34223e-18    0.23551
1.38809    -1.12654    1.56815e-14    -0.597153    -2.49961    1.19082e-18    0.23551
1.38809    -1.12654    1.36433e-14    -0.597153    -2.49961    1.03604e-18    0.23551
1.38809    -1.12654    1.16152e-14    -0.597153    -2.49961    8.82036e-19    0.23551
1.38809    -1.12654    9.64808e-15    -0.597153    -2.49961    7.32655e-19    0.235509
1.38809    -1.12654    7.78773e-15    -0.597153    -2.49961    5.91384e-19    0.235509
1.38809    -1.12654    6.07402e-15    -0.597153    -2.49961    4.61248e-19    0.235509
1.38809    -1.12654    4.53997e-15    -0.597153    -2.49961    3.44756e-19    0.235509
1.38809    -1.12654    3.21124e-15    -0.597153    -2.49961    2.43855e-19    0.235509
1.38809    -1.12654    2.10584e-15    -0.597153    -2.49961    1.59913e-19    0.235509
1.38809    -1.12654    1.23408e-15    -0.597153    -2.49961    9.37137e-20    0.235509
1.38809    -1.12654    5.98796e-16    -0.597153    -2.49961    4.54713e-20    0.235509
1.38809    -1.12654    1.95733e-16    -0.597153    -2.49961    1.48636e-20    0.235509
1.38809    -1.12654    1.41719e-17    -0.597153    -2.49961    1.07618e-21    0.235509
1.38809    -1.12654    3.76677e-17    -0.597153    -2.49961    2.86041e-21    0.235509
1.38809    -1.12654    2.44932e-16    -0.597153    -2.49961    1.85996e-20    0.235509
1.38809    -1.12654    6.10794e-16    -0.597153    -2.49961    4.63824e-20    0.235509
