0.084515    0.147667    0.122039    0.023856    0.084515    0.147667    0.122039    0.023856    
0.0844005    0.147576    0.122024    0.0238893    0.0844005    0.147576    0.122024    0.0238893    
0.0842576    0.147247    0.122053    0.0239429    0.0842576    0.147247    0.122053    0.0239429    
0.084059    0.146765    0.122096    0.0240208    0.084059    0.146765    0.122096    0.0240208    
0.0838063    0.146147    0.122151    0.0241211    0.0838063    0.146147    0.122151    0.0241211    
0.0835066    0.145407    0.122215    0.0242418    0.0835066    0.145407    0.122215    0.0242418    
0.0831674    0.144563    0.122286    0.0243807    0.0831674    0.144563    0.122286    0.0243807    
0.0827967    0.14363    0.122362    0.0245353    0.0827967    0.14363    0.122362    0.0245353    
0.0824024    0.142626    0.12244    0.0247033    0.0824024    0.142626    0.12244    0.0247033    
0.0819919    0.141569    0.122519    0.0248823    0.0819919    0.141569    0.122519    0.0248823    
0.0815722    0.140475    0.122596    0.0250699    0.0815722    0.140475    0.122596    0.0250699    
0.0811496    0.139359    0.122669    0.0252639    0.0811496    0.139359    0.122669    0.0252639    
0.0807298    0.138236    0.122738    0.0254621    0.0807298    0.138236    0.122738    0.0254621    
0.0803175    0.137119    0.122801    0.0256624    0.0803175    0.137119    0.122801    0.0256624    
0.0799168    0.136019    0.122857    0.025863    0.0799168    0.136019    0.122857    0.025863    
0.0795309    0.134948    0.122906    0.026062    0.0795309    0.134948    0.122906    0.026062    
0.0791623    0.133912    0.122947    0.0262578    0.0791623    0.133912    0.122947    0.0262578    
0.0788131    0.13292    0.122981    0.0264488    0.0788131    0.13292    0.122981    0.0264488    
0.0784845    0.131977    0.123007    0.0266338    0.0784845    0.131977    0.123007    0.0266338    
0.0781775    0.131088    0.123027    0.0268115    0.0781775    0.131088    0.123027    0.0268115    
0.0778927    0.130255    0.12304    0.0269808    0.0778927    0.130255    0.12304    0.0269808    
0.0776303    0.129482    0.123048    0.0271409    0.0776303    0.129482    0.123048    0.0271409    
0.0773901    0.12877    0.123052    0.0272908    0.0773901    0.12877    0.123052    0.0272908    
0.0771722    0.12812    0.123051    0.0274299    0.0771722    0.12812    0.123051    0.0274299    
0.076976    0.127531    0.123047    0.0275576    0.076976    0.127531    0.123047    0.0275576    
0.0768013    0.127004    0.123042    0.0276736    0.0768013    0.127004    0.123042    0.0276736    
0.0766474    0.126538    0.123035    0.0277774    0.0766474    0.126538    0.123035    0.0277774    
0.0765139    0.126132    0.123027    0.0278688    0.0765139    0.126132    0.123027    0.0278688    
0.0764001    0.125785    0.123019    0.0279478    0.0764001    0.125785    0.123019    0.0279478    
0.0763056    0.125496    0.123011    0.0280141    0.0763056    0.125496    0.123011    0.0280141    
0.0762296    0.125263    0.123005    0.028068    0.0762296    0.125263    0.123005    0.028068    
0.0761717    0.125084    0.122999    0.0281094    0.0761717    0.125084    0.122999    0.0281094    
0.0761312    0.124959    0.122995    0.0281387    0.0761312    0.124959    0.122995    0.0281387    
0.0761076    0.124885    0.122993    0.0281559    0.0761076    0.124885    0.122993    0.0281559    
0.0761003    0.124861    0.122992    0.0281615    0.0761003    0.124861    0.122992    0.0281615    
0.0761088    0.124885    0.122993    0.0281558    0.0761088    0.124885    0.122993    0.0281558    
0.0761325    0.124955    0.122996    0.0281392    0.0761325    0.124955    0.122996    0.0281392    
0.0761709    0.12507    0.123    0.0281122    0.0761709    0.12507    0.123    0.0281122    
0.0762233    0.125228    0.123005    0.0280753    0.0762233    0.125228    0.123005    0.0280753    
0.0762893    0.125427    0.123011    0.0280291    0.0762893    0.125427    0.123011    0.0280291    
0.0763683    0.125665    0.123017    0.0279742    0.0763683    0.125665    0.123017    0.0279742    
0.0764596    0.12594    0.123024    0.0279111    0.0764596    0.12594    0.123024    0.0279111    
0.0765626    0.126251    0.123031    0.0278406    0.0765626    0.126251    0.123031    0.0278406    
0.0766767    0.126594    0.123038    0.0277633    0.0766767    0.126594    0.123038    0.0277633    
0.0768012    0.126968    0.123043    0.0276799    0.0768012    0.126968    0.123043    0.0276799    
0.0769353    0.127369    0.123048    0.0275912    0.0769353    0.127369    0.123048    0.0275912    
0.0770784    0.127797    0.123052    0.0274977    0.0770784    0.127797    0.123052    0.0274977    
0.0772294    0.128247    0.123054    0.0274004    0.0772294    0.128247    0.123054    0.0274004    
0.0773877    0.128716    0.123054    0.0273    0.0773877    0.128716    0.123054    0.0273    
0.0775521    0.129203    0.123053    0.0271971    0.0775521    0.129203    0.123053    0.0271971    
0.0777217    0.129702    0.123049    0.0270927    0.0777217    0.129702    0.123049    0.0270927    
0.0778954    0.130212    0.123044    0.0269873    0.0778954    0.130212    0.123044    0.0269873    
0.0780721    0.130728    0.123036    0.0268818    0.0780721    0.130728    0.123036    0.0268818    
0.0782505    0.131247    0.123027    0.0267769    0.0782505    0.131247    0.123027    0.0267769    
0.0784295    0.131765    0.123016    0.0266734    0.0784295    0.131765    0.123016    0.0266734    
0.0786077    0.132279    0.123003    0.0265718    0.0786077    0.132279    0.123003    0.0265718    
0.0787837    0.132784    0.122988    0.026473    0.0787837    0.132784    0.122988    0.026473    
0.0789563    0.133276    0.122973    0.0263774    0.0789563    0.133276    0.122973    0.0263774    
0.0791241    0.133753    0.122956    0.0262859    0.0791241    0.133753    0.122956    0.0262859    
0.0792857    0.13421    0.122939    0.0261988    0.0792857    0.13421    0.122939    0.0261988    
0.0794399    0.134644    0.122922    0.0261168    0.0794399    0.134644    0.122922    0.0261168    
0.0795853    0.135052    0.122905    0.0260403    0.0795853    0.135052    0.122905    0.0260403    
0.0797208    0.13543    0.122888    0.0259698    0.0797208    0.13543    0.122888    0.0259698    
0.0798453    0.135777    0.122872    0.0259057    0.0798453    0.135777    0.122872    0.0259057    
0.0799578    0.136089    0.122857    0.0258482    0.0799578    0.136089    0.122857    0.0258482    
0.0800576    0.136365    0.122843    0.0257976    0.0800576    0.136365    0.122843    0.0257976    
0.0801438    0.136603    0.122831    0.0257542    0.0801438    0.136603    0.122831    0.0257542    
0.0802159    0.136802    0.12282    0.025718    0.0802159    0.136802    0.12282    0.025718    
0.0802737    0.136962    0.122812    0.0256891    0.0802737    0.136962    0.122812    0.0256891    
0.0803168    0.137081    0.122805    0.0256676    0.0803168    0.137081    0.122805    0.0256676    
0.0803454    0.13716    0.122801    0.0256534    0.0803454    0.13716    0.122801    0.0256534    
0.0803594    0.1372    0.122799    0.0256463    0.0803594    0.1372    0.122799    0.0256463    
0.0803594    0.1372    0.122799    0.0256462    0.0803594    0.1372    0.122799    0.0256462    
0.0803457    0.137164    0.122801    0.0256528    0.0803457    0.137164    0.122801    0.0256528    
0.080319    0.137092    0.122804    0.0256658    0.080319    0.137092    0.122804    0.0256658    
0.08028    0.136987    0.12281    0.0256849    0.08028    0.136987    0.12281    0.0256849    
0.0802297    0.13685    0.122817    0.0257098    0.0802297    0.13685    0.122817    0.0257098    
0.0801689    0.136685    0.122826    0.0257399    0.0801689    0.136685    0.122826    0.0257399    
0.0800988    0.136493    0.122836    0.0257749    0.0800988    0.136493    0.122836    0.0257749    
0.0800204    0.136278    0.122846    0.0258143    0.0800204    0.136278    0.122846    0.0258143    
0.0799349    0.136043    0.122858    0.0258575    0.0799349    0.136043    0.122858    0.0258575    
0.0798433    0.13579    0.12287    0.025904    0.0798433    0.13579    0.12287    0.025904    
0.0797469    0.135523    0.122882    0.0259534    0.0797469    0.135523    0.122882    0.0259534    
0.0796468    0.135245    0.122895    0.0260052    0.0796468    0.135245    0.122895    0.0260052    
0.079544    0.134959    0.122907    0.0260587    0.079544    0.134959    0.122907    0.0260587    
0.0794396    0.134667    0.122919    0.0261135    0.0794396    0.134667    0.122919    0.0261135    
0.0793346    0.134372    0.122931    0.0261691    0.0793346    0.134372    0.122931    0.0261691    
0.0792299    0.134078    0.122943    0.0262251    0.0792299    0.134078    0.122943    0.0262251    
0.0791264    0.133786    0.122954    0.0262808    0.0791264    0.133786    0.122954    0.0262808    
0.0790249    0.133498    0.122964    0.026336    0.0790249    0.133498    0.122964    0.026336    
0.0789261    0.133217    0.122973    0.0263901    0.0789261    0.133217    0.122973    0.0263901    
0.0788306    0.132945    0.122982    0.0264428    0.0788306    0.132945    0.122982    0.0264428    
0.0787392    0.132683    0.12299    0.0264938    0.0787392    0.132683    0.12299    0.0264938    
0.0786521    0.132434    0.122997    0.0265426    0.0786521    0.132434    0.122997    0.0265426    
0.07857    0.132198    0.123003    0.0265891    0.07857    0.132198    0.123003    0.0265891    
0.0784932    0.131976    0.123009    0.0266328    0.0784932    0.131976    0.123009    0.0266328    
0.0784219    0.13177    0.123014    0.0266737    0.0784219    0.13177    0.123014    0.0266737    
0.0783565    0.131581    0.123018    0.0267114    0.0783565    0.131581    0.123018    0.0267114    
0.0782972    0.131408    0.123022    0.0267458    0.0782972    0.131408    0.123022    0.0267458    
0.078244    0.131254    0.123025    0.0267769    0.078244    0.131254    0.123025    0.0267769    
0.0781972    0.131117    0.123028    0.0268043    0.0781972    0.131117    0.123028    0.0268043    
0.0781567    0.130998    0.12303    0.0268282    0.0781567    0.130998    0.12303    0.0268282    
0.0781225    0.130898    0.123032    0.0268484    0.0781225    0.130898    0.123032    0.0268484    
0.0780947    0.130817    0.123034    0.0268649    0.0780947    0.130817    0.123034    0.0268649    
0.0780731    0.130753    0.123035    0.0268778    0.0780731    0.130753    0.123035    0.0268778    
0.0780578    0.130708    0.123036    0.026887    0.0780578    0.130708    0.123036    0.026887    
0.0780484    0.13068    0.123036    0.0268926    0.0780484    0.13068    0.123036    0.0268926    
0.078045    0.130669    0.123036    0.0268948    0.078045    0.130669    0.123036    0.0268948    
0.0780472    0.130675    0.123036    0.0268935    0.0780472    0.130675    0.123036    0.0268935    
0.078055    0.130697    0.123036    0.026889    0.078055    0.130697    0.123036    0.026889    
0.078068    0.130734    0.123035    0.0268814    0.078068    0.130734    0.123035    0.0268814    
0.078086    0.130786    0.123034    0.0268708    0.078086    0.130786    0.123034    0.0268708    
0.0781088    0.130852    0.123033    0.0268575    0.0781088    0.130852    0.123033    0.0268575    
0.0781359    0.130931    0.123032    0.0268415    0.0781359    0.130931    0.123032    0.0268415    
0.0781672    0.131021    0.12303    0.0268232    0.0781672    0.131021    0.12303    0.0268232    
0.0782023    0.131123    0.123029    0.0268027    0.0782023    0.131123    0.123029    0.0268027    
0.0782408    0.131234    0.123026    0.0267803    0.0782408    0.131234    0.123026    0.0267803    
0.0782824    0.131355    0.123024    0.0267561    0.0782824    0.131355    0.123024    0.0267561    
0.0783267    0.131483    0.123021    0.0267304    0.0783267    0.131483    0.123021    0.0267304    
0.0783734    0.131617    0.123018    0.0267035    0.0783734    0.131617    0.123018    0.0267035    
0.0784219    0.131757    0.123015    0.0266756    0.0784219    0.131757    0.123015    0.0266756    
0.078472    0.131902    0.123012    0.0266469    0.078472    0.131902    0.123012    0.0266469    
0.0785232    0.132049    0.123008    0.0266177    0.0785232    0.132049    0.123008    0.0266177    
0.0785752    0.132199    0.123004    0.0265882    0.0785752    0.132199    0.123004    0.0265882    
0.0786275    0.132349    0.123    0.0265586    0.0786275    0.132349    0.123    0.0265586    
0.0786798    0.132499    0.122996    0.0265292    0.0786798    0.132499    0.122996    0.0265292    
0.0787316    0.132647    0.122992    0.0265002    0.0787316    0.132647    0.122992    0.0265002    
0.0787826    0.132793    0.122987    0.0264717    0.0787826    0.132793    0.122987    0.0264717    
0.0788324    0.132935    0.122983    0.026444    0.0788324    0.132935    0.122983    0.026444    
0.0788807    0.133073    0.122979    0.0264173    0.0788807    0.133073    0.122979    0.0264173    
0.078927    0.133205    0.122974    0.0263917    0.078927    0.133205    0.122974    0.0263917    
0.0789712    0.133331    0.12297    0.0263674    0.0789712    0.133331    0.12297    0.0263674    
0.0790129    0.13345    0.122966    0.0263445    0.0790129    0.13345    0.122966    0.0263445    
0.0790519    0.133561    0.122962    0.0263232    0.0790519    0.133561    0.122962    0.0263232    
0.0790879    0.133663    0.122959    0.0263036    0.0790879    0.133663    0.122959    0.0263036    
0.0791208    0.133756    0.122955    0.0262858    0.0791208    0.133756    0.122955    0.0262858    
0.0791502    0.13384    0.122952    0.0262698    0.0791502    0.13384    0.122952    0.0262698    
0.0791762    0.133914    0.12295    0.0262557    0.0791762    0.133914    0.12295    0.0262557    
0.0791986    0.133978    0.122947    0.0262436    0.0791986    0.133978    0.122947    0.0262436    
0.0792173    0.134031    0.122945    0.0262335    0.0792173    0.134031    0.122945    0.0262335    
0.0792323    0.134073    0.122944    0.0262254    0.0792323    0.134073    0.122944    0.0262254    
0.0792436    0.134106    0.122942    0.0262193    0.0792436    0.134106    0.122942    0.0262193    
0.0792512    0.134127    0.122941    0.0262151    0.0792512    0.134127    0.122941    0.0262151    
0.0792552    0.134139    0.122941    0.026213    0.0792552    0.134139    0.122941    0.026213    
0.0792557    0.134141    0.122941    0.0262127    0.0792557    0.134141    0.122941    0.0262127    
0.0792527    0.134133    0.122941    0.0262142    0.0792527    0.134133    0.122941    0.0262142    
0.0792464    0.134115    0.122942    0.0262175    0.0792464    0.134115    0.122942    0.0262175    
0.0792371    0.134089    0.122943    0.0262225    0.0792371    0.134089    0.122943    0.0262225    
0.0792248    0.134055    0.122944    0.026229    0.0792248    0.134055    0.122944    0.026229    
0.0792098    0.134013    0.122946    0.026237    0.0792098    0.134013    0.122946    0.026237    
0.0791924    0.133964    0.122947    0.0262464    0.0791924    0.133964    0.122947    0.0262464    
0.0791727    0.133908    0.122949    0.026257    0.0791727    0.133908    0.122949    0.026257    
0.0791509    0.133847    0.122952    0.0262687    0.0791509    0.133847    0.122952    0.0262687    
0.0791275    0.133781    0.122954    0.0262813    0.0791275    0.133781    0.122954    0.0262813    
0.0791025    0.13371    0.122957    0.0262948    0.0791025    0.13371    0.122957    0.0262948    
0.0790763    0.133636    0.122959    0.026309    0.0790763    0.133636    0.122959    0.026309    
0.0790492    0.13356    0.122962    0.0263238    0.0790492    0.13356    0.122962    0.0263238    
0.0790213    0.133481    0.122965    0.026339    0.0790213    0.133481    0.122965    0.026339    
0.0789929    0.1334    0.122967    0.0263544    0.0789929    0.1334    0.122967    0.0263544    
0.0789644    0.133319    0.12297    0.0263701    0.0789644    0.133319    0.12297    0.0263701    
0.0789358    0.133238    0.122973    0.0263858    0.0789358    0.133238    0.122973    0.0263858    
0.0789075    0.133157    0.122975    0.0264013    0.0789075    0.133157    0.122975    0.0264013    
0.0788797    0.133078    0.122978    0.0264167    0.0788797    0.133078    0.122978    0.0264167    
0.0788524    0.133    0.12298    0.0264318    0.0788524    0.133    0.12298    0.0264318    
0.0788261    0.132925    0.122983    0.0264464    0.0788261    0.132925    0.122983    0.0264464    
0.0788007    0.132853    0.122985    0.0264605    0.0788007    0.132853    0.122985    0.0264605    
0.0787765    0.132783    0.122987    0.026474    0.0787765    0.132783    0.122987    0.026474    
0.0787536    0.132718    0.122989    0.0264867    0.0787536    0.132718    0.122989    0.0264867    
0.0787321    0.132656    0.122991    0.0264987    0.0787321    0.132656    0.122991    0.0264987    
0.0787122    0.132599    0.122993    0.0265099    0.0787122    0.132599    0.122993    0.0265099    
0.0786939    0.132546    0.122994    0.0265202    0.0786939    0.132546    0.122994    0.0265202    
0.0786773    0.132499    0.122995    0.0265295    0.0786773    0.132499    0.122995    0.0265295    
0.0786625    0.132456    0.122997    0.0265379    0.0786625    0.132456    0.122997    0.0265379    
0.0786495    0.132419    0.122998    0.0265452    0.0786495    0.132419    0.122998    0.0265452    
0.0786383    0.132386    0.122999    0.0265516    0.0786383    0.132386    0.122999    0.0265516    
0.078629    0.132359    0.122999    0.0265568    0.078629    0.132359    0.122999    0.0265568    
0.0786216    0.132338    0.123    0.0265611    0.0786216    0.132338    0.123    0.0265611    
0.078616    0.132322    0.123    0.0265643    0.078616    0.132322    0.123    0.0265643    
0.0786122    0.132311    0.123001    0.0265664    0.0786122    0.132311    0.123001    0.0265664    
0.0786102    0.132305    0.123001    0.0265676    0.0786102    0.132305    0.123001    0.0265676    
0.07861    0.132304    0.123001    0.0265677    0.07861    0.132304    0.123001    0.0265677    
0.0786114    0.132308    0.123001    0.0265669    0.0786114    0.132308    0.123001    0.0265669    
0.0786145    0.132316    0.123001    0.0265652    0.0786145    0.132316    0.123001    0.0265652    
0.0786191    0.132329    0.123    0.0265627    0.0786191    0.132329    0.123    0.0265627    
0.0786251    0.132347    0.123    0.0265593    0.0786251    0.132347    0.123    0.0265593    
0.0786325    0.132368    0.122999    0.0265551    0.0786325    0.132368    0.122999    0.0265551    
0.0786412    0.132393    0.122999    0.0265503    0.0786412    0.132393    0.122999    0.0265503    
0.078651    0.132421    0.122998    0.0265448    0.078651    0.132421    0.122998    0.0265448    
0.0786618    0.132452    0.122997    0.0265387    0.0786618    0.132452    0.122997    0.0265387    
0.0786736    0.132485    0.122996    0.0265321    0.0786736    0.132485    0.122996    0.0265321    
0.0786862    0.132521    0.122995    0.026525    0.0786862    0.132521    0.122995    0.026525    
0.0786995    0.132559    0.122994    0.0265176    0.0786995    0.132559    0.122994    0.0265176    
0.0787133    0.132599    0.122993    0.0265098    0.0787133    0.132599    0.122993    0.0265098    
0.0787276    0.13264    0.122992    0.0265018    0.0787276    0.13264    0.122992    0.0265018    
0.0787422    0.132681    0.12299    0.0264937    0.0787422    0.132681    0.12299    0.0264937    
0.078757    0.132724    0.122989    0.0264854    0.078757    0.132724    0.122989    0.0264854    
0.0787719    0.132766    0.122988    0.0264771    0.0787719    0.132766    0.122988    0.0264771    
0.0787868    0.132809    0.122987    0.0264688    0.0787868    0.132809    0.122987    0.0264688    
0.0788015    0.132851    0.122985    0.0264607    0.0788015    0.132851    0.122985    0.0264607    
0.0788159    0.132892    0.122984    0.0264526    0.0788159    0.132892    0.122984    0.0264526    
0.07883    0.132932    0.122983    0.0264448    0.07883    0.132932    0.122983    0.0264448    
0.0788436    0.132971    0.122982    0.0264372    0.0788436    0.132971    0.122982    0.0264372    
0.0788567    0.133009    0.12298    0.02643    0.0788567    0.133009    0.12298    0.02643    
0.0788692    0.133044    0.122979    0.0264231    0.0788692    0.133044    0.122979    0.0264231    
0.078881    0.133078    0.122978    0.0264166    0.078881    0.133078    0.122978    0.0264166    
0.078892    0.133109    0.122977    0.0264105    0.078892    0.133109    0.122977    0.0264105    
0.0789021    0.133138    0.122976    0.0264049    0.0789021    0.133138    0.122976    0.0264049    
0.0789114    0.133165    0.122975    0.0263997    0.0789114    0.133165    0.122975    0.0263997    
0.0789197    0.133188    0.122975    0.0263951    0.0789197    0.133188    0.122975    0.0263951    
0.0789271    0.13321    0.122974    0.0263911    0.0789271    0.13321    0.122974    0.0263911    
0.0789335    0.133228    0.122973    0.0263875    0.0789335    0.133228    0.122973    0.0263875    
0.0789389    0.133243    0.122973    0.0263846    0.0789389    0.133243    0.122973    0.0263846    
0.0789433    0.133256    0.122972    0.0263821    0.0789433    0.133256    0.122972    0.0263821    
0.0789466    0.133266    0.122972    0.0263803    0.0789466    0.133266    0.122972    0.0263803    
0.078949    0.133272    0.122972    0.026379    0.078949    0.133272    0.122972    0.026379    
0.0789504    0.133276    0.122972    0.0263782    0.0789504    0.133276    0.122972    0.0263782    
0.0789508    0.133278    0.122972    0.026378    0.0789508    0.133278    0.122972    0.026378    
0.0789502    0.133276    0.122972    0.0263783    0.0789502    0.133276    0.122972    0.0263783    
0.0789488    0.133272    0.122972    0.026379    0.0789488    0.133272    0.122972    0.026379    
0.0789465    0.133266    0.122972    0.0263803    0.0789465    0.133266    0.122972    0.0263803    
0.0789434    0.133257    0.122972    0.026382    0.0789434    0.133257    0.122972    0.026382    
0.0789395    0.133246    0.122973    0.0263841    0.0789395    0.133246    0.122973    0.0263841    
0.078935    0.133233    0.122973    0.0263866    0.078935    0.133233    0.122973    0.0263866    
0.0789298    0.133218    0.122974    0.0263894    0.0789298    0.133218    0.122974    0.0263894    
0.078924    0.133202    0.122974    0.0263926    0.078924    0.133202    0.122974    0.0263926    
0.0789177    0.133184    0.122975    0.0263961    0.0789177    0.133184    0.122975    0.0263961    
0.078911    0.133165    0.122975    0.0263998    0.078911    0.133165    0.122975    0.0263998    
0.0789038    0.133145    0.122976    0.0264037    0.0789038    0.133145    0.122976    0.0264037    
0.0788964    0.133124    0.122977    0.0264077    0.0788964    0.133124    0.122977    0.0264077    
0.0788888    0.133102    0.122977    0.026412    0.0788888    0.133102    0.122977    0.026412    
0.078881    0.13308    0.122978    0.0264163    0.078881    0.13308    0.122978    0.0264163    
0.0788731    0.133057    0.122979    0.0264206    0.0788731    0.133057    0.122979    0.0264206    
0.0788651    0.133034    0.122979    0.026425    0.0788651    0.133034    0.122979    0.026425    
0.0788572    0.133012    0.12298    0.0264294    0.0788572    0.133012    0.12298    0.0264294    
0.0788493    0.13299    0.122981    0.0264338    0.0788493    0.13299    0.122981    0.0264338    
0.0788416    0.132968    0.122982    0.026438    0.0788416    0.132968    0.122982    0.026438    
0.0788341    0.132946    0.122982    0.0264422    0.0788341    0.132946    0.122982    0.0264422    
0.0788269    0.132925    0.122983    0.0264462    0.0788269    0.132925    0.122983    0.0264462    
0.0788199    0.132906    0.122984    0.0264501    0.0788199    0.132906    0.122984    0.0264501    
0.0788133    0.132887    0.122984    0.0264538    0.0788133    0.132887    0.122984    0.0264538    
0.0788071    0.132869    0.122985    0.0264572    0.0788071    0.132869    0.122985    0.0264572    
0.0788013    0.132852    0.122985    0.0264605    0.0788013    0.132852    0.122985    0.0264605    
0.0787959    0.132837    0.122986    0.0264635    0.0787959    0.132837    0.122986    0.0264635    
0.078791    0.132823    0.122986    0.0264662    0.078791    0.132823    0.122986    0.0264662    
0.0787865    0.13281    0.122986    0.0264687    0.0787865    0.13281    0.122986    0.0264687    
0.0787826    0.132799    0.122987    0.0264709    0.0787826    0.132799    0.122987    0.0264709    
0.0787792    0.132789    0.122987    0.0264728    0.0787792    0.132789    0.122987    0.0264728    
0.0787763    0.132781    0.122987    0.0264744    0.0787763    0.132781    0.122987    0.0264744    
0.078774    0.132774    0.122988    0.0264757    0.078774    0.132774    0.122988    0.0264757    
0.0787722    0.132769    0.122988    0.0264767    0.0787722    0.132769    0.122988    0.0264767    
0.0787709    0.132765    0.122988    0.0264774    0.0787709    0.132765    0.122988    0.0264774    
0.0787701    0.132763    0.122988    0.0264779    0.0787701    0.132763    0.122988    0.0264779    
0.0787698    0.132762    0.122988    0.026478    0.0787698    0.132762    0.122988    0.026478    
0.07877    0.132762    0.122988    0.0264779    0.07877    0.132762    0.122988    0.0264779    
0.0787707    0.132764    0.122988    0.0264775    0.0787707    0.132764    0.122988    0.0264775    
0.0787719    0.132768    0.122988    0.0264769    0.0787719    0.132768    0.122988    0.0264769    
0.0787734    0.132772    0.122988    0.0264761    0.0787734    0.132772    0.122988    0.0264761    
0.0787754    0.132777    0.122987    0.026475    0.0787754    0.132777    0.122987    0.026475    
0.0787777    0.132784    0.122987    0.0264737    0.0787777    0.132784    0.122987    0.0264737    
0.0787804    0.132792    0.122987    0.0264722    0.0787804    0.132792    0.122987    0.0264722    
0.0787833    0.1328    0.122987    0.0264706    0.0787833    0.1328    0.122987    0.0264706    
0.0787866    0.132809    0.122987    0.0264688    0.0787866    0.132809    0.122987    0.0264688    
0.0787901    0.132819    0.122986    0.0264668    0.0787901    0.132819    0.122986    0.0264668    
0.0787938    0.13283    0.122986    0.0264648    0.0787938    0.13283    0.122986    0.0264648    
0.0787976    0.132841    0.122986    0.0264626    0.0787976    0.132841    0.122986    0.0264626    
0.0788016    0.132852    0.122985    0.0264604    0.0788016    0.132852    0.122985    0.0264604    
0.0788057    0.132864    0.122985    0.0264581    0.0788057    0.132864    0.122985    0.0264581    
0.0788099    0.132876    0.122984    0.0264558    0.0788099    0.132876    0.122984    0.0264558    
0.0788141    0.132888    0.122984    0.0264535    0.0788141    0.132888    0.122984    0.0264535    
0.0788183    0.1329    0.122984    0.0264512    0.0788183    0.1329    0.122984    0.0264512    
0.0788224    0.132912    0.122983    0.0264489    0.0788224    0.132912    0.122983    0.0264489    
0.0788265    0.132923    0.122983    0.0264466    0.0788265    0.132923    0.122983    0.0264466    
0.0788305    0.132935    0.122983    0.0264444    0.0788305    0.132935    0.122983    0.0264444    
0.0788344    0.132946    0.122982    0.0264422    0.0788344    0.132946    0.122982    0.0264422    
0.0788381    0.132956    0.122982    0.0264402    0.0788381    0.132956    0.122982    0.0264402    
0.0788416    0.132966    0.122982    0.0264382    0.0788416    0.132966    0.122982    0.0264382    
0.078845    0.132976    0.122981    0.0264363    0.078845    0.132976    0.122981    0.0264363    
0.0788482    0.132985    0.122981    0.0264346    0.0788482    0.132985    0.122981    0.0264346    
0.0788511    0.132993    0.122981    0.026433    0.0788511    0.132993    0.122981    0.026433    
0.0788537    0.133001    0.122981    0.0264315    0.0788537    0.133001    0.122981    0.0264315    
0.0788562    0.133008    0.12298    0.0264301    0.0788562    0.133008    0.12298    0.0264301    
0.0788583    0.133014    0.12298    0.0264289    0.0788583    0.133014    0.12298    0.0264289    
0.0788602    0.13302    0.12298    0.0264279    0.0788602    0.13302    0.12298    0.0264279    
0.0788618    0.133024    0.12298    0.026427    0.0788618    0.133024    0.12298    0.026427    
0.0788631    0.133028    0.12298    0.0264263    0.0788631    0.133028    0.12298    0.0264263    
0.0788641    0.133031    0.12298    0.0264257    0.0788641    0.133031    0.12298    0.0264257    
0.0788649    0.133033    0.12298    0.0264253    0.0788649    0.133033    0.12298    0.0264253    
0.0788654    0.133034    0.12298    0.026425    0.0788654    0.133034    0.12298    0.026425    
0.0788656    0.133035    0.12298    0.0264249    0.0788656    0.133035    0.12298    0.0264249    
0.0788655    0.133035    0.12298    0.0264249    0.0788655    0.133035    0.12298    0.0264249    
0.0788652    0.133034    0.12298    0.0264251    0.0788652    0.133034    0.12298    0.0264251    
0.0788646    0.133032    0.12298    0.0264254    0.0788646    0.133032    0.12298    0.0264254    
0.0788638    0.13303    0.12298    0.0264258    0.0788638    0.13303    0.12298    0.0264258    
0.0788628    0.133027    0.12298    0.0264264    0.0788628    0.133027    0.12298    0.0264264    
0.0788616    0.133024    0.12298    0.0264271    0.0788616    0.133024    0.12298    0.0264271    
0.0788602    0.13302    0.12298    0.0264278    0.0788602    0.13302    0.12298    0.0264278    
0.0788587    0.133016    0.12298    0.0264287    0.0788587    0.133016    0.12298    0.0264287    
0.078857    0.133011    0.12298    0.0264296    0.078857    0.133011    0.12298    0.0264296    
0.0788551    0.133006    0.12298    0.0264306    0.0788551    0.133006    0.12298    0.0264306    
0.0788532    0.133    0.122981    0.0264317    0.0788532    0.133    0.122981    0.0264317    
0.0788512    0.132994    0.122981    0.0264328    0.0788512    0.132994    0.122981    0.0264328    
0.078849    0.132988    0.122981    0.026434    0.078849    0.132988    0.122981    0.026434    
0.0788469    0.132982    0.122981    0.0264352    0.0788469    0.132982    0.122981    0.0264352    
0.0788447    0.132976    0.122981    0.0264364    0.0788447    0.132976    0.122981    0.0264364    
0.0788424    0.132969    0.122982    0.0264377    0.0788424    0.132969    0.122982    0.0264377    
0.0788402    0.132963    0.122982    0.0264389    0.0788402    0.132963    0.122982    0.0264389    
0.078838    0.132957    0.122982    0.0264401    0.078838    0.132957    0.122982    0.0264401    
0.0788358    0.13295    0.122982    0.0264413    0.0788358    0.13295    0.122982    0.0264413    
0.0788337    0.132944    0.122982    0.0264425    0.0788337    0.132944    0.122982    0.0264425    
0.0788316    0.132939    0.122983    0.0264436    0.0788316    0.132939    0.122983    0.0264436    
0.0788297    0.132933    0.122983    0.0264447    0.0788297    0.132933    0.122983    0.0264447    
0.0788278    0.132927    0.122983    0.0264458    0.0788278    0.132927    0.122983    0.0264458    
0.078826    0.132922    0.122983    0.0264468    0.078826    0.132922    0.122983    0.0264468    
0.0788243    0.132917    0.122983    0.0264477    0.0788243    0.132917    0.122983    0.0264477    
0.0788227    0.132913    0.122983    0.0264486    0.0788227    0.132913    0.122983    0.0264486    
0.0788213    0.132909    0.122983    0.0264494    0.0788213    0.132909    0.122983    0.0264494    
0.07882    0.132905    0.122984    0.0264501    0.07882    0.132905    0.122984    0.0264501    
0.0788188    0.132902    0.122984    0.0264508    0.0788188    0.132902    0.122984    0.0264508    
0.0788178    0.132899    0.122984    0.0264513    0.0788178    0.132899    0.122984    0.0264513    
0.078817    0.132896    0.122984    0.0264518    0.078817    0.132896    0.122984    0.0264518    
0.0788162    0.132894    0.122984    0.0264522    0.0788162    0.132894    0.122984    0.0264522    
0.0788157    0.132893    0.122984    0.0264525    0.0788157    0.132893    0.122984    0.0264525    
0.0788153    0.132892    0.122984    0.0264528    0.0788153    0.132892    0.122984    0.0264528    
0.078815    0.132891    0.122984    0.0264529    0.078815    0.132891    0.122984    0.0264529    
0.0788148    0.13289    0.122984    0.026453    0.0788148    0.13289    0.122984    0.026453    
0.0788149    0.13289    0.122984    0.026453    0.0788149    0.13289    0.122984    0.026453    
0.078815    0.132891    0.122984    0.0264529    0.078815    0.132891    0.122984    0.0264529    
0.0788153    0.132892    0.122984    0.0264528    0.0788153    0.132892    0.122984    0.0264528    
0.0788157    0.132893    0.122984    0.0264526    0.0788157    0.132893    0.122984    0.0264526    
0.0788162    0.132894    0.122984    0.0264523    0.0788162    0.132894    0.122984    0.0264523    
0.0788168    0.132896    0.122984    0.0264519    0.0788168    0.132896    0.122984    0.0264519    
0.0788175    0.132898    0.122984    0.0264515    0.0788175    0.132898    0.122984    0.0264515    
0.0788183    0.1329    0.122984    0.0264511    0.0788183    0.1329    0.122984    0.0264511    
0.0788192    0.132903    0.122984    0.0264506    0.0788192    0.132903    0.122984    0.0264506    
0.0788202    0.132905    0.122984    0.0264501    0.0788202    0.132905    0.122984    0.0264501    
0.0788212    0.132908    0.122983    0.0264495    0.0788212    0.132908    0.122983    0.0264495    
0.0788222    0.132911    0.122983    0.0264489    0.0788222    0.132911    0.122983    0.0264489    
0.0788233    0.132915    0.122983    0.0264483    0.0788233    0.132915    0.122983    0.0264483    
0.0788245    0.132918    0.122983    0.0264477    0.0788245    0.132918    0.122983    0.0264477    
0.0788257    0.132921    0.122983    0.026447    0.0788257    0.132921    0.122983    0.026447    
0.0788268    0.132924    0.122983    0.0264464    0.0788268    0.132924    0.122983    0.0264464    
0.078828    0.132928    0.122983    0.0264457    0.078828    0.132928    0.122983    0.0264457    
0.0788292    0.132931    0.122983    0.0264451    0.0788292    0.132931    0.122983    0.0264451    
0.0788303    0.132934    0.122983    0.0264444    0.0788303    0.132934    0.122983    0.0264444    
0.0788315    0.132938    0.122983    0.0264438    0.0788315    0.132938    0.122983    0.0264438    
0.0788326    0.132941    0.122982    0.0264432    0.0788326    0.132941    0.122982    0.0264432    
0.0788336    0.132944    0.122982    0.0264426    0.0788336    0.132944    0.122982    0.0264426    
0.0788346    0.132947    0.122982    0.026442    0.0788346    0.132947    0.122982    0.026442    
0.0788356    0.13295    0.122982    0.0264415    0.0788356    0.13295    0.122982    0.0264415    
0.0788365    0.132952    0.122982    0.026441    0.0788365    0.132952    0.122982    0.026441    
0.0788373    0.132954    0.122982    0.0264405    0.0788373    0.132954    0.122982    0.0264405    
0.0788381    0.132957    0.122982    0.0264401    0.0788381    0.132957    0.122982    0.0264401    
0.0788388    0.132959    0.122982    0.0264397    0.0788388    0.132959    0.122982    0.0264397    
0.0788395    0.132961    0.122982    0.0264394    0.0788395    0.132961    0.122982    0.0264394    
0.07884    0.132962    0.122982    0.0264391    0.07884    0.132962    0.122982    0.0264391    
0.0788405    0.132963    0.122982    0.0264388    0.0788405    0.132963    0.122982    0.0264388    
0.0788409    0.132965    0.122982    0.0264386    0.0788409    0.132965    0.122982    0.0264386    
0.0788412    0.132966    0.122982    0.0264384    0.0788412    0.132966    0.122982    0.0264384    
0.0788414    0.132966    0.122982    0.0264383    0.0788414    0.132966    0.122982    0.0264383    
0.0788416    0.132967    0.122982    0.0264382    0.0788416    0.132967    0.122982    0.0264382    
0.0788417    0.132967    0.122982    0.0264381    0.0788417    0.132967    0.122982    0.0264381    
0.0788417    0.132967    0.122982    0.0264381    0.0788417    0.132967    0.122982    0.0264381    
0.0788416    0.132967    0.122982    0.0264381    0.0788416    0.132967    0.122982    0.0264381    
0.0788415    0.132966    0.122982    0.0264382    0.0788415    0.132966    0.122982    0.0264382    
0.0788413    0.132966    0.122982    0.0264383    0.0788413    0.132966    0.122982    0.0264383    
0.078841    0.132965    0.122982    0.0264385    0.078841    0.132965    0.122982    0.0264385    
0.0788407    0.132964    0.122982    0.0264386    0.0788407    0.132964    0.122982    0.0264386    
0.0788404    0.132963    0.122982    0.0264388    0.0788404    0.132963    0.122982    0.0264388    
0.0788399    0.132962    0.122982    0.0264391    0.0788399    0.132962    0.122982    0.0264391    
0.0788395    0.132961    0.122982    0.0264393    0.0788395    0.132961    0.122982    0.0264393    
0.078839    0.132959    0.122982    0.0264396    0.078839    0.132959    0.122982    0.0264396    
0.0788384    0.132958    0.122982    0.0264399    0.0788384    0.132958    0.122982    0.0264399    
0.0788379    0.132956    0.122982    0.0264402    0.0788379    0.132956    0.122982    0.0264402    
0.0788373    0.132954    0.122982    0.0264405    0.0788373    0.132954    0.122982    0.0264405    
0.0788367    0.132953    0.122982    0.0264409    0.0788367    0.132953    0.122982    0.0264409    
0.0788361    0.132951    0.122982    0.0264412    0.0788361    0.132951    0.122982    0.0264412    
0.0788354    0.132949    0.122982    0.0264416    0.0788354    0.132949    0.122982    0.0264416    
0.0788348    0.132947    0.122982    0.0264419    0.0788348    0.132947    0.122982    0.0264419    
0.0788342    0.132946    0.122982    0.0264423    0.0788342    0.132946    0.122982    0.0264423    
0.0788336    0.132944    0.122982    0.0264426    0.0788336    0.132944    0.122982    0.0264426    
0.078833    0.132942    0.122982    0.0264429    0.078833    0.132942    0.122982    0.0264429    
0.0788324    0.132941    0.122982    0.0264433    0.0788324    0.132941    0.122982    0.0264433    
0.0788318    0.132939    0.122983    0.0264436    0.0788318    0.132939    0.122983    0.0264436    
0.0788313    0.132937    0.122983    0.0264439    0.0788313    0.132937    0.122983    0.0264439    
0.0788308    0.132936    0.122983    0.0264442    0.0788308    0.132936    0.122983    0.0264442    
0.0788303    0.132935    0.122983    0.0264444    0.0788303    0.132935    0.122983    0.0264444    
0.0788298    0.132933    0.122983    0.0264447    0.0788298    0.132933    0.122983    0.0264447    
0.0788294    0.132932    0.122983    0.0264449    0.0788294    0.132932    0.122983    0.0264449    
0.078829    0.132931    0.122983    0.0264451    0.078829    0.132931    0.122983    0.0264451    
0.0788287    0.13293    0.122983    0.0264453    0.0788287    0.13293    0.122983    0.0264453    
0.0788284    0.132929    0.122983    0.0264455    0.0788284    0.132929    0.122983    0.0264455    
0.0788281    0.132928    0.122983    0.0264456    0.0788281    0.132928    0.122983    0.0264456    
0.0788279    0.132928    0.122983    0.0264457    0.0788279    0.132928    0.122983    0.0264457    
0.0788278    0.132927    0.122983    0.0264458    0.0788278    0.132927    0.122983    0.0264458    
0.0788276    0.132927    0.122983    0.0264459    0.0788276    0.132927    0.122983    0.0264459    
0.0788275    0.132927    0.122983    0.026446    0.0788275    0.132927    0.122983    0.026446    
0.0788275    0.132926    0.122983    0.026446    0.0788275    0.132926    0.122983    0.026446    
0.0788275    0.132926    0.122983    0.026446    0.0788275    0.132926    0.122983    0.026446    
0.0788275    0.132926    0.122983    0.026446    0.0788275    0.132926    0.122983    0.026446    
0.0788276    0.132927    0.122983    0.0264459    0.0788276    0.132927    0.122983    0.0264459    
0.0788277    0.132927    0.122983    0.0264459    0.0788277    0.132927    0.122983    0.0264459    
0.0788278    0.132927    0.122983    0.0264458    0.0788278    0.132927    0.122983    0.0264458    
0.0788279    0.132928    0.122983    0.0264457    0.0788279    0.132928    0.122983    0.0264457    
0.0788281    0.132928    0.122983    0.0264456    0.0788281    0.132928    0.122983    0.0264456    
0.0788284    0.132929    0.122983    0.0264455    0.0788284    0.132929    0.122983    0.0264455    
0.0788286    0.13293    0.122983    0.0264454    0.0788286    0.13293    0.122983    0.0264454    
0.0788289    0.13293    0.122983    0.0264452    0.0788289    0.13293    0.122983    0.0264452    
0.0788291    0.132931    0.122983    0.0264451    0.0788291    0.132931    0.122983    0.0264451    
0.0788294    0.132932    0.122983    0.0264449    0.0788294    0.132932    0.122983    0.0264449    
0.0788297    0.132933    0.122983    0.0264447    0.0788297    0.132933    0.122983    0.0264447    
0.0788301    0.132934    0.122983    0.0264446    0.0788301    0.132934    0.122983    0.0264446    
0.0788304    0.132935    0.122983    0.0264444    0.0788304    0.132935    0.122983    0.0264444    
0.0788307    0.132936    0.122983    0.0264442    0.0788307    0.132936    0.122983    0.0264442    
0.078831    0.132937    0.122983    0.026444    0.078831    0.132937    0.122983    0.026444    
0.0788314    0.132937    0.122983    0.0264438    0.0788314    0.132937    0.122983    0.0264438    
0.0788317    0.132938    0.122983    0.0264437    0.0788317    0.132938    0.122983    0.0264437    
0.078832    0.132939    0.122983    0.0264435    0.078832    0.132939    0.122983    0.0264435    
0.0788323    0.13294    0.122982    0.0264433    0.0788323    0.13294    0.122982    0.0264433    
0.0788326    0.132941    0.122982    0.0264431    0.0788326    0.132941    0.122982    0.0264431    
0.0788329    0.132942    0.122982    0.026443    0.0788329    0.132942    0.122982    0.026443    
0.0788332    0.132943    0.122982    0.0264428    0.0788332    0.132943    0.122982    0.0264428    
0.0788335    0.132943    0.122982    0.0264427    0.0788335    0.132943    0.122982    0.0264427    
0.0788337    0.132944    0.122982    0.0264425    0.0788337    0.132944    0.122982    0.0264425    
0.0788339    0.132945    0.122982    0.0264424    0.0788339    0.132945    0.122982    0.0264424    
0.0788341    0.132945    0.122982    0.0264423    0.0788341    0.132945    0.122982    0.0264423    
0.0788343    0.132946    0.122982    0.0264422    0.0788343    0.132946    0.122982    0.0264422    
0.0788345    0.132946    0.122982    0.0264421    0.0788345    0.132946    0.122982    0.0264421    
0.0788346    0.132947    0.122982    0.026442    0.0788346    0.132947    0.122982    0.026442    
0.0788347    0.132947    0.122982    0.026442    0.0788347    0.132947    0.122982    0.026442    
0.0788348    0.132947    0.122982    0.0264419    0.0788348    0.132947    0.122982    0.0264419    
0.0788349    0.132948    0.122982    0.0264419    0.0788349    0.132948    0.122982    0.0264419    
0.078835    0.132948    0.122982    0.0264418    0.078835    0.132948    0.122982    0.0264418    
0.078835    0.132948    0.122982    0.0264418    0.078835    0.132948    0.122982    0.0264418    
0.078835    0.132948    0.122982    0.0264418    0.078835    0.132948    0.122982    0.0264418    
0.078835    0.132948    0.122982    0.0264418    0.078835    0.132948    0.122982    0.0264418    
0.078835    0.132948    0.122982    0.0264418    0.078835    0.132948    0.122982    0.0264418    
0.0788349    0.132948    0.122982    0.0264419    0.0788349    0.132948    0.122982    0.0264419    
0.0788348    0.132947    0.122982    0.0264419    0.0788348    0.132947    0.122982    0.0264419    
0.0788348    0.132947    0.122982    0.0264419    0.0788348    0.132947    0.122982    0.0264419    
0.0788347    0.132947    0.122982    0.026442    0.0788347    0.132947    0.122982    0.026442    
0.0788346    0.132947    0.122982    0.0264421    0.0788346    0.132947    0.122982    0.0264421    
0.0788344    0.132946    0.122982    0.0264421    0.0788344    0.132946    0.122982    0.0264421    
0.0788343    0.132946    0.122982    0.0264422    0.0788343    0.132946    0.122982    0.0264422    
0.0788341    0.132945    0.122982    0.0264423    0.0788341    0.132945    0.122982    0.0264423    
0.078834    0.132945    0.122982    0.0264424    0.078834    0.132945    0.122982    0.0264424    
0.0788338    0.132945    0.122982    0.0264425    0.0788338    0.132945    0.122982    0.0264425    
0.0788337    0.132944    0.122982    0.0264426    0.0788337    0.132944    0.122982    0.0264426    
0.0788335    0.132944    0.122982    0.0264427    0.0788335    0.132944    0.122982    0.0264427    
0.0788333    0.132943    0.122982    0.0264427    0.0788333    0.132943    0.122982    0.0264427    
0.0788331    0.132943    0.122982    0.0264428    0.0788331    0.132943    0.122982    0.0264428    
0.078833    0.132942    0.122982    0.0264429    0.078833    0.132942    0.122982    0.0264429    
0.0788328    0.132942    0.122982    0.026443    0.0788328    0.132942    0.122982    0.026443    
0.0788326    0.132941    0.122982    0.0264431    0.0788326    0.132941    0.122982    0.0264431    
0.0788325    0.132941    0.122982    0.0264432    0.0788325    0.132941    0.122982    0.0264432    
0.0788323    0.13294    0.122982    0.0264433    0.0788323    0.13294    0.122982    0.0264433    
0.0788321    0.13294    0.122982    0.0264434    0.0788321    0.13294    0.122982    0.0264434    
0.078832    0.132939    0.122983    0.0264435    0.078832    0.132939    0.122983    0.0264435    
0.0788319    0.132939    0.122983    0.0264436    0.0788319    0.132939    0.122983    0.0264436    
0.0788317    0.132939    0.122983    0.0264436    0.0788317    0.132939    0.122983    0.0264436    
0.0788316    0.132938    0.122983    0.0264437    0.0788316    0.132938    0.122983    0.0264437    
0.0788315    0.132938    0.122983    0.0264438    0.0788315    0.132938    0.122983    0.0264438    
0.0788314    0.132938    0.122983    0.0264438    0.0788314    0.132938    0.122983    0.0264438    
0.0788313    0.132937    0.122983    0.0264439    0.0788313    0.132937    0.122983    0.0264439    
0.0788312    0.132937    0.122983    0.0264439    0.0788312    0.132937    0.122983    0.0264439    
0.0788312    0.132937    0.122983    0.0264439    0.0788312    0.132937    0.122983    0.0264439    
0.0788311    0.132937    0.122983    0.026444    0.0788311    0.132937    0.122983    0.026444    
0.0788311    0.132937    0.122983    0.026444    0.0788311    0.132937    0.122983    0.026444    
0.078831    0.132937    0.122983    0.026444    0.078831    0.132937    0.122983    0.026444    
0.078831    0.132937    0.122983    0.026444    0.078831    0.132937    0.122983    0.026444    
0.078831    0.132936    0.122983    0.026444    0.078831    0.132936    0.122983    0.026444    
0.078831    0.132937    0.122983    0.026444    0.078831    0.132937    0.122983    0.026444    
0.078831    0.132937    0.122983    0.026444    0.078831    0.132937    0.122983    0.026444    
0.0788311    0.132937    0.122983    0.026444    0.0788311    0.132937    0.122983    0.026444    
0.0788311    0.132937    0.122983    0.026444    0.0788311    0.132937    0.122983    0.026444    
0.0788311    0.132937    0.122983    0.026444    0.0788311    0.132937    0.122983    0.026444    
0.0788312    0.132937    0.122983    0.0264439    0.0788312    0.132937    0.122983    0.0264439    
0.0788312    0.132937    0.122983    0.0264439    0.0788312    0.132937    0.122983    0.0264439    
0.0788313    0.132937    0.122983    0.0264439    0.0788313    0.132937    0.122983    0.0264439    
0.0788314    0.132938    0.122983    0.0264438    0.0788314    0.132938    0.122983    0.0264438    
0.0788314    0.132938    0.122983    0.0264438    0.0788314    0.132938    0.122983    0.0264438    
0.0788315    0.132938    0.122983    0.0264437    0.0788315    0.132938    0.122983    0.0264437    
0.0788316    0.132938    0.122983    0.0264437    0.0788316    0.132938    0.122983    0.0264437    
0.0788317    0.132938    0.122983    0.0264436    0.0788317    0.132938    0.122983    0.0264436    
0.0788318    0.132939    0.122983    0.0264436    0.0788318    0.132939    0.122983    0.0264436    
0.0788319    0.132939    0.122983    0.0264435    0.0788319    0.132939    0.122983    0.0264435    
0.078832    0.132939    0.122983    0.0264435    0.078832    0.132939    0.122983    0.0264435    
0.0788321    0.13294    0.122983    0.0264434    0.0788321    0.13294    0.122983    0.0264434    
0.0788322    0.13294    0.122982    0.0264434    0.0788322    0.13294    0.122982    0.0264434    
0.0788323    0.13294    0.122982    0.0264433    0.0788323    0.13294    0.122982    0.0264433    
0.0788323    0.13294    0.122982    0.0264433    0.0788323    0.13294    0.122982    0.0264433    
0.0788324    0.132941    0.122982    0.0264432    0.0788324    0.132941    0.122982    0.0264432    
0.0788325    0.132941    0.122982    0.0264432    0.0788325    0.132941    0.122982    0.0264432    
0.0788326    0.132941    0.122982    0.0264432    0.0788326    0.132941    0.122982    0.0264432    
0.0788327    0.132941    0.122982    0.0264431    0.0788327    0.132941    0.122982    0.0264431    
0.0788327    0.132941    0.122982    0.0264431    0.0788327    0.132941    0.122982    0.0264431    
0.0788328    0.132942    0.122982    0.026443    0.0788328    0.132942    0.122982    0.026443    
0.0788329    0.132942    0.122982    0.026443    0.0788329    0.132942    0.122982    0.026443    
0.0788329    0.132942    0.122982    0.026443    0.0788329    0.132942    0.122982    0.026443    
0.078833    0.132942    0.122982    0.0264429    0.078833    0.132942    0.122982    0.0264429    
0.078833    0.132942    0.122982    0.0264429    0.078833    0.132942    0.122982    0.0264429    
0.078833    0.132942    0.122982    0.0264429    0.078833    0.132942    0.122982    0.0264429    
0.0788331    0.132942    0.122982    0.0264429    0.0788331    0.132942    0.122982    0.0264429    
0.0788331    0.132942    0.122982    0.0264429    0.0788331    0.132942    0.122982    0.0264429    
0.0788331    0.132942    0.122982    0.0264429    0.0788331    0.132942    0.122982    0.0264429    
0.0788331    0.132943    0.122982    0.0264429    0.0788331    0.132943    0.122982    0.0264429    
0.0788331    0.132943    0.122982    0.0264429    0.0788331    0.132943    0.122982    0.0264429    
0.0788331    0.132943    0.122982    0.0264429    0.0788331    0.132943    0.122982    0.0264429    
0.0788331    0.132943    0.122982    0.0264429    0.0788331    0.132943    0.122982    0.0264429    
0.0788331    0.132942    0.122982    0.0264429    0.0788331    0.132942    0.122982    0.0264429    
0.0788331    0.132942    0.122982    0.0264429    0.0788331    0.132942    0.122982    0.0264429    
0.0788331    0.132942    0.122982    0.0264429    0.0788331    0.132942    0.122982    0.0264429    
0.078833    0.132942    0.122982    0.0264429    0.078833    0.132942    0.122982    0.0264429    
0.078833    0.132942    0.122982    0.0264429    0.078833    0.132942    0.122982    0.0264429    
0.078833    0.132942    0.122982    0.0264429    0.078833    0.132942    0.122982    0.0264429    
0.0788329    0.132942    0.122982    0.026443    0.0788329    0.132942    0.122982    0.026443    
0.0788329    0.132942    0.122982    0.026443    0.0788329    0.132942    0.122982    0.026443    
0.0788329    0.132942    0.122982    0.026443    0.0788329    0.132942    0.122982    0.026443    
0.0788328    0.132942    0.122982    0.026443    0.0788328    0.132942    0.122982    0.026443    
0.0788328    0.132942    0.122982    0.0264431    0.0788328    0.132942    0.122982    0.0264431    
0.0788327    0.132941    0.122982    0.0264431    0.0788327    0.132941    0.122982    0.0264431    
0.0788327    0.132941    0.122982    0.0264431    0.0788327    0.132941    0.122982    0.0264431    
0.0788326    0.132941    0.122982    0.0264431    0.0788326    0.132941    0.122982    0.0264431    
0.0788326    0.132941    0.122982    0.0264432    0.0788326    0.132941    0.122982    0.0264432    
0.0788325    0.132941    0.122982    0.0264432    0.0788325    0.132941    0.122982    0.0264432    
0.0788325    0.132941    0.122982    0.0264432    0.0788325    0.132941    0.122982    0.0264432    
0.0788324    0.132941    0.122982    0.0264432    0.0788324    0.132941    0.122982    0.0264432    
0.0788324    0.13294    0.122982    0.0264433    0.0788324    0.13294    0.122982    0.0264433    
0.0788323    0.13294    0.122982    0.0264433    0.0788323    0.13294    0.122982    0.0264433    
0.0788323    0.13294    0.122982    0.0264433    0.0788323    0.13294    0.122982    0.0264433    
0.0788323    0.13294    0.122982    0.0264433    0.0788323    0.13294    0.122982    0.0264433    
0.0788322    0.13294    0.122982    0.0264434    0.0788322    0.13294    0.122982    0.0264434    
0.0788322    0.13294    0.122982    0.0264434    0.0788322    0.13294    0.122982    0.0264434    
0.0788322    0.13294    0.122982    0.0264434    0.0788322    0.13294    0.122982    0.0264434    
0.0788321    0.13294    0.122982    0.0264434    0.0788321    0.13294    0.122982    0.0264434    
0.0788321    0.13294    0.122982    0.0264434    0.0788321    0.13294    0.122982    0.0264434    
0.0788321    0.13294    0.122982    0.0264434    0.0788321    0.13294    0.122982    0.0264434    
0.0788321    0.132939    0.122983    0.0264435    0.0788321    0.132939    0.122983    0.0264435    
0.078832    0.132939    0.122983    0.0264435    0.078832    0.132939    0.122983    0.0264435    
0.078832    0.132939    0.122983    0.0264435    0.078832    0.132939    0.122983    0.0264435    
0.078832    0.132939    0.122983    0.0264435    0.078832    0.132939    0.122983    0.0264435    
0.078832    0.132939    0.122983    0.0264435    0.078832    0.132939    0.122983    0.0264435    
0.078832    0.132939    0.122983    0.0264435    0.078832    0.132939    0.122983    0.0264435    
0.078832    0.132939    0.122983    0.0264435    0.078832    0.132939    0.122983    0.0264435    
0.078832    0.132939    0.122983    0.0264435    0.078832    0.132939    0.122983    0.0264435    
0.078832    0.132939    0.122983    0.0264435    0.078832    0.132939    0.122983    0.0264435    
0.078832    0.132939    0.122983    0.0264435    0.078832    0.132939    0.122983    0.0264435    
0.078832    0.132939    0.122983    0.0264435    0.078832    0.132939    0.122983    0.0264435    
0.078832    0.132939    0.122983    0.0264435    0.078832    0.132939    0.122983    0.0264435    
0.0788321    0.132939    0.122983    0.0264434    0.0788321    0.132939    0.122983    0.0264434    
0.0788321    0.13294    0.122982    0.0264434    0.0788321    0.13294    0.122982    0.0264434    
0.0788321    0.13294    0.122982    0.0264434    0.0788321    0.13294    0.122982    0.0264434    
0.0788321    0.13294    0.122982    0.0264434    0.0788321    0.13294    0.122982    0.0264434    
0.0788321    0.13294    0.122982    0.0264434    0.0788321    0.13294    0.122982    0.0264434    
0.0788322    0.13294    0.122982    0.0264434    0.0788322    0.13294    0.122982    0.0264434    
0.0788322    0.13294    0.122982    0.0264434    0.0788322    0.13294    0.122982    0.0264434    
0.0788322    0.13294    0.122982    0.0264434    0.0788322    0.13294    0.122982    0.0264434    
0.0788322    0.13294    0.122982    0.0264433    0.0788322    0.13294    0.122982    0.0264433    
0.0788323    0.13294    0.122982    0.0264433    0.0788323    0.13294    0.122982    0.0264433    
0.0788323    0.13294    0.122982    0.0264433    0.0788323    0.13294    0.122982    0.0264433    
0.0788323    0.13294    0.122982    0.0264433    0.0788323    0.13294    0.122982    0.0264433    
0.0788323    0.13294    0.122982    0.0264433    0.0788323    0.13294    0.122982    0.0264433    
0.0788324    0.13294    0.122982    0.0264433    0.0788324    0.13294    0.122982    0.0264433    
0.0788324    0.13294    0.122982    0.0264433    0.0788324    0.13294    0.122982    0.0264433    
0.0788324    0.132941    0.122982    0.0264433    0.0788324    0.132941    0.122982    0.0264433    
0.0788324    0.132941    0.122982    0.0264432    0.0788324    0.132941    0.122982    0.0264432    
0.0788325    0.132941    0.122982    0.0264432    0.0788325    0.132941    0.122982    0.0264432    
0.0788325    0.132941    0.122982    0.0264432    0.0788325    0.132941    0.122982    0.0264432    
0.0788325    0.132941    0.122982    0.0264432    0.0788325    0.132941    0.122982    0.0264432    
0.0788325    0.132941    0.122982    0.0264432    0.0788325    0.132941    0.122982    0.0264432    
0.0788325    0.132941    0.122982    0.0264432    0.0788325    0.132941    0.122982    0.0264432    
0.0788325    0.132941    0.122982    0.0264432    0.0788325    0.132941    0.122982    0.0264432    
0.0788326    0.132941    0.122982    0.0264432    0.0788326    0.132941    0.122982    0.0264432    
0.0788326    0.132941    0.122982    0.0264432    0.0788326    0.132941    0.122982    0.0264432    
0.0788326    0.132941    0.122982    0.0264432    0.0788326    0.132941    0.122982    0.0264432    
0.0788326    0.132941    0.122982    0.0264432    0.0788326    0.132941    0.122982    0.0264432    
0.0788326    0.132941    0.122982    0.0264432    0.0788326    0.132941    0.122982    0.0264432    
0.0788326    0.132941    0.122982    0.0264432    0.0788326    0.132941    0.122982    0.0264432    
0.0788326    0.132941    0.122982    0.0264432    0.0788326    0.132941    0.122982    0.0264432    
0.0788326    0.132941    0.122982    0.0264432    0.0788326    0.132941    0.122982    0.0264432    
0.0788326    0.132941    0.122982    0.0264432    0.0788326    0.132941    0.122982    0.0264432    
0.0788326    0.132941    0.122982    0.0264432    0.0788326    0.132941    0.122982    0.0264432    
0.0788326    0.132941    0.122982    0.0264432    0.0788326    0.132941    0.122982    0.0264432    
0.0788326    0.132941    0.122982    0.0264432    0.0788326    0.132941    0.122982    0.0264432    
0.0788326    0.132941    0.122982    0.0264432    0.0788326    0.132941    0.122982    0.0264432    
0.0788326    0.132941    0.122982    0.0264432    0.0788326    0.132941    0.122982    0.0264432    
0.0788326    0.132941    0.122982    0.0264432    0.0788326    0.132941    0.122982    0.0264432    
0.0788325    0.132941    0.122982    0.0264432    0.0788325    0.132941    0.122982    0.0264432    
0.0788325    0.132941    0.122982    0.0264432    0.0788325    0.132941    0.122982    0.0264432    
0.0788325    0.132941    0.122982    0.0264432    0.0788325    0.132941    0.122982    0.0264432    
0.0788325    0.132941    0.122982    0.0264432    0.0788325    0.132941    0.122982    0.0264432    
0.0788325    0.132941    0.122982    0.0264432    0.0788325    0.132941    0.122982    0.0264432    
0.0788325    0.132941    0.122982    0.0264432    0.0788325    0.132941    0.122982    0.0264432    
0.0788325    0.132941    0.122982    0.0264432    0.0788325    0.132941    0.122982    0.0264432    
0.0788325    0.132941    0.122982    0.0264432    0.0788325    0.132941    0.122982    0.0264432    
0.0788324    0.132941    0.122982    0.0264432    0.0788324    0.132941    0.122982    0.0264432    
0.0788324    0.132941    0.122982    0.0264432    0.0788324    0.132941    0.122982    0.0264432    
0.0788324    0.132941    0.122982    0.0264432    0.0788324    0.132941    0.122982    0.0264432    
0.0788324    0.13294    0.122982    0.0264433    0.0788324    0.13294    0.122982    0.0264433    
0.0788324    0.13294    0.122982    0.0264433    0.0788324    0.13294    0.122982    0.0264433    
0.0788324    0.13294    0.122982    0.0264433    0.0788324    0.13294    0.122982    0.0264433    
0.0788324    0.13294    0.122982    0.0264433    0.0788324    0.13294    0.122982    0.0264433    
0.0788324    0.13294    0.122982    0.0264433    0.0788324    0.13294    0.122982    0.0264433    
0.0788323    0.13294    0.122982    0.0264433    0.0788323    0.13294    0.122982    0.0264433    
0.0788323    0.13294    0.122982    0.0264433    0.0788323    0.13294    0.122982    0.0264433    
0.0788323    0.13294    0.122982    0.0264433    0.0788323    0.13294    0.122982    0.0264433    
0.0788323    0.13294    0.122982    0.0264433    0.0788323    0.13294    0.122982    0.0264433    
0.0788323    0.13294    0.122982    0.0264433    0.0788323    0.13294    0.122982    0.0264433    
0.0788323    0.13294    0.122982    0.0264433    0.0788323    0.13294    0.122982    0.0264433    
0.0788323    0.13294    0.122982    0.0264433    0.0788323    0.13294    0.122982    0.0264433    
0.0788323    0.13294    0.122982    0.0264433    0.0788323    0.13294    0.122982    0.0264433    
0.0788323    0.13294    0.122982    0.0264433    0.0788323    0.13294    0.122982    0.0264433    
0.0788323    0.13294    0.122982    0.0264433    0.0788323    0.13294    0.122982    0.0264433    
0.0788323    0.13294    0.122982    0.0264433    0.0788323    0.13294    0.122982    0.0264433    
0.0788323    0.13294    0.122982    0.0264433    0.0788323    0.13294    0.122982    0.0264433    
0.0788323    0.13294    0.122982    0.0264433    0.0788323    0.13294    0.122982    0.0264433    
0.0788323    0.13294    0.122982    0.0264433    0.0788323    0.13294    0.122982    0.0264433    
0.0788323    0.13294    0.122982    0.0264433    0.0788323    0.13294    0.122982    0.0264433    
0.0788323    0.13294    0.122982    0.0264433    0.0788323    0.13294    0.122982    0.0264433    
0.0788323    0.13294    0.122982    0.0264433    0.0788323    0.13294    0.122982    0.0264433    
0.0788323    0.13294    0.122982    0.0264433    0.0788323    0.13294    0.122982    0.0264433    
0.0788323    0.13294    0.122982    0.0264433    0.0788323    0.13294    0.122982    0.0264433    
0.0788323    0.13294    0.122982    0.0264433    0.0788323    0.13294    0.122982    0.0264433    
0.0788323    0.13294    0.122982    0.0264433    0.0788323    0.13294    0.122982    0.0264433    
0.0788323    0.13294    0.122982    0.0264433    0.0788323    0.13294    0.122982    0.0264433    
0.0788323    0.13294    0.122982    0.0264433    0.0788323    0.13294    0.122982    0.0264433    
0.0788323    0.13294    0.122982    0.0264433    0.0788323    0.13294    0.122982    0.0264433    
0.0788323    0.13294    0.122982    0.0264433    0.0788323    0.13294    0.122982    0.0264433    
0.0788323    0.13294    0.122982    0.0264433    0.0788323    0.13294    0.122982    0.0264433    
0.0788323    0.13294    0.122982    0.0264433    0.0788323    0.13294    0.122982    0.0264433    
0.0788324    0.13294    0.122982    0.0264433    0.0788324    0.13294    0.122982    0.0264433    
0.0788324    0.13294    0.122982    0.0264433    0.0788324    0.13294    0.122982    0.0264433    
0.0788324    0.13294    0.122982    0.0264433    0.0788324    0.13294    0.122982    0.0264433    
0.0788324    0.13294    0.122982    0.0264433    0.0788324    0.13294    0.122982    0.0264433    
0.0788324    0.13294    0.122982    0.0264433    0.0788324    0.13294    0.122982    0.0264433    
0.0788324    0.13294    0.122982    0.0264433    0.0788324    0.13294    0.122982    0.0264433    
0.0788324    0.13294    0.122982    0.0264433    0.0788324    0.13294    0.122982    0.0264433    
0.0788324    0.13294    0.122982    0.0264433    0.0788324    0.13294    0.122982    0.0264433    
0.0788324    0.13294    0.122982    0.0264433    0.0788324    0.13294    0.122982    0.0264433    
0.0788324    0.132941    0.122982    0.0264433    0.0788324    0.132941    0.122982    0.0264433    
0.0788324    0.132941    0.122982    0.0264432    0.0788324    0.132941    0.122982    0.0264432    
0.0788324    0.132941    0.122982    0.0264432    0.0788324    0.132941    0.122982    0.0264432    
0.0788324    0.132941    0.122982    0.0264432    0.0788324    0.132941    0.122982    0.0264432    
0.0788324    0.132941    0.122982    0.0264432    0.0788324    0.132941    0.122982    0.0264432    
0.0788324    0.132941    0.122982    0.0264432    0.0788324    0.132941    0.122982    0.0264432    
0.0788324    0.132941    0.122982    0.0264432    0.0788324    0.132941    0.122982    0.0264432    
0.0788324    0.132941    0.122982    0.0264432    0.0788324    0.132941    0.122982    0.0264432    
0.0788324    0.132941    0.122982    0.0264432    0.0788324    0.132941    0.122982    0.0264432    
0.0788324    0.132941    0.122982    0.0264432    0.0788324    0.132941    0.122982    0.0264432    
0.0788324    0.132941    0.122982    0.0264432    0.0788324    0.132941    0.122982    0.0264432    
0.0788324    0.132941    0.122982    0.0264432    0.0788324    0.132941    0.122982    0.0264432    
0.0788324    0.132941    0.122982    0.0264432    0.0788324    0.132941    0.122982    0.0264432    
0.0788324    0.132941    0.122982    0.0264432    0.0788324    0.132941    0.122982    0.0264432    
0.0788324    0.132941    0.122982    0.0264432    0.0788324    0.132941    0.122982    0.0264432    
0.0788324    0.132941    0.122982    0.0264432    0.0788324    0.132941    0.122982    0.0264432    
0.0788324    0.132941    0.122982    0.0264432    0.0788324    0.132941    0.122982    0.0264432    
0.0788324    0.132941    0.122982    0.0264432    0.0788324    0.132941    0.122982    0.0264432    
0.0788324    0.132941    0.122982    0.0264432    0.0788324    0.132941    0.122982    0.0264432    
0.0788324    0.132941    0.122982    0.0264432    0.0788324    0.132941    0.122982    0.0264432    
0.0788324    0.132941    0.122982    0.0264432    0.0788324    0.132941    0.122982    0.0264432    
0.0788324    0.132941    0.122982    0.0264432    0.0788324    0.132941    0.122982    0.0264432    
0.0788324    0.132941    0.122982    0.0264432    0.0788324    0.132941    0.122982    0.0264432    
0.0788324    0.132941    0.122982    0.0264432    0.0788324    0.132941    0.122982    0.0264432    
0.0788324    0.132941    0.122982    0.0264432    0.0788324    0.132941    0.122982    0.0264432    
0.0788324    0.132941    0.122982    0.0264432    0.0788324    0.132941    0.122982    0.0264432    
0.0788324    0.132941    0.122982    0.0264433    0.0788324    0.132941    0.122982    0.0264433    
0.0788324    0.13294    0.122982    0.0264433    0.0788324    0.13294    0.122982    0.0264433    
0.0788324    0.13294    0.122982    0.0264433    0.0788324    0.13294    0.122982    0.0264433    
0.0788324    0.13294    0.122982    0.0264433    0.0788324    0.13294    0.122982    0.0264433    
0.0788324    0.13294    0.122982    0.0264433    0.0788324    0.13294    0.122982    0.0264433    
0.0788324    0.13294    0.122982    0.0264433    0.0788324    0.13294    0.122982    0.0264433    
0.0788324    0.13294    0.122982    0.0264433    0.0788324    0.13294    0.122982    0.0264433    
0.0788324    0.13294    0.122982    0.0264433    0.0788324    0.13294    0.122982    0.0264433    
0.0788324    0.13294    0.122982    0.0264433    0.0788324    0.13294    0.122982    0.0264433    
0.0788324    0.13294    0.122982    0.0264433    0.0788324    0.13294    0.122982    0.0264433    
0.0788324    0.13294    0.122982    0.0264433    0.0788324    0.13294    0.122982    0.0264433    
0.0788324    0.13294    0.122982    0.0264433    0.0788324    0.13294    0.122982    0.0264433    
0.0788324    0.13294    0.122982    0.0264433    0.0788324    0.13294    0.122982    0.0264433    
0.0788324    0.13294    0.122982    0.0264433    0.0788324    0.13294    0.122982    0.0264433    
0.0788324    0.13294    0.122982    0.0264433    0.0788324    0.13294    0.122982    0.0264433    
0.0788324    0.13294    0.122982    0.0264433    0.0788324    0.13294    0.122982    0.0264433    
0.0788324    0.13294    0.122982    0.0264433    0.0788324    0.13294    0.122982    0.0264433    
0.0788324    0.13294    0.122982    0.0264433    0.0788324    0.13294    0.122982    0.0264433    
0.0788324    0.13294    0.122982    0.0264433    0.0788324    0.13294    0.122982    0.0264433    
0.0788324    0.13294    0.122982    0.0264433    0.0788324    0.13294    0.122982    0.0264433    
0.0788324    0.13294    0.122982    0.0264433    0.0788324    0.13294    0.122982    0.0264433    
0.0788324    0.13294    0.122982    0.0264433    0.0788324    0.13294    0.122982    0.0264433    
0.0788324    0.13294    0.122982    0.0264433    0.0788324    0.13294    0.122982    0.0264433    
0.0788324    0.13294    0.122982    0.0264433    0.0788324    0.13294    0.122982    0.0264433    
0.0788324    0.13294    0.122982    0.0264433    0.0788324    0.13294    0.122982    0.0264433    
0.0788324    0.13294    0.122982    0.0264433    0.0788324    0.13294    0.122982    0.0264433    
0.0788324    0.13294    0.122982    0.0264433    0.0788324    0.13294    0.122982    0.0264433    
0.0788324    0.13294    0.122982    0.0264433    0.0788324    0.13294    0.122982    0.0264433    
0.0788324    0.13294    0.122982    0.0264433    0.0788324    0.13294    0.122982    0.0264433    
0.0788324    0.13294    0.122982    0.0264433    0.0788324    0.13294    0.122982    0.0264433    
0.0788324    0.13294    0.122982    0.0264433    0.0788324    0.13294    0.122982    0.0264433    
0.0788324    0.13294    0.122982    0.0264433    0.0788324    0.13294    0.122982    0.0264433    
0.0788324    0.13294    0.122982    0.0264433    0.0788324    0.13294    0.122982    0.0264433    
0.0788324    0.13294    0.122982    0.0264433    0.0788324    0.13294    0.122982    0.0264433    
0.0788324    0.13294    0.122982    0.0264433    0.0788324    0.13294    0.122982    0.0264433    
0.0788324    0.13294    0.122982    0.0264433    0.0788324    0.13294    0.122982    0.0264433    
0.0788324    0.13294    0.122982    0.0264433    0.0788324    0.13294    0.122982    0.0264433    
0.0788324    0.13294    0.122982    0.0264433    0.0788324    0.13294    0.122982    0.0264433    
0.0788324    0.13294    0.122982    0.0264433    0.0788324    0.13294    0.122982    0.0264433    
0.0788324    0.13294    0.122982    0.0264433    0.0788324    0.13294    0.122982    0.0264433    
0.0788324    0.13294    0.122982    0.0264433    0.0788324    0.13294    0.122982    0.0264433    
0.0788324    0.13294    0.122982    0.0264433    0.0788324    0.13294    0.122982    0.0264433    
0.0788324    0.13294    0.122982    0.0264433    0.0788324    0.13294    0.122982    0.0264433    
0.0788324    0.13294    0.122982    0.0264433    0.0788324    0.13294    0.122982    0.0264433    
0.0788324    0.13294    0.122982    0.0264433    0.0788324    0.13294    0.122982    0.0264433    
0.0788324    0.13294    0.122982    0.0264433    0.0788324    0.13294    0.122982    0.0264433    
0.0788324    0.13294    0.122982    0.0264433    0.0788324    0.13294    0.122982    0.0264433    
0.0788324    0.13294    0.122982    0.0264433    0.0788324    0.13294    0.122982    0.0264433    
0.0788324    0.13294    0.122982    0.0264433    0.0788324    0.13294    0.122982    0.0264433    
0.0788324    0.13294    0.122982    0.0264433    0.0788324    0.13294    0.122982    0.0264433    
0.0788324    0.13294    0.122982    0.0264433    0.0788324    0.13294    0.122982    0.0264433    
0.0788324    0.13294    0.122982    0.0264433    0.0788324    0.13294    0.122982    0.0264433    
0.0788324    0.13294    0.122982    0.0264433    0.0788324    0.13294    0.122982    0.0264433    
0.0788324    0.13294    0.122982    0.0264433    0.0788324    0.13294    0.122982    0.0264433    
0.0788324    0.13294    0.122982    0.0264433    0.0788324    0.13294    0.122982    0.0264433    
0.0788324    0.13294    0.122982    0.0264433    0.0788324    0.13294    0.122982    0.0264433    
0.0788324    0.13294    0.122982    0.0264433    0.0788324    0.13294    0.122982    0.0264433    
0.0788324    0.13294    0.122982    0.0264433    0.0788324    0.13294    0.122982    0.0264433    
0.0788324    0.13294    0.122982    0.0264433    0.0788324    0.13294    0.122982    0.0264433    
0.0788324    0.13294    0.122982    0.0264433    0.0788324    0.13294    0.122982    0.0264433    
0.0788324    0.13294    0.122982    0.0264433    0.0788324    0.13294    0.122982    0.0264433    
0.0788324    0.13294    0.122982    0.0264433    0.0788324    0.13294    0.122982    0.0264433    
0.0788324    0.13294    0.122982    0.0264433    0.0788324    0.13294    0.122982    0.0264433    
0.0788324    0.13294    0.122982    0.0264433    0.0788324    0.13294    0.122982    0.0264433    
0.0788324    0.13294    0.122982    0.0264433    0.0788324    0.13294    0.122982    0.0264433    
0.0788324    0.13294    0.122982    0.0264433    0.0788324    0.13294    0.122982    0.0264433    
0.0788324    0.13294    0.122982    0.0264433    0.0788324    0.13294    0.122982    0.0264433    
0.0788324    0.13294    0.122982    0.0264433    0.0788324    0.13294    0.122982    0.0264433    
0.0788324    0.13294    0.122982    0.0264433    0.0788324    0.13294    0.122982    0.0264433    
0.0788324    0.13294    0.122982    0.0264433    0.0788324    0.13294    0.122982    0.0264433    
0.0788324    0.13294    0.122982    0.0264433    0.0788324    0.13294    0.122982    0.0264433    
0.0788324    0.13294    0.122982    0.0264433    0.0788324    0.13294    0.122982    0.0264433    
0.0788324    0.13294    0.122982    0.0264433    0.0788324    0.13294    0.122982    0.0264433    
0.0788324    0.13294    0.122982    0.0264433    0.0788324    0.13294    0.122982    0.0264433    
0.0788324    0.13294    0.122982    0.0264433    0.0788324    0.13294    0.122982    0.0264433    
0.0788324    0.13294    0.122982    0.0264433    0.0788324    0.13294    0.122982    0.0264433    
0.0788324    0.13294    0.122982    0.0264433    0.0788324    0.13294    0.122982    0.0264433    
0.0788324    0.13294    0.122982    0.0264433    0.0788324    0.13294    0.122982    0.0264433    
0.0788324    0.13294    0.122982    0.0264433    0.0788324    0.13294    0.122982    0.0264433    
0.0788324    0.13294    0.122982    0.0264433    0.0788324    0.13294    0.122982    0.0264433    
0.0788324    0.13294    0.122982    0.0264433    0.0788324    0.13294    0.122982    0.0264433    
0.0788324    0.13294    0.122982    0.0264433    0.0788324    0.13294    0.122982    0.0264433    
0.0788324    0.13294    0.122982    0.0264433    0.0788324    0.13294    0.122982    0.0264433    
0.0788324    0.13294    0.122982    0.0264433    0.0788324    0.13294    0.122982    0.0264433    
0.0788324    0.13294    0.122982    0.0264433    0.0788324    0.13294    0.122982    0.0264433    
0.0788324    0.13294    0.122982    0.0264433    0.0788324    0.13294    0.122982    0.0264433    
0.0788324    0.13294    0.122982    0.0264433    0.0788324    0.13294    0.122982    0.0264433    
0.0788324    0.13294    0.122982    0.0264433    0.0788324    0.13294    0.122982    0.0264433    
0.0788324    0.13294    0.122982    0.0264433    0.0788324    0.13294    0.122982    0.0264433    
0.0788324    0.13294    0.122982    0.0264433    0.0788324    0.13294    0.122982    0.0264433    
0.0788324    0.13294    0.122982    0.0264433    0.0788324    0.13294    0.122982    0.0264433    
0.0788324    0.13294    0.122982    0.0264433    0.0788324    0.13294    0.122982    0.0264433    
0.0788324    0.13294    0.122982    0.0264433    0.0788324    0.13294    0.122982    0.0264433    
0.0788324    0.13294    0.122982    0.0264433    0.0788324    0.13294    0.122982    0.0264433    
0.0788324    0.13294    0.122982    0.0264433    0.0788324    0.13294    0.122982    0.0264433    
0.0788324    0.13294    0.122982    0.0264433    0.0788324    0.13294    0.122982    0.0264433    
0.0788324    0.13294    0.122982    0.0264433    0.0788324    0.13294    0.122982    0.0264433    
0.0788324    0.13294    0.122982    0.0264433    0.0788324    0.13294    0.122982    0.0264433    
0.0788324    0.13294    0.122982    0.0264433    0.0788324    0.13294    0.122982    0.0264433    
0.0788324    0.13294    0.122982    0.0264433    0.0788324    0.13294    0.122982    0.0264433    
0.0788324    0.13294    0.122982    0.0264433    0.0788324    0.13294    0.122982    0.0264433    
0.0788324    0.13294    0.122982    0.0264433    0.0788324    0.13294    0.122982    0.0264433    
0.0788324    0.13294    0.122982    0.0264433    0.0788324    0.13294    0.122982    0.0264433    
0.0788324    0.13294    0.122982    0.0264433    0.0788324    0.13294    0.122982    0.0264433    
0.0788324    0.13294    0.122982    0.0264433    0.0788324    0.13294    0.122982    0.0264433    
0.0788324    0.13294    0.122982    0.0264433    0.0788324    0.13294    0.122982    0.0264433    
0.0788324    0.13294    0.122982    0.0264433    0.0788324    0.13294    0.122982    0.0264433    
0.0788324    0.13294    0.122982    0.0264433    0.0788324    0.13294    0.122982    0.0264433    
0.0788324    0.13294    0.122982    0.0264433    0.0788324    0.13294    0.122982    0.0264433    
0.0788324    0.13294    0.122982    0.0264433    0.0788324    0.13294    0.122982    0.0264433    
0.0788324    0.13294    0.122982    0.0264433    0.0788324    0.13294    0.122982    0.0264433    
0.0788324    0.13294    0.122982    0.0264433    0.0788324    0.13294    0.122982    0.0264433    
0.0788324    0.13294    0.122982    0.0264433    0.0788324    0.13294    0.122982    0.0264433    
0.0788324    0.13294    0.122982    0.0264433    0.0788324    0.13294    0.122982    0.0264433    
0.0788324    0.13294    0.122982    0.0264433    0.0788324    0.13294    0.122982    0.0264433    
0.0788324    0.13294    0.122982    0.0264433    0.0788324    0.13294    0.122982    0.0264433    
0.0788324    0.13294    0.122982    0.0264433    0.0788324    0.13294    0.122982    0.0264433    
0.0788324    0.13294    0.122982    0.0264433    0.0788324    0.13294    0.122982    0.0264433    
0.0788324    0.13294    0.122982    0.0264433    0.0788324    0.13294    0.122982    0.0264433    
0.0788324    0.13294    0.122982    0.0264433    0.0788324    0.13294    0.122982    0.0264433    
0.0788324    0.13294    0.122982    0.0264433    0.0788324    0.13294    0.122982    0.0264433    
0.0788324    0.13294    0.122982    0.0264433    0.0788324    0.13294    0.122982    0.0264433    
0.0788324    0.13294    0.122982    0.0264433    0.0788324    0.13294    0.122982    0.0264433    
0.0788324    0.13294    0.122982    0.0264433    0.0788324    0.13294    0.122982    0.0264433    
0.0788324    0.13294    0.122982    0.0264433    0.0788324    0.13294    0.122982    0.0264433    
0.0788324    0.13294    0.122982    0.0264433    0.0788324    0.13294    0.122982    0.0264433    
0.0788324    0.13294    0.122982    0.0264433    0.0788324    0.13294    0.122982    0.0264433    
0.0788324    0.13294    0.122982    0.0264433    0.0788324    0.13294    0.122982    0.0264433    
0.0788324    0.13294    0.122982    0.0264433    0.0788324    0.13294    0.122982    0.0264433    
0.0788324    0.13294    0.122982    0.0264433    0.0788324    0.13294    0.122982    0.0264433    
0.0788324    0.13294    0.122982    0.0264433    0.0788324    0.13294    0.122982    0.0264433    
0.0788324    0.13294    0.122982    0.0264433    0.0788324    0.13294    0.122982    0.0264433    
0.0788324    0.13294    0.122982    0.0264433    0.0788324    0.13294    0.122982    0.0264433    
0.0788324    0.13294    0.122982    0.0264433    0.0788324    0.13294    0.122982    0.0264433    
