1.2    -1.01919    0.000344431    -0.65175    -2.40155    0.00011603    -0.0248874
1.20372    -1.07373    0.00144446    -0.654927    -2.49911    6.39493e-05    -0.018734
1.21135    -1.09698    0.00217374    -0.643459    -2.5581    2.40272e-05    0.113391
1.22071    -1.10725    0.00346303    -0.641426    -2.57004    1.02264e-05    0.0781516
1.23252    -1.11303    0.00407129    -0.630936    -2.58689    3.88101e-06    0.161281
1.24532    -1.11626    0.00517336    -0.630828    -2.57687    2.37178e-06    0.125549
1.25976    -1.11906    0.0055788    -0.623011    -2.57971    1.47197e-06    0.183504
1.27475    -1.12076    0.0063494    -0.622786    -2.56489    1.40319e-06    0.157157
1.29074    -1.12251    0.00650755    -0.616574    -2.56137    1.18086e-06    0.199014
1.30692    -1.12352    0.00690497    -0.615635    -2.54609    1.23718e-06    0.181742
1.3236    -1.12461    0.00681275    -0.610443    -2.53937    1.11541e-06    0.212293
1.34016    -1.12518    0.00686644    -0.608857    -2.525    1.14005e-06    0.201886
1.35679    -1.12579    0.00655762    -0.604368    -2.5169    1.03189e-06    0.224396
1.37304    -1.12602    0.00633794    -0.602347    -2.50396    1.00936e-06    0.218718
1.38902    -1.12626    0.00586994    -0.598391    -2.49561    8.96342e-07    0.235513
1.4044    -1.12625    0.00546407    -0.596168    -2.48426    8.35162e-07    0.232842
1.41923    -1.12623    0.00490508    -0.592703    -2.47628    7.18738e-07    0.245455
1.43328    -1.12604    0.00440124    -0.590524    -2.46644    6.4066e-07    0.244429
1.4466    -1.12586    0.0038196    -0.587605    -2.45906    5.3678e-07    0.253774
1.459    -1.12557    0.00329644    -0.585701    -2.45054    4.65914e-07    0.253373
1.47052    -1.12529    0.00275119    -0.583396    -2.44386    3.85114e-07    0.260056
1.48105    -1.12497    0.00226974    -0.581899    -2.43654    3.27129e-07    0.259694
1.49061    -1.12468    0.00180338    -0.580189    -2.43071    2.62854e-07    0.264296
1.49913    -1.12438    0.0014032    -0.579098    -2.42466    2.11812e-07    0.26381
1.50665    -1.12411    0.00103953    -0.577881    -2.4199    1.58546e-07    0.266929
1.51312    -1.12386    0.0007403    -0.577126    -2.41523    1.15946e-07    0.26637
1.51858    -1.12364    0.000487407    -0.576293    -2.41172    7.68226e-08    0.268494
1.52301    -1.12346    0.000293898    -0.575815    -2.40847    4.78219e-08    0.267917
1.52645    -1.12331    0.000148731    -0.575299    -2.40625    2.50809e-08    0.269348
1.5289    -1.1232    5.56166e-05    -0.575073    -2.4044    1.07666e-08    0.268744
1.53039    -1.12314    7.67736e-06    -0.574846    -2.40344    2.79416e-09    0.269638
1.53095    -1.12312    2.86439e-06    -0.574865    -2.40288    1.20503e-09    0.26896
1.53061    -1.12313    3.66276e-05    -0.57491    -2.40311    5.04786e-09    0.269397
1.5294    -1.12319    0.000103508    -0.575171    -2.40374    1.35447e-08    0.268596
1.52735    -1.12328    0.000200181    -0.575473    -2.40506    2.63095e-08    0.268622
1.52451    -1.1234    0.000319371    -0.575964    -2.40676    4.22916e-08    0.267657
1.52093    -1.12355    0.000458376    -0.576507    -2.40907    6.12971e-08    0.2673
1.51663    -1.12373    0.000609205    -0.577215    -2.41174    8.22311e-08    0.266137
1.51168    -1.12393    0.000769496    -0.577979    -2.41493    1.04915e-07    0.265413
1.50611    -1.12415    0.000931324    -0.578885    -2.41844    1.28306e-07    0.264024
1.49999    -1.12437    0.0010926    -0.579847    -2.4224    1.52183e-07    0.262939
1.49335    -1.12461    0.00124601    -0.580932    -2.42662    1.75595e-07    0.261299
1.48627    -1.12485    0.00138982    -0.582069    -2.43121    1.98284e-07    0.25986
1.47879    -1.12508    0.00151775    -0.58331    -2.43601    2.19403e-07    0.25795
1.47097    -1.12531    0.00162856    -0.584596    -2.44108    2.38687e-07    0.256159
1.46287    -1.12553    0.00171734    -0.585967    -2.4463    2.55406e-07    0.253967
1.45456    -1.12573    0.00178352    -0.587375    -2.4517    2.69326e-07    0.251834
1.44608    -1.12591    0.00182379    -0.588848    -2.45717    2.79848e-07    0.24936
1.43751    -1.12607    0.0018385    -0.590347    -2.46274    2.86805e-07    0.246906
1.42891    -1.1262    0.00182606    -0.591892    -2.46829    2.89753e-07    0.244168
1.42033    -1.12631    0.00178792    -0.593448    -2.47384    2.8864e-07    0.24143
1.41185    -1.12638    0.00172424    -0.595027    -2.4793    2.8321e-07    0.23847
1.40351    -1.12643    0.00163766    -0.596599    -2.48465    2.73588e-07    0.235515
1.39539    -1.12644    0.00153001    -0.598169    -2.48984    2.59784e-07    0.232407
1.38754    -1.12643    0.00140503    -0.599709    -2.49484    2.42185e-07    0.229333
1.38002    -1.12639    0.00126595    -0.601219    -2.4996    2.21155e-07    0.226189
1.37288    -1.12633    0.00111734    -0.602672    -2.5041    1.97421e-07    0.223133
1.36617    -1.12624    0.000963344    -0.604064    -2.50831    1.71728e-07    0.220101
1.35994    -1.12615    0.000808841    -0.605371    -2.5122    1.45099e-07    0.217228
1.35424    -1.12604    0.000658211    -0.606585    -2.51575    1.18523e-07    0.214479
1.34909    -1.12592    0.000515987    -0.607689    -2.51895    9.30801e-08    0.211962
1.34453    -1.12581    0.000386006    -0.608676    -2.52178    6.96834e-08    0.209657
1.34059    -1.1257    0.000271752    -0.609532    -2.52423    4.91418e-08    0.207648
1.33728    -1.12561    0.000175835    -0.610256    -2.52628    3.19974e-08    0.205914
1.33462    -1.12552    0.000100168    -0.61084    -2.52792    1.85949e-08    0.204512
1.33261    -1.12546    4.57168e-05    -0.611288    -2.52915    9.03312e-09    0.203418
1.33125    -1.12541    1.26248e-05    -0.611597    -2.52997    3.24843e-09    0.20266
1.33054    -1.12538    1.7121e-07    -0.611774    -2.53036    1.03111e-09    0.202207
1.33045    -1.12537    6.89845e-06    -0.611824    -2.53034    2.09099e-09    0.202068
1.33098    -1.12538    3.0708e-05    -0.611755    -2.5299    6.08305e-09    0.202207
1.33209    -1.12541    6.89947e-05    -0.611573    -2.52906    1.26396e-08    0.202618
1.33376    -1.12545    0.000118814    -0.611289    -2.52783    2.1388e-08    0.203263
1.33595    -1.1255    0.000177009    -0.610911    -2.52623    3.19613e-08    0.20413
1.33862    -1.12556    0.000240384    -0.610448    -2.52429    4.40118e-08    0.205182
1.34173    -1.12562    0.000305809    -0.609908    -2.52204    5.72137e-08    0.206403
1.34524    -1.12569    0.000370368    -0.6093    -2.5195    7.12725e-08    0.207763
1.3491    -1.12576    0.000431416    -0.608632    -2.51672    8.59197e-08    0.209243
1.35327    -1.12582    0.000486681    -0.607912    -2.51373    1.00912e-07    0.210821
1.3577    -1.12589    0.000534284    -0.607145    -2.51057    1.16014e-07    0.212481
1.36233    -1.12595    0.00057279    -0.606338    -2.50729    1.30984e-07    0.214205
1.36714    -1.126    0.000601186    -0.605498    -2.50391    1.45547e-07    0.215983
1.37206    -1.12605    0.000618898    -0.604629    -2.5005    1.59379e-07    0.217801
1.37705    -1.12609    0.000625744    -0.603735    -2.49708    1.72086e-07    0.219652
1.38207    -1.12612    0.000621921    -0.602823    -2.49369    1.83202e-07    0.221525
1.38708    -1.12614    0.000607952    -0.601896    -2.49038    1.92207e-07    0.223415
1.39202    -1.12616    0.000584653    -0.60096    -2.48716    1.98562e-07    0.225311
1.39688    -1.12618    0.000553078    -0.60002    -2.48408    2.01766e-07    0.227207
1.4016    -1.12618    0.000514481    -0.599082    -2.48115    2.01423e-07    0.22909
1.40615    -1.12619    0.000470259    -0.598153    -2.47839    1.97319e-07    0.230951
1.4105    -1.12619    0.000421911    -0.597241    -2.47583    1.89474e-07    0.232775
1.41462    -1.12618    0.00037098    -0.596352    -2.47346    1.78172e-07    0.234549
1.41849    -1.12617    0.000319014    -0.595495    -2.4713    1.63952e-07    0.236256
1.42207    -1.12616    0.000267509    -0.594678    -2.46936    1.4756e-07    0.237883
1.42535    -1.12614    0.000217871    -0.593909    -2.46762    1.29867e-07    0.239412
1.42831    -1.12612    0.000171372    -0.593196    -2.46611    1.1178e-07    0.240831
1.43094    -1.1261    0.000129116    -0.592545    -2.4648    9.41485e-08    0.242128
1.43322    -1.12609    9.20122e-05    -0.591961    -2.46371    7.76873e-08    0.243292
1.43515    -1.12607    6.07586e-05    -0.59145    -2.46282    6.29354e-08    0.244316
1.43671    -1.12606    3.58285e-05    -0.591015    -2.46215    5.02393e-08    0.245197
1.43791    -1.12604    1.74714e-05    -0.590656    -2.46168    3.97643e-08    0.245931
1.43875    -1.12604    5.71972e-06    -0.590375    -2.46142    3.15231e-08    0.24652
1.43923    -1.12603    4.02419e-07    -0.590171    -2.46136    2.54136e-08    0.246964
1.43936    -1.12604    1.16441e-06    -0.590042    -2.4615    2.12562e-08    0.247269
1.43914    -1.12604    7.49041e-06    -0.589987    -2.46183    1.88267e-08    0.247438
1.43859    -1.12606    1.87315e-05    -0.590003    -2.46236    1.78814e-08    0.247477
1.43772    -1.12607    3.41335e-05    -0.590086    -2.46306    1.81745e-08    0.247393
1.43655    -1.1261    5.28657e-05    -0.590233    -2.46395    1.94685e-08    0.247192
1.43509    -1.12612    7.40501e-05    -0.590439    -2.465    2.15403e-08    0.246879
1.43337    -1.12615    9.67885e-05    -0.590701    -2.46622    2.41833e-08    0.246463
1.43139    -1.12618    0.000120189    -0.591015    -2.46758    2.72081e-08    0.245949
1.42919    -1.12622    0.000143391    -0.591376    -2.46907    3.04427e-08    0.245343
1.42679    -1.12625    0.000165587    -0.591781    -2.47069    3.37316e-08    0.244652
1.42421    -1.12629    0.00018604    -0.592223    -2.47241    3.69361e-08    0.243883
1.42147    -1.12632    0.000204105    -0.592701    -2.47423    3.99345e-08    0.243043
1.4186    -1.12635    0.000219237    -0.593207    -2.47613    4.26216e-08    0.242137
1.41563    -1.12638    0.000231008    -0.59374    -2.47808    4.49103e-08    0.241172
1.41258    -1.12641    0.00023911    -0.594293    -2.48008    4.67312e-08    0.240157
1.40948    -1.12643    0.000243358    -0.594862    -2.48211    4.80337e-08    0.239098
1.40635    -1.12645    0.000243696    -0.595443    -2.48414    4.87861e-08    0.238003
1.40321    -1.12647    0.000240191    -0.596032    -2.48617    4.8976e-08    0.23688
1.4001    -1.12648    0.000233027    -0.596623    -2.48818    4.86095e-08    0.235739
1.39704    -1.12649    0.000222494    -0.597212    -2.49015    4.77117e-08    0.234587
1.39405    -1.12649    0.00020898    -0.597794    -2.49206    4.63247e-08    0.233434
1.39115    -1.12649    0.000192952    -0.598366    -2.49391    4.45068e-08    0.232289
1.38836    -1.12648    0.000174943    -0.598923    -2.49567    4.23304e-08    0.231161
1.3857    -1.12648    0.000155527    -0.599461    -2.49734    3.98797e-08    0.23006
1.3832    -1.12646    0.000135306    -0.599975    -2.4989    3.72476e-08    0.228995
1.38087    -1.12645    0.000114883    -0.600463    -2.50034    3.45329e-08    0.227975
1.37872    -1.12644    9.48476e-05    -0.600921    -2.50166    3.18365e-08    0.227008
1.37676    -1.12642    7.57519e-05    -0.601345    -2.50283    2.9258e-08    0.226102
1.37502    -1.1264    5.8096e-05    -0.601733    -2.50387    2.68921e-08    0.225265
1.37349    -1.12638    4.23116e-05    -0.602083    -2.50475    2.48257e-08    0.224503
1.37218    -1.12637    2.87502e-05    -0.602392    -2.50549    2.31347e-08    0.223821
1.3711    -1.12635    1.76738e-05    -0.60266    -2.50606    2.18819e-08    0.223225
1.37026    -1.12634    9.24993e-06    -0.602885    -2.50648    2.11155e-08    0.222716
1.36965    -1.12632    3.54985e-06    -0.603066    -2.50674    2.0868e-08    0.222298
1.36927    -1.12631    5.50671e-07    -0.603203    -2.50685    2.11561e-08    0.221971
1.36912    -1.1263    1.4083e-07    -0.603297    -2.5068    2.19812e-08    0.221736
1.3692    -1.1263    2.12857e-06    -0.603349    -2.50661    2.333e-08    0.221592
1.36949    -1.12629    6.25299e-06    -0.603358    -2.50627    2.51759e-08    0.221536
1.36999    -1.12629    1.2197e-05    -0.603327    -2.50579    2.74808e-08    0.221567
1.37069    -1.12629    1.96015e-05    -0.603257    -2.50518    3.01964e-08    0.22168
1.37158    -1.12629    2.80806e-05    -0.60315    -2.50445    3.32661e-08    0.221871
1.37265    -1.12629    3.72362e-05    -0.603009    -2.50361    3.66262e-08    0.222136
1.37387    -1.1263    4.66724e-05    -0.602834    -2.50267    4.02079e-08    0.222471
1.37524    -1.1263    5.6009e-05    -0.602629    -2.50163    4.39379e-08    0.222868
1.37674    -1.12631    6.48932e-05    -0.602396    -2.50052    4.77401e-08    0.223324
1.37836    -1.12631    7.30095e-05    -0.602138    -2.49935    5.15364e-08    0.223831
1.38007    -1.12632    8.00879e-05    -0.601858    -2.49812    5.52478e-08    0.224386
1.38187    -1.12632    8.59099e-05    -0.601557    -2.49685    5.87954e-08    0.224981
1.38373    -1.12633    9.03119e-05    -0.601239    -2.49555    6.21024e-08    0.225611
1.38564    -1.12633    9.31872e-05    -0.600907    -2.49423    6.50949e-08    0.22627
1.38757    -1.12634    9.44857e-05    -0.600563    -2.49291    6.77045e-08    0.226953
1.38953    -1.12634    9.42121e-05    -0.600211    -2.4916    6.98702e-08    0.227654
1.39147    -1.12634    9.24218e-05    -0.599853    -2.49031    7.15408e-08    0.228367
1.3934    -1.12635    8.92167e-05    -0.599491    -2.48905    7.26773e-08    0.229086
1.3953    -1.12635    8.47384e-05    -0.599129    -2.48782    7.3255e-08    0.229807
1.39715    -1.12635    7.91621e-05    -0.59877    -2.48665    7.32652e-08    0.230525
1.39893    -1.12635    7.26885e-05    -0.598416    -2.48553    7.27164e-08    0.231232
1.40064    -1.12635    6.55366e-05    -0.598069    -2.48448    7.16343e-08    0.231925
1.40227    -1.12635    5.79356e-05    -0.597734    -2.4835    7.0061e-08    0.232598
1.40379    -1.12635    5.0117e-05    -0.597411    -2.48259    6.80535e-08    0.233247
1.40521    -1.12635    4.23076e-05    -0.597104    -2.48176    6.56809e-08    0.233867
1.40652    -1.12635    3.47225e-05    -0.596814    -2.48102    6.30211e-08    0.234453
1.4077    -1.12635    2.7559e-05    -0.596544    -2.48036    6.01568e-08    0.235002
1.40876    -1.12635    2.09915e-05    -0.596296    -2.47979    5.71723e-08    0.23551
1.40968    -1.12635    1.51672e-05    -0.596071    -2.47932    5.41488e-08    0.235973
1.41046    -1.12635    1.02031e-05    -0.595871    -2.47893    5.1162e-08    0.23639
1.4111    -1.12635    6.1837e-06    -0.595696    -2.47864    4.82785e-08    0.236758
1.4116    -1.12635    3.16038e-06    -0.595548    -2.47844    4.55547e-08    0.237074
1.41195    -1.12635    1.15133e-06    -0.595428    -2.47832    4.30352e-08    0.237339
1.41217    -1.12635    1.42834e-07    -0.595335    -2.4783    4.07521e-08    0.23755
1.41224    -1.12636    9.13332e-08    -0.595269    -2.47836    3.8726e-08    0.237709
1.41218    -1.12636    9.26331e-07    -0.595231    -2.47851    3.69661e-08    0.237814
1.41199    -1.12637    2.55396e-06    -0.59522    -2.47873    3.54715e-08    0.237867
1.41167    -1.12637    4.86108e-06    -0.595236    -2.47903    3.42331e-08    0.237868
1.41123    -1.12638    7.71974e-06    -0.595277    -2.47941    3.32346e-08    0.23782
1.41067    -1.12638    1.09918e-05    -0.595342    -2.47985    3.24543e-08    0.237723
1.41001    -1.12639    1.45339e-05    -0.595431    -2.48035    3.18669e-08    0.23758
1.40924    -1.1264    1.82017e-05    -0.595542    -2.48092    3.14446e-08    0.237393
1.40838    -1.12641    2.18547e-05    -0.595673    -2.48153    3.11587e-08    0.237165
1.40745    -1.12641    2.53602e-05    -0.595823    -2.48219    3.09805e-08    0.236898
1.40644    -1.12642    2.8597e-05    -0.59599    -2.4829    3.08825e-08    0.236596
1.40536    -1.12643    3.14588e-05    -0.596172    -2.48363    3.08393e-08    0.236261
1.40424    -1.12643    3.38561e-05    -0.596367    -2.48439    3.08278e-08    0.235898
1.40307    -1.12644    3.57191e-05    -0.596574    -2.48518    3.08283e-08    0.235509
1.40187    -1.12644    3.69981e-05    -0.59679    -2.48597    3.08245e-08    0.235098
1.40065    -1.12645    3.76647e-05    -0.597014    -2.48678    3.08038e-08    0.234669
1.39942    -1.12645    3.77115e-05    -0.597243    -2.48758    3.07576e-08    0.234226
1.39818    -1.12645    3.71512e-05    -0.597476    -2.48838    3.06807e-08    0.233772
1.39696    -1.12646    3.60156e-05    -0.597711    -2.48917    3.0572e-08    0.233312
1.39576    -1.12646    3.43538e-05    -0.597945    -2.48994    3.04337e-08    0.232848
1.39458    -1.12646    3.22295e-05    -0.598177    -2.49068    3.02711e-08    0.232386
1.39344    -1.12646    2.97187e-05    -0.598405    -2.4914    3.00923e-08    0.231928
1.39235    -1.12645    2.69064e-05    -0.598627    -2.49208    2.99077e-08    0.231478
1.39131    -1.12645    2.38839e-05    -0.598842    -2.49272    2.97295e-08    0.23104
1.39033    -1.12645    2.07452e-05    -0.599048    -2.49332    2.95712e-08    0.230617
1.38941    -1.12645    1.75841e-05    -0.599244    -2.49386    2.94469e-08    0.230212
1.38857    -1.12644    1.4491e-05    -0.599428    -2.49436    2.93711e-08    0.229829
1.38781    -1.12644    1.155e-05    -0.599599    -2.4948    2.93575e-08    0.229468
1.38712    -1.12643    8.837e-06    -0.599757    -2.49519    2.94192e-08    0.229134
1.38653    -1.12643    6.41685e-06    -0.5999    -2.49551    2.95679e-08    0.228828
1.38602    -1.12643    4.34224e-06    -0.600027    -2.49578    2.98135e-08    0.228552
1.3856    -1.12642    2.65238e-06    -0.600138    -2.49598    3.01638e-08    0.228308
1.38527    -1.12642    1.37234e-06    -0.600233    -2.49612    3.06241e-08    0.228096
1.38504    -1.12641    5.12924e-07    -0.600311    -2.4962    3.11972e-08    0.227918
1.3849    -1.12641    7.10096e-08    -0.600372    -2.49622    3.18832e-08    0.227774
1.38484    -1.1264    3.03113e-08    -0.600416    -2.49618    3.26795e-08    0.227665
1.38488    -1.1264    3.62585e-07    -0.600444    -2.49609    3.35808e-08    0.227589
1.385    -1.1264    1.02915e-06    -0.600454    -2.49593    3.45791e-08    0.227548
1.3852    -1.1264    1.98267e-06    -0.600448    -2.49573    3.5664e-08    0.22754
1.38548    -1.12639    3.16918e-06    -0.600427    -2.49547    3.68229e-08    0.227564
1.38584    -1.12639    4.53015e-06    -0.60039    -2.49517    3.80414e-08    0.22762
1.38627    -1.12639    6.00464e-06    -0.600339    -2.49482    3.93031e-08    0.227706
1.38676    -1.12639    7.53142e-06    -0.600275    -2.49444    4.05907e-08    0.227819
1.38731    -1.12639    9.05096e-06    -0.600197    -2.49402    4.18856e-08    0.22796
1.38791    -1.12639    1.05073e-05    -0.600108    -2.49357    4.31689e-08    0.228125
1.38857    -1.12638    1.18494e-05    -0.600007    -2.49309    4.44216e-08    0.228313
1.38926    -1.12638    1.30331e-05    -0.599897    -2.49259    4.56247e-08    0.228522
1.38998    -1.12638    1.40216e-05    -0.599779    -2.49208    4.67602e-08    0.228748
1.39073    -1.12638    1.47863e-05    -0.599653    -2.49155    4.78112e-08    0.228991
1.3915    -1.12638    1.53075e-05    -0.59952    -2.49102    4.87621e-08    0.229248
1.39229    -1.12638    1.55747e-05    -0.599383    -2.49048    4.95995e-08    0.229515
1.39308    -1.12638    1.55858e-05    -0.599241    -2.48995    5.0312e-08    0.229792
1.39387    -1.12638    1.53473e-05    -0.599097    -2.48942    5.0891e-08    0.230075
1.39466    -1.12638    1.48733e-05    -0.598951    -2.48891    5.13302e-08    0.230362
1.39543    -1.12638    1.41849e-05    -0.598805    -2.4884    5.16266e-08    0.230651
1.39619    -1.12638    1.33089e-05    -0.59866    -2.48792    5.17799e-08    0.230939
1.39692    -1.12638    1.22768e-05    -0.598517    -2.48745    5.17926e-08    0.231224
1.39762    -1.12638    1.11236e-05    -0.598377    -2.48701    5.16701e-08    0.231504
1.39829    -1.12638    9.88639e-06    -0.598241    -2.4866    5.14203e-08    0.231777
1.39892    -1.12638    8.60311e-06    -0.598111    -2.48622    5.10533e-08    0.23204
1.39951    -1.12638    7.31135e-06    -0.597986    -2.48586    5.05811e-08    0.232292
1.40006    -1.12639    6.04715e-06    -0.597869    -2.48555    5.00171e-08    0.232532
1.40055    -1.12639    4.84397e-06    -0.597759    -2.48526    4.93758e-08    0.232757
1.40099    -1.12639    3.73176e-06    -0.597658    -2.48502    4.86722e-08    0.232965
1.40138    -1.12639    2.7362e-06    -0.597566    -2.48481    4.79215e-08    0.233157
1.40171    -1.12639    1.87813e-06    -0.597483    -2.48464    4.71384e-08    0.23333
1.40199    -1.12639    1.1731e-06    -0.597411    -2.48451    4.63372e-08    0.233484
1.4022    -1.12639    6.31199e-07    -0.597349    -2.48441    4.55309e-08    0.233617
1.40236    -1.12639    2.56978e-07    -0.597298    -2.48435    4.47315e-08    0.23373
1.40246    -1.12639    4.96011e-08    -0.597258    -2.48433    4.39494e-08    0.233821
1.40251    -1.1264    3.13463e-09    -0.597229    -2.48435    4.31935e-08    0.233892
1.4025    -1.1264    1.06987e-07    -0.597211    -2.4844    4.24709e-08    0.23394
1.40243    -1.1264    3.46468e-07    -0.597204    -2.48449    4.17874e-08    0.233967
1.40231    -1.1264    7.03455e-07    -0.597207    -2.4846    4.11469e-08    0.233974
1.40215    -1.1264    1.15712e-06    -0.597221    -2.48475    4.05522e-08    0.233959
1.40193    -1.12641    1.68473e-06    -0.597244    -2.48493    4.00045e-08    0.233924
1.40167    -1.12641    2.26242e-06    -0.597278    -2.48513    3.95041e-08    0.233871
1.40137    -1.12641    2.86602e-06    -0.59732    -2.48536    3.90504e-08    0.233798
1.40103    -1.12641    3.47184e-06    -0.59737    -2.48561    3.86419e-08    0.233709
1.40065    -1.12641    4.05734e-06    -0.597429    -2.48588    3.82766e-08    0.233603
1.40025    -1.12642    4.60183e-06    -0.597495    -2.48616    3.79522e-08    0.233482
1.39982    -1.12642    5.08699e-06    -0.597567    -2.48646    3.76664e-08    0.233347
1.39937    -1.12642    5.49738e-06    -0.597645    -2.48677    3.74167e-08    0.2332
1.3989    -1.12642    5.82073e-06    -0.597728    -2.48709    3.72007e-08    0.233042
1.39841    -1.12642    6.04821e-06    -0.597815    -2.48741    3.70164e-08    0.232875
1.39792    -1.12642    6.17457e-06    -0.597906    -2.48773    3.68621e-08    0.232699
1.39742    -1.12642    6.19806e-06    -0.597999    -2.48806    3.67363e-08    0.232518
1.39692    -1.12642    6.12039e-06    -0.598094    -2.48838    3.66381e-08    0.232332
1.39642    -1.12643    5.94647e-06    -0.598189    -2.4887    3.65671e-08    0.232143
1.39593    -1.12643    5.68412e-06    -0.598285    -2.48901    3.65232e-08    0.231952
1.39546    -1.12642    5.34368e-06    -0.598381    -2.48931    3.65067e-08    0.231761
1.39499    -1.12642    4.93757e-06    -0.598474    -2.4896    3.65182e-08    0.231572
1.39455    -1.12642    4.47976e-06    -0.598566    -2.48987    3.65586e-08    0.231386
1.39412    -1.12642    3.98529e-06    -0.598655    -2.49013    3.66291e-08    0.231204
1.39372    -1.12642    3.46971e-06    -0.598741    -2.49037    3.67309e-08    0.231028
1.39335    -1.12642    2.94857e-06    -0.598823    -2.49059    3.68653e-08    0.230859
1.393    -1.12642    2.43691e-06    -0.5989    -2.49079    3.70333e-08    0.230699
1.39269    -1.12642    1.94882e-06    -0.598972    -2.49096    3.7236e-08    0.230547
1.39241    -1.12642    1.497e-06    -0.599039    -2.49112    3.7474e-08    0.230406
1.39216    -1.12641    1.09243e-06    -0.5991    -2.49124    3.77479e-08    0.230277
1.39195    -1.12641    7.44111e-07    -0.599154    -2.49135    3.80576e-08    0.230159
1.39178    -1.12641    4.58842e-07    -0.599202    -2.49143    3.84026e-08    0.230053
1.39164    -1.12641    2.41126e-07    -0.599244    -2.49148    3.8782e-08    0.229961
1.39155    -1.12641    9.31226e-08    -0.599278    -2.49151    3.91942e-08    0.229882
1.39148    -1.12641    1.46946e-08    -0.599306    -2.49151    3.9637e-08    0.229817
1.39146    -1.1264    3.51932e-09    -0.599327    -2.49149    4.0108e-08    0.229766
1.39147    -1.1264    5.52687e-08    -0.59934    -2.49145    4.06038e-08    0.229729
1.39152    -1.1264    1.63844e-07    -0.599347    -2.49139    4.11209e-08    0.229705
1.3916    -1.1264    3.21659e-07    -0.599347    -2.4913    4.16549e-08    0.229695
1.39171    -1.1264    5.19951e-07    -0.599341    -2.49119    4.22013e-08    0.229699
1.39186    -1.1264    7.49121e-07    -0.599328    -2.49107    4.27553e-08    0.229716
1.39203    -1.1264    9.99082e-07    -0.599309    -2.49092    4.33115e-08    0.229745
1.39223    -1.12639    1.2596e-06    -0.599284    -2.49076    4.38645e-08    0.229786
1.39246    -1.12639    1.52065e-06    -0.599254    -2.49059    4.4409e-08    0.229839
1.39271    -1.12639    1.77267e-06    -0.599219    -2.4904    4.49395e-08    0.229902
1.39297    -1.12639    2.00691e-06    -0.599179    -2.4902    4.54506e-08    0.229975
1.39326    -1.12639    2.21562e-06    -0.599135    -2.49    4.59372e-08    0.230056
1.39356    -1.12639    2.39229e-06    -0.599087    -2.48978    4.63945e-08    0.230146
1.39387    -1.12639    2.53174e-06    -0.599035    -2.48957    4.6818e-08    0.230243
1.39419    -1.12639    2.63026e-06    -0.598982    -2.48934    4.72038e-08    0.230346
1.39451    -1.12639    2.68563e-06    -0.598925    -2.48912    4.75485e-08    0.230454
1.39484    -1.12639    2.69716e-06    -0.598867    -2.4889    4.78492e-08    0.230566
1.39517    -1.12639    2.66555e-06    -0.598808    -2.48868    4.81039e-08    0.230682
1.3955    -1.12639    2.59289e-06    -0.598748    -2.48846    4.8311e-08    0.230799
1.39582    -1.12639    2.48247e-06    -0.598688    -2.48825    4.84698e-08    0.230918
1.39614    -1.12639    2.33862e-06    -0.598628    -2.48804    4.85802e-08    0.231037
1.39644    -1.12639    2.16655e-06    -0.598568    -2.48785    4.86427e-08    0.231155
1.39674    -1.12639    1.9721e-06    -0.59851    -2.48766    4.86588e-08    0.231271
1.39702    -1.12639    1.76155e-06    -0.598454    -2.48749    4.86301e-08    0.231384
1.39729    -1.12639    1.54142e-06    -0.598399    -2.48732    4.85592e-08    0.231494
1.39754    -1.12639    1.3182e-06    -0.598347    -2.48717    4.84487e-08    0.2316
1.39777    -1.12639    1.09819e-06    -0.598298    -2.48704    4.83022e-08    0.2317
1.39798    -1.12639    8.8728e-07    -0.598252    -2.48691    4.8123e-08    0.231794
1.39817    -1.12639    6.9082e-07    -0.598209    -2.48681    4.7915e-08    0.231883
1.39833    -1.12639    5.13447e-07    -0.59817    -2.48671    4.76822e-08    0.231964
1.39848    -1.12639    3.58989e-07    -0.598135    -2.48664    4.74286e-08    0.232037
1.3986    -1.12639    2.3038e-07    -0.598105    -2.48658    4.71583e-08    0.232103
1.39869    -1.12639    1.29613e-07    -0.598078    -2.48653    4.68752e-08    0.23216
1.39877    -1.12639    5.77208e-08    -0.598056    -2.48651    4.65831e-08    0.232209
1.39881    -1.12639    1.47953e-08    -0.598038    -2.48649    4.62857e-08    0.232249
1.39884    -1.12639    2.59296e-11    -0.598025    -2.4865    4.59864e-08    0.232281
1.39884    -1.1264    1.17715e-08    -0.598017    -2.48651    4.56884e-08    0.232303
1.39882    -1.1264    4.76519e-08    -0.598013    -2.48655    4.53944e-08    0.232316
1.39877    -1.1264    1.04659e-07    -0.598013    -2.48659    4.51072e-08    0.232321
1.39871    -1.1264    1.79282e-07    -0.598018    -2.48665    4.48289e-08    0.232317
1.39862    -1.1264    2.67642e-07    -0.598026    -2.48672    4.45616e-08    0.232304
1.39852    -1.1264    3.65634e-07    -0.598039    -2.4868    4.4307e-08    0.232283
1.3984    -1.1264    4.69065e-07    -0.598056    -2.4869    4.40665e-08    0.232255
1.39826    -1.1264    5.73792e-07    -0.598076    -2.487    4.38414e-08    0.232219
1.39811    -1.1264    6.75849e-07    -0.5981    -2.48711    4.36326e-08    0.232176
1.39794    -1.1264    7.71567e-07    -0.598126    -2.48722    4.3441e-08    0.232127
1.39777    -1.1264    8.5767e-07    -0.598156    -2.48735    4.32672e-08    0.232072
1.39758    -1.1264    9.31367e-07    -0.598188    -2.48747    4.31117e-08    0.232011
1.39739    -1.1264    9.9041e-07    -0.598222    -2.48761    4.29749e-08    0.231946
1.39719    -1.1264    1.03314e-06    -0.598258    -2.48774    4.28572e-08    0.231877
1.39698    -1.1264    1.05853e-06    -0.598295    -2.48787    4.27586e-08    0.231804
1.39678    -1.1264    1.06614e-06    -0.598334    -2.48801    4.26795e-08    0.231728
1.39657    -1.1264    1.05615e-06    -0.598373    -2.48814    4.26199e-08    0.231651
1.39636    -1.1264    1.02932e-06    -0.598413    -2.48827    4.25798e-08    0.231571
1.39616    -1.1264    9.86902e-07    -0.598453    -2.4884    4.25593e-08    0.231491
1.39596    -1.1264    9.30613e-07    -0.598493    -2.48853    4.25583e-08    0.231411
1.39577    -1.1264    8.62541e-07    -0.598533    -2.48865    4.25768e-08    0.231331
1.39558    -1.1264    7.85062e-07    -0.598572    -2.48876    4.26147e-08    0.231253
1.3954    -1.1264    7.00753e-07    -0.598609    -2.48887    4.26716e-08    0.231176
1.39524    -1.1264    6.12299e-07    -0.598646    -2.48897    4.27475e-08    0.231101
1.39508    -1.1264    5.224e-07    -0.59868    -2.48906    4.2842e-08    0.231029
1.39493    -1.1264    4.33684e-07    -0.598713    -2.48914    4.29545e-08    0.230961
1.3948    -1.1264    3.48628e-07    -0.598744    -2.48921    4.30846e-08    0.230896
1.39468    -1.1264    2.69485e-07    -0.598773    -2.48927    4.32317e-08    0.230835
1.39458    -1.1264    1.98218e-07    -0.598799    -2.48933    4.33949e-08    0.230779
1.39449    -1.1264    1.36457e-07    -0.598823    -2.48937    4.35734e-08    0.230728
1.39442    -1.1264    8.5457e-08    -0.598844    -2.4894    4.37661e-08    0.230682
1.39436    -1.1264    4.60789e-08    -0.598862    -2.48943    4.39719e-08    0.230641
1.39431    -1.1264    1.8778e-08    -0.598878    -2.48944    4.41895e-08    0.230606
1.39429    -1.1264    3.60908e-09    -0.59889    -2.48944    4.44174e-08    0.230576
1.39427    -1.1264    2.43523e-10    -0.5989    -2.48943    4.4654e-08    0.230553
1.39428    -1.1264    7.99746e-09    -0.598906    -2.48941    4.48979e-08    0.230535
1.3943    -1.12639    2.58703e-08    -0.59891    -2.48938    4.51471e-08    0.230523
1.39433    -1.12639    5.25912e-08    -0.598911    -2.48935    4.53998e-08    0.230517
1.39437    -1.12639    8.66727e-08    -0.598909    -2.4893    4.56542e-08    0.230516
1.39443    -1.12639    1.26468e-07    -0.598905    -2.48925    4.59083e-08    0.230521
1.3945    -1.12639    1.70229e-07    -0.598897    -2.48919    4.61602e-08    0.230532
1.39459    -1.12639    2.16172e-07    -0.598888    -2.48912    4.64079e-08    0.230547
1.39468    -1.12639    2.62529e-07    -0.598876    -2.48905    4.66495e-08    0.230567
1.39478    -1.12639    3.07606e-07    -0.598862    -2.48897    4.68831e-08    0.230592
1.39489    -1.12639    3.49837e-07    -0.598845    -2.48889    4.7107e-08    0.230621
1.39501    -1.12639    3.8782e-07    -0.598827    -2.4888    4.73195e-08    0.230654
1.39514    -1.12639    4.2036e-07    -0.598808    -2.48871    4.7519e-08    0.23069
1.39527    -1.12639    4.46492e-07    -0.598787    -2.48862    4.77042e-08    0.23073
1.3954    -1.12639    4.65506e-07    -0.598764    -2.48853    4.78738e-08    0.230772
1.39554    -1.12639    4.76949e-07    -0.598741    -2.48843    4.80267e-08    0.230817
1.39568    -1.12639    4.80637e-07    -0.598717    -2.48834    4.81621e-08    0.230863
1.39582    -1.12639    4.76639e-07    -0.598692    -2.48824    4.82794e-08    0.230911
1.39596    -1.12639    4.65267e-07    -0.598667    -2.48815    4.83781e-08    0.23096
1.39609    -1.12639    4.47054e-07    -0.598642    -2.48806    4.84579e-08    0.231009
1.39623    -1.12639    4.22727e-07    -0.598616    -2.48797    4.85188e-08    0.231059
1.39636    -1.12639    3.93171e-07    -0.598591    -2.48789    4.8561e-08    0.231109
1.39648    -1.12639    3.59397e-07    -0.598567    -2.48781    4.85848e-08    0.231158
1.3966    -1.12639    3.22505e-07    -0.598543    -2.48773    4.85908e-08    0.231205
1.39672    -1.12639    2.83641e-07    -0.59852    -2.48766    4.85797e-08    0.231252
1.39682    -1.12639    2.43961e-07    -0.598498    -2.4876    4.85524e-08    0.231297
1.39692    -1.12639    2.04592e-07    -0.598477    -2.48754    4.85099e-08    0.231339
1.39701    -1.12639    1.66603e-07    -0.598457    -2.48749    4.84532e-08    0.231379
1.3971    -1.12639    1.30968e-07    -0.598439    -2.48744    4.83837e-08    0.231417
1.39717    -1.12639    9.8543e-08    -0.598422    -2.4874    4.83026e-08    0.231452
1.39723    -1.12639    7.00437e-08    -0.598407    -2.48736    4.82113e-08    0.231484
1.39728    -1.12639    4.60308e-08    -0.598394    -2.48734    4.81111e-08    0.231512
1.39733    -1.12639    2.68988e-08    -0.598382    -2.48732    4.80036e-08    0.231537
1.39736    -1.12639    1.28723e-08    -0.598373    -2.4873    4.789e-08    0.231558
1.39738    -1.12639    4.00634e-09    -0.598365    -2.4873    4.77718e-08    0.231576
1.3974    -1.12639    1.93784e-10    -0.598359    -2.4873    4.76504e-08    0.23159
1.3974    -1.12639    1.17594e-09    -0.598355    -2.4873    4.7527e-08    0.2316
1.39739    -1.12639    6.55832e-09    -0.598353    -2.48731    4.74031e-08    0.231606
1.39738    -1.12639    1.58297e-08    -0.598353    -2.48733    4.72797e-08    0.231609
1.39735    -1.12639    2.83837e-08    -0.598354    -2.48735    4.71581e-08    0.231608
1.39732    -1.12639    4.35431e-08    -0.598358    -2.48738    4.70394e-08    0.231603
1.39727    -1.12639    6.0584e-08    -0.598363    -2.48742    4.69244e-08    0.231595
1.39723    -1.12639    7.87616e-08    -0.598369    -2.48745    4.68142e-08    0.231584
1.39717    -1.12639    9.73345e-08    -0.598378    -2.4875    4.67096e-08    0.231569
1.39711    -1.12639    1.15588e-07    -0.598387    -2.48754    4.66114e-08    0.231552
1.39704    -1.12639    1.32855e-07    -0.598398    -2.48759    4.65202e-08    0.231531
1.39696    -1.12639    1.48537e-07    -0.59841    -2.48764    4.64366e-08    0.231508
1.39689    -1.12639    1.62117e-07    -0.598424    -2.48769    4.63613e-08    0.231483
1.39681    -1.12639    1.73172e-07    -0.598438    -2.48775    4.62945e-08    0.231456
1.39672    -1.12639    1.81385e-07    -0.598453    -2.4878    4.62368e-08    0.231427
1.39664    -1.12639    1.86547e-07    -0.598469    -2.48786    4.61884e-08    0.231396
1.39655    -1.12639    1.8856e-07    -0.598485    -2.48792    4.61495e-08    0.231364
1.39646    -1.12639    1.87434e-07    -0.598502    -2.48797    4.61204e-08    0.231332
1.39638    -1.12639    1.83279e-07    -0.598518    -2.48803    4.61012e-08    0.231298
1.39629    -1.12639    1.76304e-07    -0.598535    -2.48808    4.60919e-08    0.231264
1.39621    -1.12639    1.66797e-07    -0.598552    -2.48814    4.60926e-08    0.23123
1.39612    -1.12639    1.55116e-07    -0.598569    -2.48819    4.61031e-08    0.231196
1.39605    -1.12639    1.41676e-07    -0.598586    -2.48823    4.61233e-08    0.231163
1.39597    -1.12639    1.26929e-07    -0.598602    -2.48828    4.61531e-08    0.23113
1.3959    -1.12639    1.1135e-07    -0.598617    -2.48832    4.61922e-08    0.231098
1.39583    -1.12639    9.542e-08    -0.598632    -2.48836    4.62403e-08    0.231067
1.39577    -1.12639    7.96115e-08    -0.598647    -2.48839    4.62971e-08    0.231037
1.39571    -1.12639    6.43716e-08    -0.59866    -2.48842    4.63621e-08    0.231009
1.39566    -1.12639    5.01103e-08    -0.598672    -2.48845    4.64349e-08    0.230983
1.39562    -1.12639    3.71888e-08    -0.598684    -2.48847    4.6515e-08    0.230958
1.39558    -1.12639    2.591e-08    -0.598694    -2.48849    4.66018e-08    0.230936
1.39555    -1.12639    1.65115e-08    -0.598703    -2.48851    4.66947e-08    0.230916
1.39552    -1.12639    9.16135e-09    -0.598712    -2.48852    4.67931e-08    0.230898
1.3955    -1.12639    3.95531e-09    -0.598718    -2.48852    4.68962e-08    0.230882
1.39549    -1.12639    9.1764e-10    -0.598724    -2.48852    4.70033e-08    0.230869
1.39548    -1.12639    3.32406e-12    -0.598728    -2.48852    4.71137e-08    0.230858
1.39548    -1.12639    1.10278e-09    -0.598732    -2.48851    4.72266e-08    0.23085
1.39549    -1.12639    4.04832e-09    -0.598734    -2.4885    4.73412e-08    0.230844
1.3955    -1.12639    8.62212e-09    -0.598734    -2.48848    4.74567e-08    0.23084
1.39552    -1.12639    1.45655e-08    -0.598734    -2.48847    4.75722e-08    0.230839
1.39555    -1.12639    2.1589e-08    -0.598732    -2.48844    4.7687e-08    0.230841
1.39557    -1.12639    2.9383e-08    -0.598729    -2.48842    4.78003e-08    0.230844
1.39561    -1.12639    3.76283e-08    -0.598726    -2.48839    4.79112e-08    0.23085
1.39565    -1.12639    4.60071e-08    -0.598721    -2.48836    4.80191e-08    0.230858
1.39569    -1.12639    5.42126e-08    -0.598715    -2.48833    4.81233e-08    0.230868
1.39574    -1.12639    6.19581e-08    -0.598708    -2.48829    4.82229e-08    0.23088
1.39579    -1.12639    6.89856e-08    -0.598701    -2.48825    4.83175e-08    0.230893
1.39584    -1.12639    7.50722e-08    -0.598693    -2.48822    4.84065e-08    0.230908
1.3959    -1.12639    8.00357e-08    -0.598684    -2.48818    4.84893e-08    0.230924
1.39595    -1.12639    8.37383e-08    -0.598675    -2.48814    4.85654e-08    0.230942
1.39601    -1.12639    8.60889e-08    -0.598665    -2.4881    4.86346e-08    0.230961
1.39607    -1.12639    8.70439e-08    -0.598655    -2.48806    4.86964e-08    0.23098
1.39613    -1.12639    8.6606e-08    -0.598644    -2.48802    4.87507e-08    0.231
1.39619    -1.12639    8.48223e-08    -0.598634    -2.48798    4.87973e-08    0.231021
1.39625    -1.12639    8.17804e-08    -0.598623    -2.48794    4.88361e-08    0.231042
1.3963    -1.12639    7.76039e-08    -0.598612    -2.4879    4.8867e-08    0.231062
1.39636    -1.12639    7.24467e-08    -0.598602    -2.48786    4.88902e-08    0.231083
1.39641    -1.12639    6.64868e-08    -0.598591    -2.48783    4.89057e-08    0.231104
1.39647    -1.12639    5.99192e-08    -0.598581    -2.4878    4.89137e-08    0.231124
1.39651    -1.12639    5.29495e-08    -0.598571    -2.48777    4.89146e-08    0.231144
1.39656    -1.12639    4.57863e-08    -0.598562    -2.48774    4.89085e-08    0.231163
1.3966    -1.12639    3.8635e-08    -0.598553    -2.48771    4.88959e-08    0.231182
1.39664    -1.12639    3.1691e-08    -0.598545    -2.48769    4.88772e-08    0.231199
1.39668    -1.12639    2.51346e-08    -0.598537    -2.48767    4.88527e-08    0.231215
1.39671    -1.12639    1.91252e-08    -0.59853    -2.48765    4.88231e-08    0.23123
1.39674    -1.12639    1.37983e-08    -0.598523    -2.48763    4.87888e-08    0.231244
1.39676    -1.12639    9.26149e-09    -0.598517    -2.48762    4.87503e-08    0.231256
1.39678    -1.12639    5.59284e-09    -0.598512    -2.48761    4.87083e-08    0.231267
1.3968    -1.12639    2.83979e-09    -0.598508    -2.48761    4.86632e-08    0.231276
1.39681    -1.12639    1.0191e-09    -0.598505    -2.4876    4.86156e-08    0.231284
1.39681    -1.12639    1.17825e-10    -0.598502    -2.4876    4.85662e-08    0.23129
1.39682    -1.12639    9.51442e-11    -0.5985    -2.4876    4.85154e-08    0.231295
1.39681    -1.12639    8.85007e-10    -0.598499    -2.48761    4.84638e-08    0.231298
1.39681    -1.12639    2.39945e-09    -0.598499    -2.48761    4.84121e-08    0.231299
1.3968    -1.12639    4.53243e-09    -0.598499    -2.48762    4.83606e-08    0.231299
1.39678    -1.12639    7.16408e-09    -0.598501    -2.48763    4.83099e-08    0.231297
1.39677    -1.12639    1.01652e-08    -0.598503    -2.48765    4.82604e-08    0.231294
1.39675    -1.12639    1.34016e-08    -0.598505    -2.48766    4.82127e-08    0.231289
1.39672    -1.12639    1.6739e-08    -0.598509    -2.48768    4.81672e-08    0.231283
1.3967    -1.12639    2.00469e-08    -0.598513    -2.4877    4.81241e-08    0.231276
1.39667    -1.12639    2.32028e-08    -0.598517    -2.48772    4.8084e-08    0.231268
1.39664    -1.12639    2.60955e-08    -0.598522    -2.48774    4.80471e-08    0.231258
1.39661    -1.12639    2.86283e-08    -0.598528    -2.48776    4.80137e-08    0.231247
1.39657    -1.12639    3.07211e-08    -0.598534    -2.48779    4.7984e-08    0.231236
1.39654    -1.12639    3.23125e-08    -0.59854    -2.48781    4.79583e-08    0.231224
1.3965    -1.12639    3.33604e-08    -0.598547    -2.48783    4.79368e-08    0.231211
1.39646    -1.12639    3.38429e-08    -0.598554    -2.48786    4.79196e-08    0.231197
1.39643    -1.12639    3.37577e-08    -0.598561    -2.48788    4.79068e-08    0.231183
1.39639    -1.12639    3.31211e-08    -0.598568    -2.48791    4.78986e-08    0.231169
1.39635    -1.12639    3.1967e-08    -0.598575    -2.48793    4.78948e-08    0.231154
1.39632    -1.12639    3.03447e-08    -0.598583    -2.48795    4.78956e-08    0.23114
1.39628    -1.12639    2.83165e-08    -0.59859    -2.48797    4.7901e-08    0.231125
1.39625    -1.12639    2.59552e-08    -0.598597    -2.48799    4.79108e-08    0.231111
1.39622    -1.12639    2.33413e-08    -0.598604    -2.48801    4.7925e-08    0.231097
1.39619    -1.12639    2.056e-08    -0.598611    -2.48803    4.79434e-08    0.231083
1.39616    -1.12639    1.76982e-08    -0.598617    -2.48805    4.79659e-08    0.23107
1.39613    -1.12639    1.48417e-08    -0.598623    -2.48806    4.79923e-08    0.231057
1.39611    -1.12639    1.20723e-08    -0.598629    -2.48807    4.80225e-08    0.231045
1.39608    -1.12639    9.46578e-09    -0.598634    -2.48809    4.80561e-08    0.231033
1.39606    -1.12639    7.0892e-09    -0.598639    -2.48809    4.8093e-08    0.231022
1.39605    -1.12639    4.99959e-09    -0.598644    -2.4881    4.81328e-08    0.231013
1.39603    -1.12639    3.24237e-09    -0.598648    -2.48811    4.81753e-08    0.231004
1.39602    -1.12639    1.8505e-09    -0.598652    -2.48811    4.82201e-08    0.230996
1.39601    -1.12639    8.43953e-10    -0.598655    -2.48812    4.8267e-08    0.230989
1.39601    -1.12639    2.29703e-10    -0.598657    -2.48812    4.83155e-08    0.230983
1.396    -1.12639    2.08287e-12    -0.598659    -2.48811    4.83654e-08    0.230978
1.396    -1.12639    1.43542e-10    -0.598661    -2.48811    4.84164e-08    0.230974
1.39601    -1.12639    6.25745e-10    -0.598662    -2.48811    4.84679e-08    0.230971
1.39601    -1.12639    1.41097e-09    -0.598662    -2.4881    4.85198e-08    0.230969
1.39602    -1.12639    2.45371e-09    -0.598662    -2.48809    4.85716e-08    0.230969
1.39603    -1.12639    3.70253e-09    -0.598662    -2.48808    4.8623e-08    0.230969
1.39604    -1.12639    5.10189e-09    -0.59866    -2.48807    4.86736e-08    0.23097
1.39606    -1.12639    6.59416e-09    -0.598659    -2.48806    4.87232e-08    0.230972
1.39607    -1.12639    8.1215e-09    -0.598657    -2.48805    4.87714e-08    0.230976
1.39609    -1.12639    9.62772e-09    -0.598655    -2.48803    4.8818e-08    0.23098
1.39611    -1.12639    1.106e-08    -0.598652    -2.48802    4.88626e-08    0.230984
1.39613    -1.12639    1.23702e-08    -0.598649    -2.488    4.8905e-08    0.23099
1.39615    -1.12639    1.35166e-08    -0.598646    -2.48799    4.8945e-08    0.230996
1.39618    -1.12639    1.44646e-08    -0.598642    -2.48797    4.89823e-08    0.231003
1.3962    -1.12639    1.51873e-08    -0.598638    -2.48795    4.90168e-08    0.23101
1.39623    -1.12638    1.56665e-08    -0.598634    -2.48794    4.90484e-08    0.231018
1.39625    -1.12638    1.58924e-08    -0.59863    -2.48792    4.90768e-08    0.231026
1.39628    -1.12638    1.58638e-08    -0.598625    -2.4879    4.9102e-08    0.231034
1.3963    -1.12638    1.55877e-08    -0.598621    -2.48788    4.9124e-08    0.231043
1.39633    -1.12638    1.50784e-08    -0.598616    -2.48787    4.91426e-08    0.231052
1.39635    -1.12638    1.43573e-08    -0.598612    -2.48785    4.9158e-08    0.231061
1.39638    -1.12638    1.34512e-08    -0.598607    -2.48784    4.917e-08    0.23107
1.3964    -1.12638    1.23917e-08    -0.598603    -2.48782    4.91788e-08    0.231078
1.39642    -1.12638    1.12136e-08    -0.598598    -2.48781    4.91844e-08    0.231087
1.39644    -1.12638    9.95424e-09    -0.598594    -2.48779    4.91869e-08    0.231095
1.39646    -1.12638    8.65144e-09    -0.59859    -2.48778    4.91864e-08    0.231104
1.39648    -1.12638    7.34283e-09    -0.598586    -2.48777    4.91831e-08    0.231111
1.3965    -1.12638    6.0645e-09    -0.598583    -2.48776    4.91772e-08    0.231119
1.39651    -1.12638    4.84992e-09    -0.598579    -2.48775    4.91687e-08    0.231126
1.39653    -1.12638    3.72902e-09    -0.598576    -2.48774    4.91579e-08    0.231132
1.39654    -1.12638    2.72745e-09    -0.598573    -2.48773    4.91451e-08    0.231138
1.39655    -1.12638    1.86594e-09    -0.598571    -2.48773    4.91303e-08    0.231143
1.39656    -1.12639    1.15989e-09    -0.598569    -2.48772    4.9114e-08    0.231148
1.39657    -1.12639    6.19165e-10    -0.598567    -2.48772    4.90962e-08    0.231152
1.39657    -1.12639    2.48017e-10    -0.598565    -2.48772    4.90772e-08    0.231156
1.39657    -1.12639    4.52409e-11    -0.598564    -2.48772    4.90573e-08    0.231158
1.39658    -1.12639    4.47123e-12    -0.598563    -2.48772    4.90367e-08    0.23116
1.39657    -1.12639    1.14636e-10    -0.598563    -2.48772    4.90156e-08    0.231162
1.39657    -1.12639    3.60533e-10    -0.598563    -2.48772    4.89943e-08    0.231162
1.39657    -1.12639    7.23514e-10    -0.598563    -2.48773    4.8973e-08    0.231162
1.39656    -1.12639    1.18224e-09    -0.598563    -2.48773    4.8952e-08    0.231162
1.39656    -1.12639    1.71349e-09    -0.598564    -2.48774    4.89314e-08    0.231161
1.39655    -1.12639    2.29298e-09    -0.598565    -2.48774    4.89115e-08    0.231159
1.39654    -1.12639    2.89622e-09    -0.598567    -2.48775    4.88924e-08    0.231156
1.39653    -1.12639    3.49923e-09    -0.598568    -2.48776    4.88743e-08    0.231153
1.39652    -1.12639    4.07937e-09    -0.59857    -2.48777    4.88574e-08    0.23115
1.3965    -1.12639    4.61592e-09    -0.598572    -2.48778    4.88418e-08    0.231145
1.39649    -1.12639    5.09067e-09    -0.598575    -2.48778    4.88278e-08    0.231141
1.39648    -1.12639    5.48839e-09    -0.598577    -2.48779    4.88153e-08    0.231136
1.39646    -1.12639    5.79715e-09    -0.59858    -2.4878    4.88046e-08    0.231131
1.39645    -1.12639    6.00856e-09    -0.598583    -2.48781    4.87956e-08    0.231125
1.39643    -1.12639    6.11784e-09    -0.598586    -2.48782    4.87886e-08    0.23112
1.39641    -1.12639    6.12382e-09    -0.598589    -2.48783    4.87834e-08    0.231114
1.3964    -1.12639    6.0288e-09    -0.598592    -2.48784    4.87803e-08    0.231107
1.39638    -1.12639    5.83828e-09    -0.598595    -2.48785    4.87791e-08    0.231101
1.39637    -1.12639    5.56066e-09    -0.598598    -2.48786    4.87799e-08    0.231095
1.39635    -1.12639    5.20683e-09    -0.598601    -2.48787    4.87828e-08    0.231089
1.39634    -1.12639    4.78968e-09    -0.598604    -2.48788    4.87875e-08    0.231083
1.39632    -1.12639    4.3236e-09    -0.598607    -2.48789    4.87943e-08    0.231076
1.39631    -1.12639    3.82395e-09    -0.59861    -2.4879    4.88029e-08    0.23107
1.3963    -1.12639    3.30652e-09    -0.598613    -2.4879    4.88133e-08    0.231065
1.39629    -1.12639    2.78698e-09    -0.598616    -2.48791    4.88254e-08    0.231059
1.39628    -1.12639    2.28042e-09    -0.598618    -2.48792    4.88392e-08    0.231054
1.39627    -1.12639    1.80086e-09    -0.598621    -2.48792    4.88545e-08    0.231049
1.39626    -1.12639    1.36088e-09    -0.598623    -2.48793    4.88713e-08    0.231044
1.39625    -1.12639    9.71221e-10    -0.598625    -2.48793    4.88893e-08    0.23104
1.39624    -1.12639    6.4061e-10    -0.598627    -2.48793    4.89085e-08    0.231036
1.39624    -1.12639    3.75507e-10    -0.598628    -2.48793    4.89287e-08    0.231032
1.39624    -1.12639    1.80026e-10    -0.59863    -2.48793    4.89499e-08    0.231029
1.39623    -1.12639    5.59095e-11    -0.598631    -2.48793    4.89717e-08    0.231026
1.39623    -1.12639    2.57652e-12    -0.598632    -2.48793    4.89941e-08    0.231024
1.39623    -1.12638    1.72485e-11    -0.598632    -2.48793    4.9017e-08    0.231022
1.39623    -1.12638    9.51367e-11    -0.598633    -2.48793    4.90402e-08    0.231021
1.39623    -1.12638    2.29685e-10    -0.598633    -2.48793    4.90634e-08    0.23102
1.39624    -1.12638    4.12859e-10    -0.598633    -2.48793    4.90867e-08    0.23102
1.39624    -1.12638    6.35468e-10    -0.598633    -2.48792    4.91098e-08    0.23102
1.39625    -1.12638    8.87506e-10    -0.598633    -2.48792    4.91325e-08    0.23102
1.39625    -1.12638    1.15851e-09    -0.598632    -2.48791    4.91548e-08    0.231021
1.39626    -1.12638    1.43791e-09    -0.598631    -2.48791    4.91766e-08    0.231022
1.39627    -1.12638    1.71537e-09    -0.59863    -2.4879    4.91976e-08    0.231024
1.39627    -1.12638    1.9811e-09    -0.598629    -2.48789    4.92177e-08    0.231026
1.39628    -1.12638    2.22613e-09    -0.598628    -2.48789    4.9237e-08    0.231028
1.39629    -1.12638    2.44259e-09    -0.598627    -2.48788    4.92551e-08    0.23103
1.3963    -1.12638    2.62386e-09    -0.598625    -2.48787    4.92722e-08    0.231033
1.39631    -1.12638    2.76477e-09    -0.598623    -2.48787    4.92881e-08    0.231036
1.39632    -1.12638    2.86165e-09    -0.598622    -2.48786    4.93027e-08    0.231039
1.39633    -1.12638    2.91241e-09    -0.59862    -2.48785    4.9316e-08    0.231043
1.39635    -1.12638    2.91652e-09    -0.598618    -2.48784    4.93279e-08    0.231046
1.39636    -1.12638    2.87494e-09    -0.598616    -2.48784    4.93384e-08    0.23105
1.39637    -1.12638    2.79005e-09    -0.598614    -2.48783    4.93475e-08    0.231054
1.39638    -1.12638    2.66548e-09    -0.598612    -2.48782    4.93552e-08    0.231057
1.39639    -1.12638    2.50595e-09    -0.59861    -2.48781    4.93614e-08    0.231061
1.3964    -1.12638    2.31708e-09    -0.598609    -2.48781    4.93663e-08    0.231065
1.39641    -1.12638    2.10515e-09    -0.598607    -2.4878    4.93698e-08    0.231069
1.39642    -1.12638    1.87687e-09    -0.598605    -2.4878    4.9372e-08    0.231072
1.39643    -1.12638    1.63917e-09    -0.598603    -2.48779    4.93729e-08    0.231076
1.39643    -1.12638    1.39898e-09    -0.598602    -2.48779    4.93725e-08    0.231079
1.39644    -1.12638    1.16295e-09    -0.5986    -2.48778    4.9371e-08    0.231082
1.39645    -1.12638    9.37325e-10    -0.598599    -2.48778    4.93684e-08    0.231085
1.39645    -1.12638    7.27731e-10    -0.598597    -2.48777    4.93648e-08    0.231088
1.39646    -1.12638    5.39031e-10    -0.598596    -2.48777    4.93603e-08    0.23109
1.39646    -1.12638    3.75215e-10    -0.598595    -2.48777    4.93549e-08    0.231093
1.39647    -1.12638    2.39312e-10    -0.598594    -2.48777    4.93488e-08    0.231095
1.39647    -1.12638    1.33342e-10    -0.598593    -2.48776    4.93421e-08    0.231096
1.39647    -1.12638    5.83004e-11    -0.598592    -2.48776    4.93348e-08    0.231098
1.39647    -1.12638    1.4176e-11    -0.598592    -2.48776    4.9327e-08    0.231099
1.39648    -1.12638    1.13234e-15    -0.598592    -2.48776    4.9319e-08    0.2311
1.39648    -1.12638    1.39279e-11    -0.598591    -2.48776    4.93107e-08    0.231101
1.39647    -1.12638    5.33294e-11    -0.598591    -2.48776    4.93023e-08    0.231101
1.39647    -1.12638    1.14921e-10    -0.598591    -2.48776    4.92938e-08    0.231101
1.39647    -1.12638    1.94896e-10    -0.598592    -2.48777    4.92854e-08    0.231101
1.39647    -1.12638    2.89073e-10    -0.598592    -2.48777    4.92772e-08    0.2311
1.39647    -1.12638    3.93044e-10    -0.598592    -2.48777    4.92692e-08    0.231099
1.39646    -1.12638    5.02328e-10    -0.598593    -2.48777    4.92616e-08    0.231098
1.39646    -1.12638    6.12517e-10    -0.598594    -2.48778    4.92544e-08    0.231097
1.39645    -1.12638    7.19409e-10    -0.598595    -2.48778    4.92476e-08    0.231095
1.39645    -1.12638    8.19137e-10    -0.598595    -2.48778    4.92415e-08    0.231094
1.39644    -1.12638    9.08269e-10    -0.598596    -2.48779    4.92359e-08    0.231092
1.39643    -1.12638    9.83904e-10    -0.598598    -2.48779    4.9231e-08    0.23109
1.39643    -1.12638    1.04373e-09    -0.598599    -2.4878    4.92269e-08    0.231087
1.39642    -1.12638    1.08608e-09    -0.5986    -2.4878    4.92235e-08    0.231085
1.39642    -1.12638    1.10993e-09    -0.598601    -2.48781    4.92209e-08    0.231083
1.39641    -1.12638    1.11495e-09    -0.598603    -2.48781    4.92192e-08    0.23108
1.3964    -1.12638    1.10141e-09    -0.598604    -2.48781    4.92183e-08    0.231077
1.3964    -1.12638    1.07021e-09    -0.598605    -2.48782    4.92183e-08    0.231075
1.39639    -1.12638    1.02277e-09    -0.598607    -2.48782    4.92191e-08    0.231072
1.39638    -1.12638    9.60988e-10    -0.598608    -2.48783    4.92208e-08    0.231069
1.39638    -1.12638    8.87159e-10    -0.598609    -2.48783    4.92234e-08    0.231067
1.39637    -1.12638    8.03856e-10    -0.598611    -2.48783    4.92268e-08    0.231064
1.39636    -1.12638    7.13856e-10    -0.598612    -2.48784    4.9231e-08    0.231061
1.39636    -1.12638    6.20032e-10    -0.598613    -2.48784    4.9236e-08    0.231059
1.39635    -1.12638    5.25258e-10    -0.598614    -2.48784    4.92418e-08    0.231056
1.39635    -1.12638    4.32319e-10    -0.598615    -2.48784    4.92483e-08    0.231054
1.39635    -1.12638    3.4382e-10    -0.598616    -2.48785    4.92554e-08    0.231052
1.39634    -1.12638    2.62115e-10    -0.598617    -2.48785    4.92632e-08    0.23105
1.39634    -1.12638    1.89242e-10    -0.598618    -2.48785    4.92715e-08    0.231048
1.39634    -1.12638    1.2687e-10    -0.598619    -2.48785    4.92804e-08    0.231046
1.39633    -1.12638    7.62638e-11    -0.59862    -2.48785    4.92897e-08    0.231044
1.39633    -1.12638    3.82626e-11    -0.59862    -2.48785    4.92994e-08    0.231043
1.39633    -1.12638    1.32708e-11    -0.598621    -2.48785    4.93094e-08    0.231042
1.39633    -1.12638    1.2658e-12    -0.598621    -2.48785    4.93197e-08    0.231041
1.39633    -1.12638    1.81732e-12    -0.598622    -2.48785    4.93301e-08    0.23104
1.39633    -1.12638    1.41199e-11    -0.598622    -2.48785    4.93407e-08    0.231039
1.39633    -1.12638    3.70352e-11    -0.598622    -2.48785    4.93514e-08    0.231039
1.39633    -1.12638    6.91433e-11    -0.598622    -2.48785    4.9362e-08    0.231038
1.39633    -1.12638    1.088e-10    -0.598622    -2.48785    4.93726e-08    0.231038
1.39634    -1.12638    1.54201e-10    -0.598622    -2.48784    4.93831e-08    0.231038
1.39634    -1.12638    2.03442e-10    -0.598622    -2.48784    4.93933e-08    0.231039
1.39634    -1.12638    2.54589e-10    -0.598622    -2.48784    4.94034e-08    0.231039
1.39634    -1.12638    3.05736e-10    -0.598621    -2.48784    4.94131e-08    0.23104
1.39635    -1.12638    3.55067e-10    -0.598621    -2.48783    4.94224e-08    0.231041
1.39635    -1.12638    4.00909e-10    -0.59862    -2.48783    4.94314e-08    0.231041
1.39635    -1.12638    4.41775e-10    -0.59862    -2.48783    4.94399e-08    0.231042
1.39636    -1.12638    4.76406e-10    -0.598619    -2.48783    4.9448e-08    0.231044
1.39636    -1.12638    5.038e-10    -0.598618    -2.48782    4.94555e-08    0.231045
1.39637    -1.12638    5.2323e-10    -0.598618    -2.48782    4.94625e-08    0.231046
1.39637    -1.12638    5.34253e-10    -0.598617    -2.48782    4.9469e-08    0.231048
1.39638    -1.12638    5.36716e-10    -0.598616    -2.48781    4.94748e-08    0.231049
1.39638    -1.12638    5.30741e-10    -0.598615    -2.48781    4.94801e-08    0.23105
1.39639    -1.12638    5.16713e-10    -0.598615    -2.48781    4.94847e-08    0.231052
1.39639    -1.12638    4.95253e-10    -0.598614    -2.4878    4.94888e-08    0.231054
1.3964    -1.12638    4.6719e-10    -0.598613    -2.4878    4.94922e-08    0.231055
1.3964    -1.12638    4.3352e-10    -0.598612    -2.4878    4.9495e-08    0.231057
1.3964    -1.12638    3.95375e-10    -0.598611    -2.48779    4.94973e-08    0.231058
1.39641    -1.12638    3.53973e-10    -0.598611    -2.48779    4.94989e-08    0.23106
1.39641    -1.12638    3.10578e-10    -0.59861    -2.48779    4.95e-08    0.231061
1.39642    -1.12638    2.66463e-10    -0.598609    -2.48779    4.95006e-08    0.231063
1.39642    -1.12638    2.22861e-10    -0.598609    -2.48779    4.95007e-08    0.231064
1.39642    -1.12638    1.80936e-10    -0.598608    -2.48778    4.95003e-08    0.231065
1.39642    -1.12638    1.41743e-10    -0.598607    -2.48778    4.94994e-08    0.231066
1.39643    -1.12638    1.06206e-10    -0.598607    -2.48778    4.94982e-08    0.231067
1.39643    -1.12638    7.50905e-11    -0.598606    -2.48778    4.94966e-08    0.231068
1.39643    -1.12638    4.89896e-11    -0.598606    -2.48778    4.94946e-08    0.231069
1.39643    -1.12638    2.83124e-11    -0.598606    -2.48778    4.94924e-08    0.23107
1.39643    -1.12638    1.32809e-11    -0.598605    -2.48778    4.94899e-08    0.231071
1.39643    -1.12638    3.9312e-12    -0.598605    -2.48778    4.94872e-08    0.231071
1.39643    -1.12638    1.21942e-13    -0.598605    -2.48778    4.94844e-08    0.231071
1.39643    -1.12638    1.54714e-12    -0.598605    -2.48778    4.94815e-08    0.231072
1.39643    -1.12638    7.75395e-12    -0.598605    -2.48778    4.94784e-08    0.231072
1.39643    -1.12638    1.81641e-11    -0.598605    -2.48778    4.94754e-08    0.231072
1.39643    -1.12638    3.20985e-11    -0.598605    -2.48778    4.94724e-08    0.231072
1.39643    -1.12638    4.88033e-11    -0.598605    -2.48778    4.94694e-08    0.231071
1.39643    -1.12638    6.74778e-11    -0.598605    -2.48778    4.94665e-08    0.231071
1.39643    -1.12638    8.73021e-11    -0.598606    -2.48778    4.94638e-08    0.231071
1.39643    -1.12638    1.07464e-10    -0.598606    -2.48778    4.94612e-08    0.23107
1.39642    -1.12638    1.27184e-10    -0.598606    -2.48778    4.94589e-08    0.231069
1.39642    -1.12638    1.45739e-10    -0.598607    -2.48779    4.94568e-08    0.231069
1.39642    -1.12638    1.62484e-10    -0.598607    -2.48779    4.94549e-08    0.231068
1.39642    -1.12638    1.76865e-10    -0.598608    -2.48779    4.94533e-08    0.231067
1.39641    -1.12638    1.88435e-10    -0.598608    -2.48779    4.9452e-08    0.231066
1.39641    -1.12638    1.96865e-10    -0.598609    -2.48779    4.94511e-08    0.231065
1.39641    -1.12638    2.01942e-10    -0.598609    -2.48779    4.94505e-08    0.231064
1.39641    -1.12638    2.03579e-10    -0.59861    -2.4878    4.94502e-08    0.231063
1.3964    -1.12638    2.01802e-10    -0.59861    -2.4878    4.94504e-08    0.231061
1.3964    -1.12638    1.96754e-10    -0.598611    -2.4878    4.94509e-08    0.23106
1.3964    -1.12638    1.88676e-10    -0.598612    -2.4878    4.94517e-08    0.231059
1.39639    -1.12638    1.77898e-10    -0.598612    -2.4878    4.94529e-08    0.231058
1.39639    -1.12638    1.64826e-10    -0.598613    -2.4878    4.94546e-08    0.231057
1.39639    -1.12638    1.49922e-10    -0.598613    -2.48781    4.94565e-08    0.231055
1.39639    -1.12638    1.33687e-10    -0.598614    -2.48781    4.94588e-08    0.231054
1.39638    -1.12638    1.16645e-10    -0.598615    -2.48781    4.94615e-08    0.231053
1.39638    -1.12638    9.93246e-11    -0.598615    -2.48781    4.94645e-08    0.231052
1.39638    -1.12638    8.22384e-11    -0.598616    -2.48781    4.94678e-08    0.231051
1.39638    -1.12638    6.58717e-11    -0.598616    -2.48781    4.94714e-08    0.23105
1.39638    -1.12638    5.06657e-11    -0.598617    -2.48781    4.94753e-08    0.231049
1.39638    -1.12638    3.70059e-11    -0.598617    -2.48781    4.94794e-08    0.231048
1.39637    -1.12638    2.52121e-11    -0.598617    -2.48781    4.94837e-08    0.231047
1.39637    -1.12638    1.55314e-11    -0.598618    -2.48781    4.94882e-08    0.231047
1.39637    -1.12638    8.13315e-12    -0.598618    -2.48781    4.9493e-08    0.231046
1.39637    -1.12638    3.10759e-12    -0.598618    -2.48781    4.94978e-08    0.231045
1.39637    -1.12638    4.66068e-13    -0.598618    -2.48781    4.95028e-08    0.231045
1.39637    -1.12638    1.44433e-13    -0.598619    -2.48781    4.95078e-08    0.231045
1.39637    -1.12638    2.00844e-12    -0.598619    -2.48781    4.95129e-08    0.231044
1.39637    -1.12638    5.86116e-12    -0.598619    -2.48781    4.95181e-08    0.231044
1.39637    -1.12638    1.14521e-11    -0.598619    -2.48781    4.95232e-08    0.231044
1.39637    -1.12638    1.84874e-11    -0.598619    -2.48781    4.95284e-08    0.231044
1.39637    -1.12638    2.66415e-11    -0.598619    -2.48781    4.95334e-08    0.231044
1.39638    -1.12638    3.55684e-11    -0.598619    -2.48781    4.95384e-08    0.231044
1.39638    -1.12638    4.49137e-11    -0.598619    -2.48781    4.95433e-08    0.231044
1.39638    -1.12638    5.43265e-11    -0.598619    -2.48781    4.95481e-08    0.231044
1.39638    -1.12638    6.34697e-11    -0.598618    -2.48781    4.95527e-08    0.231044
1.39638    -1.12638    7.20308e-11    -0.598618    -2.4878    4.95572e-08    0.231045
1.39638    -1.12638    7.97299e-11    -0.598618    -2.4878    4.95614e-08    0.231045
1.39638    -1.12638    8.63276e-11    -0.598618    -2.4878    4.95655e-08    0.231045
1.39639    -1.12638    9.16301e-11    -0.598617    -2.4878    4.95694e-08    0.231046
1.39639    -1.12638    9.54938e-11    -0.598617    -2.4878    4.9573e-08    0.231046
1.39639    -1.12638    9.78273e-11    -0.598617    -2.4878    4.95764e-08    0.231047
1.39639    -1.12638    9.85918e-11    -0.598617    -2.4878    4.95795e-08    0.231048
1.39639    -1.12638    9.77998e-11    -0.598616    -2.48779    4.95824e-08    0.231048
1.3964    -1.12638    9.55124e-11    -0.598616    -2.48779    4.9585e-08    0.231049
1.3964    -1.12638    9.18354e-11    -0.598616    -2.48779    4.95873e-08    0.231049
1.3964    -1.12638    8.69135e-11    -0.598615    -2.48779    4.95894e-08    0.23105
1.3964    -1.12638    8.09239e-11    -0.598615    -2.48779    4.95913e-08    0.231051
1.3964    -1.12638    7.40697e-11    -0.598615    -2.48779    4.95928e-08    0.231051
1.39641    -1.12638    6.65716e-11    -0.598614    -2.48779    4.95942e-08    0.231052
1.39641    -1.12638    5.86609e-11    -0.598614    -2.48779    4.95953e-08    0.231053
1.39641    -1.12638    5.05709e-11    -0.598614    -2.48778    4.95961e-08    0.231053
1.39641    -1.12638    4.25301e-11    -0.598614    -2.48778    4.95968e-08    0.231054
1.39641    -1.12638    3.47549e-11    -0.598613    -2.48778    4.95972e-08    0.231054
1.39641    -1.12638    2.74437e-11    -0.598613    -2.48778    4.95975e-08    0.231055
1.39641    -1.12638    2.0771e-11    -0.598613    -2.48778    4.95975e-08    0.231055
1.39641    -1.12638    1.48836e-11    -0.598613    -2.48778    4.95974e-08    0.231055
1.39642    -1.12638    9.89691e-12    -0.598613    -2.48778    4.95972e-08    0.231056
1.39642    -1.12638    5.893e-12    -0.598612    -2.48778    4.95968e-08    0.231056
1.39642    -1.12638    2.9196e-12    -0.598612    -2.48778    4.95963e-08    0.231056
1.39642    -1.12638    9.90253e-13    -0.598612    -2.48778    4.95958e-08    0.231057
1.39642    -1.12638    8.55185e-14    -0.598612    -2.48778    4.95951e-08    0.231057
1.39642    -1.12638    1.55219e-13    -0.598612    -2.48778    4.95944e-08    0.231057
1.39642    -1.12638    1.1215e-12    -0.598612    -2.48778    4.95937e-08    0.231057
1.39642    -1.12638    2.88266e-12    -0.598612    -2.48778    4.9593e-08    0.231057
1.39642    -1.12638    5.31749e-12    -0.598612    -2.48778    4.95922e-08    0.231057
1.39642    -1.12638    8.29013e-12    -0.598612    -2.48778    4.95915e-08    0.231056
1.39642    -1.12638    1.1655e-11    -0.598612    -2.48778    4.95908e-08    0.231056
1.39641    -1.12638    1.52621e-11    -0.598613    -2.48778    4.95902e-08    0.231056
1.39641    -1.12638    1.89615e-11    -0.598613    -2.48778    4.95897e-08    0.231056
1.39641    -1.12638    2.26088e-11    -0.598613    -2.48778    4.95892e-08    0.231055
1.39641    -1.12638    2.6069e-11    -0.598613    -2.48778    4.95888e-08    0.231055
1.39641    -1.12638    2.92201e-11    -0.598613    -2.48778    4.95886e-08    0.231055
1.39641    -1.12638    3.19571e-11    -0.598614    -2.48778    4.95884e-08    0.231054
1.39641    -1.12638    3.41938e-11    -0.598614    -2.48778    4.95884e-08    0.231054
1.39641    -1.12638    3.5865e-11    -0.598614    -2.48779    4.95885e-08    0.231053
1.39641    -1.12638    3.69274e-11    -0.598614    -2.48779    4.95888e-08    0.231053
1.3964    -1.12638    3.73601e-11    -0.598615    -2.48779    4.95892e-08    0.231052
1.3964    -1.12638    3.71639e-11    -0.598615    -2.48779    4.95898e-08    0.231052
1.3964    -1.12638    3.63604e-11    -0.598615    -2.48779    4.95905e-08    0.231051
1.3964    -1.12638    3.49903e-11    -0.598615    -2.48779    4.95914e-08    0.231051
1.3964    -1.12638    3.3111e-11    -0.598616    -2.48779    4.95925e-08    0.23105
1.3964    -1.12638    3.07943e-11    -0.598616    -2.48779    4.95937e-08    0.23105
1.3964    -1.12638    2.81229e-11    -0.598616    -2.48779    4.95951e-08    0.231049
1.3964    -1.12638    2.51877e-11    -0.598616    -2.48779    4.95966e-08    0.231049
1.3964    -1.12638    2.20841e-11    -0.598617    -2.48779    4.95983e-08    0.231048
1.39639    -1.12638    1.89089e-11    -0.598617    -2.48779    4.96001e-08    0.231047
1.39639    -1.12638    1.57571e-11    -0.598617    -2.48779    4.96021e-08    0.231047
1.39639    -1.12638    1.27191e-11    -0.598617    -2.48779    4.96042e-08    0.231047
1.39639    -1.12638    9.8775e-12    -0.598618    -2.48779    4.96064e-08    0.231046
1.39639    -1.12638    7.30534e-12    -0.598618    -2.48779    4.96087e-08    0.231046
1.39639    -1.12638    5.06387e-12    -0.598618    -2.48779    4.96111e-08    0.231045
1.39639    -1.12638    3.20127e-12    -0.598618    -2.48779    4.96136e-08    0.231045
1.39639    -1.12638    1.75161e-12    -0.598618    -2.48779    4.96162e-08    0.231045
1.39639    -1.12638    7.34471e-13    -0.598618    -2.48779    4.96188e-08    0.231044
1.39639    -1.12638    1.54906e-13    -0.598619    -2.48779    4.96215e-08    0.231044
1.39639    -1.12638    3.98566e-15    -0.598619    -2.48779    4.96242e-08    0.231044
1.39639    -1.12638    2.59686e-13    -0.598619    -2.48779    4.9627e-08    0.231044
1.39639    -1.12638    8.88186e-13    -0.598619    -2.48779    4.96298e-08    0.231043
1.39639    -1.12638    1.84548e-12    -0.598619    -2.48779    4.96326e-08    0.231043
1.39639    -1.12638    3.07921e-12    -0.598619    -2.48779    4.96353e-08    0.231043
1.39639    -1.12638    4.53075e-12    -0.598619    -2.48779    4.96381e-08    0.231043
1.39639    -1.12638    6.13731e-12    -0.598619    -2.48779    4.96408e-08    0.231043
1.39639    -1.12638    7.8341e-12    -0.598619    -2.48779    4.96435e-08    0.231043
1.39639    -1.12638    9.55654e-12    -0.598619    -2.48779    4.96461e-08    0.231043
1.39639    -1.12638    1.12422e-11    -0.598619    -2.48779    4.96487e-08    0.231043
1.39639    -1.12638    1.28328e-11    -0.598619    -2.48779    4.96512e-08    0.231043
1.39639    -1.12638    1.42756e-11    -0.598619    -2.48779    4.96536e-08    0.231044
1.3964    -1.12638    1.55252e-11    -0.598619    -2.48779    4.96559e-08    0.231044
1.3964    -1.12638    1.65444e-11    -0.598619    -2.48779    4.96582e-08    0.231044
1.3964    -1.12638    1.7305e-11    -0.598618    -2.48779    4.96603e-08    0.231044
1.3964    -1.12638    1.77881e-11    -0.598618    -2.48779    4.96624e-08    0.231044
1.3964    -1.12638    1.79849e-11    -0.598618    -2.48779    4.96643e-08    0.231044
1.3964    -1.12638    1.78956e-11    -0.598618    -2.48778    4.96661e-08    0.231045
1.3964    -1.12638    1.75299e-11    -0.598618    -2.48778    4.96678e-08    0.231045
1.3964    -1.12638    1.69054e-11    -0.598618    -2.48778    4.96694e-08    0.231045
1.3964    -1.12638    1.60475e-11    -0.598618    -2.48778    4.96709e-08    0.231045
1.3964    -1.12638    1.49874e-11    -0.598618    -2.48778    4.96723e-08    0.231046
1.3964    -1.12638    1.37616e-11    -0.598618    -2.48778    4.96736e-08    0.231046
1.3964    -1.12638    1.241e-11    -0.598617    -2.48778    4.96748e-08    0.231046
1.3964    -1.12638    1.09747e-11    -0.598617    -2.48778    4.96758e-08    0.231046
1.39641    -1.12638    9.49853e-12    -0.598617    -2.48778    4.96768e-08    0.231046
1.39641    -1.12638    8.02369e-12    -0.598617    -2.48778    4.96777e-08    0.231047
1.39641    -1.12638    6.59037e-12    -0.598617    -2.48778    4.96784e-08    0.231047
1.39641    -1.12638    5.23566e-12    -0.598617    -2.48778    4.96791e-08    0.231047
1.39641    -1.12638    3.99251e-12    -0.598617    -2.48778    4.96798e-08    0.231047
