1.2    -1.14852    0.000126287    -0.675235    -2.61324    -0.0996923    0.156583
1.20226    -1.19253    0.000467777    -0.676112    -2.69637    -0.103262    0.168218
1.2066    -1.14918    0.00102182    -0.675634    -2.60464    -0.0993927    0.156079
1.21301    -1.19158    0.00167031    -0.673881    -2.68418    -0.103    0.175053
1.22121    -1.15388    0.00244898    -0.67293    -2.59961    -0.0995075    0.16632
1.23114    -1.19069    0.003205    -0.670569    -2.66474    -0.10258    0.185062
1.2425    -1.15848    0.00400188    -0.668999    -2.58861    -0.0995113    0.179711
1.2552    -1.19019    0.00468578    -0.66623    -2.6413    -0.102113    0.197504
1.26894    -1.16233    0.00533978    -0.664082    -2.57263    -0.0994124    0.194594
1.2836    -1.19006    0.00582707    -0.661079    -2.61609    -0.101658    0.211142
1.29892    -1.16552    0.00624442    -0.658697    -2.55338    -0.0992305    0.209456
1.31478    -1.18953    0.00648081    -0.655599    -2.58902    -0.101163    0.224293
1.33093    -1.16784    0.00663353    -0.65302    -2.53235    -0.0990014    0.223459
1.34728    -1.1888    0.00661852    -0.649963    -2.56215    -0.100687    0.236547
1.3636    -1.16937    0.00653021    -0.647383    -2.51067    -0.0987388    0.235867
1.37982    -1.18763    0.00630502    -0.644423    -2.53589    -0.10022    0.247246
1.39576    -1.17023    0.00602794    -0.641931    -2.48952    -0.0984739    0.246562
1.41134    -1.18617    0.00565183    -0.63917    -2.5111    -0.0997775    0.256308
1.42642    -1.17049    0.00524954    -0.636826    -2.46944    -0.0982103    0.2555
1.44096    -1.1848    0.00478866    -0.634429    -2.48871    -0.0993824    0.26356
1.45485    -1.16986    0.00432341    -0.632197    -2.45004    -0.0979159    0.262659
1.46805    -1.18325    0.00382889    -0.62998    -2.4689    -0.0990459    0.269946
1.48046    -1.16944    0.00335426    -0.628122    -2.43356    -0.0976841    0.268453
1.49209    -1.18139    0.00287676    -0.626188    -2.45082    -0.0987102    0.274671
1.50285    -1.16889    0.00243386    -0.624599    -2.41939    -0.097485    0.273047
1.51275    -1.17962    0.00200795    -0.622978    -2.43538    -0.0984181    0.278296
1.52174    -1.1683    0.00162584    -0.621671    -2.40753    -0.097315    0.276559
1.52983    -1.17799    0.00127359    -0.620357    -2.42261    -0.0981708    0.281018
1.537    -1.16771    0.000969505    -0.61933    -2.39801    -0.0971765    0.279182
1.54324    -1.17658    0.000702453    -0.618316    -2.4125    -0.0979694    0.28298
1.54856    -1.16715    0.000483543    -0.617535    -2.39074    -0.0970687    0.281123
1.55298    -1.17544    0.000304405    -0.616819    -2.40509    -0.0978197    0.284366
1.55648    -1.16679    0.000170687    -0.616342    -2.38585    -0.0969963    0.282329
1.5591    -1.17445    7.56715e-05    -0.615899    -2.39989    -0.0976987    0.285073
1.56084    -1.16662    2.04237e-05    -0.61568    -2.38324    -0.0969604    0.283
1.56175    -1.17369    1.55824e-07    -0.6155    -2.397    -0.0976167    0.285286
1.56183    -1.16663    1.24046e-05    -0.615524    -2.38275    -0.0969575    0.28318
1.56112    -1.17317    5.40398e-05    -0.615589    -2.39629    -0.0975719    0.285051
1.55965    -1.1668    0.000119995    -0.615841    -2.38426    -0.0969858    0.282908
1.55745    -1.17286    0.000208575    -0.616133    -2.39761    -0.0975621    0.284397
1.55455    -1.16713    0.000312869    -0.616595    -2.38762    -0.0970429    0.282204
1.551    -1.17275    0.000432461    -0.617094    -2.4008    -0.0975847    0.283339
1.54683    -1.16767    0.000558914    -0.617783    -2.39274    -0.0971284    0.281008
1.54208    -1.17273    0.000693125    -0.618465    -2.40548    -0.0976254    0.281764
1.5368    -1.16827    0.000826554    -0.619289    -2.39936    -0.0972389    0.279497
1.53103    -1.17291    0.000960559    -0.620142    -2.41184    -0.097702    0.279888
1.52481    -1.16892    0.00108661    -0.621113    -2.40726    -0.0973678    0.277544
1.5182    -1.17318    0.00120695    -0.622102    -2.41951    -0.0978016    0.277624
1.51123    -1.16944    0.00131234    -0.623235    -2.41585    -0.0974928    0.275003
1.50396    -1.17362    0.001408    -0.624292    -2.42849    -0.097931    0.275022
1.49643    -1.17007    0.00148383    -0.625541    -2.42557    -0.0976434    0.272217
1.48869    -1.17407    0.00154633    -0.626671    -2.43826    -0.0980726    0.27202
1.4808    -1.17075    0.00158627    -0.627987    -2.43614    -0.0978134    0.26913
1.47281    -1.17448    0.00161054    -0.629177    -2.44855    -0.0982212    0.268664
1.46476    -1.17157    0.00161205    -0.630484    -2.44758    -0.0980126    0.265878
1.4567    -1.17478    0.00159649    -0.631754    -2.45903    -0.0983695    0.264983
1.44868    -1.17215    0.0015566    -0.633198    -2.45846    -0.098173    0.261753
1.44076    -1.17504    0.00150212    -0.63441    -2.46941    -0.0985099    0.260836
1.43299    -1.17259    0.0014306    -0.635587    -2.46969    -0.0983661    0.258349
1.4254    -1.17551    0.00134652    -0.636822    -2.48049    -0.098697    0.257215
1.41803    -1.17307    0.00124769    -0.638065    -2.48043    -0.0985392    0.254389
1.41094    -1.17567    0.00114085    -0.639217    -2.4904    -0.0988415    0.253226
1.40416    -1.1735    0.00102478    -0.640362    -2.49062    -0.0987083    0.250547
1.39774    -1.1758    0.000905902    -0.641416    -2.49965    -0.09898    0.249384
1.3917    -1.17396    0.000784138    -0.642409    -2.5002    -0.0988786    0.247002
1.38608    -1.17588    0.000664746    -0.64338    -2.50792    -0.0991037    0.245799
1.38091    -1.17427    0.000548503    -0.64423    -2.50841    -0.0990176    0.243694
1.37621    -1.17595    0.000439737    -0.645054    -2.51507    -0.0992138    0.242649
1.372    -1.17451    0.000339265    -0.645759    -2.51524    -0.0991323    0.240834
1.3683    -1.17602    0.000250323    -0.646401    -2.52091    -0.0993058    0.240045
1.36513    -1.17467    0.000173303    -0.646966    -2.52048    -0.0992174    0.238498
1.36249    -1.17612    0.000110428    -0.647396    -2.52535    -0.0993791    0.238097
1.36038    -1.17485    6.13576e-05    -0.647792    -2.52429    -0.0992853    0.236863
1.3588    -1.17625    2.71149e-05    -0.648031    -2.52831    -0.0994318    0.236853
1.35776    -1.17512    6.81681e-06    -0.64823    -2.52679    -0.0993408    0.23608
1.35724    -1.17631    8.67922e-09    -0.648308    -2.52958    -0.0994543    0.236262
1.35722    -1.17538    5.51336e-06    -0.648328    -2.52771    -0.0993695    0.235955
1.35769    -1.17641    2.18302e-05    -0.648238    -2.52945    -0.0994575    0.236461
1.35863    -1.17566    4.7356e-05    -0.648087    -2.52721    -0.0993773    0.236569
1.36001    -1.1766    7.99652e-05    -0.647822    -2.52815    -0.09945    0.237405
1.3618    -1.17581    0.000118248    -0.647552    -2.52516    -0.0993537    0.237661
1.36398    -1.17665    0.000159709    -0.647168    -2.52525    -0.0994052    0.238692
1.36652    -1.176    0.000202889    -0.646746    -2.52209    -0.0993179    0.239329
1.36938    -1.17668    0.000245504    -0.646277    -2.52133    -0.0993437    0.240487
1.37252    -1.17614    0.000286411    -0.645723    -2.51801    -0.0992643    0.241378
1.37592    -1.17677    0.000323595    -0.64517    -2.51677    -0.0992792    0.242682
1.37953    -1.17621    0.000356581    -0.644537    -2.51311    -0.0991944    0.243676
1.38332    -1.17682    0.000383662    -0.643923    -2.51159    -0.0992045    0.245076
1.38725    -1.17622    0.000405025    -0.643236    -2.50768    -0.0991149    0.246127
1.39129    -1.17682    0.000419372    -0.642584    -2.50599    -0.0991226    0.247568
1.3954    -1.17618    0.000427494    -0.64187    -2.5019    -0.0990282    0.248621
1.39955    -1.17678    0.0004285    -0.641203    -2.50018    -0.0990361    0.250056
1.4037    -1.17608    0.000423646    -0.640485    -2.496    -0.0989381    0.251071
1.40783    -1.17668    0.000412409    -0.639824    -2.49434    -0.0989479    0.252462
1.41191    -1.17595    0.000396342    -0.639124    -2.49017    -0.0988478    0.253406
1.4159    -1.17653    0.000375219    -0.638486    -2.48862    -0.0988594    0.254717
1.41979    -1.17579    0.00035068    -0.637819    -2.48459    -0.0987612    0.255581
1.42355    -1.1763    0.000322875    -0.637225    -2.48308    -0.0987696    0.256739
1.42715    -1.17563    0.000293134    -0.636598    -2.47946    -0.0986837    0.257558
1.43059    -1.17615    0.000261718    -0.636058    -2.4782    -0.098696    0.25863
1.43384    -1.17542    0.000230094    -0.635508    -2.47468    -0.0986059    0.259267
1.43688    -1.17594    0.000198408    -0.63503    -2.47372    -0.098624    0.260216
1.43971    -1.17544    0.000168465    -0.63466    -2.47072    -0.0985434    0.26047
1.44231    -1.17553    0.000139688    -0.634236    -2.46925    -0.0985299    0.261215
1.44468    -1.1752    0.000112891    -0.633865    -2.46706    -0.0984783    0.2617
1.44682    -1.17538    8.83484e-05    -0.633465    -2.46617    -0.0984855    0.262379
1.4487    -1.17511    6.65332e-05    -0.633185    -2.4644    -0.098442    0.26275
1.45034    -1.17505    4.77448e-05    -0.632931    -2.46322    -0.0984218    0.263091
1.45173    -1.17495    3.20474e-05    -0.632685    -2.4622    -0.0984056    0.263447
1.45286    -1.17464    1.94563e-05    -0.632452    -2.46097    -0.0983752    0.263787
1.45375    -1.17509    1.00129e-05    -0.632272    -2.46139    -0.0984143    0.264243
1.45438    -1.17491    3.74812e-06    -0.632142    -2.4607    -0.0983973    0.264432
1.45477    -1.17481    5.40189e-07    -0.632063    -2.46028    -0.0983869    0.264547
1.45492    -1.17478    1.75546e-07    -0.632102    -2.46    -0.0983739    0.264415
1.45483    -1.17462    2.34268e-06    -0.632089    -2.45979    -0.0983645    0.264395
1.45453    -1.17471    6.71778e-06    -0.632152    -2.46013    -0.0983727    0.264304
1.45401    -1.17457    1.2961e-05    -0.632226    -2.4602    -0.098366    0.264159
1.45328    -1.17477    2.0661e-05    -0.632374    -2.46099    -0.0983853    0.263944
1.45237    -1.17454    2.93385e-05    -0.632576    -2.46098    -0.0983635    0.263499
1.45128    -1.17464    3.87287e-05    -0.632737    -2.46189    -0.0983837    0.263274
1.45004    -1.17463    4.84998e-05    -0.632928    -2.46269    -0.0983948    0.262991
1.44864    -1.17469    5.8297e-05    -0.633159    -2.46366    -0.09841    0.262651
1.44711    -1.17466    6.77763e-05    -0.633407    -2.46457    -0.0984197    0.26225
1.44545    -1.17473    7.66705e-05    -0.633673    -2.46577    -0.0984406    0.261854
1.4437    -1.17473    8.47396e-05    -0.633961    -2.46687    -0.0984541    0.261409
1.44185    -1.17478    9.17251e-05    -0.634262    -2.46814    -0.0984734    0.260934
1.43993    -1.17482    9.75047e-05    -0.634572    -2.46946    -0.0984937    0.260461
1.43795    -1.1746    0.000102404    -0.634801    -2.47047    -0.0985023    0.2602
1.43591    -1.17505    0.000105822    -0.635135    -2.47268    -0.0985609    0.259755
1.43385    -1.17476    0.000107802    -0.635459    -2.47345    -0.0985533    0.259186
1.43177    -1.1751    0.000108245    -0.635802    -2.47546    -0.0986016    0.258697
1.42968    -1.17489    0.000107257    -0.636147    -2.47639    -0.0985997    0.258107
1.4276    -1.17512    0.000104812    -0.636485    -2.47822    -0.0986396    0.257586
1.42555    -1.17505    0.000101149    -0.636809    -2.47946    -0.0986534    0.257067
1.42353    -1.17521    9.63078e-05    -0.637144    -2.4811    -0.0986852    0.256548
1.42156    -1.17514    9.04541e-05    -0.637474    -2.48223    -0.0986949    0.255986
1.41965    -1.17532    8.38005e-05    -0.637789    -2.48386    -0.0987284    0.255516
1.41781    -1.17519    7.6457e-05    -0.638113    -2.48477    -0.0987298    0.254934
1.41606    -1.17532    6.86231e-05    -0.638396    -2.48622    -0.0987594    0.254464
1.4144    -1.17536    6.06139e-05    -0.638655    -2.48744    -0.0987802    0.254059
1.41283    -1.1754    5.25442e-05    -0.638933    -2.48854    -0.0987956    0.253601
1.41138    -1.17539    4.4572e-05    -0.639171    -2.4895    -0.0988091    0.253169
1.41004    -1.17551    3.69444e-05    -0.639386    -2.49065    -0.0988331    0.252841
1.40882    -1.17543    2.97537e-05    -0.639615    -2.49126    -0.0988334    0.252421
1.40772    -1.17552    2.31607e-05    -0.639785    -2.49221    -0.0988538    0.252134
1.40676    -1.17558    1.73139e-05    -0.639935    -2.493    -0.0988696    0.251907
1.40592    -1.17556    1.22464e-05    -0.640098    -2.49347    -0.0988718    0.251611
1.40522    -1.1756    8.03812e-06    -0.640205    -2.49405    -0.0988839    0.251428
1.40465    -1.17575    4.70098e-06    -0.640325    -2.49468    -0.0988993    0.251223
1.40422    -1.17554    2.29334e-06    -0.640359    -2.49464    -0.0988899    0.251146
1.40391    -1.17562    7.55935e-07    -0.640424    -2.49498    -0.0988981    0.251036
1.40374    -1.17566    5.70731e-08    -0.640461    -2.49517    -0.0989028    0.250973
1.40369    -1.17568    1.38419e-07    -0.640471    -2.49522    -0.0989041    0.250955
1.40377    -1.17566    9.18792e-07    -0.640455    -2.49514    -0.0989021    0.250982
1.40396    -1.17587    2.28313e-06    -0.640419    -2.49544    -0.0989195    0.251145
1.40426    -1.17579    4.12387e-06    -0.640354    -2.4951    -0.0989113    0.251254
1.40467    -1.17584    6.34991e-06    -0.64031    -2.49489    -0.0989089    0.251338
1.40517    -1.17571    8.81763e-06    -0.640203    -2.49433    -0.0988953    0.25152
1.40577    -1.17592    1.14718e-05    -0.64014    -2.49426    -0.0989032    0.251652
1.40645    -1.17574    1.41352e-05    -0.639997    -2.49351    -0.0988848    0.251896
1.4072    -1.17589    1.68012e-05    -0.639907    -2.49322    -0.098886    0.252048
1.40803    -1.17567    1.927e-05    -0.639733    -2.4923    -0.0988638    0.252341
1.40891    -1.17595    2.15822e-05    -0.639625    -2.4922    -0.0988758    0.252555
1.40984    -1.17571    2.35357e-05    -0.639428    -2.49116    -0.0988506    0.252885
1.41081    -1.17592    2.52177e-05    -0.639313    -2.49084    -0.0988539    0.253098
1.41182    -1.17565    2.64374e-05    -0.639101    -2.48972    -0.0988267    0.253452
1.41285    -1.1759    2.7367e-05    -0.638974    -2.48943    -0.0988338    0.253662
1.4139    -1.17563    2.7792e-05    -0.638753    -2.48827    -0.0988055    0.254028
1.41496    -1.1759    2.78856e-05    -0.638627    -2.48801    -0.0988135    0.254267
1.41602    -1.17562    2.74897e-05    -0.638404    -2.48684    -0.0987849    0.254633
1.41707    -1.17582    2.68338e-05    -0.638282    -2.48644    -0.0987868    0.254824
1.41811    -1.17555    2.5749e-05    -0.638064    -2.48529    -0.0987587    0.255181
1.41913    -1.17581    2.44608e-05    -0.637936    -2.48506    -0.0987679    0.255399
1.42012    -1.17554    2.28381e-05    -0.637728    -2.48396    -0.0987411    0.255737
1.42108    -1.17571    2.11105e-05    -0.637603    -2.4836    -0.0987435    0.255917
1.422    -1.17547    1.91598e-05    -0.63741    -2.48258    -0.0987186    0.256228
1.42288    -1.17573    1.71599e-05    -0.637307    -2.48245    -0.0987289    0.256431
1.42371    -1.17551    1.50574e-05    -0.637134    -2.48153    -0.0987065    0.25671
1.42449    -1.17558    1.3026e-05    -0.637046    -2.48108    -0.0987005    0.256819
1.42522    -1.17539    1.09996e-05    -0.636895    -2.48028    -0.098681    0.25706
1.42588    -1.17564    9.09606e-06    -0.636794    -2.48032    -0.0986967    0.257248
1.42649    -1.17547    7.29096e-06    -0.636668    -2.47965    -0.0986804    0.257448
1.42703    -1.17552    5.66785e-06    -0.636613    -2.47933    -0.098675    0.257531
1.42751    -1.17539    4.21142e-06    -0.636514    -2.4788    -0.0986621    0.257688
1.42792    -1.17545    2.98682e-06    -0.636476    -2.47858    -0.0986593    0.257716
1.42827    -1.17535    1.96257e-06    -0.636403    -2.4782    -0.0986499    0.25783
1.42855    -1.17528    1.15153e-06    -0.636345    -2.47789    -0.0986424    0.257923
1.42876    -1.1755    5.65897e-07    -0.636317    -2.47817    -0.0986602    0.257996
1.42891    -1.17546    1.90249e-07    -0.636286    -2.47801    -0.0986561    0.258046
1.429    -1.17543    1.62131e-08    -0.636268    -2.47791    -0.0986537    0.258075
1.42903    -1.17543    2.95581e-08    -0.636262    -2.47788    -0.098653    0.258083
1.42899    -1.17544    2.11053e-07    -0.63627    -2.47792    -0.098654    0.258072
1.4289    -1.17546    5.37436e-07    -0.636289    -2.47802    -0.0986565    0.258041
1.42875    -1.17518    9.76523e-07    -0.636322    -2.47754    -0.0986308    0.257896
1.42855    -1.17523    1.50347e-06    -0.636363    -2.47776    -0.0986361    0.257831
1.42831    -1.1753    2.08971e-06    -0.636414    -2.47803    -0.0986428    0.25775
1.42802    -1.17523    2.72461e-06    -0.636434    -2.47814    -0.0986434    0.257717
1.42769    -1.17532    3.36608e-06    -0.636503    -2.47851    -0.0986523    0.257607
1.42732    -1.17527    4.01657e-06    -0.636541    -2.47868    -0.0986538    0.257559
1.42692    -1.17538    4.62591e-06    -0.636625    -2.47913    -0.0986646    0.257426
1.42649    -1.17524    5.16894e-06    -0.636682    -2.47915    -0.0986577    0.257324
1.42603    -1.17536    5.66701e-06    -0.636777    -2.47966    -0.09867    0.257173
1.42556    -1.17524    6.09969e-06    -0.636832    -2.47977    -0.0986661    0.257064
1.42506    -1.17537    6.42564e-06    -0.636936    -2.48032    -0.0986794    0.256899
1.42455    -1.17528    6.68716e-06    -0.636989    -2.48053    -0.0986808    0.256824
1.42403    -1.17542    6.82886e-06    -0.637097    -2.4811    -0.0986948    0.25665
1.42351    -1.17527    6.89679e-06    -0.637167    -2.48119    -0.0986861    0.256532
1.42298    -1.17541    6.84465e-06    -0.637277    -2.48178    -0.0987003    0.256355
1.42246    -1.17528    6.71318e-06    -0.63734    -2.4819    -0.0986996    0.256234
1.42194    -1.17542    6.47385e-06    -0.637448    -2.48247    -0.0987137    0.256059
1.42143    -1.17534    6.18895e-06    -0.6375    -2.48272    -0.0987114    0.255987
1.42093    -1.17548    5.81624e-06    -0.637605    -2.48328    -0.0987248    0.255819
1.42044    -1.17529    5.39307e-06    -0.637699    -2.4832    -0.0987195    0.255638
1.41998    -1.17542    4.91044e-06    -0.637797    -2.48371    -0.098732    0.25548
1.41953    -1.17537    4.4239e-06    -0.637828    -2.48399    -0.0987275    0.255436
1.41911    -1.17548    3.90596e-06    -0.637917    -2.48446    -0.0987389    0.255293
1.41871    -1.17541    3.40457e-06    -0.63797    -2.4846    -0.0987481    0.25523
1.41834    -1.17551    2.89841e-06    -0.638047    -2.48501    -0.0987581    0.255104
1.418    -1.1754    2.41497e-06    -0.638089    -2.48506    -0.0987416    0.255006
1.41769    -1.17548    1.95211e-06    -0.638154    -2.4854    -0.09875    0.254899
1.41741    -1.17547    1.53742e-06    -0.638184    -2.48559    -0.0987629    0.254876
1.41716    -1.17553    1.1606e-06    -0.638237    -2.48586    -0.0987696    0.25479
1.41694    -1.17559    8.29777e-07    -0.638282    -2.4861    -0.0987755    0.254716
1.41676    -1.1754    5.57543e-07    -0.638294    -2.48588    -0.0987517    0.254662
1.41661    -1.17544    3.38274e-07    -0.638325    -2.48605    -0.0987557    0.25461
1.41649    -1.17547    1.74024e-07    -0.63835    -2.48618    -0.0987589    0.25457
1.41641    -1.17549    6.48962e-08    -0.638367    -2.48627    -0.0987611    0.254541
1.41636    -1.17551    9.16136e-09    -0.638378    -2.48633    -0.0987625    0.254523
1.41634    -1.17551    3.44144e-09    -0.638382    -2.48635    -0.098763    0.254517
1.41635    -1.17551    4.29327e-08    -0.63838    -2.48634    -0.0987627    0.254521
1.41639    -1.1755    1.21665e-07    -0.638371    -2.48629    -0.0987616    0.254535
1.41646    -1.17548    2.32784e-07    -0.638356    -2.48621    -0.0987597    0.254559
1.41656    -1.17545    3.68845e-07    -0.638336    -2.48611    -0.0987571    0.254593
1.41668    -1.17542    5.22107e-07    -0.63831    -2.48597    -0.0987538    0.254634
1.41683    -1.1757    6.80242e-07    -0.638287    -2.48644    -0.0987861    0.254773
1.41699    -1.17566    8.39519e-07    -0.638252    -2.48625    -0.0987816    0.25483
1.41718    -1.17561    9.93214e-07    -0.638214    -2.48605    -0.0987766    0.254893
1.41738    -1.17556    1.1353e-06    -0.638172    -2.48583    -0.0987712    0.254962
1.41759    -1.17566    1.27127e-06    -0.638166    -2.48584    -0.098772    0.254983
1.41782    -1.1756    1.38666e-06    -0.638118    -2.48559    -0.0987659    0.25506
1.41805    -1.17554    1.47785e-06    -0.638069    -2.48533    -0.0987595    0.255141
1.4183    -1.17563    1.55789e-06    -0.638057    -2.48529    -0.0987622    0.25516
1.41855    -1.17556    1.60959e-06    -0.638004    -2.48501    -0.0987554    0.255245
1.4188    -1.1755    1.63208e-06    -0.637951    -2.48473    -0.0987485    0.255332
1.41906    -1.17563    1.64519e-06    -0.63793    -2.48478    -0.0987535    0.25536
1.41932    -1.17556    1.62943e-06    -0.637876    -2.48449    -0.0987466    0.255448
1.41957    -1.17549    1.58636e-06    -0.637822    -2.48421    -0.0987397    0.255535
1.41983    -1.17562    1.53161e-06    -0.637804    -2.48425    -0.0987488    0.255579
1.42007    -1.17555    1.45379e-06    -0.637752    -2.48398    -0.0987421    0.255664
1.42032    -1.17549    1.35623e-06    -0.637702    -2.48371    -0.0987356    0.255746
1.42055    -1.17558    1.25749e-06    -0.637675    -2.48372    -0.0987341    0.255775
1.42077    -1.17552    1.14493e-06    -0.637628    -2.48347    -0.098728    0.255851
1.42099    -1.17547    1.02254e-06    -0.637583    -2.48323    -0.0987222    0.255924
1.42119    -1.1756    9.01404e-07    -0.637562    -2.48334    -0.0987409    0.255984
1.42138    -1.17555    7.7723e-07    -0.637522    -2.48313    -0.0987358    0.256048
1.42156    -1.1755    6.53757e-07    -0.637485    -2.48293    -0.098731    0.256108
1.42172    -1.17545    5.34468e-07    -0.637451    -2.48275    -0.0987267    0.256163
1.42187    -1.17559    4.3003e-07    -0.637454    -2.48287    -0.098724    0.256156
1.422    -1.17555    3.33426e-07    -0.637427    -2.48273    -0.0987204    0.2562
1.42212    -1.17552    2.46852e-07    -0.637402    -2.4826    -0.0987173    0.256239
1.42222    -1.1755    1.72037e-07    -0.637381    -2.48249    -0.0987146    0.256273
1.4223    -1.17547    1.10211e-07    -0.637364    -2.4824    -0.0987124    0.256301
1.42237    -1.17546    6.20994e-08    -0.63735    -2.48232    -0.0987106    0.256323
1.42242    -1.17544    2.79344e-08    -0.63734    -2.48227    -0.0987092    0.25634
1.42245    -1.17543    7.47775e-09    -0.637333    -2.48223    -0.0987083    0.256351
1.42247    -1.17543    6.17003e-11    -0.637329    -2.48221    -0.0987079    0.256357
1.42247    -1.17543    4.64004e-09    -0.637329    -2.48221    -0.0987078    0.256358
1.42245    -1.17543    1.98485e-08    -0.637331    -2.48222    -0.0987082    0.256353
1.42243    -1.17544    4.40715e-08    -0.637337    -2.48225    -0.098709    0.256344
1.42238    -1.17545    7.55134e-08    -0.637346    -2.4823    -0.0987101    0.256329
1.42233    -1.17547    1.1227e-07    -0.637358    -2.48236    -0.0987116    0.256311
1.42226    -1.17548    1.52399e-07    -0.637372    -2.48244    -0.0987134    0.256288
1.42218    -1.17551    1.93989e-07    -0.637388    -2.48252    -0.0987155    0.256262
1.42209    -1.17553    2.35219e-07    -0.637407    -2.48262    -0.0987179    0.256232
1.422    -1.17556    2.74415e-07    -0.637427    -2.48273    -0.0987205    0.256199
1.42189    -1.17535    3.07303e-07    -0.637445    -2.48239    -0.0987112    0.256104
1.42178    -1.17538    3.35286e-07    -0.637468    -2.48251    -0.0987142    0.256066
1.42166    -1.17541    3.57486e-07    -0.637493    -2.48264    -0.0987173    0.256027
1.42154    -1.17545    3.73289e-07    -0.637518    -2.48278    -0.0987206    0.255986
1.42142    -1.17548    3.82348e-07    -0.637543    -2.48291    -0.0987239    0.255945
1.4213    -1.17551    3.84573e-07    -0.637569    -2.48305    -0.0987272    0.255903
1.42117    -1.17534    3.84739e-07    -0.637558    -2.48284    -0.0987124    0.255889
1.42105    -1.17537    3.78304e-07    -0.637584    -2.48298    -0.0987158    0.255847
1.42093    -1.1754    3.65709e-07    -0.63761    -2.48312    -0.0987191    0.255805
1.4208    -1.17543    3.47582e-07    -0.637635    -2.48325    -0.0987224    0.255764
1.42069    -1.17547    3.24703e-07    -0.63766    -2.48338    -0.0987256    0.255724
1.42057    -1.1755    2.97965e-07    -0.637684    -2.48351    -0.0987287    0.255685
1.42046    -1.17543    2.76786e-07    -0.637671    -2.48351    -0.0987302    0.255739
1.42036    -1.17546    2.52497e-07    -0.637693    -2.48363    -0.098733    0.255703
1.42026    -1.17548    2.25965e-07    -0.637714    -2.48374    -0.0987357    0.255669
1.42016    -1.17551    1.98078e-07    -0.637734    -2.48384    -0.0987383    0.255636
1.42007    -1.17553    1.69715e-07    -0.637753    -2.48394    -0.0987407    0.255606
1.41999    -1.17556    1.41719e-07    -0.63777    -2.48403    -0.0987429    0.255578
1.41991    -1.17558    1.14867e-07    -0.637786    -2.48412    -0.098745    0.255552
1.41984    -1.17534    9.035e-08    -0.637801    -2.48368    -0.0987191    0.255475
1.41978    -1.17535    6.8106e-08    -0.637814    -2.48374    -0.0987207    0.255454
1.41973    -1.17537    4.86077e-08    -0.637825    -2.4838    -0.0987221    0.255436
1.41969    -1.17538    3.22075e-08    -0.637834    -2.48385    -0.0987233    0.255421
1.41965    -1.17539    1.91328e-08    -0.637841    -2.48389    -0.0987243    0.255409
1.41962    -1.1754    9.48727e-09    -0.637847    -2.48392    -0.098725    0.2554
1.4196    -1.1754    3.25517e-09    -0.637851    -2.48394    -0.0987255    0.255393
1.41959    -1.1754    3.09936e-10    -0.637854    -2.48396    -0.0987259    0.255389
1.41959    -1.1754    4.25793e-10    -0.637854    -2.48396    -0.098726    0.255388
1.41959    -1.1754    3.29203e-09    -0.637854    -2.48395    -0.0987258    0.255389
1.41961    -1.1754    8.52918e-09    -0.637851    -2.48394    -0.0987255    0.255393
1.41962    -1.1754    1.57064e-08    -0.637847    -2.48392    -0.098725    0.255399
1.41965    -1.17539    2.43595e-08    -0.637842    -2.48389    -0.0987244    0.255408
1.41968    -1.17538    3.4009e-08    -0.637835    -2.48386    -0.0987235    0.255419
1.41972    -1.17537    4.41769e-08    -0.637828    -2.48382    -0.0987225    0.255431
1.41976    -1.17536    5.44032e-08    -0.637819    -2.48377    -0.0987214    0.255446
1.41981    -1.17535    6.426e-08    -0.637809    -2.48372    -0.0987201    0.255461
1.41986    -1.17562    7.0733e-08    -0.637785    -2.48427    -0.0987501    0.255601
1.41991    -1.17561    7.60053e-08    -0.637774    -2.48421    -0.0987487    0.255619
1.41997    -1.1756    7.99236e-08    -0.637762    -2.48415    -0.0987472    0.255638
1.42002    -1.17558    8.23929e-08    -0.637751    -2.48409    -0.0987457    0.255657
1.42008    -1.17556    8.33755e-08    -0.637738    -2.48402    -0.0987441    0.255676
1.42014    -1.17555    8.28885e-08    -0.637726    -2.48396    -0.0987425    0.255696
1.4202    -1.17553    8.09993e-08    -0.637714    -2.4839    -0.098741    0.255716
1.42025    -1.17552    7.78199e-08    -0.637702    -2.48383    -0.0987395    0.255735
1.42031    -1.1755    7.35e-08    -0.637691    -2.48377    -0.0987379    0.255754
1.42036    -1.17549    6.82193e-08    -0.637679    -2.48371    -0.0987365    0.255773
1.42042    -1.17548    6.21792e-08    -0.637668    -2.48365    -0.0987351    0.25579
1.42047    -1.17546    5.55947e-08    -0.637658    -2.4836    -0.0987337    0.255807
1.42051    -1.1756    5.06348e-08    -0.637682    -2.48378    -0.0987402    0.255778
1.42056    -1.17559    4.5237e-08    -0.637672    -2.48373    -0.098739    0.255793
1.4206    -1.17558    3.95813e-08    -0.637663    -2.48368    -0.0987378    0.255808
1.42064    -1.17556    3.38452e-08    -0.637655    -2.48364    -0.0987368    0.255821
1.42068    -1.17555    2.81981e-08    -0.637647    -2.48359    -0.0987358    0.255834
1.42071    -1.17555    2.27955e-08    -0.63764    -2.48356    -0.0987348    0.255845
1.42074    -1.17554    1.77755e-08    -0.637634    -2.48352    -0.098734    0.255856
1.42077    -1.17553    1.32546e-08    -0.637628    -2.48349    -0.0987333    0.255865
1.42079    -1.17552    9.32559e-09    -0.637623    -2.48347    -0.0987327    0.255872
1.42081    -1.17552    6.05567e-09    -0.637619    -2.48345    -0.0987322    0.255879
1.42083    -1.17552    3.48622e-09    -0.637616    -2.48343    -0.0987317    0.255884
1.42084    -1.17551    1.63295e-09    -0.637613    -2.48342    -0.0987314    0.255888
1.42085    -1.17551    4.87102e-10    -0.637612    -2.48341    -0.0987312    0.255891
1.42085    -1.17551    1.74219e-11    -0.637611    -2.4834    -0.0987311    0.255893
1.42085    -1.17551    1.72678e-10    -0.637611    -2.4834    -0.0987311    0.255893
1.42085    -1.17551    8.84741e-10    -0.637611    -2.4834    -0.0987311    0.255892
1.42084    -1.17551    2.072e-09    -0.637612    -2.48341    -0.0987313    0.25589
1.42083    -1.17551    3.64302e-09    -0.637614    -2.48342    -0.0987315    0.255887
1.42082    -1.17552    5.50024e-09    -0.637617    -2.48343    -0.0987319    0.255883
1.42081    -1.17552    7.5437e-09    -0.63762    -2.48345    -0.0987323    0.255878
1.42079    -1.17553    9.67454e-09    -0.637624    -2.48347    -0.0987327    0.255872
1.42077    -1.17553    1.17982e-08    -0.637628    -2.48349    -0.0987333    0.255865
1.42075    -1.17554    1.38275e-08    -0.637632    -2.48352    -0.0987339    0.255858
1.42072    -1.17554    1.56846e-08    -0.637637    -2.48354    -0.0987345    0.25585
1.4207    -1.17555    1.73036e-08    -0.637643    -2.48357    -0.0987352    0.255841
1.42067    -1.17556    1.86314e-08    -0.637648    -2.4836    -0.0987359    0.255832
1.42065    -1.17556    1.96291e-08    -0.637654    -2.48363    -0.0987366    0.255823
1.42062    -1.17557    2.02717e-08    -0.63766    -2.48366    -0.0987374    0.255813
1.42059    -1.17558    2.05486e-08    -0.637666    -2.48369    -0.0987382    0.255804
1.42056    -1.17559    2.04628e-08    -0.637672    -2.48372    -0.0987389    0.255794
1.42053    -1.17559    2.00295e-08    -0.637678    -2.48376    -0.0987397    0.255784
1.4205    -1.1756    1.92754e-08    -0.637684    -2.48379    -0.0987405    0.255775
1.42048    -1.17535    1.74628e-08    -0.637687    -2.48331    -0.0987191    0.255689
1.42045    -1.17536    1.55126e-08    -0.637693    -2.48334    -0.0987199    0.25568
1.42042    -1.17537    1.34886e-08    -0.637698    -2.48337    -0.0987205    0.255672
1.4204    -1.17537    1.14532e-08    -0.637703    -2.48339    -0.0987212    0.255664
1.42038    -1.17538    9.4655e-09    -0.637707    -2.48342    -0.0987217    0.255656
1.42036    -1.17538    7.57919e-09    -0.637712    -2.48344    -0.0987223    0.25565
1.42034    -1.17539    5.84132e-09    -0.637715    -2.48346    -0.0987227    0.255644
1.42033    -1.17539    4.29104e-09    -0.637718    -2.48347    -0.0987231    0.255639
1.42031    -1.1754    2.95887e-09    -0.637721    -2.48349    -0.0987235    0.255634
1.4203    -1.1754    1.86617e-09    -0.637723    -2.4835    -0.0987238    0.25563
1.42029    -1.1754    1.02506e-09    -0.637725    -2.48351    -0.098724    0.255627
1.42029    -1.1754    4.38637e-10    -0.637727    -2.48352    -0.0987242    0.255625
1.42028    -1.1754    1.01451e-10    -0.637727    -2.48352    -0.0987243    0.255624
1.42028    -1.1754    2.60876e-13    -0.637728    -2.48352    -0.0987244    0.255623
1.42028    -1.1754    1.15007e-10    -0.637728    -2.48352    -0.0987244    0.255623
1.42028    -1.1754    4.19941e-10    -0.637727    -2.48352    -0.0987243    0.255624
1.42029    -1.1754    8.84874e-10    -0.637727    -2.48352    -0.0987242    0.255625
1.42029    -1.1754    1.47649e-09    -0.637725    -2.48351    -0.098724    0.255627
1.4203    -1.1754    2.15969e-09    -0.637724    -2.4835    -0.0987238    0.25563
1.42031    -1.1754    2.89886e-09    -0.637722    -2.48349    -0.0987236    0.255633
1.42032    -1.17539    3.65914e-09    -0.637719    -2.48348    -0.0987233    0.255637
1.42033    -1.17539    4.40754e-09    -0.637717    -2.48347    -0.098723    0.255641
1.42035    -1.17539    5.11389e-09    -0.637714    -2.48345    -0.0987226    0.255645
1.42036    -1.17538    5.75171e-09    -0.637711    -2.48344    -0.0987222    0.25565
1.42038    -1.17538    6.2988e-09    -0.637708    -2.48342    -0.0987218    0.255656
1.42039    -1.17537    6.73775e-09    -0.637705    -2.4834    -0.0987214    0.255661
1.42041    -1.17537    7.05613e-09    -0.637701    -2.48338    -0.0987209    0.255667
1.42043    -1.17537    7.24664e-09    -0.637698    -2.48336    -0.0987205    0.255672
1.42044    -1.17536    7.30694e-09    -0.637694    -2.48335    -0.09872    0.255678
1.42046    -1.17536    7.23941e-09    -0.63769    -2.48333    -0.0987196    0.255684
1.42048    -1.17561    6.58013e-09    -0.637681    -2.48384    -0.098743    0.255777
1.42049    -1.17561    5.86585e-09    -0.637678    -2.48382    -0.0987425    0.255782
1.42051    -1.1756    5.12021e-09    -0.637674    -2.48381    -0.0987421    0.255788
1.42052    -1.1756    4.36648e-09    -0.637671    -2.48379    -0.0987417    0.255792
1.42054    -1.1756    3.62674e-09    -0.637669    -2.48377    -0.0987414    0.255797
1.42055    -1.17559    2.92124e-09    -0.637666    -2.48376    -0.0987411    0.255801
1.42056    -1.17559    2.26784e-09    -0.637664    -2.48375    -0.0987408    0.255805
1.42057    -1.17559    1.68153e-09    -0.637662    -2.48374    -0.0987405    0.255808
1.42058    -1.17559    1.17416e-09    -0.63766    -2.48373    -0.0987403    0.255811
1.42058    -1.17558    7.54205e-10    -0.637659    -2.48372    -0.0987401    0.255813
1.42059    -1.17558    4.26741e-10    -0.637657    -2.48372    -0.0987399    0.255815
1.42059    -1.17558    1.93473e-10    -0.637657    -2.48371    -0.0987398    0.255816
1.4206    -1.17558    5.29149e-11    -0.637656    -2.48371    -0.0987398    0.255817
1.4206    -1.17558    6.4862e-13    -0.637656    -2.48371    -0.0987397    0.255818
1.4206    -1.17558    2.96719e-11    -0.637656    -2.48371    -0.0987397    0.255818
1.4206    -1.17558    1.30805e-10    -0.637656    -2.48371    -0.0987397    0.255817
1.42059    -1.17558    2.93145e-10    -0.637656    -2.48371    -0.0987398    0.255817
1.42059    -1.17558    5.04551e-10    -0.637657    -2.48371    -0.0987399    0.255815
1.42059    -1.17558    7.52131e-10    -0.637658    -2.48372    -0.09874    0.255814
1.42058    -1.17558    1.02273e-09    -0.637659    -2.48373    -0.0987402    0.255812
1.42057    -1.17559    1.30338e-09    -0.637661    -2.48373    -0.0987403    0.25581
1.42057    -1.17559    1.58175e-09    -0.637662    -2.48374    -0.0987405    0.255807
1.42056    -1.17559    1.84646e-09    -0.637664    -2.48375    -0.0987408    0.255805
1.42055    -1.17559    2.08749e-09    -0.637666    -2.48376    -0.098741    0.255802
1.42054    -1.17559    2.29632e-09    -0.637667    -2.48377    -0.0987412    0.255799
1.42053    -1.1756    2.46618e-09    -0.637669    -2.48378    -0.0987415    0.255795
1.42052    -1.1756    2.59216e-09    -0.637672    -2.48379    -0.0987418    0.255792
1.42051    -1.1756    2.6712e-09    -0.637674    -2.4838    -0.098742    0.255789
1.4205    -1.17561    2.70212e-09    -0.637676    -2.48381    -0.0987423    0.255785
1.42049    -1.17561    2.68549e-09    -0.637678    -2.48382    -0.0987426    0.255782
1.42048    -1.17561    2.62352e-09    -0.63768    -2.48384    -0.0987429    0.255778
1.42047    -1.17561    2.51984e-09    -0.637682    -2.48385    -0.0987432    0.255775
1.42046    -1.17537    2.16364e-09    -0.637686    -2.48337    -0.0987213    0.255698
1.42045    -1.17537    1.81118e-09    -0.637688    -2.48338    -0.0987215    0.255694
1.42044    -1.17538    1.4723e-09    -0.63769    -2.48339    -0.0987217    0.255691
1.42043    -1.17538    1.15578e-09    -0.637691    -2.4834    -0.0987219    0.255689
1.42043    -1.17538    8.69117e-10    -0.637693    -2.4834    -0.0987221    0.255687
1.42042    -1.17538    6.18339e-10    -0.637694    -2.48341    -0.0987223    0.255685
1.42042    -1.17538    4.07914e-10    -0.637695    -2.48342    -0.0987224    0.255683
1.42041    -1.17539    2.40694e-10    -0.637696    -2.48342    -0.0987225    0.255681
1.42041    -1.17539    1.17931e-10    -0.637697    -2.48342    -0.0987226    0.25568
1.42041    -1.17539    3.9336e-11    -0.637697    -2.48343    -0.0987227    0.25568
1.42041    -1.17539    3.19824e-12    -0.637697    -2.48343    -0.0987227    0.255679
1.42041    -1.17539    6.53209e-12    -0.637697    -2.48343    -0.0987227    0.255679
1.42041    -1.17539    4.52656e-11    -0.637697    -2.48343    -0.0987227    0.255679
1.42041    -1.17539    1.1445e-10    -0.637697    -2.48343    -0.0987227    0.25568
1.42041    -1.17539    2.08484e-10    -0.637697    -2.48342    -0.0987226    0.25568
1.42041    -1.17539    3.21348e-10    -0.637696    -2.48342    -0.0987225    0.255681
1.42042    -1.17538    4.46834e-10    -0.637695    -2.48342    -0.0987224    0.255683
1.42042    -1.17538    5.78765e-10    -0.637694    -2.48341    -0.0987223    0.255684
1.42043    -1.17538    7.11203e-10    -0.637693    -2.48341    -0.0987222    0.255686
1.42043    -1.17538    8.38633e-10    -0.637692    -2.4834    -0.098722    0.255688
1.42044    -1.17538    9.56116e-10    -0.637691    -2.48339    -0.0987219    0.25569
1.42044    -1.17538    1.05942e-09    -0.63769    -2.48339    -0.0987217    0.255692
1.42045    -1.17538    1.14511e-09    -0.637688    -2.48338    -0.0987215    0.255694
1.42046    -1.17537    1.21061e-09    -0.637687    -2.48337    -0.0987214    0.255696
1.42046    -1.17537    1.25424e-09    -0.637685    -2.48336    -0.0987212    0.255699
1.42047    -1.17537    1.2752e-09    -0.637684    -2.48336    -0.098721    0.255701
1.42048    -1.1756    1.13487e-09    -0.637682    -2.48382    -0.0987423    0.255772
1.42048    -1.1756    9.88787e-10    -0.63768    -2.48382    -0.0987421    0.255775
1.42049    -1.1756    8.41493e-10    -0.637679    -2.48381    -0.0987419    0.255777
1.4205    -1.1756    6.97277e-10    -0.637678    -2.4838    -0.0987418    0.255779
1.4205    -1.1756    5.60065e-10    -0.637677    -2.4838    -0.0987416    0.255781
1.42051    -1.1756    4.33303e-10    -0.637676    -2.48379    -0.0987415    0.255782
1.42051    -1.1756    3.19876e-10    -0.637675    -2.48379    -0.0987414    0.255784
1.42051    -1.17559    2.22045e-10    -0.637674    -2.48378    -0.0987413    0.255785
1.42052    -1.17559    1.41415e-10    -0.637673    -2.48378    -0.0987412    0.255786
1.42052    -1.17559    7.89221e-11    -0.637673    -2.48378    -0.0987411    0.255787
1.42052    -1.17559    3.48458e-11    -0.637672    -2.48377    -0.0987411    0.255787
1.42052    -1.17559    8.84617e-12    -0.637672    -2.48377    -0.098741    0.255788
1.42052    -1.17559    1.46203e-14    -0.637672    -2.48377    -0.098741    0.255788
1.42052    -1.17559    6.94312e-12    -0.637672    -2.48377    -0.098741    0.255788
1.42052    -1.17559    2.7805e-11    -0.637672    -2.48377    -0.098741    0.255788
1.42052    -1.17559    6.04442e-11    -0.637672    -2.48377    -0.0987411    0.255787
1.42052    -1.17559    1.02471e-10    -0.637673    -2.48378    -0.0987411    0.255787
1.42052    -1.17559    1.51355e-10    -0.637673    -2.48378    -0.0987412    0.255786
1.42052    -1.17559    2.04525e-10    -0.637674    -2.48378    -0.0987412    0.255785
1.42051    -1.1756    2.59452e-10    -0.637674    -2.48378    -0.0987413    0.255784
1.42051    -1.1756    3.13737e-10    -0.637675    -2.48379    -0.0987414    0.255783
1.42051    -1.1756    3.65177e-10    -0.637676    -2.48379    -0.0987415    0.255782
1.4205    -1.1756    4.11831e-10    -0.637676    -2.4838    -0.0987416    0.255781
1.4205    -1.1756    4.52065e-10    -0.637677    -2.4838    -0.0987417    0.255779
1.42049    -1.1756    4.84585e-10    -0.637678    -2.48381    -0.0987418    0.255778
1.42049    -1.1756    5.08459e-10    -0.637679    -2.48381    -0.0987419    0.255776
1.42048    -1.1756    5.23123e-10    -0.63768    -2.48382    -0.0987421    0.255775
1.42048    -1.1756    5.28374e-10    -0.637681    -2.48382    -0.0987422    0.255773
1.42048    -1.17561    5.24353e-10    -0.637682    -2.48383    -0.0987423    0.255772
1.42047    -1.17561    5.11515e-10    -0.637683    -2.48383    -0.0987424    0.25577
1.42047    -1.17561    4.90595e-10    -0.637684    -2.48384    -0.0987426    0.255769
1.42046    -1.17561    4.6256e-10    -0.637685    -2.48384    -0.0987427    0.255767
1.42046    -1.17561    4.28563e-10    -0.637686    -2.48385    -0.0987428    0.255766
1.42045    -1.17537    3.15201e-10    -0.637687    -2.48338    -0.0987216    0.255696
1.42045    -1.17538    2.177e-10    -0.637688    -2.48338    -0.0987217    0.255695
1.42045    -1.17538    1.37633e-10    -0.637688    -2.48338    -0.0987217    0.255694
1.42044    -1.17538    7.58981e-11    -0.637689    -2.48339    -0.0987218    0.255693
1.42044    -1.17538    3.2733e-11    -0.637689    -2.48339    -0.0987219    0.255692
1.42044    -1.17538    7.75341e-12    -0.637689    -2.48339    -0.0987219    0.255692
1.42044    -1.17538    5.61603e-15    -0.637689    -2.48339    -0.0987219    0.255692
1.42044    -1.17538    8.03742e-12    -0.637689    -2.48339    -0.0987219    0.255692
1.42044    -1.17538    2.99802e-11    -0.637689    -2.48339    -0.0987219    0.255692
1.42044    -1.17538    6.36397e-11    -0.637689    -2.48339    -0.0987219    0.255692
1.42044    -1.17538    1.06592e-10    -0.637689    -2.48339    -0.0987218    0.255693
1.42045    -1.17538    1.56279e-10    -0.637688    -2.48338    -0.0987218    0.255694
1.42045    -1.17538    2.10108e-10    -0.637688    -2.48338    -0.0987217    0.255695
1.42045    -1.17538    2.65533e-10    -0.637687    -2.48338    -0.0987216    0.255696
1.42046    -1.17537    3.20147e-10    -0.637687    -2.48338    -0.0987215    0.255697
1.42046    -1.17537    3.71744e-10    -0.637686    -2.48337    -0.0987214    0.255698
1.42046    -1.17537    4.18388e-10    -0.637685    -2.48337    -0.0987213    0.255699
1.42047    -1.17537    4.58453e-10    -0.637684    -2.48336    -0.0987212    0.255701
1.42047    -1.17537    4.90659e-10    -0.637683    -2.48336    -0.0987211    0.255702
1.42048    -1.17537    5.14093e-10    -0.637682    -2.48335    -0.098721    0.255704
1.42048    -1.17561    4.43503e-10    -0.637681    -2.48382    -0.0987423    0.255773
1.42048    -1.1756    3.73245e-10    -0.63768    -2.48382    -0.0987422    0.255774
1.42049    -1.1756    3.05308e-10    -0.63768    -2.48381    -0.0987421    0.255776
1.42049    -1.1756    2.41482e-10    -0.637679    -2.48381    -0.098742    0.255777
1.42049
