0.08539    0.149316    0.117236    0.0256952    0.08539    0.149316    0.117236    0.0256952    
0.0835426    0.149327    0.124785    0.0225807    0.0835426    0.149327    0.124785    0.0225807    
0.0831718    0.148598    0.124929    0.0226325    0.0831718    0.148598    0.124929    0.0226325    
0.0829865    0.148059    0.124876    0.0227673    0.0829865    0.148059    0.124876    0.0227673    
0.0826848    0.147289    0.124948    0.0228909    0.0826848    0.147289    0.124948    0.0228909    
0.0823328    0.146365    0.125051    0.0230331    0.0823328    0.146365    0.125051    0.0230331    
0.0819386    0.145315    0.125128    0.023214    0.0819386    0.145315    0.125128    0.023214    
0.0815386    0.143929    0.125378    0.0233676    0.0815386    0.143929    0.125378    0.0233676    
0.0810651    0.142683    0.125479    0.0235836    0.0810651    0.142683    0.125479    0.0235836    
0.0804901    0.141369    0.125563    0.0238239    0.0804901    0.141369    0.125563    0.0238239    
0.0799991    0.139964    0.125658    0.0240763    0.0799991    0.139964    0.125658    0.0240763    
0.0794706    0.138497    0.125777    0.024331    0.0794706    0.138497    0.125777    0.024331    
0.0789161    0.137059    0.125833    0.024615    0.0789161    0.137059    0.125833    0.024615    
0.0783972    0.135507    0.125938    0.0248916    0.0783972    0.135507    0.125938    0.0248916    
0.0778997    0.133962    0.12603    0.0251749    0.0778997    0.133962    0.12603    0.0251749    
0.0774184    0.132438    0.126109    0.0254618    0.0774184    0.132438    0.126109    0.0254618    
0.076967    0.130914    0.126188    0.0257472    0.076967    0.130914    0.126188    0.0257472    
0.0765205    0.129492    0.126211    0.0260443    0.0765205    0.129492    0.126211    0.0260443    
0.0760947    0.128119    0.126223    0.0263382    0.0760947    0.128119    0.126223    0.0263382    
0.0756937    0.126802    0.126225    0.0266264    0.0756937    0.126802    0.126225    0.0266264    
0.0753193    0.125548    0.12621    0.0269108    0.0753193    0.125548    0.12621    0.0269108    
0.0749645    0.124379    0.126176    0.0271891    0.0749645    0.124379    0.126176    0.0271891    
0.0746122    0.123356    0.126131    0.027453    0.0746122    0.123356    0.126131    0.027453    
0.0743207    0.122252    0.126066    0.027723    0.0743207    0.122252    0.126066    0.027723    
0.0740422    0.121308    0.126002    0.0279713    0.0740422    0.121308    0.126002    0.0279713    
0.0737815    0.120439    0.125935    0.0282058    0.0737815    0.120439    0.125935    0.0282058    
0.0735393    0.119641    0.125868    0.0284257    0.0735393    0.119641    0.125868    0.0284257    
0.0733269    0.11892    0.125795    0.028632    0.0733269    0.11892    0.125795    0.028632    
0.0731005    0.118334    0.125659    0.028842    0.0731005    0.118334    0.125659    0.028842    
0.0729187    0.117754    0.125589    0.0290157    0.0729187    0.117754    0.125589    0.0290157    
0.0727749    0.117241    0.125524    0.0291715    0.0727749    0.117241    0.125524    0.0291715    
0.0726403    0.116796    0.125462    0.0293104    0.0726403    0.116796    0.125462    0.0293104    
0.0725247    0.116418    0.125406    0.0294309    0.0725247    0.116418    0.125406    0.0294309    
0.0724278    0.116103    0.125357    0.0295328    0.0724278    0.116103    0.125357    0.0295328    
0.0723501    0.115851    0.125316    0.0296157    0.0723501    0.115851    0.125316    0.0296157    
0.0722911    0.11566    0.125284    0.0296792    0.0722911    0.11566    0.125284    0.0296792    
0.0722509    0.11553    0.125262    0.0297231    0.0722509    0.11553    0.125262    0.0297231    
0.0722296    0.115459    0.12525    0.0297473    0.0722296    0.115459    0.12525    0.0297473    
0.0722271    0.115448    0.125248    0.0297518    0.0722271    0.115448    0.125248    0.0297518    
0.0722433    0.115496    0.125256    0.0297366    0.0722433    0.115496    0.125256    0.0297366    
0.0722785    0.115603    0.125274    0.0297017    0.0722785    0.115603    0.125274    0.0297017    
0.0723324    0.115771    0.125302    0.0296473    0.0723324    0.115771    0.125302    0.0296473    
0.0724055    0.115998    0.125339    0.0295736    0.0724055    0.115998    0.125339    0.0295736    
0.0724976    0.116288    0.125383    0.0294808    0.0724976    0.116288    0.125383    0.0294808    
0.0726085    0.116641    0.125435    0.0293695    0.0726085    0.116641    0.125435    0.0293695    
0.0727393    0.117057    0.125493    0.0292399    0.0727393    0.117057    0.125493    0.0292399    
0.0728784    0.117543    0.125553    0.0290933    0.0728784    0.117543    0.125553    0.0290933    
0.073048    0.118094    0.125619    0.0289291    0.073048    0.118094    0.125619    0.0289291    
0.0732693    0.118651    0.125749    0.0287287    0.0732693    0.118651    0.125749    0.0287287    
0.0734888    0.119339    0.125815    0.0285327    0.0734888    0.119339    0.125815    0.0285327    
0.0737234    0.1201    0.125878    0.0283222    0.0737234    0.1201    0.125878    0.0283222    
0.0739777    0.120938    0.125935    0.0280985    0.0739777    0.120938    0.125935    0.0280985    
0.0742558    0.121847    0.125989    0.0278614    0.0742558    0.121847    0.125989    0.0278614    
0.0745394    0.122907    0.126046    0.0276019    0.0745394    0.122907    0.126046    0.0276019    
0.0748788    0.1239    0.126084    0.0273473    0.0748788    0.1239    0.126084    0.0273473    
0.0752189    0.125037    0.126104    0.0270808    0.0752189    0.125037    0.126104    0.0270808    
0.0756008    0.126251    0.126112    0.0268054    0.0756008    0.126251    0.126112    0.0268054    
0.0759912    0.127532    0.126104    0.0265253    0.0759912    0.127532    0.126104    0.0265253    
0.0764135    0.128874    0.12608    0.0262412    0.0764135    0.128874    0.12608    0.0262412    
0.0769162    0.130067    0.12605    0.0259672    0.0769162    0.130067    0.12605    0.0259672    
0.0773343    0.131718    0.125992    0.0256643    0.0773343    0.131718    0.125992    0.0256643    
0.0777833    0.133272    0.125892    0.025384    0.0777833    0.133272    0.125892    0.025384    
0.07827    0.134806    0.125802    0.0251009    0.07827    0.134806    0.125802    0.0251009    
0.0787728    0.136357    0.125699    0.0248225    0.0787728    0.136357    0.125699    0.0248225    
0.0792855    0.137906    0.12559    0.0245497    0.0792855    0.137906    0.12559    0.0245497    
0.0798376    0.139325    0.125541    0.0242673    0.0798376    0.139325    0.125541    0.0242673    
0.0803752    0.140745    0.125449    0.0240087    0.0803752    0.140745    0.125449    0.0240087    
0.0809018    0.14211    0.125371    0.0237569    0.0809018    0.14211    0.125371    0.0237569    
0.081407    0.143403    0.125293    0.0235216    0.081407    0.143403    0.125293    0.0235216    
0.0818059    0.144824    0.12507    0.0233471    0.0818059    0.144824    0.12507    0.0233471    
0.0822043    0.145951    0.124963    0.0231644    0.0822043    0.145951    0.124963    0.0231644    
0.0825808    0.146918    0.124914    0.0229875    0.0825808    0.146918    0.124914    0.0229875    
0.082901    0.147755    0.124836    0.0228514    0.082901    0.147755    0.124836    0.0228514    
0.0831488    0.148412    0.12478    0.022741    0.0831488    0.148412    0.12478    0.022741    
0.0833312    0.148897    0.124734    0.0226621    0.0833312    0.148897    0.124734    0.0226621    
0.0834408    0.149191    0.124708    0.0226129    0.0834408    0.149191    0.124708    0.0226129    
0.0834751    0.14929    0.124704    0.022594    0.0834751    0.14929    0.124704    0.022594    
0.0834331    0.149191    0.124721    0.0226055    0.0834331    0.149191    0.124721    0.0226055    
0.0833159    0.148898    0.12476    0.0226472    0.0833159    0.148898    0.12476    0.0226472    
0.0831263    0.148416    0.124819    0.0227184    0.0831263    0.148416    0.124819    0.0227184    
0.0828716    0.147761    0.124891    0.0228202    0.0828716    0.147761    0.124891    0.0228202    
0.0825471    0.14693    0.124987    0.0229465    0.0825471    0.14693    0.124987    0.0229465    
0.0821622    0.145969    0.125054    0.0231141    0.0821622    0.145969    0.125054    0.0231141    
0.0817396    0.144845    0.125173    0.0232906    0.0817396    0.144845    0.125173    0.0232906    
0.0813411    0.143427    0.125417    0.0234547    0.0813411    0.143427    0.125417    0.0234547    
0.0808524    0.142145    0.125517    0.023679    0.0808524    0.142145    0.125517    0.023679    
0.0803231    0.140788    0.125608    0.023924    0.0803231    0.140788    0.125608    0.023924    
0.0797829    0.139381    0.125709    0.0241776    0.0797829    0.139381    0.125709    0.0241776    
0.079253    0.137871    0.125826    0.0244396    0.079253    0.137871    0.125826    0.0244396    
0.0787044    0.136421    0.125879    0.0247273    0.0787044    0.136421    0.125879    0.0247273    
0.0781917    0.134869    0.125978    0.0250074    0.0781917    0.134869    0.125978    0.0250074    
0.0776993    0.133331    0.126063    0.0252931    0.0776993    0.133331    0.126063    0.0252931    
0.0772397    0.131775    0.126162    0.0255743    0.0772397    0.131775    0.126162    0.0255743    
0.0768457    0.13011    0.126202    0.0258858    0.0768457    0.13011    0.126202    0.0258858    
0.0763567    0.128916    0.126211    0.0261686    0.0763567    0.128916    0.126211    0.0261686    
0.0759224    0.12757    0.126226    0.0264574    0.0759224    0.12757    0.126226    0.0264574    
0.0755341    0.126281    0.126219    0.0267448    0.0755341    0.126281    0.126219    0.0267448    
0.0751561    0.125059    0.126195    0.0270275    0.0751561    0.125059    0.126195    0.0270275    
0.074824    0.123916    0.126159    0.0273019    0.074824    0.123916    0.126159    0.0273019    
0.0744844    0.122918    0.12611    0.0275622    0.0744844    0.122918    0.12611    0.0275622    
0.074203    0.121859    0.126045    0.0278251    0.074203    0.121859    0.126045    0.0278251    
0.0739305    0.120937    0.125975    0.0280703    0.0739305    0.120937    0.125975    0.0280703    
0.0736796    0.1201    0.125906    0.0282994    0.0736796    0.1201    0.125906    0.0282994    
0.0734463    0.119332    0.125838    0.0285133    0.0734463    0.119332    0.125838    0.0285133    
0.0732421    0.118642    0.125764    0.0287132    0.0732421    0.118642    0.125764    0.0287132    
0.0730247    0.118083    0.125629    0.0289167    0.0730247    0.118083    0.125629    0.0289167    
0.0728514    0.117532    0.12556    0.0290834    0.0728514    0.117532    0.12556    0.0290834    
0.0727156    0.117046    0.125497    0.029232    0.0727156    0.117046    0.125497    0.029232    
0.072589    0.116629    0.125437    0.0293634    0.072589    0.116629    0.125437    0.0293634    
0.0724814    0.116277    0.125384    0.0294764    0.0724814    0.116277    0.125384    0.0294764    
0.0723924    0.115988    0.125338    0.0295705    0.0723924    0.115988    0.125338    0.0295705    
0.0723222    0.115762    0.125301    0.0296454    0.0723222    0.115762    0.125301    0.0296454    
0.0722711    0.115596    0.125273    0.0297009    0.0722711    0.115596    0.125273    0.0297009    
0.0722387    0.11549    0.125255    0.0297367    0.0722387    0.11549    0.125255    0.0297367    
0.0722251    0.115444    0.125247    0.0297529    0.0722251    0.115444    0.125247    0.0297529    
0.0722303    0.115457    0.125249    0.0297493    0.0722303    0.115457    0.125249    0.0297493    
0.0722542    0.115529    0.125262    0.0297259    0.0722542    0.115529    0.125262    0.0297259    
0.0722971    0.115661    0.125284    0.029683    0.0722971    0.115661    0.125284    0.029683    
0.0723591    0.115852    0.125315    0.0296205    0.0723591    0.115852    0.125315    0.0296205    
0.0724398    0.116106    0.125355    0.0295389    0.0724398    0.116106    0.125355    0.0295389    
0.0725398    0.116421    0.125403    0.0294385    0.0725398    0.116421    0.125403    0.0294385    
0.0726587    0.1168    0.125458    0.0293195    0.0726587    0.1168    0.125458    0.0293195    
0.0727977    0.117244    0.125518    0.0291826    0.0727977    0.117244    0.125518    0.0291826    
0.0729449    0.117757    0.125579    0.0290289    0.0729449    0.117757    0.125579    0.0290289    
0.0731229    0.118336    0.125646    0.0288578    0.0731229    0.118336    0.125646    0.0288578    
0.0733534    0.118921    0.125776    0.028651    0.0733534    0.118921    0.125776    0.028651    
0.0735767    0.11964    0.125842    0.0284486    0.0735767    0.11964    0.125842    0.0284486    
0.073823    0.120435    0.1259    0.0282332    0.073823    0.120435    0.1259    0.0282332    
0.0740881    0.121299    0.125958    0.0280033    0.0740881    0.121299    0.125958    0.0280033    
0.0743759    0.122239    0.126008    0.0277613    0.0743759    0.122239    0.126008    0.0277613    
0.074667    0.123337    0.126062    0.027497    0.074667    0.123337    0.126062    0.027497    
0.0750175    0.124355    0.126095    0.0272387    0.0750175    0.124355    0.126095    0.0272387    
0.0753819    0.125517    0.126112    0.0269683    0.0753819    0.125517    0.126112    0.0269683    
0.075761    0.126764    0.126112    0.026691    0.075761    0.126764    0.126112    0.026691    
0.0761644    0.128073    0.126096    0.0264093    0.0761644    0.128073    0.126096    0.0264093    
0.0765917    0.129441    0.126067    0.0261233    0.0765917    0.129441    0.126067    0.0261233    
0.0770444    0.130858    0.126031    0.025832    0.0770444    0.130858    0.126031    0.025832    
0.0774994    0.132377    0.125943    0.0255508    0.0774994    0.132377    0.125943    0.0255508    
0.0779787    0.133899    0.125856    0.0252674    0.0779787    0.133899    0.125856    0.0252674    
0.078476    0.135442    0.125761    0.0249858    0.078476    0.135442    0.125761    0.0249858    
0.0789832    0.136996    0.125655    0.0247095    0.0789832    0.136996    0.125655    0.0247095    
0.0795307    0.13844    0.125605    0.0244227    0.0795307    0.13844    0.125605    0.0244227    
0.0800613    0.139918    0.125492    0.0241635    0.0800613    0.139918    0.125492    0.0241635    
0.0805948    0.141315    0.125416    0.0239033    0.0805948    0.141315    0.125416    0.0239033    
0.0811147    0.142654    0.125339    0.0236574    0.0811147    0.142654    0.125339    0.0236574    
0.0816073    0.143913    0.12526    0.0234298    0.0816073    0.143913    0.12526    0.0234298    
0.0819849    0.145308    0.125026    0.0232677    0.0819849    0.145308    0.125026    0.0232677    
0.0823748    0.146357    0.124967    0.0230784    0.0823748    0.146357    0.124967    0.0230784    
0.0827212    0.147288    0.124881    0.0229266    0.0827212    0.147288    0.124881    0.0229266    
0.0830113    0.148047    0.124815    0.0228001    0.0830113    0.148047    0.124815    0.0228001    
0.0832347    0.14864    0.124758    0.0227042    0.0832347    0.14864    0.124758    0.0227042    
0.0833875    0.149048    0.12472    0.0226373    0.0833875    0.149048    0.12472    0.0226373    
0.0834665    0.149262    0.124703    0.0226005    0.0834665    0.149262    0.124703    0.0226005    
0.0834695    0.149279    0.124707    0.0225941    0.0834695    0.149279    0.124707    0.0225941    
0.0833962    0.149101    0.124733    0.0226182    0.0833962    0.149101    0.124733    0.0226182    
0.0832488    0.148728    0.124781    0.022672    0.0832488    0.148728    0.124781    0.022672    
0.0830307    0.14817    0.12485    0.0227547    0.0830307    0.14817    0.12485    0.0227547    
0.0827447    0.147445    0.124929    0.0228678    0.0827447    0.147445    0.124929    0.0228678    
0.0824019    0.146547    0.125031    0.0230051    0.0824019    0.146547    0.125031    0.0230051    
0.0820142    0.145522    0.125106    0.0231818    0.0820142    0.145522    0.125106    0.0231818    
0.0815579    0.144353    0.125225    0.0233682    0.0815579    0.144353    0.125225    0.0233682    
0.0811387    0.142912    0.125457    0.0235448    0.0811387    0.142912    0.125457    0.0235448    
0.0806378    0.141597    0.125555    0.0237772    0.0806378    0.141597    0.125555    0.0237772    
0.0801013    0.140215    0.125644    0.0240291    0.0801013    0.140215    0.125644    0.0240291    
0.0795666    0.138763    0.125758    0.0242838    0.0795666    0.138763    0.125758    0.0242838    
0.0790083    0.137334    0.125813    0.0245667    0.0790083    0.137334    0.125813    0.0245667    
0.0784869    0.135782    0.125921    0.0248419    0.0784869    0.135782    0.125921    0.0248419    
0.0779868    0.134234    0.126015    0.0251243    0.0779868    0.134234    0.126015    0.0251243    
0.0775009    0.132706    0.126093    0.0254121    0.0775009    0.132706    0.126093    0.0254121    
0.0770476    0.13117    0.12618    0.0256956    0.0770476    0.13117    0.12618    0.0256956    
0.07665    0.129562    0.126212    0.0260049    0.07665    0.129562    0.126212    0.0260049    
0.0761796    0.128352    0.126216    0.0262894    0.0761796    0.128352    0.126216    0.0262894    
0.0757614    0.12703    0.126223    0.0265775    0.0757614    0.12703    0.126223    0.0265775    
0.0753826    0.125757    0.126214    0.0268619    0.0753826    0.125757    0.126214    0.0268619    
0.0750099    0.124579    0.12618    0.0271424    0.0750099    0.124579    0.12618    0.0271424    
0.0746655    0.123542    0.126139    0.0274074    0.0746655    0.123542    0.126139    0.0274074    
0.0743712    0.12242    0.126076    0.0276796    0.0743712    0.12242    0.126076    0.0276796    
0.0740886    0.121462    0.126013    0.0279302    0.0740886    0.121462    0.126013    0.0279302    
0.0738238    0.12058    0.125947    0.0281673    0.0738238    0.12058    0.125947    0.0281673    
0.0735825    0.119768    0.125879    0.0283901    0.0735825    0.119768    0.125879    0.0283901    
0.0733616    0.119034    0.125807    0.0285989    0.0733616    0.119034    0.125807    0.0285989    
0.0731425    0.118432    0.125673    0.0288113    0.0731425    0.118432    0.125673    0.0288113    
0.0729465    0.117843    0.1256    0.0289887    0.0729465    0.117843    0.1256    0.0289887    
0.0727982    0.117317    0.125534    0.0291478    0.0727982    0.117317    0.125534    0.0291478    
0.07266    0.116861    0.125471    0.0292899    0.07266    0.116861    0.125471    0.0292899    
0.0725409    0.116471    0.125414    0.0294139    0.0725409    0.116471    0.125414    0.0294139    
0.0724406    0.116145    0.125363    0.0295192    0.0724406    0.116145    0.125363    0.0295192    
0.0723595    0.115881    0.125321    0.0296056    0.0723595    0.115881    0.125321    0.0296056    
0.072297    0.11568    0.125287    0.0296726    0.072297    0.11568    0.125287    0.0296726    
0.0722535    0.115539    0.125263    0.02972    0.0722535    0.115539    0.125263    0.02972    
0.0722288    0.115457    0.125249    0.0297479    0.0722288    0.115457    0.125249    0.0297479    
0.0722229    0.115435    0.125246    0.0297559    0.0722229    0.115435    0.125246    0.0297559    
0.0722358    0.115473    0.125252    0.0297442    0.0722358    0.115473    0.125252    0.0297442    
0.0722675    0.115569    0.125268    0.0297128    0.0722675    0.115569    0.125268    0.0297128    
0.0723181    0.115726    0.125294    0.0296619    0.0723181    0.115726    0.125294    0.0296619    
0.0723878    0.115942    0.12533    0.0295915    0.0723878    0.115942    0.12533    0.0295915    
0.0724764    0.116221    0.125373    0.0295021    0.0724764    0.116221    0.125373    0.0295021    
0.0725843    0.116562    0.125424    0.029394    0.0725843    0.116562    0.125424    0.029394    
0.0727113    0.116968    0.125481    0.0292676    0.0727113    0.116968    0.125481    0.0292676    
0.0728585    0.117438    0.125543    0.0291234    0.0728585    0.117438    0.125543    0.0291234    
