1.2    -1.16833    0.000252409    -0.676771    -2.64978    -0.101199    0.159005
1.20225    -1.16854    0.000960739    -0.67634    -2.64795    -0.101172    0.160488
1.20665    -1.16895    0.00203745    -0.675501    -2.64438    -0.101121    0.163341
1.21306    -1.16952    0.00338222    -0.674283    -2.63921    -0.101046    0.16741
1.22131    -1.17022    0.00488992    -0.672728    -2.63256    -0.100949    0.172496
1.23123    -1.17099    0.00645826    -0.670864    -2.62464    -0.100834    0.178399
1.24264    -1.1718    0.00799514    -0.668778    -2.61552    -0.100697    0.184825
1.25533    -1.1726    0.00941997    -0.666432    -2.60555    -0.100551    0.191722
1.2691    -1.17336    0.0106698    -0.663865    -2.59491    -0.100401    0.198846
1.28376    -1.17405    0.0116988    -0.661219    -2.58359    -0.100233    0.205985
1.2991    -1.17464    0.0124665    -0.658478    -2.57186    -0.100058    0.213023
1.31494    -1.17513    0.0129857    -0.655677    -2.55988    -0.0998786    0.219851
1.33111    -1.1755    0.0132432    -0.652818    -2.54786    -0.0997015    0.226446
1.34744    -1.17575    0.0132531    -0.650004    -2.53577    -0.0995178    0.232616
1.36378    -1.17587    0.0130361    -0.647196    -2.52387    -0.0993395    0.238405
1.37998    -1.17589    0.0126187    -0.644442    -2.51219    -0.099164    0.243777
1.39592    -1.17581    0.0120313    -0.641762    -2.50083    -0.0989925    0.248723
1.41149    -1.17563    0.0113058    -0.639173    -2.48986    -0.0988262    0.253246
1.42658    -1.17538    0.0104744    -0.636676    -2.47936    -0.098668    0.25737
1.4411    -1.17507    0.00957259    -0.634411    -2.46914    -0.0985016    0.260785
1.45498    -1.17469    0.00861601    -0.63208    -2.45982    -0.0983677    0.26441
1.46815    -1.17429    0.00764551    -0.629975    -2.45089    -0.0982301    0.267396
1.48056    -1.17386    0.0066798    -0.628009    -2.44255    -0.0981013    0.270056
1.49216    -1.17342    0.00573947    -0.626186    -2.43481    -0.0979814    0.272411
1.50291    -1.17298    0.00484194    -0.624508    -2.4277    -0.0978711    0.274487
1.51278    -1.17255    0.00400155    -0.62298    -2.42121    -0.0977698    0.276296
1.52176    -1.17214    0.00322944    -0.6216    -2.41534    -0.0976779    0.277872
1.52982    -1.17175    0.00253402    -0.620367    -2.4101    -0.0975958    0.279233
1.53697    -1.17139    0.0019211    -0.619279    -2.40549    -0.0975236    0.280399
1.54318    -1.17107    0.00139421    -0.618336    -2.40148    -0.0974606    0.281377
1.54848    -1.17078    0.000954289    -0.617507    -2.39814    -0.0974111    0.282277
1.55287    -1.17055    0.000601505    -0.616849    -2.39534    -0.0973668    0.282927
1.55635    -1.17035    0.000333751    -0.616328    -2.39311    -0.0973316    0.283434
1.55894    -1.17021    0.000147539    -0.61594    -2.39146    -0.0973054    0.283805
1.56066    -1.17011    3.82138e-05    -0.615683    -2.39037    -0.0972881    0.284049
1.56154    -1.17006    1.56426e-07    -0.615553    -2.38981    -0.0972792    0.284172
1.5616    -1.17006    2.69646e-05    -0.615544    -2.38977    -0.0972787    0.28418
1.56086    -1.1701    0.000111624    -0.615654    -2.39024    -0.0972861    0.284077
1.55936    -1.17019    0.000246662    -0.615878    -2.3912    -0.0973012    0.283865
1.55713    -1.17031    0.000424293    -0.61621    -2.39261    -0.0973237    0.283547
1.55421    -1.17047    0.000636549    -0.616648    -2.39448    -0.0973532    0.283123
1.55063    -1.17067    0.000875398    -0.617185    -2.39677    -0.0973894    0.282597
1.54643    -1.1709    0.00113239    -0.617846    -2.3994    -0.0974278    0.281877
1.54165    -1.17115    0.00140006    -0.618568    -2.40246    -0.097476    0.281139
1.53635    -1.17142    0.00167086    -0.619373    -2.40589    -0.0975298    0.280299
1.53054    -1.17171    0.00193758    -0.620257    -2.40963    -0.0975885    0.279352
1.5243    -1.17202    0.00219345    -0.621211    -2.41369    -0.097652    0.278305
1.51765    -1.17233    0.00243229    -0.62223    -2.41802    -0.09772    0.277161
1.51065    -1.17265    0.00264843    -0.623309    -2.4226    -0.0977915    0.275912
1.50335    -1.17296    0.00283702    -0.624439    -2.42741    -0.0978665    0.274571
1.49579    -1.17328    0.0029938    -0.625616    -2.43241    -0.0979443    0.273127
1.48803    -1.17358    0.00311538    -0.626833    -2.43756    -0.0980241    0.271588
1.48011    -1.17388    0.00319921    -0.62808    -2.44285    -0.0981059    0.269962
1.47208    -1.17416    0.00324368    -0.629351    -2.44824    -0.0981891    0.268254
1.464    -1.17442    0.00324813    -0.630637    -2.45369    -0.0982733    0.266474
1.45591    -1.17467    0.00321281    -0.63193    -2.45918    -0.0983579    0.264628
1.44787    -1.17489    0.00313681    -0.633303    -2.46452    -0.098432    0.262479
1.43992    -1.17509    0.00302411    -0.634603    -2.46994    -0.0985137    0.260486
1.43212    -1.17526    0.0028807    -0.635771    -2.47552    -0.0986093    0.258815
1.4245    -1.17542    0.0027076    -0.637016    -2.4808    -0.09869    0.256821
1.41712    -1.17555    0.0025093    -0.638239    -2.48593    -0.0987667    0.254818
1.41001    -1.17565    0.00229078    -0.639417    -2.4909    -0.0988419    0.25283
1.40322    -1.17574    0.00205759    -0.640544    -2.49568    -0.0989144    0.250881
1.39678    -1.1758    0.00181554    -0.641618    -2.50022    -0.0989833    0.248981
1.39074    -1.17584    0.00157054    -0.64263    -2.50452    -0.0990481    0.24715
1.38511    -1.17587    0.00132845    -0.643576    -2.50852    -0.0991087    0.245405
1.37994    -1.17589    0.0010949    -0.644449    -2.51222    -0.0991644    0.243764
1.37525    -1.1759    0.000875129    -0.645244    -2.51559    -0.0992152    0.242244
1.37105    -1.17589    0.000673779    -0.645957    -2.51861    -0.0992606    0.240859
1.36736    -1.17589    0.000494799    -0.646584    -2.52127    -0.0993006    0.239624
1.36421    -1.17588    0.000341308    -0.647123    -2.52356    -0.0993349    0.238552
1.36159    -1.17586    0.000215511    -0.647572    -2.52546    -0.0993634    0.23765
1.3595    -1.17585    0.00011866    -0.647928    -2.52697    -0.0993861    0.236927
1.35796    -1.17584    5.10385e-05    -0.648194    -2.5281    -0.0994029    0.236386
1.35694    -1.17583    1.19966e-05    -0.648368    -2.52883    -0.099414    0.236029
1.35645    -1.17583    1.42746e-08    -0.648452    -2.52919    -0.0994193    0.235856
1.35647    -1.17583    1.28012e-05    -0.648449    -2.52918    -0.0994192    0.235862
1.35698    -1.17583    4.74214e-05    -0.648362    -2.52881    -0.0994136    0.236041
1.35795    -1.17584    0.000100437    -0.648194    -2.5281    -0.099403    0.236384
1.35938    -1.17585    0.000168066    -0.64795    -2.52706    -0.0993875    0.236882
1.36122    -1.17586    0.000246337    -0.647635    -2.52573    -0.0993674    0.237522
1.36344    -1.17587    0.000331249    -0.647254    -2.52411    -0.0993432    0.238289
1.36603    -1.17588    0.000418915    -0.646813    -2.52224    -0.0993151    0.23917
1.36893    -1.17589    0.000505683    -0.646318    -2.52014    -0.0992836    0.240151
1.37212    -1.1759    0.000588255    -0.645775    -2.51784    -0.099249    0.241215
1.37556    -1.1759    0.00066376    -0.64519    -2.51536    -0.0992118    0.242347
1.37922    -1.17589    0.000729824    -0.644571    -2.51274    -0.0991722    0.243532
1.38305    -1.17588    0.000784595    -0.643923    -2.51    -0.0991309    0.244755
1.38703    -1.17587    0.00082676    -0.643254    -2.50716    -0.0990881    0.246004
1.39111    -1.17584    0.000855537    -0.642568    -2.50425    -0.0990442    0.247264
1.39526    -1.17581    0.000870646    -0.641873    -2.50131    -0.0989996    0.248524
1.39944    -1.17577    0.000872268    -0.641173    -2.49834    -0.0989548    0.249773
1.40364    -1.17573    0.000860994    -0.640475    -2.49538    -0.0989099    0.251002
1.4078    -1.17568    0.000837764    -0.639784    -2.49245    -0.0988655    0.252201
1.41191    -1.17562    0.000803803    -0.639103    -2.48957    -0.0988217    0.253364
1.41593    -1.17556    0.000760521    -0.638435    -2.48676    -0.0987794    0.254491
1.41984    -1.1755    0.000709548    -0.637791    -2.48403    -0.0987378    0.255562
1.42362    -1.17543    0.000652578    -0.63716    -2.48141    -0.0986994    0.256586
1.42725    -1.17536    0.000591317    -0.636566    -2.47889    -0.0986609    0.257547
1.4307    -1.17529    0.000527465    -0.636003    -2.4765    -0.0986243    0.258448
1.43396    -1.17522    0.000462939    -0.635471    -2.47425    -0.0985898    0.259287
1.43701    -1.17516    0.000398657    -0.634975    -2.47214    -0.0985576    0.260062
1.43985    -1.1751    0.000337199    -0.634616    -2.47    -0.0985145    0.260466
1.44245    -1.17503    0.000278706    -0.634189    -2.46821    -0.0984876    0.261127
1.44482    -1.17497    0.000224248    -0.633801    -2.4666    -0.0984633    0.261722
1.44695    -1.17492    0.000174715    -0.633454    -2.46515    -0.0984414    0.262251
1.44882    -1.17487    0.000130801    -0.633148    -2.46387    -0.0984222    0.262713
1.45044    -1.17482    9.30092e-05    -0.632884    -2.46277    -0.0984055    0.263111
1.45181    -1.17479    6.16547e-05    -0.632661    -2.46184    -0.0983915    0.263444
1.45293    -1.17475    3.66702e-05    -0.632409    -2.46122    -0.0983892    0.263929
1.45379    -1.17473    1.83469e-05    -0.632271    -2.46063    -0.0983802    0.264131
1.45439    -1.17471    6.47985e-06    -0.632174    -2.46022    -0.0983738    0.264274
1.45476    -1.1747    7.25788e-07    -0.632116    -2.45997    -0.0983701    0.264358
1.45488    -1.1747    6.21783e-07    -0.632096    -2.45989    -0.0983688    0.264386
1.45476    -1.1747    5.60495e-06    -0.632114    -2.45996    -0.09837    0.26436
1.45443    -1.17471    1.50327e-05    -0.632168    -2.46019    -0.0983735    0.264282
1.45388    -1.17473    2.82032e-05    -0.632257    -2.46057    -0.0983792    0.264153
1.45313    -1.17475    4.43759e-05    -0.632378    -2.46108    -0.0983871    0.263976
1.45218    -1.17478    6.25233e-05    -0.632601    -2.46159    -0.0983878    0.263532
1.45106    -1.17481    8.20776e-05    -0.632784    -2.46235    -0.0983993    0.26326
1.44977    -1.17484    0.000102307    -0.632993    -2.46323    -0.0984124    0.262947
1.44834    -1.17488    0.000122515    -0.633227    -2.4642    -0.0984272    0.262594
1.44677    -1.17492    0.000142051    -0.633483    -2.46527    -0.0984433    0.262207
1.44507    -1.17497    0.000160328    -0.63376    -2.46642    -0.0984607    0.261786
1.44328    -1.17501    0.00017683    -0.634054    -2.46765    -0.0984792    0.261336
1.44139    -1.17506    0.000191118    -0.634363    -2.46894    -0.0984986    0.260859
1.43943    -1.17511    0.000202871    -0.634678    -2.47029    -0.0985196    0.260371
1.43741    -1.17515    0.000212488    -0.634911    -2.47187    -0.0985534    0.260162
1.43534    -1.17519    0.000219129    -0.635247    -2.47329    -0.0985752    0.259639
1.43324    -1.17524    0.000222695    -0.635589    -2.47474    -0.0985974    0.259103
1.43112    -1.17529    0.000223175    -0.635934    -2.47621    -0.0986199    0.258558
1.429    -1.17533    0.000220641    -0.63628    -2.47768    -0.0986423    0.258007
1.42689    -1.17537    0.000215246    -0.636624    -2.47914    -0.0986647    0.257454
1.42481    -1.17541    0.000207208    -0.636965    -2.48059    -0.0986867    0.256903
1.42277    -1.17545    0.000196809    -0.6373    -2.48201    -0.0987084    0.256358
1.42078    -1.17548    0.00018438    -0.637627    -2.48339    -0.0987296    0.255822
1.41885    -1.17552    0.000170295    -0.637954    -2.48472    -0.0987484    0.255293
1.417    -1.17555    0.000154945    -0.638259    -2.48601    -0.098768    0.254786
1.41523    -1.17558    0.000138741    -0.63855    -2.48724    -0.0987868    0.254299
1.41356    -1.1756    0.000122095    -0.638826    -2.48841    -0.0988046    0.253835
1.41199    -1.17562    0.0001054    -0.639089    -2.48951    -0.0988208    0.253389
1.41054    -1.17564    8.90534e-05    -0.63933    -2.49053    -0.0988363    0.252979
1.4092    -1.17566    7.34111e-05    -0.639552    -2.49147    -0.0988506    0.2526
1.40798    -1.17568    5.87893e-05    -0.639753    -2.49232    -0.0988635    0.252254
1.40689    -1.17569    4.54598e-05    -0.639934    -2.49309    -0.0988751    0.251943
1.40594    -1.1757    3.36434e-05    -0.640092    -2.49376    -0.0988853    0.251668
1.40511    -1.17571    2.35075e-05    -0.640229    -2.49434    -0.0988941    0.25143
1.40443    -1.17572    1.51637e-05    -0.640344    -2.49482    -0.0989015    0.251231
1.40387    -1.17573    8.66773e-06    -0.640435    -2.49521    -0.0989074    0.251071
1.40346    -1.17573    4.02144e-06    -0.640505    -2.49551    -0.0989118    0.25095
1.40317    -1.17574    1.17568e-06    -0.640552    -2.49571    -0.0989149    0.250867
1.40302    -1.17574    3.49867e-08    -0.640578    -2.49582    -0.0989165    0.250822
1.40299    -1.17574    4.63215e-07    -0.640582    -2.49584    -0.0989168    0.250814
1.40309    -1.17574    2.29007e-06    -0.640566    -2.49577    -0.0989158    0.250843
1.4033    -1.17573    5.31833e-06    -0.64053    -2.49562    -0.0989135    0.250905
1.40363    -1.17573    9.33131e-06    -0.640476    -2.49539    -0.09891    0.251
1.40406    -1.17573    1.41006e-05    -0.640404    -2.49508    -0.0989054    0.251126
1.4046    -1.17572    1.93933e-05    -0.640315    -2.49471    -0.0988997    0.251281
1.40522    -1.17571    2.49796e-05    -0.640212    -2.49426    -0.098893    0.251461
1.40593    -1.1757    3.06385e-05    -0.640094    -2.49377    -0.0988854    0.251666
1.40672    -1.17569    3.61644e-05    -0.639963    -2.49321    -0.098877    0.251891
1.40757    -1.17568    4.13715e-05    -0.639822    -2.49261    -0.0988679    0.252135
1.40848    -1.17567    4.60977e-05    -0.63967    -2.49197    -0.0988582    0.252396
1.40945    -1.17566    5.02075e-05    -0.639511    -2.49129    -0.0988479    0.25267
1.41045    -1.17565    5.35943e-05    -0.639344    -2.49059    -0.0988372    0.252954
1.41149    -1.17563    5.61806e-05    -0.639172    -2.48986    -0.0988261    0.253247
1.41255    -1.17562    5.79187e-05    -0.638996    -2.48911    -0.0988148    0.253545
1.41363    -1.1756    5.87801e-05    -0.638814    -2.48836    -0.0988038    0.253854
1.41472    -1.17558    5.8782e-05    -0.638635    -2.4876    -0.0987922    0.254157
1.41581    -1.17557    5.79572e-05    -0.638455    -2.48684    -0.0987807    0.254457
1.41689    -1.17555    5.63595e-05    -0.638277    -2.48609    -0.0987692    0.254755
1.41795    -1.17553    5.40613e-05    -0.638101    -2.48534    -0.0987579    0.255047
1.419    -1.17551    5.11505e-05    -0.63793    -2.48462    -0.0987468    0.255332
1.42001    -1.1755    4.77269e-05    -0.637759    -2.48391    -0.0987367    0.255611
1.42099    -1.17548    4.38976e-05    -0.637591    -2.48324    -0.0987273    0.25588
1.42193    -1.17546    3.97721e-05    -0.637437    -2.48259    -0.0987173    0.256134
1.42283    -1.17545    3.5462e-05    -0.63729    -2.48196    -0.0987078    0.256374
1.42367    -1.17543    3.10766e-05    -0.637152    -2.48138    -0.0986988    0.2566
1.42446    -1.17542    2.67202e-05    -0.637022    -2.48083    -0.0986904    0.256811
1.4252    -1.1754    2.24893e-05    -0.636902    -2.48032    -0.0986826    0.257006
1.42587    -1.17539    1.84708e-05    -0.636792    -2.47985    -0.0986755    0.257184
1.42648    -1.17538    1.47402e-05    -0.636692    -2.47943    -0.098669    0.257345
1.42703    -1.17537    1.13606e-05    -0.636603    -2.47905    -0.0986633    0.257489
1.4275    -1.17536    8.38145e-06    -0.636525    -2.47872    -0.0986582    0.257615
1.42791    -1.17535    5.8389e-06    -0.636457    -2.47843    -0.0986538    0.257722
1.42826    -1.17534    3.75524e-06    -0.636401    -2.47819    -0.0986502    0.257812
1.42853    -1.17534    2.13953e-06    -0.636356    -2.478    -0.0986473    0.257884
1.42874    -1.17533    9.88211e-07    -0.636323    -2.47786    -0.0986451    0.257938
1.42888    -1.17533    2.8614e-07    -0.636299    -2.47776    -0.0986436    0.257975
1.42896    -1.17533    7.74169e-09    -0.636287    -2.47771    -0.0986428    0.257995
1.42897    -1.17533    1.18415e-07    -0.636285    -2.4777    -0.0986426    0.257998
1.42892    -1.17533    5.7605e-07    -0.636293    -2.47773    -0.0986432    0.257985
1.42881    -1.17533    1.33263e-06    -0.636311    -2.47781    -0.0986443    0.257957
1.42865    -1.17534    2.3359e-06    -0.636337    -2.47792    -0.098646    0.257915
1.42843    -1.17534    3.53097e-06    -0.636373    -2.47807    -0.0986483    0.257858
1.42817    -1.17535    4.86197e-06    -0.636416    -2.47826    -0.0986512    0.257788
1.42785    -1.17535    6.27352e-06    -0.636468    -2.47847    -0.0986545    0.257706
1.4275    -1.17536    7.71217e-06    -0.636526    -2.47872    -0.0986582    0.257613
1.4271    -1.17537    9.12766e-06    -0.63659    -2.47899    -0.0986624    0.257509
1.42667    -1.17538    1.0474e-05    -0.63666    -2.47929    -0.098667    0.257396
1.42622    -1.17538    1.12854e-05    -0.636735    -2.47961    -0.0986718    0.257276
1.42574    -1.17539    1.23772e-05    -0.636813    -2.47994    -0.0986768    0.25715
1.42524    -1.1754    1.33034e-05    -0.636894    -2.48028    -0.0986821    0.257018
1.42473    -1.17541    1.40416e-05    -0.636979    -2.48064    -0.0986876    0.25688
1.42419    -1.17542    1.45765e-05    -0.637066    -2.48101    -0.0986933    0.256739
1.42365    -1.17543    1.48994e-05    -0.637155    -2.48139    -0.098699    0.256594
1.42311    -1.17544    1.50082e-05    -0.637245    -2.48177    -0.0987049    0.256448
1.42256    -1.17545    1.49067e-05    -0.637335    -2.48215    -0.0987107    0.256301
1.42201    -1.17546    1.46047e-05    -0.637425    -2.48254    -0.0987165    0.256153
1.42147    -1.17547    1.41169e-05    -0.637514    -2.48291    -0.0987223    0.256007
1.42093    -1.17548    1.3462e-05    -0.637602    -2.48329    -0.0987279    0.255864
1.42041    -1.17549    1.26635e-05    -0.637693    -2.48364    -0.0987325    0.255719
1.41991    -1.1755    1.17461e-05    -0.63778    -2.48398    -0.0987372    0.255579
1.41942    -1.17551    1.07362e-05    -0.63786    -2.48432    -0.0987423    0.255447
1.41896    -1.17552    9.66166e-06    -0.637937    -2.48464    -0.0987473    0.25532
1.41851    -1.17552    8.55063e-06    -0.638009    -2.48495    -0.0987519    0.2552
1.4181    -1.17553    7.43045e-06    -0.638078    -2.48524    -0.0987563    0.255087
1.41771    -1.17554    6.32717e-06    -0.638141    -2.48551    -0.0987604    0.254981
1.41736    -1.17554    5.26485e-06    -0.6382    -2.48576    -0.0987642    0.254883
1.41703    -1.17555    4.26501e-06    -0.638254    -2.48599    -0.0987677    0.254794
1.41674    -1.17555    3.34621e-06    -0.638302    -2.48619    -0.0987708    0.254713
1.41648    -1.17556    2.52373e-06    -0.638345    -2.48638    -0.0987736    0.254642
1.41625    -1.17556    1.80934e-06    -0.638382    -2.48653    -0.098776    0.25458
1.41606    -1.17556    1.21119e-06    -0.638414    -2.48667    -0.098778    0.254527
1.4159    -1.17556    7.33863e-07    -0.638439    -2.48678    -0.0987797    0.254484
1.41578    -1.17557    3.78458e-07    -0.638459    -2.48686    -0.098781    0.254451
1.4157    -1.17557    1.42672e-07    -0.638474    -2.48692    -0.0987819    0.254427
1.41564    -1.17557    2.12521e-08    -0.638483    -2.48696    -0.0987825    0.254412
1.41562    -1.17557    6.2694e-09    -0.638486    -2.48697    -0.0987827    0.254406
1.41563    -1.17557    8.7508e-08    -0.638484    -2.48697    -0.0987826    0.254409
1.41567    -1.17557    2.52901e-07    -0.638477    -2.48694    -0.0987821    0.254421
1.41575    -1.17557    4.88986e-07    -0.638465    -2.48689    -0.0987813    0.25444
1.41585    -1.17557    7.81433e-07    -0.638449    -2.48682    -0.0987803    0.254468
1.41597    -1.17556    1.11534e-06    -0.638428    -2.48673    -0.098779    0.254502
1.41612    -1.17556    1.4758e-06    -0.638404    -2.48662    -0.0987774    0.254544
1.41629    -1.17556    1.84832e-06    -0.638375    -2.4865    -0.0987755    0.254591
1.41649    -1.17556    2.21913e-06    -0.638343    -2.48637    -0.0987735    0.254644
1.4167    -1.17555    2.57557e-06    -0.638309    -2.48622    -0.0987712    0.254702
1.41693    -1.17555    2.90631e-06    -0.638271    -2.48606    -0.0987688    0.254765
1.41717    -1.17554    3.20162e-06    -0.638231    -2.48589    -0.0987662    0.254832
1.41742    -1.17554    3.4535e-06    -0.638189    -2.48572    -0.0987636    0.254901
1.41768    -1.17554    3.65577e-06    -0.638146    -2.48553    -0.0987608    0.254974
1.41796    -1.17553    3.80411e-06    -0.638101    -2.48534    -0.0987579    0.255048
1.41823    -1.17553    3.89609e-06    -0.638056    -2.48515    -0.0987549    0.255123
1.41851    -1.17552    3.93104e-06    -0.638009    -2.48495    -0.098752    0.2552
1.41879    -1.17552    3.90999e-06    -0.637963    -2.48476    -0.098749    0.255277
1.41907    -1.17551    3.83549e-06    -0.637917    -2.48456    -0.098746    0.255353
1.41935    -1.17551    3.71147e-06    -0.637871    -2.48437    -0.098743    0.255429
1.41963    -1.1755    3.54298e-06    -0.637826    -2.48418    -0.0987401    0.255503
1.41989    -1.1755    3.336e-06    -0.637782    -2.48399    -0.0987373    0.255576
1.42015    -1.17549    3.09747e-06    -0.637736    -2.48382    -0.0987352    0.255649
1.4204    -1.17549    2.83425e-06    -0.637695    -2.48364    -0.0987326    0.255716
1.42064    -1.17549    2.55373e-06    -0.637655    -2.48348    -0.09873    0.255781
1.42087    -1.17548    2.26359e-06    -0.637612    -2.48333    -0.0987286    0.255846
1.42108    -1.17548    1.97069e-06    -0.637577    -2.48318    -0.0987264    0.255904
1.42128    -1.17547    1.68182e-06    -0.637544    -2.48304    -0.0987243    0.255958
1.42146    -1.17547    1.40329e-06    -0.637514    -2.48291    -0.0987223    0.256007
1.42163    -1.17547    1.14071e-06    -0.637486    -2.4828    -0.0987205    0.256053
1.42178    -1.17547    8.98918e-07    -0.637462    -2.48269    -0.0987189    0.256094
1.42192    -1.17546    6.81898e-07    -0.637439    -2.4826    -0.0987175    0.25613
1.42204    -1.17546    4.92731e-07    -0.63742    -2.48252    -0.0987162    0.256161
1.42214    -1.17546    3.33564e-07    -0.637404    -2.48245    -0.0987152    0.256188
1.42222    -1.17546    2.05625e-07    -0.63739    -2.48239    -0.0987143    0.25621
1.42228    -1.17546    1.09243e-07    -0.63738    -2.48235    -0.0987136    0.256227
1.42233    -1.17546    4.39084e-08    -0.637372    -2.48231    -0.0987131    0.25624
1.42236    -1.17546    8.33504e-09    -0.637367    -2.48229    -0.0987128    0.256248
1.42237    -1.17546    5.52215e-10    -0.637365    -2.48228    -0.0987127    0.256251
1.42237    -1.17546    1.80018e-08    -0.637366    -2.48229    -0.0987127    0.25625
1.42235    -1.17546    5.76464e-08    -0.637369    -2.4823    -0.0987129    0.256245
1.42231    -1.17546    1.16083e-07    -0.637374    -2.48232    -0.0987133    0.256236
1.42227    -1.17546    1.8966e-07    -0.637382    -2.48236    -0.0987138    0.256223
1.4222    -1.17546    2.74587e-07    -0.637393    -2.4824    -0.0987144    0.256207
1.42213    -1.17546    3.67054e-07    -0.637405    -2.48245    -0.0987152    0.256187
1.42204    -1.17546    4.63325e-07    -0.637419    -2.48251    -0.0987161    0.256163
1.42195    -1.17546    5.59841e-07    -0.637435    -2.48258    -0.0987172    0.256138
1.42184    -1.17546    6.53299e-07    -0.637452    -2.48265    -0.0987183    0.256109
1.42173    -1.17547    7.40723e-07    -0.637471    -2.48273    -0.0987195    0.256078
1.4216    -1.17547    8.19527e-07    -0.637491    -2.48282    -0.0987208    0.256045
1.42148    -1.17547    8.87549e-07    -0.637512    -2.48291    -0.0987222    0.256011
1.42134    -1.17547    9.43089e-07    -0.637534    -2.483    -0.0987236    0.255975
1.4212    -1.17548    9.8492e-07    -0.637557    -2.4831    -0.0987251    0.255937
1.42106    -1.17548    1.01229e-06    -0.63758    -2.48319    -0.0987265    0.255899
1.42092    -1.17548    1.0249e-06    -0.637603    -2.48329    -0.0987281    0.255861
1.42078    -1.17548    1.0229e-06    -0.637627    -2.48339    -0.0987296    0.255822
1.42063    -1.17549    1.00706e-06    -0.637657    -2.48348    -0.0987301    0.255779
1.42049    -1.17549    9.78062e-07    -0.63768    -2.48358    -0.0987316    0.255741
1.42035    -1.17549    9.37123e-07    -0.637703    -2.48368    -0.0987331    0.255703
1.42021    -1.17549    8.85726e-07    -0.637726    -2.48377    -0.0987346    0.255665
1.42008    -1.1755    8.25551e-07    -0.637748    -2.48387    -0.098736    0.255629
1.41995    -1.1755    7.58541e-07    -0.637773    -2.48395    -0.0987367    0.255591
1.41983    -1.1755    6.86459e-07    -0.637793    -2.48404    -0.098738    0.255558
1.41971    -1.1755    6.11232e-07    -0.637812    -2.48412    -0.0987392    0.255526
1.4196    -1.1755    5.34754e-07    -0.637831    -2.4842    -0.0987404    0.255496
1.4195    -1.17551    4.5884e-07    -0.637848    -2.48427    -0.0987415    0.255468
1.4194    -1.17551    3.8518e-07    -0.637864    -2.48434    -0.0987425    0.255442
1.41931    -1.17551    3.15298e-07    -0.637878    -2.4844    -0.0987435    0.255418
1.41923    -1.17551    2.50528e-07    -0.637891    -2.48445    -0.0987443    0.255396
1.41916    -1.17551    1.91981e-07    -0.637903    -2.4845    -0.0987451    0.255377
1.4191    -1.17551    1.40538e-07    -0.637913    -2.48455    -0.0987457    0.25536
1.41905    -1.17551    9.6833e-08    -0.637922    -2.48458    -0.0987463    0.255345
1.419    -1.17551    8.24811e-08    -0.637929    -2.48461    -0.0987468    0.255333
1.41896    -1.17552    4.94087e-08    -0.637936    -2.48464    -0.0987472    0.255322
1.41893    -1.17552    2.49817e-08    -0.637941    -2.48466    -0.0987475    0.255313
1.41891    -1.17552    9.0146e-09    -0.637945    -2.48468    -0.0987478    0.255307
1.41889    -1.17552    1.11224e-09    -0.637947    -2.48469    -0.0987479    0.255303
1.41889    -1.17552    6.94405e-10    -0.637948    -2.48469    -0.098748    0.255302
1.41889    -1.17552    7.02394e-09    -0.637947    -2.48469    -0.0987479    0.255303
1.4189    -1.17552    1.92373e-08    -0.637945    -2.48468    -0.0987478    0.255306
1.41892    -1.17552    3.63764e-08    -0.637942    -2.48467    -0.0987476    0.255312
1.41895    -1.17552    5.74211e-08    -0.637938    -2.48465    -0.0987473    0.255319
1.41898    -1.17551    8.13213e-08    -0.637932    -2.48463    -0.098747    0.255328
1.41902    -1.17551    1.07027e-07    -0.637925    -2.4846    -0.0987465    0.255339
1.41907    -1.17551    1.33518e-07    -0.637918    -2.48456    -0.098746    0.255352
1.41912    -1.17551    1.59827e-07    -0.637909    -2.48453    -0.0987455    0.255366
1.41918    -1.17551    1.85065e-07    -0.6379    -2.48449    -0.0987449    0.255382
1.41924    -1.17551    2.08441e-07    -0.63789    -2.48445    -0.0987442    0.255398
1.4193    -1.17551    2.29271e-07    -0.637879    -2.4844    -0.0987435    0.255416
1.41937    -1.17551    2.46996e-07    -0.637868    -2.48435    -0.0987428    0.255434
1.41944    -1.17551    2.61186e-07    -0.637856    -2.4843    -0.0987421    0.255453
1.41952    -1.17551    2.71539e-07    -0.637844    -2.48425    -0.0987413    0.255473
1.41959    -1.1755    2.77889e-07    -0.637832    -2.4842    -0.0987405    0.255493
1.41966    -1.1755    2.8019e-07    -0.63782    -2.48415    -0.0987397    0.255514
1.41974    -1.1755    2.7852e-07    -0.637808    -2.4841    -0.0987389    0.255534
1.41981    -1.1755    2.73061e-07    -0.637795    -2.48405    -0.0987381    0.255554
1.41989    -1.1755    2.64093e-07    -0.637783    -2.48399    -0.0987374    0.255574
1.41996    -1.1755    2.52046e-07    -0.637767    -2.48395    -0.0987372    0.255597
1.42003    -1.1755    2.37268e-07    -0.637755    -2.4839    -0.0987365    0.255616
1.4201    -1.1755    2.20234e-07    -0.637744    -2.48385    -0.0987357    0.255635
1.42017    -1.17549    2.01452e-07    -0.637733    -2.48381    -0.098735    0.255653
1.42023    -1.17549    1.81446e-07    -0.637723    -2.48376    -0.0987344    0.25567
1.42029    -1.17549    1.60742e-07    -0.637713    -2.48372    -0.0987337    0.255687
1.42035    -1.17549    1.39851e-07    -0.637703    -2.48368    -0.0987331    0.255702
1.4204    -1.17549    1.19261e-07    -0.637695    -2.48364    -0.0987326    0.255716
1.42045    -1.17549    9.9418e-08    -0.637687    -2.48361    -0.098732    0.25573
1.4205    -1.17549    8.07237e-08    -0.637679    -2.48358    -0.0987316    0.255742
1.42054    -1.17549    6.35223e-08    -0.637673    -2.48355    -0.0987311    0.255753
1.42057    -1.17549    4.80977e-08    -0.637667    -2.48352    -0.0987308    0.255762
1.4206    -1.17549    3.46685e-08    -0.637662    -2.4835    -0.0987304    0.255771
1.42063    -1.17549    2.33873e-08    -0.637657    -2.48348    -0.0987301    0.255778
1.42065    -1.17549    1.43401e-08    -0.637654    -2.48347    -0.0987299    0.255784
1.42067    -1.17549    7.54918e-09    -0.637651    -2.48346    -0.0987297    0.255788
1.42068    -1.17549    2.98799e-09    -0.637643    -2.48346    -0.0987306    0.255796
1.42069    -1.17549    5.36813e-10    -0.637641    -2.48346    -0.0987305    0.255798
1.42069    -1.17549    5.47272e-11    -0.637641    -2.48345    -0.0987305    0.255799
1.42069    -1.17549    1.35855e-09    -0.637641    -2.48345    -0.0987305    0.255799
1.42069    -1.17549    4.23107e-09    -0.637642    -2.48346    -0.0987306    0.255797
1.42068    -1.17549    8.42921e-09    -0.637643    -2.48346    -0.0987307    0.255795
1.42066    -1.17549    1.37179e-08    -0.637652    -2.48346    -0.0987298    0.255787
1.42065    -1.17549    1.98097e-08    -0.637654    -2.48347    -0.09873    0.255783
1.42063    -1.17549    2.64319e-08    -0.637658    -2.48349    -0.0987302    0.255777
1.4206    -1.17549    3.3317e-08    -0.637662    -2.4835    -0.0987304    0.255771
1.42058    -1.17549    4.02101e-08    -0.637666    -2.48352    -0.0987307    0.255764
1.42055    -1.17549    4.68754e-08    -0.63767    -2.48354    -0.098731    0.255756
1.42052    -1.17549    5.31005e-08    -0.637676    -2.48356    -0.0987313    0.255748
1.42049    -1.17549    5.87014e-08    -0.637681    -2.48359    -0.0987317    0.255739
1.42045    -1.17549    6.35247e-08    -0.637687    -2.48361    -0.098732    0.25573
1.42042    -1.17549    6.74502e-08    -0.637692    -2.48363    -0.0987324    0.25572
1.42038    -1.17549    7.03918e-08    -0.637698    -2.48366    -0.0987328    0.25571
1.42034    -1.17549    7.22973e-08    -0.637705    -2.48369    -0.0987332    0.2557
1.4203    -1.17549    7.31475e-08    -0.637711    -2.48371    -0.0987336    0.255689
1.42026    -1.17549    7.29548e-08    -0.637717    -2.48374    -0.098734    0.255679
1.42023    -1.17549    7.17602e-08    -0.637724    -2.48377    -0.0987344    0.255669
1.42019    -1.17549    6.96305e-08    -0.63773    -2.48379    -0.0987348    0.255658
1.42015    -1.17549    6.66546e-08    -0.637736    -2.48382    -0.0987352    0.255648
1.42011    -1.1755    6.29397e-08    -0.637742    -2.48384    -0.0987356    0.255638
1.42008    -1.1755    5.86067e-08    -0.637748    -2.48387    -0.098736    0.255629
1.42004    -1.1755    5.37866e-08    -0.637754    -2.48389    -0.0987364    0.255619
1.42001    -1.1755    4.86155e-08    -0.637759    -2.48392    -0.0987367    0.25561
1.41998    -1.1755    4.3231e-08    -0.637764    -2.48394    -0.098737    0.255602
1.41995    -1.1755    3.77954e-08    -0.637773    -2.48395    -0.0987367    0.255591
1.41992    -1.1755    3.24047e-08    -0.637777    -2.48397    -0.098737    0.255584
1.4199    -1.1755    2.7179e-08    -0.637782    -2.48399    -0.0987373    0.255577
1.41987    -1.1755    2.22262e-08    -0.637785    -2.484    -0.0987375    0.255571
1.41985    -1.1755    1.76401e-08    -0.637789    -2.48402    -0.0987377    0.255565
1.41983    -1.1755    1.3499e-08    -0.637792    -2.48403    -0.0987379    0.25556
1.41982    -1.1755    9.86449e-09    -0.637795    -2.48404    -0.0987381    0.255555
1.4198    -1.1755    6.78091e-09    -0.637797    -2.48405    -0.0987383    0.255551
1.41979    -1.1755    4.27524e-09    -0.637799    -2.48406    -0.0987384    0.255548
1.41978    -1.1755    2.35758e-09    -0.637801    -2.48407    -0.0987385    0.255546
1.41978    -1.1755    1.02193e-09    -0.637802    -2.48407    -0.0987385    0.255544
1.41977    -1.1755    2.47443e-10    -0.637802    -2.48408    -0.0987386    0.255543
1.41977    -1.1755    3.13126e-15    -0.637803    -2.48408    -0.0987386    0.255542
1.41977    -1.1755    2.33998e-10    -0.637803    -2.48408    -0.0987386    0.255542
1.41977    -1.1755    8.94344e-10    -0.637802    -2.48408    -0.0987386    0.255543
1.41978    -1.1755    1.91861e-09    -0.637802    -2.48407    -0.0987386    0.255544
1.41978    -1.1755    3.23919e-09    -0.637801    -2.48407    -0.0987385    0.255545
1.41979    -1.1755    4.7855e-09    -0.637799    -2.48406    -0.0987384    0.255548
1.4198    -1.1755    6.48609e-09    -0.637798    -2.48406    -0.0987383    0.25555
1.41981    -1.1755    8.27061e-09    -0.637796    -2.48405    -0.0987382    0.255553
1.41982    -1.1755    1.00717e-08    -0.637794    -2.48404    -0.098738    0.255557
1.41984    -1.1755    1.18264e-08    -0.637791    -2.48403    -0.0987379    0.255561
1.41985    -1.1755    1.34781e-08    -0.637789    -2.48402    -0.0987377    0.255565
1.41987    -1.1755    1.49768e-08    -0.637786    -2.48401    -0.0987375    0.255569
1.41989    -1.1755    1.62809e-08    -0.637783    -2.48399    -0.0987374    0.255574
1.41991    -1.1755    1.73569e-08    -0.63778    -2.48398    -0.0987372    0.255579
1.41992    -1.1755    1.81806e-08    -0.637777    -2.48397    -0.098737    0.255584
1.41994    -1.1755    1.87364e-08    -0.637774    -2.48396    -0.0987368    0.255589
1.41996    -1.1755    1.90369e-08    -0.637767    -2.48395    -0.0987372    0.255597
1.41998    -1.1755    1.90631e-08    -0.637764    -2.48394    -0.098737    0.255603
1.42    -1.1755    1.8824e-08    -0.637761    -2.48392    -0.0987368    0.255608
1.42002    -1.1755    1.93467e-08    -0.637758    -2.48391    -0.0987366    0.255613
1.42004    -1.1755    1.85884e-08    -0.637754    -2.4839    -0.0987364    0.255618
1.42006    -1.1755    1.76183e-08    -0.637751    -2.48388    -0.0987362    0.255623
1.42008    -1.1755    1.64686e-08    -0.637748    -2.48387    -0.098736    0.255628
1.4201    -1.1755    1.51748e-08    -0.637745    -2.48386    -0.0987358    0.255633
1.42011    -1.1755    1.37743e-08    -0.637742    -2.48384    -0.0987356    0.255638
1.42013    -1.1755    1.23048e-08    -0.637739    -2.48383    -0.0987354    0.255643
1.42015    -1.17549    1.08038e-08    -0.637737    -2.48382    -0.0987353    0.255647
1.42016    -1.17549    9.30728e-09    -0.637734    -2.48381    -0.0987351    0.255651
1.42017    -1.17549    7.84903e-09    -0.637732    -2.4838    -0.098735    0.255655
1.42019    -1.17549    6.45959e-09    -0.63773    -2.48379    -0.0987348    0.255658
1.4202    -1.17549    5.16585e-09    -0.637728    -2.48379    -0.0987347    0.255661
1.42021    -1.17549    3.99045e-09    -0.637727    -2.48378    -0.0987346    0.255664
1.42022    -1.17549    2.95151e-09    -0.637725    -2.48377    -0.0987345    0.255666
1.42023    -1.17549    2.06236e-09    -0.637724    -2.48377    -0.0987344    0.255668
1.42023    -1.17549    1.33158e-09    -0.637723    -2.48376    -0.0987344    0.25567
1.42024    -1.17549    7.63028e-10    -0.637722    -2.48376    -0.0987343    0.255672
1.42024    -1.17549    3.56048e-10    -0.637721    -2.48376    -0.0987343    0.255673
1.42024    -1.17549    1.05813e-10    -0.637721    -2.48375    -0.0987342    0.255673
1.42024    -1.17549    3.71957e-12    -0.637721    -2.48375    -0.0987342    0.255674
1.42025    -1.17549    3.78748e-11    -0.637721    -2.48375    -0.0987342    0.255674
1.42024    -1.17549    1.93638e-10    -0.637721    -2.48375    -0.0987342    0.255674
1.42024    -1.17549    4.542e-10    -0.637721    -2.48375    -0.0987343    0.255673
1.42024    -1.17549    8.01186e-10    -0.637721    -2.48376    -0.0987343    0.255672
1.42024    -1.17549    1.21525e-09    -0.637722    -2.48376    -0.0987343    0.255671
1.42023    -1.17549    1.67668e-09    -0.637723    -2.48376    -0.0987344    0.25567
1.42022    -1.17549    2.16593e-09    -0.637724    -2.48377    -0.0987344    0.255668
1.42022    -1.17549    2.66416e-09    -0.637725    -2.48377    -0.0987345    0.255666
1.42021    -1.17549    3.15368e-09    -0.637726    -2.48378    -0.0987346    0.255664
1.4202    -1.17549    3.61837e-09    -0.637728    -2.48378    -0.0987347    0.255662
1.42019    -1.17549    4.04398e-09    -0.637729    -2.48379    -0.0987348    0.25566
1.42019    -1.17549    4.41841e-09    -0.63773    -2.48379    -0.0987349    0.255657
1.42018    -1.17549    4.73189e-09    -0.637732    -2.4838    -0.098735    0.255655
1.42017    -1.17549    4.97708e-09    -0.637734    -2.48381    -0.0987351    0.255652
1.42016    -1.17549    5.14908e-09    -0.637735    -2.48382    -0.0987352    0.25565
1.42015    -1.17549    5.24545e-09    -0.637737    -2.48382    -0.0987353    0.255647
1.42014    -1.1755    5.26604e-09    -0.637739    -2.48383    -0.0987354    0.255644
1.42013    -1.1755    5.21288e-09    -0.63774    -2.48384    -0.0987355    0.255641
1.42011    -1.1755    5.08996e-09    -0.637742    -2.48384    -0.0987356    0.255638
1.4201    -1.1755    4.903e-09    -0.637744    -2.48385    -0.0987357    0.255636
1.42009    -1.1755    4.65913e-09    -0.637745    -2.48386    -0.0987358    0.255633
1.42009    -1.1755    4.36666e-09    -0.637747    -2.48386    -0.0987359    0.25563
1.42008    -1.1755    4.03472e-09    -0.637748    -2.48387    -0.098736    0.255628
1.42007    -1.1755    3.67297e-09    -0.63775    -2.48388    -0.0987361    0.255625
1.42006    -1.1755    3.29132e-09    -0.637751    -2.48388    -0.0987362    0.255623
1.42005    -1.1755    2.89959e-09    -0.637753    -2.48389    -0.0987363    0.255621
1.42004    -1.1755    2.5073e-09    -0.637754    -2.48389    -0.0987364    0.255619
1.42004    -1.1755    2.12339e-09    -0.637755    -2.4839    -0.0987365    0.255617
1.42003    -1.1755    1.75603e-09    -0.637756    -2.4839    -0.0987365    0.255615
1.42002    -1.1755    1.41245e-09    -0.637757    -2.48391    -0.0987366    0.255613
1.42002    -1.1755    1.09879e-09    -0.637758    -2.48391    -0.0987366    0.255612
1.42001    -1.1755    8.20025e-10    -0.637759    -2.48391    -0.0987367    0.255611
1.42001    -1.1755    5.79886e-10    -0.637759    -2.48392    -0.0987367    0.25561
1.42001    -1.1755    3.80849e-10    -0.63776    -2.48392    -0.0987368    0.255609
1.42    -1.1755    2.24154e-10    -0.63776    -2.48392    -0.0987368    0.255608
1.42    -1.1755    1.0985e-10    -0.637761    -2.48392    -0.0987368    0.255607
1.42    -1.1755    3.68721e-11    -0.637761    -2.48392    -0.0987368    0.255607
1.42    -1.1755    3.14522e-12    -0.637761    -2.48393    -0.0987368    0.255607
1.42    -1.1755    5.70857e-12    -0.637761    -2.48393    -0.0987368    0.255607
1.42    -1.1755    4.08536e-11    -0.637761    -2.48393    -0.0987368    0.255607
1.42    -1.1755    1.04276e-10    -0.637761    -2.48392    -0.0987368    0.255607
1.42    -1.1755    1.91229e-10    -0.637761    -2.48392    -0.0987368    0.255607
1.42    -1.1755    2.96688e-10    -0.63776    -2.48392    -0.0987368    0.255608
1.42    -1.1755    4.15496e-10    -0.63776    -2.48392    -0.0987368    0.255609
1.42001    -1.1755    5.4252e-10    -0.63776    -2.48392    -0.0987367    0.255609
1.42001    -1.1755    6.72785e-10    -0.637759    -2.48392    -0.0987367    0.25561
1.42001    -1.1755    8.01597e-10    -0.637758    -2.48391    -0.0987367    0.255611
1.42002    -1.1755    9.24652e-10    -0.637758    -2.48391    -0.0987366    0.255612
1.42002    -1.1755    1.03813e-09    -0.637757    -2.48391    -0.0987366    0.255614
1.42003    -1.1755    1.13875e-09    -0.637756    -2.4839    -0.0987365    0.255615
1.42003    -1.1755    1.22385e-09    -0.637756    -2.4839    -0.0987365    0.255616
1.42004    -1.1755    1.29138e-09    -0.637755    -2.4839    -0.0987364    0.255617
1.42004    -1.1755    1.33995e-09    -0.637754    -2.48389    -0.0987364    0.255619
1.42005    -1.1755    1.3688e-09    -0.637753    -2.48389    -0.0987363    0.25562
1.42005    -1.1755    1.37779e-09    -0.637752    -2.48389    -0.0987363    0.255622
1.42006    -1.1755    1.36735e-09    -0.637751    -2.48388    -0.0987362    0.255623
1.42006    -1.1755    1.33843e-09    -0.63775    -2.48388    -0.0987362    0.255625
1.42007    -1.1755    1.29246e-09    -0.63775    -2.48388    -0.0987361    0.255626
1.42007    -1.1755    1.23123e-09    -0.637749    -2.48387    -0.098736    0.255627
1.42008    -1.1755    1.15688e-09    -0.637748    -2.48387    -0.098736    0.255629
1.42008    -1.1755    1.07176e-09    -0.637747    -2.48387    -0.0987359    0.25563
1.42009    -1.1755    9.78376e-10    -0.637746    -2.48386    -0.0987359    0.255631
1.42009    -1.1755    8.79312e-10    -0.637746    -2.48386    -0.0987358    0.255632
1.4201    -1.1755    7.7715e-10    -0.637745    -2.48386    -0.0987358    0.255634
1.4201    -1.1755    6.74397e-10    -0.637744    -2.48385    -0.0987358    0.255635
1.4201    -1.1755    5.73425e-10    -0.637744    -2.48385    -0.0987357    0.255636
1.42011    -1.1755    4.7641e-10    -0.637743    -2.48385    -0.0987357    0.255637
1.42011    -1.1755    3.8529e-10    -0.637743    -2.48385    -0.0987356    0.255637
1.42011    -1.1755    3.01725e-10    -0.637742    -2.48384    -0.0987356    0.255638
1.42012    -1.1755    2.27071e-10    -0.637742    -2.48384    -0.0987356    0.255639
1.42012    -1.1755    1.62365e-10    -0.637741    -2.48384    -0.0987356    0.255639
1.42012    -1.1755    1.08313e-10    -0.637741    -2.48384    -0.0987356    0.25564
1.42012    -1.1755    6.52985e-11    -0.637741    -2.48384    -0.0987355    0.25564
1.42012    -1.1755    3.33884e-11    -0.637741    -2.48384    -0.0987355    0.255641
1.42012    -1.1755    1.23559e-11    -0.637741    -2.48384    -0.0987355    0.255641
1.42012    -1.1755    1.70462e-12    -0.63774    -2.48384    -0.0987355    0.255641
1.42012    -1.1755    7.00068e-13    -0.63774    -2.48384    -0.0987355    0.255641
1.42012    -1.1755    8.40559e-12    -0.63774    -2.48384    -0.0987355    0.255641
1.42012    -1.1755    2.37213e-11    -0.63774    -2.48384    -0.0987355    0.255641
1.42012    -1.1755    4.54246e-11    -0.637741    -2.48384    -0.0987355    0.255641
1.42012
