-0.083459    -0.149254    -0.124711    -0.0225977    -0.083459    -0.149254    -0.124711    -0.0225977    
-0.0833843    -0.149061    -0.124732    -0.0226275    -0.0833843    -0.149061    -0.124732    -0.0226275    
-0.0832395    -0.148685    -0.124773    -0.0226857    -0.0832395    -0.148685    -0.124773    -0.0226857    
0.0830306    0.14814    0.124833    0.0227702    0.0830306    0.14814    0.124833    0.0227702    
0.0827612    0.147448    0.124901    0.0228821    0.0827612    0.147448    0.124901    0.0228821    
0.0824462    0.146611    0.124988    0.0230137    0.0824462    0.146611    0.124988    0.0230137    
-0.0820746    -0.145679    -0.12504    -0.0231826    -0.0820746    -0.145679    -0.12504    -0.0231826    
0.0816853    0.144624    0.125144    0.0233516    0.0816853    0.144624    0.125144    0.0233516    
0.0813459    0.143323    0.125368    0.0235018    0.0813459    0.143323    0.125368    0.0235018    
-0.0808953    -0.142177    -0.125445    -0.0237074    -0.0808953    -0.142177    -0.125445    -0.0237074    
-0.0804359    -0.140994    -0.125518    -0.0239233    -0.0804359    -0.140994    -0.125518    -0.0239233    
-0.0799729    -0.139792    -0.125585    -0.0241469    -0.0799729    -0.139792    -0.125585    -0.0241469    
0.0795326    0.138555    0.125688    0.0243603    0.0795326    0.138555    0.125688    0.0243603    
-0.0790647    -0.137389    -0.125717    -0.0245988    -0.0790647    -0.137389    -0.125717    -0.0245988    
-0.0786535    -0.136144    -0.125805    -0.024819    -0.0786535    -0.136144    -0.125805    -0.024819    
-0.0782601    -0.134928    -0.125884    -0.025038    -0.0782601    -0.134928    -0.125884    -0.025038    
-0.0778832    -0.133754    -0.125952    -0.0252545    -0.0778832    -0.133754    -0.125952    -0.0252545    
0.0775259    0.132629    0.126009    0.0254668    0.0775259    0.132629    0.126009    0.0254668    
-0.0772091    -0.131515    -0.126087    -0.0256645    -0.0772091    -0.131515    -0.126087    -0.0256645    
0.0769714    0.13029    0.12611    0.0258874    0.0769714    0.13029    0.12611    0.0258874    
0.0765917    0.129577    0.126134    0.026062    0.0765917    0.129577    0.126134    0.026062    
0.076318    0.1287    0.126149    0.026246    0.076318    0.1287    0.126149    0.026246    
0.076067    0.127887    0.12616    0.0264193    0.076067    0.127887    0.12616    0.0264193    
0.075836    0.127142    0.126163    0.0265823    0.075836    0.127142    0.126163    0.0265823    
-0.0756283    -0.126458    -0.126165    -0.0267326    -0.0756283    -0.126458    -0.126165    -0.0267326    
0.0754442    0.125831    0.126163    0.0268718    0.0754442    0.125831    0.126163    0.0268718    
0.0752607    0.125285    0.126152    0.0269999    0.0752607    0.125285    0.126152    0.0269999    
-0.075111    -0.124796    -0.126142    -0.0271148    -0.075111    -0.124796    -0.126142    -0.0271148    
0.0749939    0.124364    0.126133    0.0272158    0.0749939    0.124364    0.126133    0.0272158    
0.0748819    0.123994    0.126122    0.0273047    0.0748819    0.123994    0.126122    0.0273047    
-0.074758    -0.123762    -0.126112    -0.0273741    -0.074758    -0.123762    -0.126112    -0.0273741    
0.0746814    0.123503    0.126103    0.0274371    0.0746814    0.123503    0.126103    0.0274371    
-0.0746212    -0.123298    -0.126094    -0.0274872    -0.0746212    -0.123298    -0.126094    -0.0274872    
0.0745768    0.123146    0.126088    0.0275246    0.0745768    0.123146    0.126088    0.0275246    
0.0745472    0.123045    0.126084    0.0275495    0.0745472    0.123045    0.126084    0.0275495    
0.0745323    0.122994    0.126082    0.0275621    0.0745323    0.122994    0.126082    0.0275621    
0.0745313    0.122991    0.126081    0.0275629    0.0745313    0.122991    0.126081    0.0275629    
0.0745439    0.123034    0.126083    0.0275523    0.0745439    0.123034    0.126083    0.0275523    
0.0745696    0.123121    0.126087    0.0275307    0.0745696    0.123121    0.126087    0.0275307    
0.0746077    0.123252    0.126093    0.0274985    0.0746077    0.123252    0.126093    0.0274985    
0.0746581    0.123423    0.126099    0.0274565    0.0746581    0.123423    0.126099    0.0274565    
0.0747205    0.123635    0.126107    0.027405    0.0747205    0.123635    0.126107    0.027405    
0.0748238    0.123803    0.126116    0.0273511    0.0748238    0.123803    0.126116    0.0273511    
0.0749095    0.124084    0.126125    0.0272829    0.0749095    0.124084    0.126125    0.0272829    
0.0750052    0.124401    0.126134    0.027207    0.0750052    0.124401    0.126134    0.027207    
0.0750962    0.124753    0.12614    0.0271252    0.0750962    0.124753    0.12614    0.0271252    
0.0752132    0.12513    0.126149    0.0270362    0.0752132    0.12513    0.126149    0.0270362    
0.0753521    0.125531    0.126159    0.0269409    0.0753521    0.125531    0.126159    0.0269409    
0.0754846    0.125962    0.126165    0.0268417    0.0754846    0.125962    0.126165    0.0268417    
0.0756197    0.12643    0.126165    0.0267389    0.0756197    0.12643    0.126165    0.0267389    
-0.0757664    -0.126907    -0.126167    -0.0266322    -0.0757664    -0.126907    -0.126167    -0.0266322    
-0.0759129    -0.127407    -0.126163    -0.0265239    -0.0759129    -0.127407    -0.126163    -0.0265239    
0.0760756    0.127918    0.126159    0.0264131    0.0760756    0.127918    0.126159    0.0264131    
-0.0762375    -0.128442    -0.126152    -0.0263011    -0.0762375    -0.128442    -0.126152    -0.0263011    
0.0764032    0.128975    0.126145    0.026188    0.0764032    0.128975    0.126145    0.026188    
-0.076572    -0.129514    -0.126135    -0.026075    -0.076572    -0.129514    -0.126135    -0.026075    
0.0768147    0.129859    0.126123    0.025979    0.0768147    0.129859    0.126123    0.025979    
0.0769992    0.130364    0.126109    0.0258713    0.0769992    0.130364    0.126109    0.0258713    
0.0770866    0.131131    0.1261    0.0257413    0.0770866    0.131131    0.1261    0.0257413    
0.0772552    0.13166    0.126082    0.0256358    0.0772552    0.13166    0.126082    0.0256358    
0.077401    0.132224    0.126032    0.0255422    0.077401    0.132224    0.126032    0.0255422    
0.0775593    0.132735    0.126004    0.0254466    0.0775593    0.132735    0.126004    0.0254466    
-0.0777149    -0.133224    -0.12598    -0.0253539    -0.0777149    -0.133224    -0.12598    -0.0253539    
0.0778632    0.133692    0.125955    0.0252662    0.0778632    0.133692    0.125955    0.0252662    
0.0780046    0.134134    0.12593    0.025184    0.0780046    0.134134    0.12593    0.025184    
-0.0781375    -0.134548    -0.125906    -0.0251076    -0.0781375    -0.134548    -0.125906    -0.0251076    
-0.078261    -0.134931    -0.125883    -0.0250374    -0.078261    -0.134931    -0.125883    -0.0250374    
0.0783743    0.135281    0.125862    0.0249738    0.0783743    0.135281    0.125862    0.0249738    
-0.078475    -0.135596    -0.125841    -0.0249171    -0.078475    -0.135596    -0.125841    -0.0249171    
-0.0785653    -0.135873    -0.125823    -0.0248673    -0.0785653    -0.135873    -0.125823    -0.0248673    
0.0786429    0.136112    0.125807    0.0248247    0.0786429    0.136112    0.125807    0.0248247    
-0.078708    -0.13631    -0.125794    -0.0247893    -0.078708    -0.13631    -0.125794    -0.0247893    
0.07876    0.136468    0.125783    0.0247612    0.07876    0.136468    0.125783    0.0247612    
-0.0787987    -0.136585    -0.125775    -0.0247404    -0.0787987    -0.136585    -0.125775    -0.0247404    
0.0788241    0.136663    0.125769    0.0247267    0.0788241    0.136663    0.125769    0.0247267    
-0.0788364    -0.1367    -0.125767    -0.0247201    -0.0788364    -0.1367    -0.125767    -0.0247201    
-0.078836    -0.136699    -0.125767    -0.0247203    -0.078836    -0.136699    -0.125767    -0.0247203    
-0.0788233    -0.13666    -0.125769    -0.0247272    -0.0788233    -0.13666    -0.125769    -0.0247272    
0.0787987    0.136586    0.125775    0.0247404    0.0787987    0.136586    0.125775    0.0247404    
0.0787631    0.136478    0.125782    0.0247595    0.0787631    0.136478    0.125782    0.0247595    
-0.0787172    -0.136338    -0.125792    -0.0247844    -0.0787172    -0.136338    -0.125792    -0.0247844    
0.0786619    0.136169    0.125803    0.0248144    0.0786619    0.136169    0.125803    0.0248144    
-0.0785982    -0.135974    -0.125816    -0.0248494    -0.0785982    -0.135974    -0.125816    -0.0248494    
0.0785268    0.135755    0.125831    0.0248885    0.0785268    0.135755    0.125831    0.0248885    
-0.0784488    -0.135515    -0.125847    -0.0249316    -0.0784488    -0.135515    -0.125847    -0.0249316    
0.0783666    0.135257    0.125863    0.0249781    0.0783666    0.135257    0.125863    0.0249781    
0.0782784    0.134985    0.12588    0.0250276    0.0782784    0.134985    0.12588    0.0250276    
0.0781866    0.134701    0.125897    0.0250796    0.0781866    0.134701    0.125897    0.0250796    
0.0780921    0.134407    0.125915    0.0251335    0.0780921    0.134407    0.125915    0.0251335    
0.0779959    0.134107    0.125932    0.025189    0.0779959    0.134107    0.125932    0.025189    
-0.0778987    -0.133803    -0.125949    -0.0252454    -0.0778987    -0.133803    -0.125949    -0.0252454    
-0.0778015    -0.133498    -0.125965    -0.0253024    -0.0778015    -0.133498    -0.125965    -0.0253024    
0.0777054    0.133194    0.125981    0.0253595    0.0777054    0.133194    0.125981    0.0253595    
-0.0776095    -0.132894    -0.125996    -0.0254164    -0.0776095    -0.132894    -0.125996    -0.0254164    
-0.0775165    -0.132599    -0.126011    -0.0254725    -0.0775165    -0.132599    -0.126011    -0.0254725    
0.0774276    0.132309    0.126028    0.0255259    0.0774276    0.132309    0.126028    0.0255259    
0.0773404    0.132031    0.126041    0.0255794    0.0773404    0.132031    0.126041    0.0255794    
0.0772749    0.131721    0.12608    0.0256236    0.0772749    0.131721    0.12608    0.0256236    
0.0771942    0.131469    0.126089    0.0256738    0.0771942    0.131469    0.126089    0.0256738    
0.0771179    0.131229    0.126097    0.0257216    0.0771179    0.131229    0.126097    0.0257216    
0.0770462    0.131003    0.126104    0.0257668    0.0770462    0.131003    0.126104    0.0257668    
0.0769794    0.130793    0.126111    0.0258092    0.0769794    0.130793    0.126111    0.0258092    
-0.077001    -0.130368    -0.126109    -0.0258703    -0.077001    -0.130368    -0.126109    -0.0258703    
-0.0769399    -0.130203    -0.126113    -0.0259057    -0.0769399    -0.130203    -0.126113    -0.0259057    
0.076885    0.130053    0.126117    0.0259377    0.076885    0.130053    0.126117    0.0259377    
-0.0768359    -0.129918    -0.126121    -0.0259665    -0.0768359    -0.129918    -0.126121    -0.0259665    
-0.0767928    -0.129799    -0.126124    -0.0259919    -0.0767928    -0.129799    -0.126124    -0.0259919    
-0.0767556    -0.129697    -0.126127    -0.0260139    -0.0767556    -0.129697    -0.126127    -0.0260139    
0.0767241    0.129611    0.126129    0.0260324    0.0767241    0.129611    0.126129    0.0260324    
0.076635    0.129715    0.126131    0.0260334    0.076635    0.129715    0.126131    0.0260334    
0.0766169    0.129657    0.126132    0.0260454    0.0766169    0.129657    0.126132    0.0260454    
0.076604    0.129616    0.126133    0.0260538    0.076604    0.129616    0.126133    0.0260538    
0.0765964    0.129592    0.126134    0.0260589    0.0765964    0.129592    0.126134    0.0260589    
-0.0765939    -0.129584    -0.126134    -0.0260606    -0.0765939    -0.129584    -0.126134    -0.0260606    
-0.0765962    -0.129591    -0.126134    -0.026059    -0.0765962    -0.129591    -0.126134    -0.026059    
0.0766033    0.129614    0.126133    0.0260543    0.0766033    0.129614    0.126133    0.0260543    
0.0766149    0.129651    0.126132    0.0260466    0.0766149    0.129651    0.126132    0.0260466    
-0.0766309    -0.129702    -0.126131    -0.0260361    -0.0766309    -0.129702    -0.126131    -0.0260361    
0.0767157    0.129588    0.126129    0.0260374    0.0767157    0.129588    0.126129    0.0260374    
0.0767416    0.129658    0.126128    0.0260222    0.0767416    0.129658    0.126128    0.0260222    
0.076771    0.129739    0.126126    0.0260048    0.076771    0.129739    0.126126    0.0260048    
0.076804    0.12983    0.126123    0.0259853    0.076804    0.12983    0.126123    0.0259853    
0.0768401    0.129929    0.126121    0.025964    0.0768401    0.129929    0.126121    0.025964    
0.0768792    0.130037    0.126118    0.0259411    0.0768792    0.130037    0.126118    0.0259411    
0.0769208    0.130151    0.126115    0.0259168    0.0769208    0.130151    0.126115    0.0259168    
-0.0769646    -0.130271    -0.126111    -0.0258913    -0.0769646    -0.130271    -0.126111    -0.0258913    
0.077013    0.130392    0.126115    0.025862    0.077013    0.130392    0.126115    0.025862    
0.0769708    0.130766    0.126112    0.0258146    0.0769708    0.130766    0.126112    0.0258146    
-0.077016    -0.130908    -0.126107    -0.0257859    -0.077016    -0.130908    -0.126107    -0.0257859    
-0.077062    -0.131053    -0.126103    -0.0257568    -0.077062    -0.131053    -0.126103    -0.0257568    
0.0771086    0.1312    0.126098    0.0257274    0.0771086    0.1312    0.126098    0.0257274    
0.0771554    0.131347    0.126093    0.025698    0.0771554    0.131347    0.126093    0.025698    
0.0772021    0.131493    0.126088    0.0256689    0.0772021    0.131493    0.126088    0.0256689    
0.0772484    0.131638    0.126083    0.02564    0.0772484    0.131638    0.126083    0.02564    
0.077294    0.131781    0.126078    0.0256118    0.077294    0.131781    0.126078    0.0256118    
0.0773387    0.131921    0.126073    0.0255842    0.0773387    0.131921    0.126073    0.0255842    
-0.0773624    -0.132101    -0.126038    -0.0255659    -0.0773624    -0.132101    -0.126038    -0.0255659    
0.0774037    0.132233    0.126032    0.0255405    0.0774037    0.132233    0.126032    0.0255405    
0.077443    0.132359    0.126026    0.0255164    0.077443    0.132359    0.126026    0.0255164    
-0.0774806    -0.132479    -0.12602    -0.0254935    -0.0774806    -0.132479    -0.12602    -0.0254935    
0.0775145    0.132593    0.126011    0.0254737    0.0775145    0.132593    0.126011    0.0254737    
0.0775474    0.132697    0.126006    0.0254538    0.0775474    0.132697    0.126006    0.0254538    
0.0775777    0.132793    0.126001    0.0254355    0.0775777    0.132793    0.126001    0.0254355    
-0.0776054    -0.132881    -0.125997    -0.0254189    -0.0776054    -0.132881    -0.125997    -0.0254189    
0.0776308    0.132959    0.125993    0.025404    0.0776308    0.132959    0.125993    0.025404    
0.0776527    0.133028    0.12599    0.0253909    0.0776527    0.133028    0.12599    0.0253909    
0.0776715    0.133087    0.125987    0.0253797    0.0776715    0.133087    0.125987    0.0253797    
0.0776872    0.133137    0.125984    0.0253703    0.0776872    0.133137    0.125984    0.0253703    
0.0776999    0.133177    0.125982    0.0253628    0.0776999    0.133177    0.125982    0.0253628    
0.0777095    0.133207    0.125981    0.0253571    0.0777095    0.133207    0.125981    0.0253571    
-0.077716    -0.133228    -0.125979    -0.0253532    -0.077716    -0.133228    -0.125979    -0.0253532    
-0.0777195    -0.133239    -0.125979    -0.0253511    -0.0777195    -0.133239    -0.125979    -0.0253511    
0.0777201    0.133241    0.125979    0.0253508    0.0777201    0.133241    0.125979    0.0253508    
-0.0777179    -0.133234    -0.125979    -0.0253521    -0.0777179    -0.133234    -0.125979    -0.0253521    
0.077713    0.133218    0.12598    0.025355    0.077713    0.133218    0.12598    0.025355    
0.0777055    0.133194    0.125981    0.0253594    0.0777055    0.133194    0.125981    0.0253594    
-0.0776956    -0.133163    -0.125983    -0.0253654    -0.0776956    -0.133163    -0.125983    -0.0253654    
0.0776833    0.133125    0.125985    0.0253726    0.0776833    0.133125    0.125985    0.0253726    
-0.077669    -0.133079    -0.125987    -0.0253812    -0.077669    -0.133079    -0.125987    -0.0253812    
0.0776528    0.133028    0.12599    0.0253908    0.0776528    0.133028    0.12599    0.0253908    
-0.0776349    -0.132972    -0.125992    -0.0254016    -0.0776349    -0.132972    -0.125992    -0.0254016    
0.0776147    0.13291    0.125995    0.0254132    0.0776147    0.13291    0.125995    0.0254132    
-0.077594    -0.132845    -0.125999    -0.0254257    -0.077594    -0.132845    -0.125999    -0.0254257    
0.0775721    0.132776    0.126002    0.0254389    0.0775721    0.132776    0.126002    0.0254389    
-0.0775494    -0.132703    -0.126006    -0.0254526    -0.0775494    -0.132703    -0.126006    -0.0254526    
-0.0775259    -0.132629    -0.126009    -0.0254668    -0.0775259    -0.132629    -0.126009    -0.0254668    
0.0775019    0.132553    0.126013    0.0254813    0.0775019    0.132553    0.126013    0.0254813    
-0.077479    -0.132474    -0.126021    -0.0254945    -0.077479    -0.132474    -0.126021    -0.0254945    
-0.0774545    -0.132396    -0.126024    -0.0255094    -0.0774545    -0.132396    -0.126024    -0.0255094    
0.0774303    0.132318    0.126028    0.0255242    0.0774303    0.132318    0.126028    0.0255242    
0.0774062    0.132241    0.126032    0.025539    0.0774062    0.132241    0.126032    0.025539    
0.0773824    0.132165    0.126035    0.0255536    0.0773824    0.132165    0.126035    0.0255536    
0.0773591    0.132091    0.126038    0.0255679    0.0773591    0.132091    0.126038    0.0255679    
0.077344    0.132002    0.126053    0.0255787    0.077344    0.132002    0.126053    0.0255787    
0.0773339    0.131906    0.126073    0.0255872    0.0773339    0.131906    0.126073    0.0255872    
-0.0773128    -0.13184    -0.126076    -0.0256002    -0.0773128    -0.13184    -0.126076    -0.0256002    
0.0772927    0.131777    0.126078    0.0256126    0.0772927    0.131777    0.126078    0.0256126    
-0.0772738    -0.131718    -0.12608    -0.0256243    -0.0772738    -0.131718    -0.12608    -0.0256243    
0.0772561    0.131663    0.126082    0.0256352    0.0772561    0.131663    0.126082    0.0256352    
-0.0772398    -0.131611    -0.126084    -0.0256454    -0.0772398    -0.131611    -0.126084    -0.0256454    
0.0772248    0.131564    0.126086    0.0256547    0.0772248    0.131564    0.126086    0.0256547    
0.0772112    0.131522    0.126087    0.0256631    0.0772112    0.131522    0.126087    0.0256631    
0.0771992    0.131484    0.126089    0.0256707    0.0771992    0.131484    0.126089    0.0256707    
0.0771886    0.131451    0.12609    0.0256773    0.0771886    0.131451    0.12609    0.0256773    
-0.0771794    -0.131422    -0.126091    -0.025683    -0.0771794    -0.131422    -0.126091    -0.025683    
-0.0771718    -0.131398    -0.126091    -0.0256877    -0.0771718    -0.131398    -0.126091    -0.0256877    
-0.0771658    -0.131379    -0.126092    -0.0256916    -0.0771658    -0.131379    -0.126092    -0.0256916    
-0.0771612    -0.131365    -0.126093    -0.0256944    -0.0771612    -0.131365    -0.126093    -0.0256944    
-0.077158    -0.131355    -0.126093    -0.0256964    -0.077158    -0.131355    -0.126093    -0.0256964    
0.0771563    0.13135    0.126093    0.0256974    0.0771563    0.13135    0.126093    0.0256974    
-0.0771561    -0.131349    -0.126093    -0.0256976    -0.0771561    -0.131349    -0.126093    -0.0256976    
0.0771572    0.131352    0.126093    0.0256969    0.0771572    0.131352    0.126093    0.0256969    
0.0771595    0.13136    0.126093    0.0256955    0.0771595    0.13136    0.126093    0.0256955    
0.0771632    0.131371    0.126092    0.0256932    0.0771632    0.131371    0.126092    0.0256932    
0.077168    0.131386    0.126092    0.0256902    0.077168    0.131386    0.126092    0.0256902    
-0.0771739    -0.131405    -0.126091    -0.0256865    -0.0771739    -0.131405    -0.126091    -0.0256865    
-0.0771808    -0.131426    -0.12609    -0.0256822    -0.0771808    -0.131426    -0.12609    -0.0256822    
-0.0771887    -0.131451    -0.12609    -0.0256772    -0.0771887    -0.131451    -0.12609    -0.0256772    
0.0771974    0.131479    0.126089    0.0256718    0.0771974    0.131479    0.126089    0.0256718    
-0.0772069    -0.131508    -0.126088    -0.0256658    -0.0772069    -0.131508    -0.126088    -0.0256658    
-0.077217    -0.13154    -0.126087    -0.0256596    -0.077217    -0.13154    -0.126087    -0.0256596    
0.0772276    0.131573    0.126085    0.025653    0.0772276    0.131573    0.126085    0.025653    
-0.0772387    -0.131608    -0.126084    -0.025646    -0.0772387    -0.131608    -0.126084    -0.025646    
0.0772503    0.131644    0.126083    0.0256389    0.0772503    0.131644    0.126083    0.0256389    
0.0772621    0.131681    0.126081    0.0256315    0.0772621    0.131681    0.126081    0.0256315    
0.0772742    0.131719    0.12608    0.025624    0.0772742    0.131719    0.12608    0.025624    
-0.0772865    -0.131758    -0.126079    -0.0256165    -0.0772865    -0.131758    -0.126079    -0.0256165    
0.0772988    0.131796    0.126077    0.0256088    0.0772988    0.131796    0.126077    0.0256088    
0.0773111    0.131834    0.126076    0.0256013    0.0773111    0.131834    0.126076    0.0256013    
0.0773233    0.131872    0.126074    0.0255938    0.0773233    0.131872    0.126074    0.0255938    
-0.0773352    -0.13191    -0.126073    -0.0255864    -0.0773352    -0.13191    -0.126073    -0.0255864    
0.0773352    0.131973    0.126054    0.0255841    0.0773352    0.131973    0.126054    0.0255841    
0.0773389    0.132026    0.126041    0.0255803    0.0773389    0.132026    0.126041    0.0255803    
0.0773497    0.132061    0.12604    0.0255737    0.0773497    0.132061    0.12604    0.0255737    
-0.0773601    -0.132094    -0.126038    -0.0255673    -0.0773601    -0.132094    -0.126038    -0.0255673    
-0.0773699    -0.132125    -0.126037    -0.0255613    -0.0773699    -0.132125    -0.126037    -0.0255613    
0.0773791    0.132155    0.126035    0.0255556    0.0773791    0.132155    0.126035    0.0255556    
0.0773878    0.132182    0.126034    0.0255503    0.0773878    0.132182    0.126034    0.0255503    
0.0773957    0.132208    0.126033    0.0255454    0.0773957    0.132208    0.126033    0.0255454    
0.077403    0.132231    0.126032    0.0255409    0.077403    0.132231    0.126032    0.0255409    
-0.0774096    -0.132252    -0.126031    -0.0255369    -0.0774096    -0.132252    -0.126031    -0.0255369    
-0.0774154    -0.13227    -0.12603    -0.0255334    -0.0774154    -0.13227    -0.12603    -0.0255334    
0.0774204    0.132286    0.12603    0.0255303    0.0774204    0.132286    0.12603    0.0255303    
0.0774247    0.1323    0.126029    0.0255277    0.0774247    0.1323    0.126029    0.0255277    
0.0774282    0.132311    0.126028    0.0255255    0.0774282    0.132311    0.126028    0.0255255    
-0.0774307    -0.13232    -0.126028    -0.0255239    -0.0774307    -0.13232    -0.126028    -0.0255239    
-0.0774327    -0.132326    -0.126028    -0.0255227    -0.0774327    -0.132326    -0.126028    -0.0255227    
-0.0774339    -0.13233    -0.126027    -0.025522    -0.0774339    -0.13233    -0.126027    -0.025522    
0.0774343    0.132332    0.126027    0.0255217    0.0774343    0.132332    0.126027    0.0255217    
-0.0774341    -0.132331    -0.126027    -0.0255218    -0.0774341    -0.132331    -0.126027    -0.0255218    
-0.0774331    -0.132328    -0.126027    -0.0255224    -0.0774331    -0.132328    -0.126027    -0.0255224    
0.0774316    0.132323    0.126028    0.0255234    0.0774316    0.132323    0.126028    0.0255234    
0.0774295    0.132315    0.126028    0.0255247    0.0774295    0.132315    0.126028    0.0255247    
0.0774267    0.132306    0.126029    0.0255264    0.0774267    0.132306    0.126029    0.0255264    
0.0774233    0.132296    0.126029    0.0255285    0.0774233    0.132296    0.126029    0.0255285    
0.0774195    0.132283    0.12603    0.0255309    0.0774195    0.132283    0.12603    0.0255309    
0.0774152    0.13227    0.12603    0.0255335    0.0774152    0.13227    0.12603    0.0255335    
-0.0774105    -0.132254    -0.126031    -0.0255364    -0.0774105    -0.132254    -0.126031    -0.0255364    
0.0774054    0.132238    0.126032    0.0255395    0.0774054    0.132238    0.126032    0.0255395    
0.0774    0.132221    0.126033    0.0255428    0.0774    0.132221    0.126033    0.0255428    
0.0773943    0.132203    0.126033    0.0255463    0.0773943    0.132203    0.126033    0.0255463    
-0.0773884    -0.132184    -0.126034    -0.0255499    -0.0773884    -0.132184    -0.126034    -0.0255499    
-0.0773824    -0.132165    -0.126035    -0.0255536    -0.0773824    -0.132165    -0.126035    -0.0255536    
-0.0773762    -0.132145    -0.126036    -0.0255574    -0.0773762    -0.132145    -0.126036    -0.0255574    
0.0773699    0.132125    0.126037    0.0255612    0.0773699    0.132125    0.126037    0.0255612    
0.0773637    0.132105    0.126038    0.0255651    0.0773637    0.132105    0.126038    0.0255651    
0.0773574    0.132085    0.126039    0.0255689    0.0773574    0.132085    0.126039    0.0255689    
0.0773513    0.132066    0.126039    0.0255727    0.0773513    0.132066    0.126039    0.0255727    
0.0773452    0.132046    0.12604    0.0255765    0.0773452    0.132046    0.12604    0.0255765    
0.0773392    0.132027    0.126041    0.0255801    0.0773392    0.132027    0.126041    0.0255801    
0.077341    0.131992    0.126053    0.0255805    0.077341    0.131992    0.126053    0.0255805    
-0.0773354    -0.131974    -0.126054    -0.025584    -0.0773354    -0.131974    -0.126054    -0.025584    
0.0773301    0.131957    0.126055    0.0255872    0.0773301    0.131957    0.126055    0.0255872    
-0.0773367    -0.131914    -0.126073    -0.0255855    -0.0773367    -0.131914    -0.126073    -0.0255855    
-0.0773319    -0.131899    -0.126073    -0.0255884    -0.0773319    -0.131899    -0.126073    -0.0255884    
0.0773274    0.131885    0.126074    0.0255912    0.0773274    0.131885    0.126074    0.0255912    
-0.0773233    -0.131873    -0.126074    -0.0255937    -0.0773233    -0.131873    -0.126074    -0.0255937    
-0.0773195    -0.131861    -0.126075    -0.0255961    -0.0773195    -0.131861    -0.126075    -0.0255961    
-0.0773161    -0.13185    -0.126075    -0.0255982    -0.0773161    -0.13185    -0.126075    -0.0255982    
-0.0773131    -0.131841    -0.126076    -0.0256    -0.0773131    -0.131841    -0.126076    -0.0256    
-0.0773105    -0.131832    -0.126076    -0.0256016    -0.0773105    -0.131832    -0.126076    -0.0256016    
0.0773082    0.131826    0.126076    0.025603    0.0773082    0.131826    0.126076    0.025603    
-0.0773064    -0.13182    -0.126076    -0.0256042    -0.0773064    -0.13182    -0.126076    -0.0256042    
0.077305    0.131815    0.126077    0.025605    0.077305    0.131815    0.126077    0.025605    
0.0773039    0.131812    0.126077    0.0256057    0.0773039    0.131812    0.126077    0.0256057    
0.0773032    0.13181    0.126077    0.0256061    0.0773032    0.13181    0.126077    0.0256061    
-0.077303    -0.131809    -0.126077    -0.0256063    -0.077303    -0.131809    -0.126077    -0.0256063    
0.077303    0.131809    0.126077    0.0256062    0.077303    0.131809    0.126077    0.0256062    
0.0773035    0.131811    0.126077    0.025606    0.0773035    0.131811    0.126077    0.025606    
0.0773042    0.131813    0.126077    0.0256055    0.0773042    0.131813    0.126077    0.0256055    
0.0773053    0.131816    0.126077    0.0256048    0.0773053    0.131816    0.126077    0.0256048    
-0.0773067    -0.131821    -0.126076    -0.025604    -0.0773067    -0.131821    -0.126076    -0.025604    
0.0773084    0.131826    0.126076    0.025603    0.0773084    0.131826    0.126076    0.025603    
-0.0773103    -0.131832    -0.126076    -0.0256018    -0.0773103    -0.131832    -0.126076    -0.0256018    
-0.0773124    -0.131839    -0.126076    -0.0256004    -0.0773124    -0.131839    -0.126076    -0.0256004    
0.0773148    0.131846    0.126075    0.025599    0.0773148    0.131846    0.126075    0.025599    
-0.0773174    -0.131854    -0.126075    -0.0255974    -0.0773174    -0.131854    -0.126075    -0.0255974    
-0.0773201    -0.131863    -0.126075    -0.0255957    -0.0773201    -0.131863    -0.126075    -0.0255957    
0.077323    0.131872    0.126074    0.0255939    0.077323    0.131872    0.126074    0.0255939    
-0.077326    -0.131881    -0.126074    -0.0255921    -0.077326    -0.131881    -0.126074    -0.0255921    
0.0773291    0.131891    0.126074    0.0255902    0.0773291    0.131891    0.126074    0.0255902    
0.0773323    0.131901    0.126073    0.0255882    0.0773323    0.131901    0.126073    0.0255882    
0.0773355    0.131911    0.126073    0.0255862    0.0773355    0.131911    0.126073    0.0255862    
-0.0773387    -0.131921    -0.126073    -0.0255843    -0.0773387    -0.131921    -0.126073    -0.0255843    
-0.0773303    -0.131958    -0.126055    -0.0255872    -0.0773303    -0.131958    -0.126055    -0.0255872    
0.0773334    0.131968    0.126054    0.0255852    0.0773334    0.131968    0.126054    0.0255852    
0.0773365    0.131978    0.126054    0.0255833    0.0773365    0.131978    0.126054    0.0255833    
-0.0773396    -0.131987    -0.126053    -0.0255814    -0.0773396    -0.131987    -0.126053    -0.0255814    
-0.0773425    -0.131997    -0.126053    -0.0255796    -0.0773425    -0.131997    -0.126053    -0.0255796    
0.0773379    0.132023    0.126041    0.0255809    0.0773379    0.132023    0.126041    0.0255809    
0.0773407    0.132032    0.126041    0.0255792    0.0773407    0.132032    0.126041    0.0255792    
0.0773433    0.13204    0.126041    0.0255776    0.0773433    0.13204    0.126041    0.0255776    
0.0773458    0.132048    0.12604    0.0255761    0.0773458    0.132048    0.12604    0.0255761    
-0.0773481    -0.132056    -0.12604    -0.0255747    -0.0773481    -0.132056    -0.12604    -0.0255747    
-0.0773502    -0.132062    -0.12604    -0.0255734    -0.0773502    -0.132062    -0.12604    -0.0255734    
-0.0773522    -0.132069    -0.126039    -0.0255722    -0.0773522    -0.132069    -0.126039    -0.0255722    
-0.0773539    -0.132074    -0.126039    -0.0255711    -0.0773539    -0.132074    -0.126039    -0.0255711    
0.0773555    0.132079    0.126039    0.0255701    0.0773555    0.132079    0.126039    0.0255701    
0.0773569    0.132084    0.126039    0.0255692    0.0773569    0.132084    0.126039    0.0255692    
-0.0773581    -0.132088    -0.126038    -0.0255685    -0.0773581    -0.132088    -0.126038    -0.0255685    
0.0773591    0.132091    0.126038    0.0255679    0.0773591    0.132091    0.126038    0.0255679    
-0.07736    -0.132094    -0.126038    -0.0255673    -0.07736    -0.132094    -0.126038    -0.0255673    
-0.0773607    -0.132096    -0.126038    -0.0255669    -0.0773607    -0.132096    -0.126038    -0.0255669    
0.0773612    0.132097    0.126038    0.0255666    0.0773612    0.132097    0.126038    0.0255666    
0.0773615    0.132098    0.126038    0.0255664    0.0773615    0.132098    0.126038    0.0255664    
-0.0773616    -0.132099    -0.126038    -0.0255664    -0.0773616    -0.132099    -0.126038    -0.0255664    
0.0773615    0.132099    0.126038    0.0255664    0.0773615    0.132099    0.126038    0.0255664    
0.0773613    0.132098    0.126038    0.0255666    0.0773613    0.132098    0.126038    0.0255666    
-0.0773608    -0.132096    -0.126038    -0.0255668    -0.0773608    -0.132096    -0.126038    -0.0255668    
0.0773602    0.132094    0.126038    0.0255672    0.0773602    0.132094    0.126038    0.0255672    
0.0773595    0.132092    0.126038    0.0255677    0.0773595    0.132092    0.126038    0.0255677    
0.0773586    0.132089    0.126038    0.0255682    0.0773586    0.132089    0.126038    0.0255682    
0.0773575    0.132086    0.126039    0.0255689    0.0773575    0.132086    0.126039    0.0255689    
-0.0773564    -0.132082    -0.126039    -0.0255696    -0.0773564    -0.132082    -0.126039    -0.0255696    
0.0773551    0.132078    0.126039    0.0255703    0.0773551    0.132078    0.126039    0.0255703    
0.0773538    0.132074    0.126039    0.0255712    0.0773538    0.132074    0.126039    0.0255712    
-0.0773523    -0.132069    -0.126039    -0.0255721    -0.0773523    -0.132069    -0.126039    -0.0255721    
0.0773508    0.132064    0.12604    0.025573    0.0773508    0.132064    0.12604    0.025573    
-0.0773492    -0.132059    -0.12604    -0.025574    -0.0773492    -0.132059    -0.12604    -0.025574    
0.0773476    0.132054    0.12604    0.025575    0.0773476    0.132054    0.12604    0.025575    
0.077346    0.132049    0.12604    0.025576    0.077346    0.132049    0.12604    0.025576    
0.0773443    0.132044    0.12604    0.025577    0.0773443    0.132044    0.12604    0.025577    
0.0773426    0.132038    0.126041    0.025578    0.0773426    0.132038    0.126041    0.025578    
-0.077341    -0.132033    -0.126041    -0.025579    -0.077341    -0.132033    -0.126041    -0.025579    
-0.0773393    -0.132028    -0.126041    -0.0255801    -0.0773393    -0.132028    -0.126041    -0.0255801    
0.0773452    0.132005    0.126053    0.0255779    0.0773452    0.132005    0.126053    0.0255779    
-0.0773436    -0.132    -0.126053    -0.0255789    -0.0773436    -0.132    -0.126053    -0.0255789    
0.0773421    0.131995    0.126053    0.0255799    0.0773421    0.131995    0.126053    0.0255799    
-0.0773406    -0.131991    -0.126053    -0.0255808    -0.0773406    -0.131991    -0.126053    -0.0255808    
0.0773392    0.131986    0.126053    0.0255816    0.0773392    0.131986    0.126053    0.0255816    
-0.0773378    -0.131982    -0.126054    -0.0255825    -0.0773378    -0.131982    -0.126054    -0.0255825    
0.0773366    0.131978    0.126054    0.0255832    0.0773366    0.131978    0.126054    0.0255832    
0.0773354    0.131974    0.126054    0.025584    0.0773354    0.131974    0.126054    0.025584    
0.0773343    0.131971    0.126054    0.0255846    0.0773343    0.131971    0.126054    0.0255846    
0.0773333    0.131967    0.126054    0.0255853    0.0773333    0.131967    0.126054    0.0255853    
0.0773324    0.131965    0.126054    0.0255858    0.0773324    0.131965    0.126054    0.0255858    
-0.0773316    -0.131962    -0.126055    -0.0255863    -0.0773316    -0.131962    -0.126055    -0.0255863    
-0.077331    -0.13196    -0.126055    -0.0255867    -0.077331    -0.13196    -0.126055    -0.0255867    
0.0773304    0.131958    0.126055    0.0255871    0.0773304    0.131958    0.126055    0.0255871    
0.0773299    0.131956    0.126055    0.0255874    0.0773299    0.131956    0.126055    0.0255874    
0.0773295    0.131955    0.126055    0.0255876    0.0773295    0.131955    0.126055    0.0255876    
0.0773409    0.131928    0.126072    0.0255829    0.0773409    0.131928    0.126072    0.0255829    
0.0773407    0.131927    0.126072    0.025583    0.0773407    0.131927    0.126072    0.025583    
0.0773406    0.131927    0.126072    0.0255831    0.0773406    0.131927    0.126072    0.0255831    
0.0773407    0.131927    0.126072    0.0255831    0.0773407    0.131927    0.126072    0.0255831    
-0.0773408    -0.131927    -0.126072    -0.025583    -0.0773408    -0.131927    -0.126072    -0.025583    
0.077341    0.131928    0.126072    0.0255829    0.077341    0.131928    0.126072    0.0255829    
0.0773296    0.131956    0.126055    0.0255876    0.0773296    0.131956    0.126055    0.0255876    
-0.07733    -0.131957    -0.126055    -0.0255873    -0.07733    -0.131957    -0.126055    -0.0255873    
0.0773304    0.131958    0.126055    0.025587    0.0773304    0.131958    0.126055    0.025587    
-0.0773309    -0.13196    -0.126055    -0.0255867    -0.0773309    -0.13196    -0.126055    -0.0255867    
0.0773315    0.131962    0.126055    0.0255864    0.0773315    0.131962    0.126055    0.0255864    
0.0773322    0.131964    0.126054    0.025586    0.0773322    0.131964    0.126054    0.025586    
0.0773328    0.131966    0.126054    0.0255856    0.0773328    0.131966    0.126054    0.0255856    
0.0773336    0.131968    0.126054    0.0255851    0.0773336    0.131968    0.126054    0.0255851    
-0.0773343    -0.131971    -0.126054    -0.0255846    -0.0773343    -0.131971    -0.126054    -0.0255846    
0.0773351    0.131973    0.126054    0.0255842    0.0773351    0.131973    0.126054    0.0255842    
0.0773359    0.131976    0.126054    0.0255837    0.0773359    0.131976    0.126054    0.0255837    
0.0773368    0.131978    0.126054    0.0255831    0.0773368    0.131978    0.126054    0.0255831    
-0.0773376    -0.131981    -0.126054    -0.0255826    -0.0773376    -0.131981    -0.126054    -0.0255826    
0.0773385    0.131984    0.126054    0.0255821    0.0773385    0.131984    0.126054    0.0255821    
-0.0773393    -0.131987    -0.126053    -0.0255816    -0.0773393    -0.131987    -0.126053    -0.0255816    
0.0773402    0.131989    0.126053    0.025581    0.0773402    0.131989    0.126053    0.025581    
-0.077341    -0.131992    -0.126053    -0.0255805    -0.077341    -0.131992    -0.126053    -0.0255805    
-0.0773418    -0.131994    -0.126053    -0.02558    -0.0773418    -0.131994    -0.126053    -0.02558    
0.0773426    0.131997    0.126053    0.0255795    0.0773426    0.131997    0.126053    0.0255795    
0.0773433    0.131999    0.126053    0.0255791    0.0773433    0.131999    0.126053    0.0255791    
-0.0773441    -0.132002    -0.126053    -0.0255786    -0.0773441    -0.132002    -0.126053    -0.0255786    
0.0773448    0.132004    0.126053    0.0255782    0.0773448    0.132004    0.126053    0.0255782    
-0.077338    -0.132023    -0.126041    -0.0255809    -0.077338    -0.132023    -0.126041    -0.0255809    
0.0773386    0.132025    0.126041    0.0255805    0.0773386    0.132025    0.126041    0.0255805    
0.0773391    0.132027    0.126041    0.0255802    0.0773391    0.132027    0.126041    0.0255802    
-0.0773397    -0.132029    -0.126041    -0.0255799    -0.0773397    -0.132029    -0.126041    -0.0255799    
0.0773401    0.13203    0.126041    0.0255796    0.0773401    0.13203    0.126041    0.0255796    
0.0773405    0.132032    0.126041    0.0255793    0.0773405    0.132032    0.126041    0.0255793    
-0.0773409    -0.132033    -0.126041    -0.0255791    -0.0773409    -0.132033    -0.126041    -0.0255791    
-0.0773412    -0.132034    -0.126041    -0.0255789    -0.0773412    -0.132034    -0.126041    -0.0255789    
0.0773415    0.132035    0.126041    0.0255787    0.0773415    0.132035    0.126041    0.0255787    
0.0773417    0.132035    0.126041    0.0255786    0.0773417    0.132035    0.126041    0.0255786    
-0.0773418    -0.132036    -0.126041    -0.0255785    -0.0773418    -0.132036    -0.126041    -0.0255785    
-0.0773419    -0.132036    -0.126041    -0.0255785    -0.0773419    -0.132036    -0.126041    -0.0255785    
0.077342    0.132036    0.126041    0.0255784    0.077342    0.132036    0.126041    0.0255784    
-0.077342    -0.132036    -0.126041    -0.0255784    -0.077342    -0.132036    -0.126041    -0.0255784    
0.0773419    0.132036    0.126041    0.0255785    0.0773419    0.132036    0.126041    0.0255785    
0.0773419    0.132036    0.126041    0.0255785    0.0773419    0.132036    0.126041    0.0255785    
0.0773417    0.132035    0.126041    0.0255786    0.0773417    0.132035    0.126041    0.0255786    
0.0773415    0.132035    0.126041    0.0255787    0.0773415    0.132035    0.126041    0.0255787    
-0.0773413    -0.132034    -0.126041    -0.0255788    -0.0773413    -0.132034    -0.126041    -0.0255788    
0.0773411    0.132033    0.126041    0.025579    0.0773411    0.132033    0.126041    0.025579    
0.0773408    0.132032    0.126041    0.0255792    0.0773408    0.132032    0.126041    0.0255792    
0.0773405    0.132031    0.126041    0.0255794    0.0773405    0.132031    0.126041    0.0255794    
0.0773401    0.13203    0.126041    0.0255796    0.0773401    0.13203    0.126041    0.0255796    
0.0773397    0.132029    0.126041    0.0255798    0.0773397    0.132029    0.126041    0.0255798    
0.0773394    0.132028    0.126041    0.02558    0.0773394    0.132028    0.126041    0.02558    
-0.077339    -0.132027    -0.126041    -0.0255803    -0.077339    -0.132027    -0.126041    -0.0255803    
-0.0773385    -0.132025    -0.126041    -0.0255806    -0.0773385    -0.132025    -0.126041    -0.0255806    
0.0773381    0.132024    0.126041    0.0255808    0.0773381    0.132024    0.126041    0.0255808    
-0.0773452    -0.132005    -0.126053    -0.0255779    -0.0773452    -0.132005    -0.126053    -0.0255779    
0.0773447    0.132004    0.126053    0.0255782    0.0773447    0.132004    0.126053    0.0255782    
-0.0773443    -0.132002    -0.126053    -0.0255785    -0.0773443    -0.132002    -0.126053    -0.0255785    
0.0773439    0.132001    0.126053    0.0255787    0.0773439    0.132001    0.126053    0.0255787    
-0.0773435    -0.132    -0.126053    -0.025579    -0.0773435    -0.132    -0.126053    -0.025579    
-0.077343    -0.131998    -0.126053    -0.0255793    -0.077343    -0.131998    -0.126053    -0.0255793    
0.0773426    0.131997    0.126053    0.0255795    0.0773426    0.131997    0.126053    0.0255795    
-0.0773422    -0.131996    -0.126053    -0.0255798    -0.0773422    -0.131996    -0.126053    -0.0255798    
0.0773418    0.131995    0.126053    0.02558    0.0773418    0.131995    0.126053    0.02558    
-0.0773414    -0.131993    -0.126053    -0.0255802    -0.0773414    -0.131993    -0.126053    -0.0255802    
-0.0773411    -0.131992    -0.126053    -0.0255805    -0.0773411    -0.131992    -0.126053    -0.0255805    
0.0773408    0.131991    0.126053    0.0255807    0.0773408    0.131991    0.126053    0.0255807    
0.0773405    0.13199    0.126053    0.0255809    0.0773405    0.13199    0.126053    0.0255809    
-0.0773402    -0.131989    -0.126053    -0.025581    -0.0773402    -0.131989    -0.126053    -0.025581    
-0.0773399    -0.131989    -0.126053    -0.0255812    -0.0773399    -0.131989    -0.126053    -0.0255812    
-0.0773397    -0.131988    -0.126053    -0.0255813    -0.0773397    -0.131988    -0.126053    -0.0255813    
0.0773395    0.131987    0.126053    0.0255814    0.0773395    0.131987    0.126053    0.0255814    
0.0773393    0.131987    0.126053    0.0255815    0.0773393    0.131987    0.126053    0.0255815    
-0.0773392    -0.131986    -0.126053    -0.0255816    -0.0773392    -0.131986    -0.126053    -0.0255816    
0.0773391    0.131986    0.126053    0.0255817    0.0773391    0.131986    0.126053    0.0255817    
0.077339    0.131986    0.126053    0.0255818    0.077339    0.131986    0.126053    0.0255818    
0.0773389    0.131985    0.126054    0.0255818    0.0773389    0.131985    0.126054    0.0255818    
-0.0773389    -0.131985    -0.126054    -0.0255818    -0.0773389    -0.131985    -0.126054    -0.0255818    
-0.0773389    -0.131985    -0.126054    -0.0255818    -0.0773389    -0.131985    -0.126054    -0.0255818    
0.0773389    0.131985    0.126054    0.0255818    0.0773389    0.131985    0.126054    0.0255818    
-0.077339    -0.131985    -0.126054    -0.0255818    -0.077339    -0.131985    -0.126054    -0.0255818    
-0.077339    -0.131986    -0.126053    -0.0255817    -0.077339    -0.131986    -0.126053    -0.0255817    
0.0773391    0.131986    0.126053    0.0255817    0.0773391    0.131986    0.126053    0.0255817    
-0.0773392    -0.131986    -0.126053    -0.0255816    -0.0773392    -0.131986    -0.126053    -0.0255816    
-0.0773394    -0.131987    -0.126053    -0.0255815    -0.0773394    -0.131987    -0.126053    -0.0255815    
-0.0773395    -0.131987    -0.126053    -0.0255814    -0.0773395    -0.131987    -0.126053    -0.0255814    
-0.0773397    -0.131988    -0.126053    -0.0255813    -0.0773397    -0.131988    -0.126053    -0.0255813    
0.0773398    0.131988    0.126053    0.0255812    0.0773398    0.131988    0.126053    0.0255812    
-0.07734    -0.131989    -0.126053    -0.0255811    -0.07734    -0.131989    -0.126053    -0.0255811    
0.0773402    0.131989    0.126053    0.025581    0.0773402    0.131989    0.126053    0.025581    
0.0773404    0.13199    0.126053    0.0255809    0.0773404    0.13199    0.126053    0.0255809    
0.0773407    0.131991    0.126053    0.0255807    0.0773407    0.131991    0.126053    0.0255807    
0.0773409    0.131992    0.126053    0.0255806    0.0773409    0.131992    0.126053    0.0255806    
-0.0773411    -0.131992    -0.126053    -0.0255805    -0.0773411    -0.131992    -0.126053    -0.0255805    
-0.0773413    -0.131993    -0.126053    -0.0255803    -0.0773413    -0.131993    -0.126053    -0.0255803    
0.0773416    0.131994    0.126053    0.0255802    0.0773416    0.131994    0.126053    0.0255802    
-0.0773418    -0.131994    -0.126053    -0.02558    -0.0773418    -0.131994    -0.126053    -0.02558    
-0.077342    -0.131995    -0.126053    -0.0255799    -0.077342    -0.131995    -0.126053    -0.0255799    
0.0773422    0.131996    0.126053    0.0255798    0.0773422    0.131996    0.126053    0.0255798    
0.0773424    0.131997    0.126053    0.0255796    0.0773424    0.131997    0.126053    0.0255796    
-0.0773427    -0.131997    -0.126053    -0.0255795    -0.0773427    -0.131997    -0.126053    -0.0255795    
0.0773429    0.131998    0.126053    0.0255794    0.0773429    0.131998    0.126053    0.0255794    
0.077343    0.131998    0.126053    0.0255793    0.077343    0.131998    0.126053    0.0255793    
0.0773432    0.131999    0.126053    0.0255791    0.0773432    0.131999    0.126053    0.0255791    
0.0773434    0.132    0.126053    0.025579    0.0773434    0.132    0.126053    0.025579    
-0.0773435    -0.132    -0.126053    -0.0255789    -0.0773435    -0.132    -0.126053    -0.0255789    
0.0773437    0.132001    0.126053    0.0255789    0.0773437    0.132001    0.126053    0.0255789    
0.0773438    0.132001    0.126053    0.0255788    0.0773438    0.132001    0.126053    0.0255788    
0.0773439    0.132001    0.126053    0.0255787    0.0773439    0.132001    0.126053    0.0255787    
-0.077344    -0.132002    -0.126053    -0.0255786    -0.077344    -0.132002    -0.126053    -0.0255786    
0.0773441    0.132002    0.126053    0.0255786    0.0773441    0.132002    0.126053    0.0255786    
0.0773442    0.132002    0.126053    0.0255785    0.0773442    0.132002    0.126053    0.0255785    
0.0773443    0.132002    0.126053    0.0255785    0.0773443    0.132002    0.126053    0.0255785    
0.0773443    0.132003    0.126053    0.0255785    0.0773443    0.132003    0.126053    0.0255785    
0.0773444    0.132003    0.126053    0.0255784    0.0773444    0.132003    0.126053    0.0255784    
-0.0773444    -0.132003    -0.126053    -0.0255784    -0.0773444    -0.132003    -0.126053    -0.0255784    
-0.0773444    -0.132003    -0.126053    -0.0255784    -0.0773444    -0.132003    -0.126053    -0.0255784    
0.0773444    0.132003    0.126053    0.0255784    0.0773444    0.132003    0.126053    0.0255784    
0.0773444    0.132003    0.126053    0.0255785    0.0773444    0.132003    0.126053    0.0255785    
0.0773443    0.132003    0.126053    0.0255785    0.0773443    0.132003    0.126053    0.0255785    
-0.0773443    -0.132002    -0.126053    -0.0255785    -0.0773443    -0.132002    -0.126053    -0.0255785    
0.0773442    0.132002    0.126053    0.0255785    0.0773442    0.132002    0.126053    0.0255785    
-0.0773442    -0.132002    -0.126053    -0.0255786    -0.0773442    -0.132002    -0.126053    -0.0255786    
0.0773441    0.132002    0.126053    0.0255786    0.0773441    0.132002    0.126053    0.0255786    
0.077344    0.132002    0.126053    0.0255787    0.077344    0.132002    0.126053    0.0255787    
0.0773439    0.132001    0.126053    0.0255787    0.0773439    0.132001    0.126053    0.0255787    
-0.0773438    -0.132001    -0.126053    -0.0255788    -0.0773438    -0.132001    -0.126053    -0.0255788    
0.0773437    0.132001    0.126053    0.0255788    0.0773437    0.132001    0.126053    0.0255788    
-0.0773436    -0.132    -0.126053    -0.0255789    -0.0773436    -0.132    -0.126053    -0.0255789    
-0.0773435    -0.132    -0.126053    -0.025579    -0.0773435    -0.132    -0.126053    -0.025579    
-0.0773434    -0.132    -0.126053    -0.025579    -0.0773434    -0.132    -0.126053    -0.025579    
-0.0773433    -0.131999    -0.126053    -0.0255791    -0.0773433    -0.131999    -0.126053    -0.0255791    
0.0773432    0.131999    0.126053    0.0255792    0.0773432    0.131999    0.126053    0.0255792    
-0.077343    -0.131998    -0.126053    -0.0255793    -0.077343    -0.131998    -0.126053    -0.0255793    
0.0773429    0.131998    0.126053    0.0255793    0.0773429    0.131998    0.126053    0.0255793    
0.0773428    0.131998    0.126053    0.0255794    0.0773428    0.131998    0.126053    0.0255794    
-0.0773427    -0.131997    -0.126053    -0.0255795    -0.0773427    -0.131997    -0.126053    -0.0255795    
-0.0773426    -0.131997    -0.126053    -0.0255795    -0.0773426    -0.131997    -0.126053    -0.0255795    
-0.0773425    -0.131997    -0.126053    -0.0255796    -0.0773425    -0.131997    -0.126053    -0.0255796    
0.0773424    0.131996    0.126053    0.0255797    0.0773424    0.131996    0.126053    0.0255797    
0.0773423    0.131996    0.126053    0.0255797    0.0773423    0.131996    0.126053    0.0255797    
-0.0773422    -0.131996    -0.126053    -0.0255798    -0.0773422    -0.131996    -0.126053    -0.0255798    
-0.0773421    -0.131995    -0.126053    -0.0255798    -0.0773421    -0.131995    -0.126053    -0.0255798    
-0.077342    -0.131995    -0.126053    -0.0255799    -0.077342    -0.131995    -0.126053    -0.0255799    
0.0773419    0.131995    0.126053    0.0255799    0.0773419    0.131995    0.126053    0.0255799    
0.0773419    0.131995    0.126053    0.02558    0.0773419    0.131995    0.126053    0.02558    
0.0773418    0.131995    0.126053    0.02558    0.0773418    0.131995    0.126053    0.02558    
0.0773418    0.131994    0.126053    0.0255801    0.0773418    0.131994    0.126053    0.0255801    
0.0773417    0.131994    0.126053    0.0255801    0.0773417    0.131994    0.126053    0.0255801    
0.0773417    0.131994    0.126053    0.0255801    0.0773417    0.131994    0.126053    0.0255801    
0.0773416    0.131994    0.126053    0.0255801    0.0773416    0.131994    0.126053    0.0255801    
-0.0773416    -0.131994    -0.126053    -0.0255801    -0.0773416    -0.131994    -0.126053    -0.0255801    
0.0773416    0.131994    0.126053    0.0255802    0.0773416    0.131994    0.126053    0.0255802    
0.0773416    0.131994    0.126053    0.0255802    0.0773416    0.131994    0.126053    0.0255802    
0.0773416    0.131994    0.126053    0.0255802    0.0773416    0.131994    0.126053    0.0255802    
0.0773416    0.131994    0.126053    0.0255802    0.0773416    0.131994    0.126053    0.0255802    
0.0773416    0.131994    0.126053    0.0255802    0.0773416    0.131994    0.126053    0.0255802    
0.0773416    0.131994    0.126053    0.0255801    0.0773416    0.131994    0.126053    0.0255801    
