1    -1.07854
1.0063    -1.08052
1.01847    -1.08417
1.03595    -1.08904
1.05808    -1.09462
1.08412    -1.10042
1.11334    -1.10603
1.145    -1.11114
1.17843    -1.11557
1.213    -1.11921
1.24817    -1.12205
1.28343    -1.12413
1.3184    -1.12551
1.3527    -1.12628
1.38606    -1.12654
1.41824    -1.12637
1.44903    -1.12586
1.47828    -1.1251
1.50588    -1.12415
1.53173    -1.12308
1.55576    -1.12194
1.57792    -1.12077
1.59818    -1.11961
1.61654    -1.11849
1.63298    -1.11744
1.64752    -1.11646
1.66018    -1.11558
1.67097    -1.11482
1.67994    -1.11416
1.68711    -1.11363
1.69253    -1.11323
1.69625    -1.11295
1.69831    -1.11279
1.69877    -1.11276
1.69768    -1.11284
1.6951    -1.11303
1.69109    -1.11334
1.6857    -1.11374
1.679    -1.11423
1.67106    -1.11481
1.66194    -1.11546
1.65171    -1.11617
1.64044    -1.11694
1.62821    -1.11775
1.61509    -1.11858
1.60116    -1.11944
1.58649    -1.12029
1.57118    -1.12114
1.5553    -1.12197
1.53894    -1.12276
1.5222    -1.1235
1.50517    -1.12418
1.48794    -1.1248
1.47062    -1.12533
1.45331    -1.12577
1.4361    -1.12612
1.41912    -1.12636
1.40245    -1.1265
1.38622    -1.12654
1.37053    -1.12648
1.35548    -1.12633
1.34117    -1.12609
1.32771    -1.12578
1.3152    -1.12542
1.30371    -1.12502
1.29332    -1.1246
1.28412    -1.12418
1.27614    -1.12377
1.26945    -1.12341
1.26406    -1.12309
1.26001    -1.12285
1.25728    -1.12267
1.25586    -1.12258
1.25573    -1.12257
1.25684    -1.12265
1.25914    -1.12279
1.26255    -1.123
1.267    -1.12327
1.27239    -1.12357
1.27864    -1.1239
1.28565    -1.12425
1.2933    -1.1246
1.3015    -1.12493
1.31015    -1.12525
1.31913    -1.12554
1.32835    -1.1258
1.33771    -1.12602
1.34712    -1.1262
1.3565    -1.12634
1.36577    -1.12644
1.37484    -1.12651
1.38366    -1.12654
1.39216    -1.12654
1.40029    -1.12652
1.408    -1.12647
1.41525    -1.1264
1.42201    -1.12633
1.42824    -1.12624
1.43392    -1.12616
1.43903    -1.12607
1.44356    -1.12598
1.4475    -1.1259
1.45084    -1.12583
1.45359    -1.12577
1.45575    -1.12572
1.45732    -1.12568
1.45832    -1.12565
1.45876    -1.12564
1.45865    -1.12565
1.45803    -1.12566
1.4569    -1.12569
1.45529    -1.12573
1.45324    -1.12577
1.45076    -1.12583
1.44789    -1.12589
1.44466    -1.12596
1.44111    -1.12603
1.43726    -1.1261
1.43315    -1.12617
1.42882    -1.12624
1.4243    -1.1263
1.41964    -1.12636
1.41486    -1.12641
1.41001    -1.12645
1.40512    -1.12649
1.40023    -1.12652
1.39537    -1.12653
1.39059    -1.12654
1.3859    -1.12654
1.38136    -1.12654
1.37697    -1.12652
1.37279    -1.1265
1.36882    -1.12647
1.36511    -1.12644
1.36166    -1.1264
1.3585    -1.12637
1.35564    -1.12633
1.3531    -1.1263
1.35089    -1.12626
1.34902    -1.12623
1.34749    -1.12621
1.3463    -1.12619
1.34545    -1.12617
1.34494    -1.12616
1.34476    -1.12616
1.3449    -1.12616
1.34534    -1.12617
1.34608    -1.12618
1.34709    -1.1262
1.34836    -1.12622
1.34986    -1.12625
1.35158    -1.12627
1.3535    -1.1263
1.35558    -1.12633
1.35781    -1.12636
1.36016    -1.12639
1.36261    -1.12641
1.36513    -1.12644
1.3677    -1.12646
1.3703    -1.12648
1.37291    -1.1265
1.3755    -1.12651
1.37806    -1.12652
1.38057    -1.12653
1.383    -1.12654
1.38534    -1.12654
1.38758    -1.12654
1.38971    -1.12654
1.3917    -1.12654
1.39356    -1.12654
1.39527    -1.12653
1.39682    -1.12653
1.39821    -1.12653
1.39944    -1.12652
1.40049    -1.12652
1.40138    -1.12651
1.40209    -1.12651
1.40263    -1.1265
1.403    -1.1265
1.40321    -1.1265
1.40326    -1.1265
1.40315    -1.1265
1.40289    -1.1265
1.40249    -1.12651
1.40195    -1.12651
1.40129    -1.12651
1.40051    -1.12652
1.39963    -1.12652
1.39865    -1.12652
1.39758    -1.12653
1.39643    -1.12653
1.39523    -1.12653
1.39397    -1.12654
1.39266    -1.12654
1.39133    -1.12654
1.38998    -1.12654
1.38862    -1.12654
1.38726    -1.12654
