0.0886977    0.156694    0.126478    0.0192538    0.0886977    0.156694    0.126478    0.0192538    
0.0924823    0.164142    0.120158    0.0212438    0.0924823    0.164142    0.120158    0.0212438    
0.092308    0.164708    0.120221    0.0212176    0.092308    0.164708    0.120221    0.0212176    
0.0918383    0.163731    0.120505    0.0213044    0.0918383    0.163731    0.120505    0.0213044    
0.0911202    0.162276    0.120795    0.0214859    0.0911202    0.162276    0.120795    0.0214859    
0.0902129    0.160397    0.121107    0.0217417    0.0902129    0.160397    0.121107    0.0217417    
0.0891644    0.158164    0.121433    0.0220603    0.0891644    0.158164    0.121433    0.0220603    
0.0880194    0.155649    0.121763    0.0224311    0.0880194    0.155649    0.121763    0.0224311    
0.0868189    0.152928    0.122085    0.0228439    0.0868189    0.152928    0.122085    0.0228439    
0.0855992    0.150075    0.122389    0.0232888    0.0855992    0.150075    0.122389    0.0232888    
0.0843914    0.14716    0.122665    0.0237565    0.0843914    0.14716    0.122665    0.0237565    
0.0832208    0.144247    0.122907    0.0242389    0.0832208    0.144247    0.122907    0.0242389    
0.0821067    0.14139    0.123108    0.0247289    0.0821067    0.14139    0.123108    0.0247289    
0.0810621    0.138632    0.123266    0.0252201    0.0810621    0.138632    0.123266    0.0252201    
0.0800946    0.136007    0.123379    0.0257072    0.0800946    0.136007    0.123379    0.0257072    
0.0792072    0.133538    0.123448    0.0261857    0.0792072    0.133538    0.123448    0.0261857    
0.0783994    0.131241    0.123476    0.0266516    0.0783994    0.131241    0.123476    0.0266516    
0.0776682    0.129123    0.123466    0.0271015    0.0776682    0.129123    0.123466    0.0271015    
0.0770092    0.127186    0.123424    0.0275327    0.0770092    0.127186    0.123424    0.0275327    
0.0764173    0.125427    0.123354    0.0279428    0.0764173    0.125427    0.123354    0.0279428    
0.0758871    0.12384    0.123262    0.0283298    0.0758871    0.12384    0.123262    0.0283298    
0.0754135    0.122417    0.123153    0.0286922    0.0754135    0.122417    0.123153    0.0286922    
0.0749918    0.121149    0.123033    0.0290287    0.0749918    0.121149    0.123033    0.0290287    
0.0746176    0.120025    0.122907    0.0293385    0.0746176    0.120025    0.122907    0.0293385    
0.0742872    0.119037    0.122778    0.029621    0.0742872    0.119037    0.122778    0.029621    
0.0739972    0.118175    0.122652    0.0298756    0.0739972    0.118175    0.122652    0.0298756    
0.0737448    0.11743    0.12253    0.0301024    0.0737448    0.11743    0.12253    0.0301024    
0.0735275    0.116794    0.122416    0.0303011    0.0735275    0.116794    0.122416    0.0303012    
0.0733301    0.116265    0.122311    0.0304727    0.0733301    0.116265    0.122311    0.0304728    
0.0731746    0.115826    0.122218    0.0306164    0.0731746    0.115826    0.122218    0.0306166    
0.0730527    0.115474    0.12214    0.030733    0.0730527    0.115474    0.12214    0.0307332    
0.07296    0.115205    0.122075    0.0308231    0.07296    0.115205    0.122075    0.0308233    
0.0728941    0.115016    0.122025    0.0308874    0.0728941    0.115016    0.122025    0.0308877    
0.0728803    0.114956    0.121965    0.0309321    0.0728803    0.114956    0.121965    0.0309321    
0.0728601    0.114901    0.121941    0.0309492    0.0728601    0.114901    0.121941    0.0309493    
0.0728545    0.114902    0.121958    0.0309336    0.0728545    0.114902    0.121958    0.0309335    
0.0728628    0.114947    0.121989    0.030897    0.0728628    0.114947    0.121989    0.030897    
0.0729321    0.115153    0.121987    0.0308486    0.0729321    0.115153    0.121987    0.0308486    
0.0730038    0.115381    0.122016    0.0307753    0.0730038    0.115381    0.122016    0.0307753    
0.0730983    0.115673    0.122056    0.0306821    0.0730983    0.115673    0.122056    0.0306821    
0.0732143    0.116028    0.122105    0.0305701    0.0732143    0.116028    0.122105    0.0305701    
0.0733511    0.116444    0.122161    0.0304406    0.0733511    0.116444    0.122161    0.0304406    
0.0735082    0.116922    0.122223    0.0302946    0.0735082    0.116922    0.122223    0.0302946    
0.0736521    0.117474    0.122284    0.0301345    0.0736521    0.117474    0.122284    0.0301343    
0.0738442    0.118074    0.122351    0.0299586    0.0738441    0.118075    0.122352    0.0299599    
0.0740611    0.118733    0.122423    0.0297736    0.0740612    0.118732    0.122419    0.0297683    
0.0743073    0.119444    0.122488    0.0295678    0.0743073    0.119446    0.122493    0.0295734    
0.0745586    0.120222    0.12256    0.0293647    0.0745587    0.12022    0.122553    0.0293561    
0.0748308    0.121051    0.122614    0.0291367    0.0748308    0.121053    0.122622    0.0291453    
0.0751145    0.121941    0.122677    0.0289196    0.0751145    0.121939    0.122669    0.0289087    
0.075418    0.122877    0.122717    0.0286751    0.075418    0.122879    0.122727    0.0286864    
0.075734    0.123868    0.122768    0.0284489    0.075734    0.123865    0.122757    0.0284361    
0.0760661    0.124898    0.122789    0.0281941    0.076066    0.124901    0.1228    0.0282073    
0.0764102    0.125974    0.122821    0.0279631    0.0764102    0.125972    0.122811    0.0279503    
0.0767671    0.127081    0.122824    0.0277068    0.0767672    0.127082    0.122833    0.0277171    
0.0771381    0.128218    0.122834    0.0274704    0.0771379    0.128217    0.122829    0.027465    
0.0775245    0.129371    0.122825    0.0272249    0.0775247    0.129371    0.122826    0.0272257    
0.077922    0.130536    0.122811    0.0269862    0.077922    0.130536    0.122811    0.0269863    
0.0783255    0.131705    0.122788    0.0267519    0.0783255    0.131705    0.122789    0.026752    
0.078732    0.132867    0.122759    0.0265238    0.078732    0.132867    0.122759    0.0265239    
0.079138    0.134013    0.122723    0.0263032    0.079138    0.134013    0.122723    0.0263033    
0.0795398    0.135133    0.122682    0.0260914    0.0795398    0.135133    0.122683    0.0260915    
0.0799334    0.136215    0.122639    0.0258898    0.0799334    0.136215    0.122639    0.02589    
0.0803145    0.137249    0.122594    0.0256995    0.0803145    0.137249    0.122595    0.0256998    
0.0806788    0.138225    0.12255    0.0255216    0.0806788    0.138225    0.12255    0.0255222    
0.0810222    0.139133    0.122507    0.0253573    0.0810221    0.139134    0.122508    0.0253585    
0.0813406    0.139964    0.122468    0.0252074    0.0813405    0.139965    0.12247    0.0252098    
0.0816317    0.140709    0.122433    0.0250726    0.0816315    0.14071    0.122436    0.0250769    
0.0818918    0.14136    0.122405    0.0249548    0.0818916    0.141361    0.122409    0.0249597    
0.0821124    0.141915    0.122384    0.0248546    0.0821121    0.141916    0.122387    0.024859    
0.0822926    0.142368    0.122371    0.0247723    0.0822923    0.142369    0.122373    0.0247758    
0.0824357    0.142715    0.122367    0.0247095    0.0824356    0.142714    0.122366    0.0247084    
0.0825332    0.142955    0.122368    0.0246617    0.0825332    0.142956    0.122369    0.0246622    
0.0825481    0.143012    0.122414    0.0246256    0.0825481    0.143012    0.122414    0.0246256    
0.0825715    0.14307    0.122432    0.0246118    0.0825715    0.14307    0.122432    0.0246118    
0.0825723    0.143061    0.12242    0.0246272    0.0825723    0.143061    0.12242    0.0246272    
0.082546    0.142976    0.122398    0.0246641    0.082546    0.142976    0.122398    0.0246641    
0.0824005    0.142621    0.122488    0.0246897    0.0824005    0.142621    0.122488    0.0246897    
0.0822707    0.142278    0.122533    0.0247415    0.0822707    0.142278    0.122533    0.0247415    
0.0821093    0.141857    0.12258    0.024808    0.0821093    0.141857    0.12258    0.024808    
0.0819484    0.141357    0.122632    0.0248864    0.0819484    0.141357    0.122632    0.0248864    
0.081742    0.140809    0.122683    0.0249768    0.081742    0.140809    0.122683    0.0249768    
0.0815175    0.14021    0.122734    0.0250771    0.0815175    0.14021    0.122733    0.0250771    
0.0812788    0.139571    0.122784    0.0251859    0.0812788    0.139571    0.122784    0.0251859    
0.0810297    0.138901    0.122832    0.0253018    0.0810297    0.138901    0.122832    0.0253018    
0.0807736    0.138208    0.122878    0.0254233    0.0807736    0.138208    0.122878    0.0254233    
0.0805139    0.137502    0.122921    0.0255492    0.0805139    0.137502    0.122921    0.0255491    
0.0802537    0.13679    0.122961    0.0256779    0.0802537    0.13679    0.12296    0.0256778    
0.0799955    0.136079    0.122996    0.0258083    0.0799955    0.136079    0.122996    0.0258082    
0.0797419    0.135377    0.123027    0.025939    0.0797419    0.135377    0.123027    0.0259389    
0.0794949    0.134689    0.123054    0.0260689    0.0794949    0.134689    0.123054    0.0260688    
0.0792562    0.13402    0.123076    0.026197    0.0792563    0.13402    0.123076    0.0261968    
0.0790275    0.133376    0.123094    0.0263221    0.0790275    0.133376    0.123094    0.0263219    
0.0788098    0.13276    0.123108    0.0264434    0.0788098    0.13276    0.123108    0.0264432    
0.0786043    0.132176    0.123118    0.02656    0.0786043    0.132176    0.123118    0.0265599    
0.0784115    0.131626    0.123125    0.0266712    0.0784115    0.131626    0.123125    0.0266711    
0.0782322    0.131113    0.123128    0.0267763    0.0782322    0.131113    0.123128    0.0267763    
0.0780667    0.130639    0.123129    0.0268748    0.0780667    0.130639    0.123129    0.0268748    
0.0778969    0.130212    0.123125    0.0269669    0.0778969    0.130212    0.123125    0.0269669    
0.0777537    0.129819    0.12312    0.0270509    0.0777537    0.129819    0.12312    0.0270509    
0.0776302    0.129465    0.123115    0.027127    0.0776302    0.129465    0.123115    0.027127    
0.0775233    0.129152    0.123109    0.0271948    0.0775233    0.129152    0.123109    0.0271948    
0.0774313    0.128879    0.123102    0.0272543    0.0774313    0.128879    0.123102    0.0272543    
0.0773538    0.128648    0.123095    0.0273054    0.0773538    0.128648    0.123095    0.0273054    
0.0772901    0.128456    0.123088    0.0273481    0.0772901    0.128456    0.123088    0.0273481    
0.0772738    0.128388    0.12304    0.0273913    0.0772738    0.128388    0.12304    0.0273913    
0.0772377    0.128279    0.123011    0.0274252    0.0772377    0.128279    0.123011    0.0274252    
0.0771786    0.128132    0.123034    0.0274371    0.0771786    0.128132    0.123034    0.0274371    
0.0771612    0.128084    0.123058    0.0274355    0.0771612    0.128084    0.123058    0.0274355    
0.0771612    0.128084    0.123058    0.0274347    0.0771612    0.128084    0.123058    0.0274347    
0.0771753    0.128112    0.123051    0.0274295    0.0771753    0.128112    0.123051    0.0274295    
0.0771868    0.128148    0.123061    0.0274129    0.0771868    0.128148    0.123061    0.0274129    
0.0772123    0.128223    0.123076    0.027387    0.0772123    0.128223    0.123076    0.027387    
0.0772549    0.128344    0.123086    0.0273551    0.0772549    0.128344    0.123086    0.0273551    
0.0773105    0.128501    0.12309    0.0273189    0.0773105    0.128501    0.12309    0.0273189    
0.0773723    0.128678    0.123094    0.0272779    0.0773723    0.128678    0.123094    0.0272779    
0.0774407    0.128876    0.1231    0.0272312    0.0774407    0.128876    0.1231    0.0272312    
0.0775606    0.129196    0.123015    0.0272072    0.0775606    0.129196    0.123015    0.0272072    
0.0776403    0.129451    0.123004    0.0271569    0.0776403    0.129451    0.123004    0.0271569    
0.0777312    0.129726    0.122998    0.0271009    0.0777312    0.129726    0.122998    0.0271009    
0.0778298    0.130018    0.122991    0.0270414    0.0778298    0.130018    0.122991    0.0270414    
0.0779344    0.130325    0.122985    0.026979    0.0779344    0.130325    0.122985    0.026979    
0.0780439    0.130645    0.122978    0.0269144    0.0780439    0.130645    0.122978    0.0269144    
0.0781572    0.130975    0.12297    0.0268481    0.0781572    0.130975    0.12297    0.0268481    
0.0782736    0.131312    0.122962    0.0267806    0.0782736    0.131312    0.122962    0.0267806    
0.078392    0.131655    0.122954    0.0267124    0.078392    0.131655    0.122954    0.0267124    
0.0785118    0.132    0.122945    0.026644    0.0785118    0.132    0.122945    0.026644    
0.0786318    0.132346    0.122936    0.026576    0.0786318    0.132346    0.122936    0.026576    
0.0787514    0.132689    0.122927    0.0265088    0.0787514    0.132689    0.122927    0.0265088    
0.0788696    0.133027    0.122918    0.0264429    0.0788696    0.133027    0.122918    0.0264429    
0.0789854    0.133357    0.122908    0.0263787    0.0789854    0.133357    0.122908    0.0263787    
0.0790981    0.133678    0.122899    0.0263167    0.0790981    0.133678    0.122899    0.0263167    
0.0792068    0.133986    0.12289    0.0262573    0.0792068    0.133986    0.12289    0.0262573    
0.0793106    0.13428    0.122881    0.0262008    0.0793106    0.13428    0.122881    0.0262008    
0.0794089    0.134557    0.122873    0.0261477    0.0794089    0.134557    0.122873    0.0261477    
0.0795008    0.134816    0.122866    0.0260981    0.0795008    0.134816    0.122866    0.0260981    
0.0795858    0.135055    0.12286    0.0260524    0.0795858    0.135055    0.12286    0.0260524    
0.0796632    0.135272    0.122854    0.0260108    0.0796632    0.135272    0.122854    0.0260108    
0.0797325    0.135466    0.12285    0.0259736    0.0797325    0.135466    0.12285    0.0259736    
0.0797519    0.13554    0.122894    0.0259301    0.0797519    0.13554    0.122894    0.0259301    
0.0797999    0.135677    0.12292    0.025891    0.0797999    0.135677    0.12292    0.025891    
0.079884    0.135881    0.122888    0.0258729    0.079884    0.135881    0.122888    0.0258729    
0.0799238    0.135988    0.122867    0.0258618    0.0799238    0.135988    0.122867    0.0258618    
0.0799389    0.136036    0.12287    0.0258486    0.0799389    0.136036    0.12287    0.0258486    
0.0799595    0.136093    0.122867    0.0258404    0.0799595    0.136093    0.122867    0.0258404    
0.0799595    0.136093    0.122867    0.0258391    0.0799595    0.136093    0.122867    0.0258391    
0.0799595    0.136093    0.122867    0.0258401    0.0799595    0.136093    0.122867    0.0258401    
0.0799594    0.136092    0.122862    0.025846    0.0799594    0.136092    0.122862    0.025846    
0.0799518    0.136069    0.122853    0.025858    0.0799518    0.136069    0.122853    0.025858    
0.079931    0.136012    0.122844    0.0258755    0.079931    0.136012    0.122844    0.0258755    
0.0798939    0.135916    0.122845    0.0258948    0.0798939    0.135916    0.122845    0.0258948    
0.0798504    0.135803    0.122852    0.025915    0.0798504    0.135803    0.122852    0.025915    
0.0798082    0.135688    0.122854    0.0259391    0.0798082    0.135688    0.122854    0.0259391    
0.0797602    0.135556    0.122856    0.0259667    0.0797602    0.135556    0.122856    0.0259667    
0.0797046    0.135405    0.12286    0.0259962    0.0797046    0.135405    0.12286    0.0259962    
0.0796453    0.135243    0.122866    0.0260273    0.0796453    0.135243    0.122866    0.0260273    
0.0795842    0.135074    0.122872    0.0260602    0.0795842    0.135074    0.122872    0.0260602    
0.0795202    0.134897    0.122878    0.0260946    0.0795202    0.134897    0.122878    0.0260946    
0.0794537    0.134713    0.122884    0.0261299    0.0794537    0.134713    0.122884    0.0261299    
0.0793861    0.134525    0.122891    0.0261657    0.0793861    0.134525    0.122891    0.0261657    
0.0793181    0.134335    0.122898    0.026202    0.0793181    0.134335    0.122898    0.026202    
0.0792499    0.134145    0.122906    0.0262384    0.0792499    0.134145    0.122906    0.0262384    
0.0791821    0.133954    0.122913    0.0262745    0.0791821    0.133954    0.122913    0.0262745    
0.0791153    0.133767    0.12292    0.02631    0.0791153    0.133767    0.12292    0.02631    
0.0790502    0.133583    0.122927    0.0263448    0.0790502    0.133583    0.122927    0.0263448    
0.0789869    0.133403    0.122934    0.0263786    0.0789869    0.133403    0.122934    0.0263786    
0.078926    0.133231    0.122941    0.0264111    0.078926    0.133231    0.122941    0.0264111    
0.0788679    0.133065    0.122948    0.0264421    0.0788679    0.133065    0.122948    0.0264421    
0.0788128    0.132908    0.122954    0.0264715    0.0788128    0.132908    0.122954    0.0264715    
0.0787611    0.13276    0.12296    0.026499    0.0787611    0.13276    0.12296    0.026499    
0.078713    0.132621    0.122966    0.0265247    0.078713    0.132621    0.122966    0.0265247    
0.0786686    0.132493    0.122972    0.0265482    0.0786686    0.132493    0.122972    0.0265482    
0.0786282    0.132376    0.122977    0.0265695    0.0786282    0.132376    0.122977    0.0265695    
0.0785919    0.132271    0.122982    0.0265886    0.0785919    0.132271    0.122982    0.0265886    
0.0785598    0.132177    0.122987    0.0266053    0.0785598    0.132177    0.122987    0.0266053    
0.0785319    0.132096    0.122992    0.0266196    0.0785319    0.132096    0.122992    0.0266196    
0.0785083    0.132026    0.122996    0.0266316    0.0785083    0.132026    0.122996    0.0266316    
0.078489    0.131969    0.123    0.0266411    0.078489    0.131969    0.123    0.0266411    
0.0784739    0.131924    0.123003    0.0266482    0.0784739    0.131924    0.123003    0.0266482    
0.0784631    0.131891    0.123006    0.026653    0.0784631    0.131891    0.123006    0.026653    
0.0784631    0.131891    0.123007    0.0266546    0.0784631    0.131891    0.123007    0.0266546    
0.0784631    0.131891    0.123007    0.0266549    0.0784631    0.131891    0.123007    0.0266549    
0.0784631    0.131891    0.123007    0.0266541    0.0784631    0.131891    0.123007    0.0266541    
0.0784631    0.131891    0.123006    0.0266522    0.0784631    0.131891    0.123006    0.0266522    
0.0784656    0.131899    0.123011    0.0266461    0.0784656    0.131899    0.123011    0.0266461    
0.078474    0.131923    0.123018    0.0266367    0.078474    0.131923    0.123018    0.0266367    
0.0784904    0.131966    0.123021    0.0266259    0.0784904    0.131966    0.123021    0.0266259    
0.0785125    0.132024    0.123019    0.0266149    0.0785125    0.132024    0.123019    0.0266149    
0.0785339    0.132083    0.123018    0.0266027    0.0785339    0.132083    0.123018    0.0266027    
0.0785561    0.132145    0.123019    0.0265886    0.0785561    0.132145    0.123019    0.0265886    
0.0785818    0.132218    0.123019    0.0265731    0.0785818    0.132218    0.123019    0.0265731    
0.0786103    0.132298    0.123017    0.0265569    0.0786103    0.132298    0.123017    0.0265569    
0.0786399    0.132381    0.123015    0.02654    0.0786399    0.132381    0.123015    0.02654    
0.0786707    0.132469    0.123014    0.0265222    0.0786707    0.132469    0.123014    0.0265222    
0.0787029    0.13256    0.123012    0.0265038    0.0787029    0.13256    0.123012    0.0265038    
0.0787362    0.132655    0.12301    0.0264851    0.0787362    0.132655    0.12301    0.0264851    
0.0787701    0.132751    0.123007    0.0264661    0.0787701    0.132751    0.123007    0.0264661    
0.0788044    0.132848    0.123004    0.0264471    0.0788044    0.132848    0.123004    0.0264471    
