0.0802339    0.145134    0.139079    0.0168443    0.0802339    0.145134    0.139079    0.0168443    
0.0855688    0.148565    0.122417    0.0254711    0.0855688    0.148565    0.122417    0.0254711    
0.0787638    0.131805    0.123089    0.0273362    0.0787638    0.131805    0.123089    0.0273362    
0.0766141    0.12607    0.123072    0.0281356    0.0766141    0.12607    0.123072    0.0281356    
0.0758229    0.123846    0.122993    0.0285238    0.0758229    0.123846    0.122993    0.0285238    
0.0754165    0.122649    0.122932    0.02878    0.0754165    0.122649    0.122932    0.02878    
0.0751174    0.121743    0.122873    0.0290003    0.0751174    0.121743    0.122873    0.0290003    
0.0748507    0.120924    0.12281    0.0292121    0.0748507    0.120924    0.12281    0.0292121    
0.0746016    0.120165    0.122737    0.0294106    0.0746016    0.120165    0.122737    0.0294106    
0.0743762    0.119475    0.122668    0.0295972    0.0743762    0.119475    0.122668    0.0295972    
0.0741686    0.118845    0.122594    0.0297697    0.0741686    0.118845    0.122594    0.0297697    
0.0739826    0.118279    0.122525    0.0299288    0.0739826    0.118279    0.122525    0.0299288    
0.0737958    0.117778    0.122453    0.0300736    0.0737958    0.117778    0.122453    0.0300736    
0.0736421    0.117332    0.122389    0.0302035    0.0736421    0.117332    0.122389    0.0302035    
0.0735113    0.116939    0.122328    0.0303178    0.0735113    0.116939    0.122328    0.0303178    
0.0734011    0.116601    0.122275    0.0304169    0.0734011    0.116601    0.122275    0.0304169    
0.0733085    0.116316    0.122228    0.0305001    0.0733085    0.116316    0.122228    0.0305001    
0.0732337    0.116085    0.122188    0.0305677    0.0732337    0.116085    0.122188    0.0305677    
0.0731756    0.115905    0.122156    0.0306191    0.0731756    0.115905    0.122156    0.0306191    
0.0731599    0.115837    0.122099    0.0306635    0.0731599    0.115837    0.122099    0.0306635    
0.0731284    0.115743    0.122072    0.0306855    0.0731284    0.115743    0.122072    0.0306855    
0.0731284    0.115743    0.122072    0.0306855    0.0731284    0.115743    0.122072    0.0306855    
0.0731166    0.115728    0.122109    0.0306642    0.0731166    0.115728    0.122109    0.0306642    
0.0731211    0.115746    0.122126    0.0306344    0.0731211    0.115746    0.122126    0.0306344    
0.0731419    0.115821    0.122179    0.0305813    0.0731419    0.115821    0.122179    0.0305813    
0.0731861    0.115959    0.122239    0.0305122    0.0731861    0.115959    0.122239    0.0305122    
0.0733118    0.116275    0.1222    0.0304576    0.0733118    0.116275    0.1222    0.0304576    
0.0733986    0.116544    0.122241    0.0303643    0.0733986    0.116544    0.122241    0.0303643    
0.0735076    0.116872    0.122292    0.0302599    0.0735076    0.116872    0.122292    0.0302599    
0.0736311    0.117245    0.122341    0.0301392    0.0736311    0.117245    0.122341    0.0301392    
0.0737751    0.117677    0.122401    0.0300056    0.0737751    0.117677    0.122401    0.0300056    
0.0739346    0.118159    0.122459    0.0298574    0.0739346    0.118159    0.122459    0.0298574    
0.0740793    0.118714    0.122519    0.0296979    0.0740793    0.118714    0.122519    0.0296979    
0.0742706    0.119311    0.122581    0.0295242    0.0742706    0.119311    0.122581    0.0295243    
0.0744819    0.119967    0.122645    0.0293393    0.0744819    0.119967    0.122645    0.0293391    
0.0747108    0.12068    0.122705    0.0291418    0.0747108    0.12068    0.122706    0.0291431    
0.0749602    0.121443    0.122769    0.0289426    0.0749603    0.121443    0.122765    0.0289367    
0.0752324    0.122226    0.12282    0.0287301    0.0752323    0.122228    0.122828    0.0287411    
0.0755059    0.123038    0.122878    0.0285378    0.0755058    0.123035    0.122867    0.0285251    
0.0757784    0.123868    0.122907    0.0283205    0.0757785    0.123871    0.122919    0.0283354    
0.0760566    0.124724    0.122953    0.0281325    0.0760564    0.124721    0.12294    0.0281165    
0.0763398    0.125595    0.122965    0.0279128    0.07634    0.125599    0.122979    0.02793    
0.0766296    0.126494    0.122997    0.0277272    0.0766293    0.126491    0.122984    0.0277098    
0.0769253    0.127408    0.122995    0.027508    0.0769256    0.12741    0.123007    0.0275241    
0.07723    0.128349    0.123009    0.027319    0.0772296    0.128347    0.123    0.0273071    
0.0775474    0.129308    0.122999    0.0271077    0.0775478    0.129308    0.123003    0.0271126    
0.0778791    0.130286    0.122991    0.0269075    0.0778789    0.130286    0.12299    0.0269073    
0.0782214    0.131285    0.122973    0.0267045    0.0782215    0.131285    0.122973    0.0267044    
0.0785742    0.132304    0.122948    0.0265021    0.0785743    0.132304    0.122948    0.026502    
0.0789355    0.133336    0.122917    0.0263016    0.0789355    0.133336    0.122917    0.0263016    
0.0793028    0.134374    0.122879    0.0261044    0.0793028    0.134374    0.122879    0.0261044    
0.0796735    0.135409    0.122836    0.0259117    0.0796735    0.135409    0.122836    0.0259117    
0.0800444    0.136433    0.122788    0.0257249    0.0800444    0.136433    0.122788    0.0257248    
0.0804123    0.137436    0.122737    0.0255453    0.0804123    0.137436    0.122737    0.0255451    
0.0807732    0.138409    0.122683    0.0253744    0.0807732    0.138409    0.122683    0.0253739    
0.0811232    0.139342    0.122628    0.0252135    0.0811232    0.139342    0.122627    0.0252125    
0.0814583    0.140224    0.122574    0.0250641    0.0814584    0.140224    0.122572    0.0250621    
0.0817753    0.141046    0.122521    0.0249278    0.0817755    0.141045    0.122518    0.0249235    
0.0820722    0.141795    0.122473    0.0248048    0.0820724    0.141794    0.122468    0.0247987    
0.0823389    0.142466    0.122427    0.0246957    0.0823392    0.142465    0.122423    0.0246899    
0.0825692    0.143051    0.122386    0.0246024    0.0825695    0.143051    0.122383    0.0245972    
0.0827637    0.143542    0.122352    0.0245256    0.082764    0.143541    0.12235    0.0245215    
0.0829241    0.143928    0.122325    0.0244635    0.0829242    0.143929    0.122327    0.0244658    
0.083038    0.144212    0.122309    0.0244247    0.083038    0.144211    0.122307    0.0244231    
0.0830627    0.144293    0.122353    0.0243868    0.0830627    0.144293    0.122353    0.0243874    
0.0830627    0.144293    0.122353    0.0243868    0.0830627    0.144293    0.122353    0.0243874    
0.0831071    0.144376    0.122301    0.0244167    0.0831071    0.144376    0.1223    0.0244158    
0.0830772    0.144296    0.122284    0.0244573    0.0830772    0.144296    0.122284    0.0244579    
0.082934    0.143968    0.122354    0.0244962    0.082934    0.143968    0.122353    0.0244958    
0.0827857    0.143596    0.122388    0.0245652    0.0827857    0.143597    0.122388    0.0245654    
0.0826177    0.143114    0.122431    0.0246486    0.0826177    0.143114    0.122432    0.0246494    
0.0824002    0.14255    0.12248    0.0247484    0.0824001    0.14255    0.122481    0.0247503    
0.0821482    0.141899    0.12253    0.0248619    0.0821481    0.1419    0.122533    0.0248659    
0.0818679    0.141176    0.122586    0.0249889    0.0818677    0.141177    0.12259    0.0249953    
0.0815637    0.140385    0.122642    0.0251282    0.0815633    0.140387    0.122647    0.0251361    
0.0812434    0.139539    0.122701    0.0252785    0.0812429    0.13954    0.122707    0.0252877    
0.0809086    0.138644    0.122758    0.0254382    0.080908    0.138646    0.122764    0.0254483    
0.0805649    0.137714    0.122814    0.0256062    0.0805642    0.137715    0.122821    0.025617    
0.0802148    0.136756    0.122867    0.025781    0.0802141    0.136757    0.122874    0.0257922    
0.0798632    0.13578    0.122916    0.0259614    0.0798624    0.135782    0.122923    0.0259725    
0.0795125    0.134796    0.12296    0.026146    0.0795117    0.134797    0.122967    0.0261565    
0.0791662    0.133811    0.123    0.0263337    0.0791655    0.133812    0.123005    0.0263428    
0.078826    0.132834    0.123033    0.0265234    0.0788253    0.132835    0.123037    0.02653    
0.0784931    0.131873    0.12306    0.0267138    0.0784926    0.131873    0.123062    0.0267173    
0.0781685    0.130933    0.123079    0.0269029    0.0781683    0.130932    0.123079    0.026904    
0.077855    0.130019    0.123092    0.0270892    0.0778549    0.130018    0.123091    0.0270897    
0.0775543    0.129136    0.123097    0.0272721    0.0775542    0.129135    0.123096    0.0272726    
0.0772674    0.128288    0.123096    0.0274511    0.0772674    0.128287    0.123095    0.0274515    
0.0769951    0.127478    0.123089    0.027625    0.076995    0.127478    0.123089    0.0276254    
0.0767379    0.126709    0.123077    0.0277931    0.0767379    0.126709    0.123077    0.0277935    
0.0764962    0.125983    0.123061    0.0279545    0.0764961    0.125983    0.12306    0.027955    
0.0762702    0.125302    0.12304    0.0281088    0.0762701    0.125301    0.12304    0.0281089    
0.0760599    0.124666    0.123017    0.0282543    0.0760599    0.124666    0.123017    0.0282554    
0.0758652    0.124078    0.122992    0.028393    0.0758652    0.124077    0.12299    0.0283912    
0.0756828    0.123537    0.122961    0.0285172    0.0756827    0.123538    0.122965    0.0285233    
0.0755005    0.123052    0.122931    0.0286378    0.0755002    0.123052    0.122932    0.0286404    
0.0753475    0.122607    0.122902    0.0287468    0.0753473    0.122608    0.122903    0.0287476    
0.075216    0.122208    0.122875    0.0288443    0.0752159    0.122208    0.122875    0.0288447    
0.0751023    0.121855    0.122849    0.0289307    0.0751022    0.121855    0.12285    0.0289308    
0.0750049    0.121549    0.122826    0.0290056    0.0750048    0.121549    0.122826    0.0290057    
0.0749229    0.12129    0.122804    0.029069    0.0749229    0.12129    0.122804    0.0290691    
0.0748562    0.121077    0.122786    0.0291206    0.0748562    0.121077    0.122786    0.0291207    
0.0748366    0.120992    0.122724    0.0291727    0.0748366    0.120992    0.122724    0.0291727    
0.0747906    0.120853    0.122694    0.0292052    0.0747906    0.120853    0.122694    0.0292052    
0.0747403    0.120735    0.122766    0.0291979    0.0747403    0.120735    0.122766    0.0291979    
0.0747403    0.120735    0.122766    0.0291979    0.0747403    0.120735    0.122766    0.0291979    
0.0747403    0.120735    0.122766    0.0291979    0.0747403    0.120735    0.122766    0.0291979    
0.0747454    0.120735    0.122738    0.0291774    0.0747454    0.120735    0.122738    0.0291774    
0.0747654    0.120806    0.122801    0.029138    0.0747654    0.120806    0.122801    0.029138    
0.0748179    0.120948    0.122822    0.0290843    0.0748179    0.120948    0.122822    0.0290844    
0.0748771    0.12112    0.122864    0.0290265    0.0748771    0.12112    0.122864    0.0290264    
0.0750018    0.12144    0.122791    0.028982    0.0750018    0.12144    0.122791    0.0289819    
0.0750944    0.12173    0.122817    0.0289028    0.0750944    0.12173    0.122817    0.0289028    
0.0752012    0.122057    0.122836    0.0288148    0.0752012    0.122057    0.122836    0.0288148    
0.0753248    0.122431    0.122859    0.0287165    0.0753248    0.122431    0.122859    0.0287165    
0.0754624    0.122848    0.122882    0.0286082    0.0754624    0.122848    0.122882    0.0286082    
0.0756155    0.12331    0.122906    0.0284907    0.0756155    0.12331    0.122906    0.0284907    
0.0757434    0.123831    0.122922    0.0283654    0.0757434    0.123831    0.122922    0.0283654    
0.075922    0.124381    0.122944    0.0282309    0.075922    0.124381    0.122944    0.0282309    
0.0761144    0.124973    0.122963    0.0280887    0.0761144    0.124973    0.122963    0.0280887    
0.0763215    0.125606    0.12298    0.0279396    0.0763215    0.125606    0.12298    0.0279396    
0.0765423    0.126279    0.122993    0.0277841    0.0765423    0.126279    0.122993    0.0277842    
0.0767771    0.12699    0.123004    0.0276234    0.0767771    0.12699    0.123004    0.0276233    
0.0770249    0.127737    0.12301    0.0274577    0.0770249    0.127737    0.12301    0.0274578    
0.0772857    0.128517    0.123011    0.0272884    0.0772857    0.128517    0.123011    0.0272883    
0.0775582    0.129327    0.123008    0.027116    0.0775582    0.129327    0.123008    0.027116    
0.0778419    0.130163    0.122999    0.0269417    0.0778419    0.130163    0.122999    0.0269417    
0.0781355    0.131021    0.122985    0.0267665    0.0781355    0.131021    0.122985    0.0267665    
0.0784376    0.131897    0.122966    0.0265913    0.0784376    0.131897    0.122966    0.0265913    
0.0787466    0.132784    0.122942    0.0264171    0.0787466    0.132784    0.122942    0.0264171    
0.0790607    0.133677    0.122912    0.0262452    0.0790607    0.133677    0.122912    0.0262452    
0.0793776    0.13457    0.122879    0.0260766    0.0793776    0.13457    0.122879    0.0260766    
0.079695    0.135454    0.122842    0.0259125    0.079695    0.135454    0.122842    0.0259125    
0.0800101    0.136324    0.122802    0.0257539    0.0800101    0.136324    0.122802    0.0257539    
0.08032    0.137171    0.122759    0.0256021    0.08032    0.137171    0.122759    0.0256021    
0.0806217    0.137987    0.122715    0.0254582    0.0806217    0.137987    0.122715    0.0254582    
0.0809117    0.138763    0.122672    0.0253233    0.0809117    0.138763    0.122672    0.0253233    
0.0811868    0.139493    0.122628    0.0251984    0.0811868    0.139493    0.122628    0.0251984    
0.0814436    0.140168    0.122587    0.0250847    0.0814436    0.140168    0.122587    0.0250847    
0.0816787    0.14078    0.122549    0.024983    0.0816787    0.14078    0.122549    0.024983    
0.0818889    0.141323    0.122514    0.0248943    0.0818889    0.141323    0.122514    0.0248942    
0.0820715    0.141791    0.122484    0.0248193    0.0820715    0.141791    0.122484    0.0248191    
0.082234    0.142172    0.122462    0.0247581    0.082234    0.142172    0.122462    0.0247583    
0.082355    0.142472    0.122444    0.0247125    0.082355    0.142472    0.122444    0.0247124    
0.0823853    0.142572    0.122498    0.0246644    0.0823853    0.142572    0.122498    0.0246644    
0.082482    0.142797    0.122462    0.0246578    0.082482    0.142797    0.122462    0.0246577    
0.082482    0.142797    0.122462    0.0246578    0.082482    0.142797    0.122462    0.0246577    
0.0824792    0.14278    0.122434    0.0246874    0.0824792    0.14278    0.122434    0.0246874    
0.082449    0.142692    0.122396    0.0247317    0.082449    0.142692    0.122396    0.0247317    
0.0823033    0.142363    0.122478    0.0247632    0.0823033    0.142363    0.122478    0.0247632    
0.0821728    0.142031    0.122505    0.0248254    0.0821728    0.142031    0.122505    0.0248254    
0.0820107    0.141617    0.122539    0.0249004    0.0820107    0.141617    0.122539    0.0249004    
0.0818453    0.141118    0.122581    0.024988    0.0818453    0.141118    0.122581    0.024988    
0.0816333    0.140557    0.122623    0.0250882    0.0816333    0.140557    0.122623    0.0250882    
0.0813993    0.139935    0.122668    0.0251997    0.0813993    0.139935    0.122668    0.0251997    
0.0811456    0.139256    0.122714    0.0253213    0.0811456    0.139256    0.122714    0.0253213    
0.0808763    0.138531    0.122762    0.0254521    0.0808763    0.138531    0.122762    0.0254521    
0.0805941    0.137766    0.122808    0.0255909    0.0805941    0.137766    0.122808    0.0255908    
0.0803028    0.13697    0.122853    0.0257366    0.0803028    0.13697    0.122853    0.0257364    
0.080005    0.13615    0.122896    0.0258879    0.080005    0.13615    0.122896    0.0258877    
0.0797041    0.135315    0.122936    0.0260439    0.0797041    0.135315    0.122936    0.0260436    
0.0794024    0.134471    0.122972    0.0262032    0.0794024    0.134471    0.122971    0.0262028    
0.0791027    0.133625    0.123003    0.0263649    0.0791027    0.133625    0.123003    0.0263645    
0.078807    0.132784    0.12303    0.0265278    0.078807    0.132784    0.12303    0.0265275    
0.0785174    0.131954    0.123052    0.0266908    0.0785174    0.131954    0.123052    0.0266907    
0.0782353    0.131139    0.123069    0.0268531    0.0782353    0.131139    0.123069    0.0268531    
0.0779624    0.130346    0.123081    0.0270137    0.0779624    0.130346    0.123081    0.0270137    
0.0776998    0.129577    0.123088    0.0271716    0.0776998    0.129577    0.123088    0.0271716    
0.0774484    0.128837    0.12309    0.0273259    0.0774484    0.128837    0.12309    0.0273259    
0.0772091    0.128129    0.123088    0.0274759    0.0772091    0.128129    0.123088    0.0274759    
0.0769824    0.127454    0.123082    0.0276207    0.0769824    0.127454    0.123082    0.0276207    
0.0767689    0.126817    0.123072    0.0277596    0.0767689    0.126817    0.123072    0.0277596    
0.0765688    0.126217    0.123059    0.0278921    0.0765688    0.126217    0.123059    0.0278921    
0.0763826    0.125657    0.123044    0.0280173    0.0763826    0.125657    0.123044    0.0280173    
0.0762103    0.125138    0.123027    0.0281349    0.0762103    0.125138    0.123027    0.0281349    
0.0760299    0.12467    0.123005    0.0282449    0.0760299    0.12467    0.123005    0.0282449    
0.0758785    0.124236    0.122985    0.0283458    0.0758785    0.124236    0.122985    0.0283458    
0.0757476    0.123843    0.122965    0.0284373    0.0757476    0.123843    0.122965    0.0284373    
0.0756335    0.123492    0.122947    0.0285193    0.0756335    0.123492    0.122947    0.0285193    
0.0755345    0.123183    0.122929    0.0285916    0.0755345    0.123183    0.122929    0.0285916    
0.07545    0.122917    0.122913    0.0286537    0.07545    0.122917    0.122913    0.0286537    
0.0753795    0.122693    0.122898    0.0287056    0.0753795    0.122693    0.122898    0.0287056    
0.0753583    0.122603    0.122835    0.0287606    0.0753583    0.122603    0.122835    0.0287606    
0.0753062    0.122446    0.122803    0.0287972    0.0753062    0.122446    0.122803    0.0287972    
0.0752441    0.122297    0.122883    0.0287925    0.0752441    0.122297    0.122883    0.0287925    
0.0752399    0.122262    0.122843    0.0288132    0.0752399    0.122262    0.122843    0.0288132    
0.0752399    0.122262    0.122843    0.0288132    0.0752399    0.122262    0.122843    0.0288132    
0.0752387    0.122258    0.122853    0.0287941    0.0752387    0.122258    0.122853    0.0287941    
0.0752492    0.122292    0.122884    0.0287689    0.0752492    0.122292    0.122884    0.0287689    
0.075279    0.122377    0.122911    0.0287269    0.075279    0.122377    0.122911    0.0287269    
0.0753281    0.122516    0.122947    0.0286788    0.0753281    0.122516    0.122947    0.0286788    
0.0754035    0.122722    0.122959    0.0286225    0.0754035    0.122722    0.122959    0.0286225    
0.0755177    0.123024    0.122897    0.028583    0.0755177    0.123024    0.122897    0.028583    
0.0756061    0.123303    0.122911    0.0285073    0.0756061    0.123303    0.122911    0.0285073    
0.0757133    0.123627    0.122929    0.0284269    0.0757133    0.123627    0.122929    0.0284269    
0.075831    0.123984    0.12294    0.0283358    0.075831    0.123984    0.12294    0.0283358    
0.0759653    0.124387    0.122958    0.0282375    0.0759653    0.124387    0.122958    0.0282375    
0.0761103    0.124824    0.12297    0.0281303    0.0761103    0.124824    0.12297    0.0281303    
0.0762704    0.125303    0.122986    0.0280165    0.0762704    0.125303    0.122986    0.0280165    
