1.2    -1.17028
1.40364    -1.14563
1.49039    -1.13187
1.52684    -1.12677
1.5473    -1.12479
1.5632    -1.12371
1.57791    -1.12284
1.59175    -1.12187
1.60469    -1.121
1.61668    -1.12008
1.62771    -1.11926
1.63774    -1.11843
1.64676    -1.11769
1.65474    -1.11698
1.66168    -1.11636
1.66756    -1.11578
1.67237    -1.1153
1.67611    -1.11488
1.67876    -1.11457
1.68035    -1.11423
1.68085    -1.11408
1.68027    -1.11403
1.67863    -1.11394
1.67592    -1.11402
1.67216    -1.11417
1.66736    -1.1144
1.66154    -1.11459
1.6547    -1.115
1.64688    -1.11534
1.63808    -1.11585
1.62834    -1.11632
1.61769    -1.1169
1.60614    -1.11746
1.59375    -1.11809
1.58054    -1.1187
1.56677    -1.1194
1.55282    -1.12009
1.53879    -1.12075
1.52472    -1.12136
1.51062    -1.12192
1.49649    -1.12243
1.48232    -1.12288
1.46812    -1.12329
1.45386    -1.12361
1.43954    -1.12389
1.42519    -1.1241
1.41079    -1.12424
1.39636    -1.12431
1.382    -1.12431
1.3678    -1.12425
1.35385    -1.12413
1.34025    -1.12395
1.32712    -1.12371
1.31453    -1.12342
1.30262    -1.1231
1.29146    -1.12276
1.28117    -1.12242
1.27183    -1.12209
1.26355    -1.12178
1.25639    -1.12152
1.25043    -1.12133
1.24573    -1.12122
1.24234    -1.12119
1.24029    -1.12125
1.23959    -1.12137
1.24026    -1.12168
1.24228    -1.12209
1.24562    -1.12254
1.25024    -1.12311
1.25609    -1.12366
1.26309    -1.12431
1.27117    -1.12492
1.28025    -1.12557
1.29022    -1.12617
1.30099    -1.12675
1.31246    -1.12725
1.32453    -1.1277
1.33708    -1.12806
1.35002    -1.12835
1.36325    -1.12854
1.37666    -1.12865
1.39017    -1.12866
1.40368    -1.1286
1.4171    -1.12845
1.43037    -1.12823
1.4434    -1.12795
1.45612    -1.12761
1.46848    -1.12722
1.4804    -1.12679
1.49184    -1.12633
1.50274    -1.12585
1.51306    -1.12535
1.52277    -1.12485
1.53182    -1.12435
1.54018    -1.12386
1.54782    -1.12339
1.55473    -1.12293
1.56087    -1.12251
1.56623    -1.12211
1.5708    -1.12176
1.57456    -1.12144
1.5775    -1.12119
1.57963    -1.12085
1.58092    -1.12078
1.58139    -1.12065
1.58104    -1.12075
1.57987    -1.12025
1.57789    -1.12056
1.5751    -1.12043
1.57152    -1.12068
1.56717    -1.12065
1.56205    -1.12086
1.5562    -1.12103
1.54962    -1.12127
1.54235    -1.1215
1.53442    -1.12178
1.52585    -1.12205
1.51668    -1.12236
1.50695    -1.12265
1.4967    -1.12296
1.48598    -1.12324
1.47483    -1.12352
1.4633    -1.12378
1.45146    -1.12401
1.43936    -1.12421
1.42707    -1.12438
1.41465    -1.1245
1.40218    -1.12459
1.38974    -1.12462
1.37739    -1.12461
1.36522    -1.12455
1.35332    -1.12445
1.34177    -1.1243
1.33066    -1.12412
1.32007    -1.12392
1.31008    -1.12369
1.30079    -1.12346
1.29227    -1.12323
1.28459    -1.12301
1.27783    -1.12283
1.27204    -1.12268
1.26729    -1.12259
1.26362    -1.12255
1.26106    -1.12256
1.25963    -1.1228
1.25935    -1.12285
1.26022    -1.12315
1.26221    -1.12337
1.26531    -1.12377
1.26949    -1.12419
1.27468    -1.12463
1.28084    -1.12511
1.2879    -1.12559
1.2958    -1.12607
1.30445    -1.12652
1.31378    -1.12695
1.32369    -1.12732
1.33411    -1.12766
1.34495    -1.12793
1.35612    -1.12814
1.36753    -1.12828
1.37911    -1.12836
1.39077    -1.12837
1.40244    -1.12832
1.41404    -1.1282
1.4255    -1.12803
1.43677    -1.12781
1.44776    -1.12754
1.45843    -1.12724
1.46873    -1.1269
1.47861    -1.12654
1.48801    -1.12616
1.49691    -1.12577
1.50526    -1.12537
1.51303    -1.12497
1.52019    -1.12459
1.52671    -1.12421
1.53257    -1.12385
1.53776    -1.12351
1.54225    -1.1232
1.54602    -1.12292
1.54908    -1.1227
1.55141    -1.12236
1.55301    -1.1223
1.55387    -1.12213
1.55399    -1.1221
1.55338    -1.12185
1.55204    -1.12194
1.54998    -1.12185
1.54721    -1.122
1.54374    -1.12203
1.53959    -1.12212
1.53477    -1.12217
1.5293    -1.1224
1.52321    -1.1225
1.51652    -1.12275
1.50927    -1.12291
1.50147    -1.12316
1.49317    -1.12335
