1.2    -1.10242    0.000101802    -0.629267    -2.61298    0.145642
1.20202    -1.13515    0.000375621    -0.628861    -2.67643    0.154571
1.20591    -1.10637    0.000817975    -0.629515    -2.61221    0.146639
1.21165    -1.13119    0.00134115    -0.627155    -2.65871    0.159576
1.219    -1.11275    0.0019576    -0.626926    -2.61233    0.156731
1.22788    -1.12907    0.00257084    -0.624427    -2.6381    0.168083
1.23806    -1.11779    0.00319462    -0.623291    -2.60444    0.169329
1.2494    -1.12852    0.00375018    -0.620685    -2.61643    0.179425
1.26169    -1.12165    0.00425194    -0.618934    -2.59061    0.183036
1.27477    -1.12871    0.00464702    -0.616256    -2.5938    0.192031
1.28845    -1.12449    0.00495226    -0.614134    -2.57296    0.196755
1.30258    -1.12909    0.00513916    -0.611448    -2.5707    0.204662
1.31696    -1.12643    0.00522725    -0.609146    -2.55321    0.209671
1.33147    -1.12936    0.00520656    -0.606523    -2.54777    0.216486
1.34595    -1.12759    0.005098    -0.604189    -2.53273    0.221278
1.36028    -1.12938    0.00490346    -0.601698    -2.52565    0.227034
1.37433    -1.12811    0.00464336    -0.599441    -2.51259    0.231339
1.38801    -1.12913    0.00432574    -0.597136    -2.5049    0.236107
1.40121    -1.12815    0.00396894    -0.595035    -2.49356    0.239811
1.41385    -1.12864    0.00358302    -0.592958    -2.48593    0.243687
1.42586    -1.12782    0.0031832    -0.591068    -2.47617    0.246769
1.43718    -1.12797    0.00277903    -0.589247    -2.46906    0.249862
1.44776    -1.12728    0.00238218    -0.587601    -2.4608    0.252352
1.45756    -1.12722    0.00200035    -0.586053    -2.4545    0.254768
1.46653    -1.12662    0.00164168    -0.584672    -2.44766    0.25672
1.47467    -1.12645    0.00131149    -0.583406    -2.44233    0.258556
1.48193    -1.12594    0.00101475    -0.582298    -2.43688    0.26003
1.48833    -1.12573    0.000754386    -0.581314    -2.43262    0.261371
1.49384    -1.1253    0.000532668    -0.58048    -2.42848    0.262423
1.49847    -1.12509    0.000350399    -0.579773    -2.42533    0.263338
1.50223    -1.12476    0.000207663    -0.579208    -2.42245    0.264016
1.50512    -1.12458    0.00010352    -0.578769    -2.42041    0.26456
1.50716    -1.12433    3.63935e-05    -0.578463    -2.41873    0.264905
1.50837    -1.1242    4.0104e-06    -0.57828    -2.41777    0.265118
1.50877    -1.12404    3.60106e-06    -0.578221    -2.41721    0.265159
1.50839    -1.12396    3.19565e-05    -0.578278    -2.41728    0.265072
1.50726    -1.12388    8.55297e-05    -0.57845    -2.41777    0.264829
1.5054    -1.12386    0.000160538    -0.578729    -2.41881    0.264462
1.50286    -1.12384    0.000253019    -0.579114    -2.42026    0.263952
1.49967    -1.12388    0.000358941    -0.579597    -2.4222    0.263319
1.49586    -1.12392    0.000474239    -0.580174    -2.42451    0.262552
1.49149    -1.124    0.000594926    -0.580838    -2.42725    0.261663
1.4866    -1.12408    0.000717112    -0.581585    -2.43034    0.260646
1.48122    -1.12419    0.000837109    -0.582408    -2.43379    0.259511
1.47542    -1.1243    0.000951454    -0.5833    -2.43754    0.258253
1.46923    -1.12442    0.00105699    -0.584255    -2.44159    0.256882
1.4627    -1.12454    0.00115089    -0.585266    -2.44588    0.255397
1.4559    -1.12467    0.00123073    -0.586326    -2.45041    0.253806
1.44886    -1.12479    0.00129452    -0.587427    -2.45513    0.252111
1.44164    -1.12491    0.00134071    -0.588562    -2.46002    0.250323
1.43429    -1.12503    0.00136827    -0.589722    -2.46503    0.248447
1.42686    -1.12513    0.00137667    -0.590901    -2.47013    0.246494
1.41942    -1.12522    0.00136588    -0.592089    -2.47529    0.244474
1.412    -1.1253    0.00133642    -0.593278    -2.48048    0.242401
1.40467    -1.12537    0.00128929    -0.59446    -2.48565    0.240288
1.39746    -1.12543    0.00122595    -0.595627    -2.49076    0.238151
1.39043    -1.12547    0.00114832    -0.596771    -2.4958    0.236007
1.38363    -1.1255    0.00105868    -0.597883    -2.50071    0.233874
1.3771    -1.12552    0.000959603    -0.598956    -2.50546    0.231771
1.37089    -1.12554    0.000853913    -0.599982    -2.51002    0.229717
1.36502    -1.12554    0.000744553    -0.600954    -2.51436    0.227734
1.35955    -1.12555    0.000634514    -0.601864    -2.51845    0.225842
1.35449    -1.12555    0.000526724    -0.602708    -2.52225    0.224058
1.34989    -1.12555    0.000423953    -0.60348    -2.52576    0.222404
1.34575    -1.12556    0.000328718    -0.604174    -2.52893    0.220896
1.34212    -1.12557    0.000243201    -0.604787    -2.53175    0.219549
1.33899    -1.12559    0.000169175    -0.605316    -2.53422    0.218378
1.33638    -1.12562    0.000107955    -0.605758    -2.53631    0.217393
1.33429    -1.12565    6.03596e-05    -0.606111    -2.53801    0.216602
1.33273    -1.1257    2.67036e-05    -0.606376    -2.53933    0.216011
1.33169    -1.12576    6.80419e-06    -0.606552    -2.54026    0.215622
1.33117    -1.12583    1.30214e-08    -0.606641    -2.54081    0.215434
1.33115    -1.12591    5.26602e-06    -0.606645    -2.54099    0.21544
1.33161    -1.126    2.11459e-05    -0.606566    -2.5408    0.21564
1.33253    -1.12609    4.59612e-05    -0.60641    -2.54026    0.216018
1.33389    -1.12619    7.78283e-05    -0.606179    -2.5394    0.216566
1.33566    -1.12629    0.000114759    -0.605878    -2.53821    0.217267
1.33781    -1.1264    0.000154743    -0.605514    -2.53675    0.21811
1.34031    -1.1265    0.00019583    -0.605092    -2.53501    0.219075
1.34312    -1.1266    0.000236194    -0.604618    -2.53304    0.220147
1.3462    -1.1267    0.000274196    -0.604099    -2.53086    0.221308
1.34952    -1.12679    0.000308427    -0.60354    -2.5285    0.222542
1.35305    -1.12687    0.000337741    -0.602949    -2.52599    0.22383
1.35674    -1.12694    0.000361269    -0.602333    -2.52335    0.225158
1.36055    -1.127    0.00037843    -0.601696    -2.52061    0.226508
1.36445    -1.12706    0.000388915    -0.601047    -2.51781    0.227868
1.36841    -1.12709    0.00039268    -0.60039    -2.51496    0.229224
1.37239    -1.12712    0.000389917    -0.599732    -2.51209    0.230563
1.37635    -1.12714    0.000381022    -0.599078    -2.50924    0.231875
1.38027    -1.12714    0.000366564    -0.598434    -2.50641    0.23315
1.38411    -1.12714    0.000347247    -0.597803    -2.50364    0.23438
1.38785    -1.12712    0.000323875    -0.597191    -2.50093    0.235558
1.39146    -1.12709    0.000297312    -0.596602    -2.49832    0.236678
1.39492    -1.12706    0.000268453    -0.596038    -2.49582    0.237734
1.39821    -1.12702    0.000238189    -0.595504    -2.49344    0.238723
1.40131    -1.12698    0.000207385    -0.595002    -2.49119    0.239641
1.4042    -1.12693    0.000176849    -0.594534    -2.48909    0.240487
1.40687    -1.12687    0.000147322    -0.594103    -2.48714    0.241257
1.4093    -1.12682    0.000119455    -0.59371    -2.48536    0.241952
1.4115    -1.12676    9.38023e-05    -0.593357    -2.48374    0.242571
1.41344    -1.1267    7.0814e-05    -0.593045    -2.4823    0.243113
1.41513    -1.12665    5.0832e-05    -0.592774    -2.48105    0.24358
1.41656    -1.12659    3.40904e-05    -0.592545    -2.47997    0.243971
1.41773    -1.12654    2.07178e-05    -0.592357    -2.47907    0.244288
1.41864    -1.12649    1.07425e-05    -0.592211    -2.47836    0.244532
1.4193    -1.12644    4.10019e-06    -0.592106    -2.47782    0.244705
1.41971    -1.1264    6.42629e-07    -0.592041    -2.47746    0.244809
1.41987    -1.12636    1.48247e-07    -0.592016    -2.47728    0.244847
1.41979    -1.12632    2.33369e-06    -0.592027    -2.47725    0.244818
1.41948    -1.12629    6.86087e-06    -0.592075    -2.4774    0.244722
1.41896    -1.12627    1.33619e-05    -0.592161    -2.47771    0.244573
1.41823    -1.12624    2.1436e-05    -0.592278    -2.47814    0.244362
1.4173    -1.12623    3.06726e-05    -0.592427    -2.47874    0.2441
1.41618    -1.12621    4.06559e-05    -0.592605    -2.47945    0.243783
1.41491    -1.1262    5.09821e-05    -0.59281    -2.4803    0.243421
1.41347    -1.12619    6.12629e-05    -0.593041    -2.48125    0.243012
1.4119    -1.12619    7.11407e-05    -0.593293    -2.48232    0.242564
1.41021    -1.12618    8.02911e-05    -0.593565    -2.48346    0.242077
1.40841    -1.12618    8.84337e-05    -0.593855    -2.48469    0.241557
1.40652    -1.12618    9.53336e-05    -0.594159    -2.48599    0.241008
1.40456    -1.12619    0.000100808    -0.594476    -2.48735    0.240435
1.40255    -1.12619    0.000104728    -0.594802    -2.48875    0.23984
1.4005    -1.1262    0.000107015    -0.595134    -2.49019    0.23923
1.39842    -1.1262    0.000107647    -0.595471    -2.49165    0.238609
1.39634    -1.12621    0.000106652    -0.595809    -2.49312    0.237981
1.39426    -1.12622    0.000104103    -0.596146    -2.49459    0.237351
1.39222    -1.12623    0.00010012    -0.596479    -2.49605    0.236723
1.39021    -1.12624    9.48571e-05    -0.596807    -2.49749    0.236104
1.38825    -1.12625    8.84996e-05    -0.597126    -2.4989    0.235496
1.38637    -1.12626    8.12568e-05    -0.597435    -2.50026    0.234905
1.38456    -1.12627    7.33541e-05    -0.597731    -2.50158    0.234334
1.38284    -1.12628    6.50252e-05    -0.598013    -2.50283    0.233789
1.38122    -1.12629    5.65048e-05    -0.598278    -2.50402    0.233273
1.37971    -1.1263    4.80213e-05    -0.598526    -2.50513    0.232789
1.37832    -1.12632    3.97897e-05    -0.598755    -2.50617    0.232341
1.37706    -1.12633    3.20061e-05    -0.598963    -2.50711    0.231931
1.37592    -1.12635    2.48422e-05    -0.59915    -2.50797    0.231563
1.37492    -1.12636    1.84416e-05    -0.599315    -2.50873    0.231237
1.37406    -1.12638    1.29161e-05    -0.599457    -2.50939    0.230956
1.37334    -1.1264    8.34482e-06    -0.599576    -2.50995    0.230722
1.37276    -1.12642    4.77292e-06    -0.599672    -2.51041    0.230533
1.37232    -1.12644    2.21238e-06    -0.599744    -2.51077    0.230392
1.37202    -1.12646    6.43632e-07    -0.599794    -2.51103    0.230297
1.37186    -1.12648    1.79702e-08    -0.59982    -2.51119    0.230245
1.37183    -1.12648    2.6258e-07    -0.599825    -2.51122    0.230234
1.37194    -1.12653    1.28042e-06    -0.599808    -2.51124    0.230283
1.37216    -1.12653    2.95711e-06    -0.599771    -2.51108    0.230362
1.37251    -1.12656    5.16917e-06    -0.599713    -2.51089    0.230482
1.37296    -1.12658    7.78414e-06    -0.599638    -2.51058    0.230635
1.37352    -1.1266    1.06656e-05    -0.599545    -2.51022    0.230827
1.37418    -1.12661    1.36813e-05    -0.599437    -2.50977    0.231047
1.37492    -1.12664    1.67029e-05    -0.599315    -2.50927    0.231297
1.37574    -1.12665    1.96139e-05    -0.59918    -2.5087    0.231569
1.37663    -1.12666    2.23086e-05    -0.599033    -2.50809    0.231864
1.37758    -1.12668    2.46982e-05    -0.598877    -2.50742    0.232176
1.37858    -1.12669    2.67093e-05    -0.598713    -2.50672    0.232504
1.37961    -1.1267    2.82875e-05    -0.598542    -2.50599    0.232842
1.38068    -1.1267    2.93959e-05    -0.598367    -2.50523    0.233188
1.38177    -1.12671    3.00163e-05    -0.598188    -2.50446    0.233539
1.38287    -1.12671    3.0147e-05    -0.598008    -2.50368    0.233892
1.38397    -1.12671    2.98027e-05    -0.597827    -2.50289    0.234244
1.38507    -1.12671    2.90121e-05    -0.597647    -2.50211    0.234592
1.38615    -1.12671    2.7816e-05    -0.597471    -2.50133    0.234934
1.3872    -1.12671    2.62653e-05    -0.597297    -2.50057    0.235266
1.38823    -1.1267    2.44185e-05    -0.597129    -2.49983    0.235588
1.38922    -1.1267    2.23392e-05    -0.596967    -2.49911    0.235897
1.39017    -1.12669    2.00938e-05    -0.596812    -2.49842    0.23619
1.39107    -1.12668    1.77495e-05    -0.596666    -2.49777    0.236468
1.39192    -1.12667    1.53718e-05    -0.596528    -2.49715    0.236727
1.39271    -1.12666    1.3023e-05    -0.5964    -2.49657    0.236967
1.39343    -1.12665    1.07602e-05    -0.596282    -2.49604    0.237187
1.39409    -1.12663    8.63425e-06    -0.596174    -2.49555    0.237387
1.39468    -1.12662    6.6887e-06    -0.596078    -2.49511    0.237564
1.3952    -1.12661    4.95885e-06    -0.595994    -2.49472    0.23772
1.39564    -1.1266    3.47145e-06    -0.595921    -2.49438    0.237854
1.39602    -1.12658    2.24448e-06    -0.595861    -2.4941    0.237965
1.39632    -1.12657    1.28725e-06    -0.595812    -2.49386    0.238053
1.39655    -1.12656    6.00101e-07    -0.595776    -2.49368    0.238123
1.3967    -1.12654    1.78219e-07    -0.595753    -2.49352    0.238157
1.39679    -1.12655    6.02817e-09    -0.595733    -2.49349    0.2382
1.3968    -1.12654    6.53823e-08    -0.59573    -2.49347    0.238206
1.39675    -1.12651    3.29983e-07    -0.595743    -2.49343    0.23817
1.39663    -1.12651    7.7039e-07    -0.59576    -2.49352    0.238135
1.39646    -1.1265    1.35458e-06    -0.595787    -2.49362    0.238081
1.39622    -1.1265    2.04973e-06    -0.595823    -2.49379    0.238015
1.39594    -1.12649    2.8209e-06    -0.595871    -2.49397    0.237925
1.3956    -1.12648    3.63235e-06    -0.595925    -2.49419    0.237819
1.39522    -1.12647    4.4522e-06    -0.595991    -2.49444    0.237697
1.39479    -1.12646    5.24965e-06    -0.59606    -2.49471    0.237566
1.39433    -1.12647    5.99707e-06    -0.596134    -2.49504    0.237426
1.39384    -1.12646    6.66945e-06    -0.596214    -2.49537    0.237273
1.39332    -1.12646    7.24709e-06    -0.596299    -2.49574    0.237115
1.39278    -1.12645    7.71341e-06    -0.596387    -2.49611    0.236948
1.39223    -1.12646    8.05738e-06    -0.596477    -2.4965    0.236776
1.39166    -1.12645    8.27167e-06    -0.59657    -2.4969    0.2366
1.39108    -1.12645    8.35415e-06    -0.596664    -2.49731    0.236422
1.3905    -1.12645    8.30633e-06    -0.596759    -2.49772    0.236241
1.38992    -1.12646    8.13415e-06    -0.596854    -2.49813    0.236062
1.38935    -1.12646    7.84664e-06    -0.596947    -2.49854    0.235884
1.38879    -1.12646    7.45616e-06    -0.597039    -2.49894    0.235709
1.38824    -1.12646    6.97722e-06    -0.597128    -2.49934    0.235538
1.38771    -1.12646    6.42642e-06    -0.597215    -2.49972    0.235373
1.3872    -1.12647    5.82138e-06    -0.597298    -2.50009    0.235213
1.38672    -1.12647    5.18048e-06    -0.597377    -2.50044    0.235062
1.38626    -1.12648    4.52199e-06    -0.597452    -2.50078    0.234919
1.38583    -1.12648    3.86372e-06    -0.597522    -2.50109    0.234785
1.38544    -1.12648    3.22235e-06    -0.597587    -2.50138    0.234661
1.38508    -1.12649    2.61312e-06    -0.597646    -2.50165    0.234548
1.38475    -1.12649    2.04936e-06    -0.597699    -2.50189    0.234446
1.38447    -1.1265    1.54083e-06    -0.597744    -2.50211    0.234353
1.38422    -1.12652    1.09994e-06    -0.597782    -2.50233    0.234288
1.38401    -1.1265    7.28904e-07    -0.597825    -2.50243    0.2342
1.38384    -1.12652    4.35256e-07    -0.597848    -2.5026    0.234161
1.3837    -1.12652    2.18046e-07    -0.59787    -2.5027    0.234117
1.38361    -1.12653    7.70488e-08    -0.597884    -2.50279    0.234094
1.38355    -1.12655    8.47879e-09    -0.597896    -2.50286    0.234072
1.38354    -1.12652    7.71425e-09    -0.5979    -2.50282    0.234059
1.38355    -1.12656    6.76723e-08    -0.597895    -2.50288    0.234079
1.38361    -1.12654    1.79786e-07    -0.597884    -2.50282    0.2341
1.38369    -1.12657    3.35284e-07    -0.597873    -2.50281    0.234127
1.38381    -1.12655    5.25094e-07    -0.597856    -2.50267    0.234154
1.38395    -1.12658    7.37769e-07    -0.597828    -2.50264    0.234215
1.38412    -1.12657    9.6436e-07    -0.597803    -2.50249    0.234264
1.38432    -1.12657    1.19606e-06    -0.597773    -2.50235    0.23432
1.38454    -1.12657    1.42323e-06    -0.597736    -2.50219    0.234391
1.38478    -1.12658    1.63633e-06    -0.597696    -2.50204    0.234472
1.38504    -1.12657    1.82989e-06    -0.597656    -2.50184    0.234548
1.38531    -1.12658    1.99739e-06    -0.59761    -2.50167    0.234637
1.38559    -1.12659    2.13243e-06    -0.597564    -2.50147    0.234731
1.38589    -1.12658    2.23441e-06    -0.597518    -2.50124    0.234816
1.38619    -1.12659    2.29983e-06    -0.597466    -2.50105    0.234915
1.38649    -1.12659    2.32617e-06    -0.597417    -2.50084    0.235016
1.3868    -1.12659    2.31668e-06    -0.597364    -2.50062    0.235112
1.3871    -1.1266    2.26992e-06    -0.597316    -2.50042    0.235214
1.3874    -1.12658    2.19294e-06    -0.597265    -2.50018    0.235301
1.3877    -1.1266    2.08455e-06    -0.597218    -2.5    0.235402
1.38799    -1.12658    1.95354e-06    -0.597169    -2.49975    0.235484
1.38827    -1.1266    1.80002e-06    -0.597124    -2.49959    0.235581
1.38854    -1.12657    1.63332e-06    -0.59708    -2.49935    0.235655
1.3888    -1.1266    1.4545e-06    -0.597038    -2.49921    0.235744
1.38904    -1.12656    1.27214e-06    -0.597002    -2.49897    0.235806
1.38927    -1.12659    1.08799e-06    -0.596957    -2.49888    0.235895
1.38947    -1.12657    9.10195e-07    -0.596927    -2.49868    0.235945
1.38967    -1.12658    7.4008e-07    -0.596896    -2.49856    0.23601
1.38984    -1.12656    5.83121e-07    -0.59687    -2.4984    0.236055
1.38999    -1.12657    4.40878e-07    -0.59684    -2.49832    0.236114
1.39012    -1.12656    3.16748e-07    -0.596821    -2.49821    0.23615
1.39024    -1.12655    2.12811e-07    -0.596804    -2.4981    0.236178
1.39033    -1.12656    1.29001e-07    -0.596785    -2.49806    0.236218
1.3904    -1.12655    6.6621e-08    -0.596776    -2.49799    0.236234
1.39045    -1.12654    2.50028e-08    -0.596765    -2.49793    0.236254
1.39049    -1.12655    3.73311e-09    -0.596763    -2.49793    0.236257
1.3905    -1.12655    1.09878e-09    -0.59676    -2.49792    0.236261
1.39049    -1.12653    1.53394e-08    -0.59676    -2.49789    0.236258
1.39047    -1.12654    4.42115e-08    -0.596765    -2.49792    0.236248
1.39042    -1.12653    8.52946e-08    -0.596771    -2.49793    0.236234
1.39037    -1.12655    1.3563e-07    -0.596783    -2.498    0.236211
1.39029    -1.12652    1.93053e-07    -0.596792    -2.49799    0.23619
1.3902    -1.12654    2.53917e-07    -0.59681    -2.49809    0.236156
1.3901    -1.12652    3.17242e-07    -0.596821    -2.49814    0.236134
1.38999    -1.12654    3.80049e-07    -0.596842    -2.49825    0.236102
1.38987    -1.12651    4.3916e-07    -0.596862    -2.49829    0.236055
1.38973    -1.12653    4.93495e-07    -0.596882    -2.49843    0.236022
1.38959    -1.12651    5.40737e-07    -0.596908    -2.49848    0.23597
1.38944    -1.12652    5.79668e-07    -0.596931    -2.49861    0.235926
1.38929    -1.12652    6.0997e-07    -0.596954    -2.49872    0.235884
1.38914    -1.12653    6.30468e-07    -0.596981    -2.49883    0.235834
1.38898    -1.12652    6.40214e-07    -0.597007    -2.49893    0.23578
1.38882    -1.12653    6.4031e-07    -0.597032    -2.49907    0.235736
1.38865    -1.12652    6.30417e-07    -0.597061    -2.49916    0.23568
1.3885    -1.12652    6.10902e-07    -0.597086    -2.49928    0.235629
1.38834    -1.12653    5.83744e-07    -0.597109    -2.49941    0.235587
1.38818    -1.12652    5.49112e-07    -0.597138    -2.4995    0.235533
1.38804    -1.12652    5.08159e-07    -0.597161    -2.4996    0.235485
1.38789    -1.12653    4.63177e-07    -0.597182    -2.49973    0.235448
1.38776    -1.12652    4.14566e-07    -0.597208    -2.4998    0.235397
1.38763    -1.12652    3.64074e-07    -0.597228    -2.4999    0.235358
1.38751    -1.12653    3.13656e-07    -0.597246    -2.50001    0.235327
1.38739    -1.12652    2.637e-07    -0.597268    -2.50006    0.235283
1.38729    -1.12653    2.15913e-07    -0.597283    -2.50015    0.235253
1.3872    -1.12654    1.71628e-07    -0.597297    -2.50023    0.23523
1.38711    -1.12653    1.31049e-07    -0.597314    -2.50027    0.235195
1.38704    -1.12653    9.54142e-08    -0.597324    -2.50034    0.235177
1.38698    -1.12655    6.48652e-08    -0.597336    -2.50041    0.235152
1.38693    -1.12652    4.04141e-08    -0.597341    -2.5004    0.235142
1.38689    -1.12653    2.17051e-08    -0.597349    -2.50045    0.235126
1.38686    -1.12654    8.85087e-09    -0.597355    -2.50048    0.235114
1.38684    -1.12655    1.74542e-09    -0.597359    -2.5005    0.235107
1.38683    -1.12654    6.42205e-11    -0.597357    -2.5005    0.235116
1.38683    -1.12654    3.13726e-09    -0.597357    -2.5005    0.235116
1.38684    -1.12656    1.04057e-08    -0.597356    -2.50052    0.23512
1.38686    -1.12655    2.11562e-08    -0.597352    -2.5005    0.235128
1.38689    -1.12654    3.46027e-08    -0.597346    -2.50047    0.235139
1.38693    -1.12656    5.01392e-08    -0.597342    -2.50047    0.23515
1.38698    -1.12655    6.67649e-08    -0.597333    -2.50042    0.235168
1.38703    -1.12656    8.42179e-08    -0.597328    -2.50039    0.235177
1.38709    -1.12654    1.01234e-07    -0.597316    -2.50032    0.2352
1.38715    -1.12656    1.17871e-07    -0.597307    -2.50032    0.235216
1.38722    -1.12655    1.32756e-07    -0.597294    -2.50024    0.235243
1.38729    -1.12657    1.46086e-07    -0.597284    -2.50022    0.235263
1.38737    -1.12655    1.56685e-07    -0.597269    -2.50014    0.235293
1.38745    -1.12657    1.65485e-07    -0.59726    -2.50011    0.235309
1.38753    -1.12655    1.71013e-07    -0.597244    -2.50001    0.235341
1.38761    -1.12657    1.74408e-07    -0.597232    -2.49999    0.235361
1.3877    -1.12655    1.74407e-07    -0.597215    -2.4999    0.235394
1.38778    -1.12657    1.72141e-07    -0.597205    -2.49988    0.235416
1.38786    -1.12655    1.66752e-07    -0.597188    -2.49979    0.235449
1.38795    -1.12656    1.59851e-07    -0.597179    -2.49975    0.235464
1.38803    -1.12654    1.50384e-07    -0.597163    -2.49966    0.235496
1.3881    -1.12657    1.39782e-07    -0.597152    -2.49964    0.235516
1.38818    -1.12655    1.27384e-07    -0.597136    -2.49956    0.235545
1.38825    -1.12657    1.14367e-07    -0.597128    -2.49954    0.235564
1.38832    -1.12655    1.00434e-07    -0.597114    -2.49946    0.23559
1.38838    -1.12656    8.69362e-08    -0.597107    -2.49943    0.2356
1.38844    -1.12654    7.33153e-08    -0.597095    -2.49936    0.235623
1.3885    -1.12656    6.03799e-08    -0.597086    -2.49936    0.235641
1.38854    -1.12655    4.80605e-08    -0.597076    -2.49931    0.23566
1.38859    -1.12656    3.6973e-08    -0.597072    -2.49929    0.235669
1.38863    -1.12655    2.70466e-08    -0.597064    -2.49924    0.235684
1.38866    -1.12655    1.87675e-08    -0.597061    -2.49921    0.235686
1.38869    -1.12654    1.19221e-08    -0.597056    -2.49918    0.235697
1.38871    -1.12654    6.61181e-09    -0.597051    -2.49916    0.235706
1.38873    -1.12656    2.88784e-09    -0.597047    -2.49919    0.235716
1.38874    -1.12656    7.08076e-10    -0.597045    -2.49918    0.23572
1.38874    -1.12656    2.77438e-14    -0.597044    -2.49918    0.235722
1.38874    -1.12656    6.43407e-10    -0.597044    -2.49918    0.235722
1.38874    -1.12656    2.47778e-09    -0.597045    -2.49918    0.23572
1.38873    -1.12656    5.31118e-09    -0.597047    -2.49919    0.235716
1.38871    -1.12653    8.83777e-09    -0.597052    -2.49914    0.235699
1.38869    -1.12653    1.28882e-08    -0.597056    -2.49916    0.235692
1.38867    -1.12654    1.72396e-08    -0.59706    -2.49919    0.235683
1.38864    -1.12653    2.18411e-08    -0.597062    -2.4992    0.23568
1.38862    -1.12654    2.63457e-08    -0.597068    -2.49923    0.235668
1.38858    -1.12654    3.08062e-08    -0.597071    -2.49925    0.235663
1.38855    -1.12655    3.48236e-08    -0.597078    -2.49929    0.235649
1.38851    -1.12653    3.84773e-08    -0.597084    -2.49929    0.235638
1.38847    -1.12654    4.14219e-08    -0.597092    -2.49933    0.235623
1.38843    -1.12653    4.37851e-08    -0.597097    -2.49935    0.235612
1.38839    -1.12654    4.52855e-08    -0.597105    -2.49939    0.235596
1.38834    -1.12653    4.62819e-08    -0.59711    -2.49941    0.235588
1.3883    -1.12654    4.63762e-08    -0.597118    -2.49946    0.235572
1.38826    -1.12653    4.5915e-08    -0.597125    -2.49947    0.23556
1.38822    -1.12654    4.4614e-08    -0.597134    -2.49952    0.235543
1.38817    -1.12653    4.27802e-08    -0.597139    -2.49953    0.235532
1.38813    -1.12654    4.02593e-08    -0.597147    -2.49957    0.235515
1.38809    -1.12654    3.75182e-08    -0.597151    -2.4996    0.23551
1.38805    -1.12655    3.42831e-08    -0.597159    -2.49964    0.235494
1.38802    -1.12653    3.08626e-08    -0.597165    -2.49964    0.235482
1.38798    -1.12654    2.71811e-08    -0.597173    -2.49968    0.235468
1.38795    -1.12653    2.35342e-08    -0.597176    -2.49969    0.235461
1.38792    -1.12654    1.98522e-08    -0.597182    -2.49973    0.235449
1.38789    -1.12655    1.62533e-08    -0.597188    -2.49976    0.235438
1.38786    -1.12653    1.30394e-08    -0.597189    -2.49975    0.235436
1.38784    -1.12654    1.00545e-08    -0.597193    -2.49978    0.235427
1.38782    -1.12654    7.37676e-09    -0.597197    -2.4998    0.235419
1.3878    -1.12655    5.06789e-09    -0.597201    -2.49982    0.235413
1.38779    -1.12654    3.26254e-09    -0.597201    -2.49982    0.235415
1.38778    -1.12654    1.84851e-09    -0.597204    -2.49983    0.23541
1.38777    -1.12654    8.38185e-10    -0.597205    -2.49984    0.235407
1.38776    -1.12654    2.28606e-10    -0.597207    -2.49985    0.235404
1.38776    -1.12655    2.63285e-12    -0.597207    -2.49985    0.235403
1.38776    -1.12655    1.30508e-10    -0.597207    -2.49985    0.235403
1.38776    -1.12655    5.71801e-10    -0.597207    -2.49985    0.235404
1.38777    -1.12654    1.27762e-09    -0.597206    -2.49984    0.235406
1.38777    -1.12654    2.19298e-09    -0.597204    -2.49983    0.235409
1.38778    -1.12654    3.25925e-09    -0.597203    -2.49982    0.235412
1.38779    -1.12654    4.41653e-09    -0.5972    -2.49981    0.235417
1.38781    -1.12656    5.6128e-09    -0.597199    -2.49984    0.235424
1.38782    -1.12655    6.78657e-09    -0.597196    -2.49982    0.23543
1.38784    -1.12655    7.88671e-09    -0.597192    -2.49981    0.235437
1.38786    -1.12655    8.86858e-09    -0.597189    -2.49979    0.235443
1.38788    -1.12655    9.80382e-09    -0.597188    -2.49978    0.235445
1.3879    -1.12655    1.05582e-08    -0.597184    -2.49976    0.235452
1.38792    -1.12655    1.11077e-08    -0.59718    -2.49974    0.23546
1.38794    -1.12655    1.16002e-08    -0.597179    -2.49973    0.235461
1.38796    -1.12655    1.18634e-08    -0.597175    -2.49971    0.235469
1.38798    -1.12654    1.18949e-08    -0.59717    -2.49968    0.235478
1.388    -1.12656    1.17944e-08    -0.597167    -2.4997    0.235485
1.38802    -1.12655    1.1477e-08    -0.597162    -2.49967    0.235493
1.38805    -1.12655    1.0962e-08    -0.597158    -2.49965    0.235502
1.38807    -1.12656    1.03705e-08    -0.597157    -2.49965    0.235505
1.38809    -1.12655    9.62542e-09    -0.597153    -2.49963    0.235513
1.38811    -1.12655    8.75829e-09    -0.597149    -2.4996    0.23552
1.38813    -1.12654    7.80312e-09    -0.597145    -2.49958    0.235528
1.38814    -1.12656    6.92419e-09    -0.597145    -2.49959    0.235527
1.38816    -1.12655    6.00313e-09    -0.597142    -2.49958    0.235533
1.38818    -1.12655    5.07156e-09    -0.597139    -2.49956    0.23554
1.38819    -1.12654    4.15951e-09    -0.597136    -2.49954    0.235545
1.3882    -1.12654    3.29444e-09    -0.597133    -2.49953    0.23555
1.38821    -1.12655    2.5735e-09    -0.597133    -2.49954    0.235548
1.38822    -1.12655    1.91964e-09    -0.597131    -2.49953    0.235552
1.38823    -1.12655    1.34859e-09    -0.597129    -2.49952    0.235555
1.38824    -1.12655    8.72074e-10    -0.597128    -2.49951    0.235558
1.38825    -1.12654    4.97664e-10    -0.597127    -2.4995    0.235561
1.38825    -1.12654    2.28757e-10    -0.597126    -2.4995    0.235562
1.38825    -1.12654    6.47439e-11    -0.597125    -2.49949    0.235564
1.38826    -1.12654    1.29143e-12    -0.597125    -2.49949    0.235564
1.38826    -1.12654    3.07555e-11    -0.597125    -2.49949    0.235564
1.38825    -1.12654    1.42683e-10    -0.597125    -2.49949    0.235564
1.38825    -1.12654    3.24385e-10    -0.597125    -2.49949    0.235563
1.38825    -1.12654    5.61555e-10    -0.597126    -2.4995    0.235562
1.38824    -1.12654    8.38902e-10    -0.597127    -2.4995    0.23556
1.38824    -1.12655    1.14078e-09    -0.597128    -2.49951    0.235557
1.38823    -1.12655    1.4518e-09    -0.59713    -2.49952    0.235555
1.38822    -1.12655    1.75735e-09    -0.597131    -2.49953    0.235552
1.38822    -1.12655    2.04411e-09    -0.597133    -2.49954    0.235549
1.38821    -1.12655    2.30043e-09    -0.597135    -2.49955    0.235545
1.3882    -1.12653    2.51819e-09    -0.597136    -2.49951    0.235539
1.38819    -1.12653    2.68846e-09    -0.597138    -2.49952    0.235535
1.38818    -1.12654    2.80607e-09    -0.59714    -2.49953    0.235531
1.38817    -1.12654    2.86823e-09    -0.597142    -2.49954    0.235527
1.38815    -1.12654    2.87446e-09    -0.597144    -2.49956    0.235522
1.38814    -1.12654    2.82643e-09    -0.597146    -2.49957    0.235518
1.38813    -1.12655    2.7278e-09    -0.597148    -2.49958    0.235514
1.38812    -1.12653    2.64183e-09    -0.597147    -2.49957    0.235516
1.38811    -1.12654    2.5113e-09    -0.597149    -2.49958    0.235512
1.3881    -1.12654    2.34241e-09    -0.597151    -2.49959    0.235508
1.38809    -1.12654    2.14244e-09    -0.597153    -2.4996    0.235504
1.38808    -1.12654    1.91937e-09    -0.597155    -2.49961    0.235501
1.38807    -1.12654    1.68155e-09    -0.597157    -2.49962    0.235497
1.38807    -1.12655    1.43737e-09    -0.597158    -2.49963    0.235494
1.38806    -1.12654    1.25122e-09    -0.597157    -2.49963    0.2355
1.38805    -1.12654    1.06187e-09    -0.597158    -2.49963    0.235497
1.38805    -1.12654    8.75488e-10    -0.597159    -2.49964    0.235495
1.38804    -1.12654    6.97762e-10    -0.597161    -2.49965    0.235492
1.38803    -1.12655    5.337e-10    -0.597162    -2.49965    0.23549
1.38803    -1.12655    3.87501e-10    -0.597163    -2.49966    0.235489
1.38803    -1.12655    2.62448e-10    -0.597163    -2.49966    0.235487
1.38802    -1.12655    1.60854e-10    -0.597164    -2.49967    0.235486
1.38802    -1.12655    8.40358e-11    -0.597164    -2.49967    0.235485
1.38802    -1.12655    3.23328e-11    -0.597165    -2.49967    0.235484
1.38802    -1.12655    5.16091e-12    -0.597165    -2.49967    0.235484
1.38802    -1.12655    1.09466e-12    -0.597165    -2.49967    0.235483
1.38802    -1.12655    1.79767e-11    -0.597165    -2.49967    0.235483
1.38802    -1.12655    5.30461e-11    -0.597165    -2.49967    0.235484
1.38802    -1.12655    1.03081e-10    -0.597165    -2.49967    0.235484
1.38802    -1.12655    1.64547e-10    -0.597164    -2.49967    0.235485
1.38802    -1.12655    2.33751e-10    -0.597164    -2.49967    0.235486
1.38803    -1.12655    3.06985e-10    -0.597163    -2.49966    0.235487
1.38803    -1.12655    3.80665e-10    -0.597162    -2.49966    0.235489
1.38803    -1.12655    4.51454e-10    -0.597162    -2.49965    0.23549
1.38804    -1.12654    5.16371e-10    -0.597161    -2.49965    0.235492
1.38804    -1.12654    5.72871e-10    -0.59716    -2.49964    0.235494
1.38805    -1.12654    6.18912e-10    -0.597159    -2.49964    0.235496
1.38805    -1.12654    6.52997e-10    -0.597158    -2.49963    0.235498
1.38806    -1.12654    6.74191e-10    -0.597157    -2.49963    0.2355
1.38806    -1.12654    6.82114e-10    -0.597156    -2.49962    0.235502
1.38807    -1.12655    6.8391e-10    -0.597157    -2.49965    0.235503
1.38807    -1.12655    6.72783e-10    -0.597155    -2.49964    0.235505
1.38808    -1.12655    6.49588e-10    -0.597154    -2.49963    0.235507
1.38808    -1.12655    6.15587e-10    -0.597153    -2.49963    0.235509
1.38809    -1.12655    5.72369e-10    -0.597152    -2.49962    0.235511
1.38809    -1.12655    5.2177e-10    -0.597151    -2.49962    0.235513
1.3881    -1.12655    4.65789e-10    -0.59715    -2.49961    0.235515
1.3881    -1.12655    4.06499e-10    -0.59715    -2.49961    0.235517
1.38811    -1.12654    3.4597e-10    -0.597149    -2.4996    0.235518
1.38811    -1.12654    2.86188e-10    -0.597148    -2.4996    0.23552
1.38811    -1.12654    2.28989e-10    -0.597147    -2.4996    0.235521
1.38812    -1.12654    1.76e-10    -0.597147    -2.49959    0.235522
1.38812    -1.12654    1.28591e-10    -0.597146    -2.49959    0.235523
1.38812    -1.12654    8.78464e-11    -0.597146    -2.49959    0.235524
1.38812    -1.12654    5.45371e-11    -0.597145    -2.49958    0.235525
1.38812    -1.12654    2.91182e-11    -0.597145    -2.49958    0.235525
1.38813    -1.12654    1.17311e-11    -0.597145    -2.49958    0.235526
1.38813    -1.12655    3.18438e-12    -0.597147    -2.49961    0.235523
1.38813    -1.12655    3.37423e-14    -0.597147    -2.49961    0.235524
1.38813    -1.12655    1.85936e-12    -0.597147    -2.49961    0.235524
1.38813    -1.12655    8.09168e-12    -0.597147    -2.49961    0.235523
1.38813    -1.12655    1.80424e-11    -0.597147    -2.49961    0.235523
1.38813    -1.12655    3.09378e-11    -0.597147    -2.49961    0.235523
1.38812    -1.12656    4.59529e-11    -0.597147    -2.49961    0.235522
1.38812    -1.12656    6.22456e-11    -0.597148    -2.49961    0.235522
1.38812    -1.12656    7.89883e-11    -0.597148    -2.49961    0.235521
1.38812    -1.12653    9.02751e-11    -0.597149    -2.49957    0.235514
1.38812    -1.12653    1.00085e-10    -0.597149    -2.49957    0.235514
1.38812    -1.12653    1.08065e-10    -0.597149    -2.49957    0.235513
1.38811    -1.12653    1.13957e-10    -0.59715    -2.49957    0.235512
1.38811    -1.12654    1.17598e-10    -0.59715    -2.49958    0.235511
1.38811    -1.12654    1.18925e-10    -0.597151    -2.49958    0.23551
1.38811    -1.12654    1.17968e-10    -0.597151    -2.49958    0.23551
1.3881    -1.12654    1.14841e-10    -0.597152    -2.49958    0.235509
1.3881    -1.12654    1.09732e-10    -0.597152    -2.49959    0.235508
1.3881    -1.12654    1.02895e-10    -0.597153    -2.49959    0.235507
1.3881    -1.12654    9.46311e-11    -0.597153    -2.49959    0.235506
1.3881    -1.12654    8.52766e-11    -0.597153    -2.49959    0.235505
1.38809    -1.12654    7.5188e-11    -0.597154    -2.4996    0.235505
1.38809    -1.12654    6.47267e-11    -0.597154    -2.4996    0.235504
1.38809    -1.12654    5.42455e-11    -0.597154    -2.4996    0.235503
1.38809    -1.12654    4.40763e-11    -0.597155    -2.4996    0.235503
1.38809    -1.12654    3.45185e-11    -0.597155    -2.4996    0.235502
1.38809    -1.12654    2.58309e-11    -0.597155    -2.4996    0.235502
1.38809    -1.12654    1.82242e-11    -0.597155    -2.4996    0.235501
1.38809    -1.12654    1.18566e-11    -0.597156    -2.49961    0.235501
1.38808    -1.12654    6.83146e-12    -0.597156    -2.49961    0.235501
1.38808    -1.12654    3.19708e-12    -0.597156    -2.49961    0.235501
1.38808    -1.12654    9.48663e-13    -0.597156    -2.49961    0.235501
1.38808    -1.12654    3.19889e-14    -0.597156    -2.49961    0.2355
1.38808    -1.12654    3.48724e-13    -0.597156    -2.49961    0.2355
1.38808    -1.12654    1.76301e-12    -0.597156    -2.49961    0.2355
1.38808    -1.12654    4.10898e-12    -0.597156    -2.49961    0.235501
1.38808    -1.12654    7.19888e-12    -0.597156    -2.49961    0.235501
1.38808    -1.12654    1.08315e-11    -0.597156    -2.49961    0.235501
1.38809    -1.12654    1.48004e-11    -0.597156    -2.49961    0.235501
1.38809    -1.12654    1.8902e-11    -0.597155    -2.4996    0.235502
1.38809    -1.12654    2.29426e-11    -0.597155    -2.4996    0.235502
1.38809    -1.12654    2.67453e-11    -0.597155    -2.4996    0.235502
1.38809    -1.12654    3.01549e-11    -0.597155    -2.4996    0.235503
1.38809    -1.12654    3.30425e-11    -0.597155    -2.4996    0.235503
1.38809    -1.12654    3.5308e-11    -0.597154    -2.4996    0.235504
1.38809    -1.12654    3.68823e-11    -0.597154    -2.4996    0.235504
1.38809    -1.12654    3.77276e-11    -0.597154    -2.4996    0.235504
1.3881    -1.12654    3.78364e-11    -0.597154    -2.49959    0.235505
1.3881    -1.12654    3.72298e-11    -0.597153    -2.49959    0.235505
1.3881    -1.12654    3.5955e-11    -0.597153    -2.49959    0.235506
1.3881    -1.12654    3.40814e-11    -0.597153    -2.49959    0.235506
1.3881    -1.12654    3.16967e-11    -0.597153    -2.49959    0.235507
1.3881    -1.12654    2.89023e-11    -0.597152    -2.49959    0.235507
1.3881    -1.12654    2.58087e-11    -0.597152    -2.49959    0.235508
1.3881    -1.12654    2.25305e-11    -0.597152    -2.49959    0.235508
1.3881    -1.12654    1.91823e-11    -0.597152    -2.49958    0.235508
1.3881    -1.12654    1.58741e-11    -0.597152    -2.49958    0.235509
1.38811    -1.12654    1.27074e-11    -0.597151    -2.49958    0.235509
1.38811    -1.12654    9.77254e-12    -0.597151    -2.49958    0.235509
1.38811    -1.12654    7.1455e-12    -0.597151    -2.49958    0.23551
1.38811    -1.12654    4.8864e-12    -0.597151    -2.49958    0.23551
1.38811    -1.12654    3.03818e-12    -0.597151    -2.49958    0.23551
1.38811    -1.12654    1.62625e-12    -0.597151    -2.49958    0.23551
1.38811    -1.12654    6.58636e-13    -0.597151    -2.49958    0.23551
1.38811    -1.12654    1.26899e-13    -0.597151    -2.49958    0.23551
1.38811    -1.12654    7.52598e-15    -0.597151    -2.49958    0.23551
1.38811    -1.12654    2.63811e-13    -0.597151    -2.49958    0.23551
1.38811    -1.12654    8.48089e-13    -0.597151    -2.49958    0.23551
1.38811    -1.12654    1.70423e-12    -0.597151    -2.49958    0.23551
1.38811    -1.12654    2.77028e-12    -0.597151    -2.49958    0.23551
1.38811    -1.12654    3.98112e-12    -0.597151    -2.49958    0.23551
1.38811    -1.12654    5.27109e-12    -0.597151    -2.49958    0.23551
1.38811    -1.12654    6.57643e-12    -0.597151    -2.49958    0.23551
1.38811    -1.12654    7.83752e-12    -0.597151    -2.49958    0.235509
1.38811    -1.12654    9.00076e-12    -0.597151    -2.49958    0.235509
1.38811    -1.12654    1.00202e-11    -0.597151    -2.49958    0.235509
1.3881    -1.12654    1.08585e-11    -0.597152    -2.49958    0.235509
1.3881    -1.12654    1.14881e-11    -0.597152    -2.49958    0.235509
1.3881    -1.12654    1.18912e-11    -0.597152    -2.49959    0.235508
1.3881    -1.12654    1.20599e-11    -0.597152    -2.49959    0.235508
1.3881    -1.12654    1.19959e-11    -0.597152    -2.49959    0.235508
1.3881    -1.12654    1.17094e-11    -0.597152    -2.49959    0.235507
1.3881    -1.12654    1.12188e-11    -0.597152    -2.49959    0.235507
1.3881    -1.12654    1.05488e-11    -0.597153    -2.49959    0.235507
1.3881    -1.12654    9.72931e-12    -0.597153    -2.49959    0.235507
1.3881    -1.12654    8.79412e-12    -0.597153    -2.49959    0.235506
1.3881    -1.12654    7.77915e-12    -0.597153    -2.49959    0.235506
1.3881    -1.12654    6.72108e-12    -0.597153    -2.49959    0.235506
1.3881    -1.12654    5.65593e-12    -0.597153    -2.49959    0.235506
1.3881    -1.12654    4.61772e-12    -0.597153    -2.49959    0.235506
1.3881    -1.12654    3.63738e-12    -0.597153    -2.49959    0.235505
1.3881    -1.12654    2.74181e-12    -0.597153    -2.49959    0.235505
1.3881    -1.12654    1.95312e-12    -0.597154    -2.49959    0.235505
1.3881    -1.12654    1.28815e-12    -0.597154    -2.49959    0.235505
1.38809    -1.12654    7.582e-13    -0.597154    -2.49959    0.235505
1.38809    -1.12654    3.6897e-13    -0.597154    -2.49959    0.235505
1.38809    -1.12654    1.20733e-13    -0.597154    -2.49959    0.235505
1.38809    -1.12654    8.68598e-15    -0.597154    -2.4996    0.235505
1.38809    -1.12654    2.3462e-14    -0.597154    -2.4996    0.235505
1.38809    -1.12654    1.51785e-13    -0.597154    -2.4996    0.235505
1.38809    -1.12654    3.77219e-13    -0.597154    -2.49959    0.235505
1.38809    -1.12654    6.80989e-13    -0.597154    -2.49959    0.235505
1.38809    -1.12654    1.04282e-12    -0.597154    -2.49959    0.235505
1.3881    -1.12654    1.44181e-12    -0.597154    -2.49959    0.235505
1.3881    -1.12654    1.8572e-12    -0.597154    -2.49959    0.235505
1.3881    -1.12654    2.26917e-12    -0.597153    -2.49959    0.235505
1.3881    -1.12654    2.65948e-12    -0.597153    -2.49959    0.235505
1.3881    -1.12654    3.01204e-12    -0.597153    -2.49959    0.235505
1.3881    -1.12654    3.31335e-12    -0.597153    -2.49959    0.235506
1.3881    -1.12654    3.55284e-12    -0.597153    -2.49959    0.235506
1.3881    -1.12654    3.72303e-12    -0.597153    -2.49959    0.235506
1.3881    -1.12654    3.81963e-12    -0.597153    -2.49959    0.235506
1.3881    -1.12654    3.84143e-12    -0.597153    -2.49959    0.235506
1.3881    -1.12654    3.79018e-12    -0.597153    -2.49959    0.235506
1.3881    -1.12654    3.6703e-12    -0.597153    -2.49959    0.235506
1.3881    -1.12654    3.48852e-12    -0.597153    -2.49959    0.235507
1.3881    -1.12654    3.25351e-12    -0.597153    -2.49959    0.235507
1.3881    -1.12654    2.97537e-12    -0.597153    -2.49959    0.235507
1.3881    -1.12654    2.66521e-12    -0.597153    -2.49959    0.235507
1.3881    -1.12654    2.33463e-12    -0.597152    -2.49959    0.235507
1.3881    -1.12654    1.99528e-12    -0.597152    -2.49959    0.235507
1.3881    -1.12654    1.65841e-12    -0.597152    -2.49959    0.235507
1.3881    -1.12654    1.33448e-12    -0.597152    -2.49959    0.235508
1.3881    -1.12654    1.03281e-12    -0.597152    -2.49959    0.235508
1.3881    -1.12654    7.61358e-13    -0.597152    -2.49959    0.235508
1.3881    -1.12654    5.26449e-13    -0.597152    -2.49959    0.235508
1.3881    -1.12654    3.32703e-13    -0.597152    -2.49959    0.235508
1.3881    -1.12654    1.82955e-13    -0.597152    -2.49959    0.235508
1.3881    -1.12654    7.82707e-14    -0.597152    -2.49959    0.235508
1.3881    -1.12654    1.80292e-14    -0.597152    -2.49959    0.235508
1.3881    -1.12654    5.57791e-17    -0.597152    -2.49959    0.235508
1.3881    -1.12654    2.08073e-14    -0.597152    -2.49959    0.235508
1.3881    -1.12654    7.55941e-14    -0.597152    -2.49959    0.235508
1.3881    -1.12654    1.5883e-13    -0.597152    -2.49959    0.235508
1.3881    -1.12654    2.64298e-13    -0.597152    -2.49959    0.235508
1.3881    -1.12654    3.85423e-13    -0.597152    -2.49959    0.235508
1.3881    -1.12654    5.15534e-13    -0.597152    -2.49959    0.235508
1.3881    -1.12654    6.48121e-13    -0.597152    -2.49959    0.235508
1.3881    -1.12654    7.77062e-13    -0.597152    -2.49959    0.235508
1.3881    -1.12654    8.9682e-13    -0.597152    -2.49959    0.235508
1.3881    -1.12654    1.00261e-12    -0.597152    -2.49959    0.235507
1.3881    -1.12654    1.09052e-12    -0.597152    -2.49959    0.235507
1.3881    -1.12654    1.15759e-12    -0.597152    -2.49959    0.235507
1.3881    -1.12654    1.20189e-12    -0.597152    -2.49959    0.235507
1.3881    -1.12654    1.22246e-12    -0.597152    -2.49959    0.235507
1.3881    -1.12654    1.21934e-12    -0.597152    -2.49959    0.235507
1.3881    -1.12654    1.19345e-12    -0.597153    -2.49959    0.235507
1.3881    -1.12654    1.14654e-12    -0.597153    -2.49959    0.235507
1.3881    -1.12654    1.08103e-12    -0.597153    -2.49959    0.235507
1.3881    -1.12654    9.99884e-13    -0.597153    -2.49959    0.235507
1.3881    -1.12654    9.06489e-13    -0.597153    -2.49959    0.235507
1.3881    -1.12654    8.04464e-13    -0.597153    -2.49959    0.235507
1.3881    -1.12654    6.97528e-13    -0.597153    -2.49959    0.235507
1.3881    -1.12654    5.89353e-13    -0.597153    -2.49959    0.235506
1.3881    -1.12654    4.83429e-13    -0.597153    -2.49959    0.235506
1.3881    -1.12654    3.82945e-13    -0.597153    -2.49959    0.235506
1.3881    -1.12654    2.90694e-13    -0.597153    -2.49959    0.235506
1.3881    -1.12654    2.08992e-13    -0.597153    -2.49959    0.235506
1.3881    -1.12654    1.39629e-13    -0.597153    -2.49959    0.235506
1.3881    -1.12654    8.3832e-14    -0.597153    -2.49959    0.235506
1.3881    -1.12654    4.22621e-14    -0.597153    -2.49959    0.235506
1.3881    -1.12654    1.50247e-14    -0.597153    -2.49959    0.235506
1.3881    -1.12654    1.70412e-15    -0.597153    -2.49959    0.235506
1.3881    -1.12654    1.41352e-15    -0.597153    -2.49959    0.235506
1.3881    -1.12654    1.2859e-14    -0.597153    -2.49959    0.235506
1.3881    -1.12654    3.44146e-14    -0.597153    -2.49959    0.235506
1.3881    -1.12654    6.42046e-14    -0.597153    -2.49959    0.235506
1.3881    -1.12654    1.00189e-13    -0.597153    -2.49959    0.235506
1.3881    -1.12654    1.40251e-13    -0.597153    -2.49959    0.235506
1.3881    -1.12654    1.82279e-13    -0.597153    -2.49959    0.235506
1.3881    -1.12654    2.24242e-13    -0.597153    -2.49959    0.235506
1.3881    -1.12654    2.64264e-13    -0.597153    -2.49959    0.235506
1.3881    -1.12654    3.00676e-13    -0.597153    -2.49959    0.235506
1.3881    -1.12654    3.32071e-13    -0.597153    -2.49959    0.235506
1.3881    -1.12654    3.57331e-13    -0.597153    -2.49959    0.235506
1.3881    -1.12654    3.75651e-13    -0.597153    -2.49959    0.235506
1.3881    -1.12654    3.86547e-13    -0.597153    -2.49959    0.235507
1.3881    -1.12654    3.89855e-13    -0.597153    -2.49959    0.235507
1.3881    -1.12654    3.85708e-13    -0.597153    -2.49959    0.235507
1.3881    -1.12654    3.74518e-13    -0.597153    -2.49959    0.235507
1.3881    -1.12654    3.56937e-13    -0.597153    -2.49959    0.235507
1.3881    -1.12654    3.33817e-13    -0.597153    -2.49959    0.235507
1.3881    -1.12654    3.06166e-13    -0.597153    -2.49959    0.235507
1.3881    -1.12654    2.751e-13    -0.597153    -2.49959    0.235507
1.3881    -1.12654    2.4179e-13    -0.597153    -2.49959    0.235507
1.3881    -1.12654    2.0742e-13    -0.597153    -2.49959    0.235507
1.3881    -1.12654    1.73141e-13    -0.597153    -2.49959    0.235507
1.3881    -1.12654    1.40026e-13    -0.597153    -2.49959    0.235507
1.3881    -1.12654    1.09041e-13    -0.597153    -2.49959    0.235507
1.3881    -1.12654    8.10143e-14    -0.597153    -2.49959    0.235507
1.3881    -1.12654    5.66123e-14    -0.597152    -2.49959    0.235507
1.3881    -1.12654    3.63296e-14    -0.597152    -2.49959    0.235507
1.3881    -1.12654    2.04799e-14    -0.597152    -2.49959    0.235507
1.3881    -1.12654    9.19713e-15    -0.597152    -2.49959    0.235507
1.3881    -1.12654    2.4423e-15    -0.597152    -2.49959    0.235507
1.3881    -1.12654    1.66109e-17    -0.597152    -2.49959    0.235507
1.3881    -1.12654    1.57941e-15    -0.597152    -2.49959    0.235507
1.3881    -1.12654    6.67029e-15    -0.597152    -2.49959    0.235507
1.3881    -1.12654    1.47341e-14    -0.597152    -2.49959    0.235507
1.3881    -1.12654    2.51476e-14    -0.597152    -2.49959    0.235507
1.3881    -1.12654    3.72474e-14    -0.597152    -2.49959    0.235507
1.3881    -1.12654    5.03565e-14    -0.597152    -2.49959    0.235507
1.3881    -1.12654    6.38106e-14    -0.597152    -2.49959    0.235507
1.3881    -1.12654    7.69815e-14    -0.597153    -2.49959    0.235507
1.3881    -1.12654    8.92979e-14    -0.597153    -2.49959    0.235507
1.3881    -1.12654    1.00262e-13    -0.597153    -2.49959    0.235507
1.3881    -1.12654    1.09464e-13    -0.597153    -2.49959    0.235507
1.3881    -1.12654    1.1659e-13    -0.597153    -2.49959    0.235507
1.3881    -1.12654    1.21427e-13    -0.597153    -2.49959    0.235507
1.3881    -1.12654    1.23865e-13    -0.597153    -2.49959    0.235507
1.3881    -1.12654    1.23893e-13    -0.597153    -2.49959    0.235507
1.3881    -1.12654    1.21592e-13    -0.597153    -2.49959    0.235507
1.3881    -1.12654    1.17128e-13    -0.597153    -2.49959    0.235507
1.3881    -1.12654    1.10738e-13    -0.597153    -2.49959    0.235507
1.3881    -1.12654    1.02716e-13    -0.597153    -2.49959    0.235507
1.3881    -1.12654    9.33985e-14    -0.597153    -2.49959    0.235507
1.3881    -1.12654    8.31517e-14    -0.597153    -2.49959    0.235507
1.3881    -1.12654    7.2352e-14    -0.597153    -2.49959    0.235507
1.3881    -1.12654    6.13736e-14    -0.597153    -2.49959    0.235507
1.3881    -1.12654    5.05737e-14    -0.597153    -2.49959    0.235507
1.3881    -1.12654    4.02811e-14    -0.597153    -2.49959    0.235507
1.3881    -1.12654    3.07855e-14    -0.597153    -2.49959    0.235507
1.3881    -1.12654    2.23293e-14    -0.597153    -2.49959    0.235507
1.3881    -1.12654    1.5102e-14    -0.597153    -2.49959    0.235507
1.3881    -1.12654    9.23653e-15    -0.597153    -2.49959    0.235507
1.3881    -1.12654    4.80818e-15    -0.597153    -2.49959    0.235507
1.3881    -1.12654    1.83566e-15    -0.597153    -2.49959    0.235507
1.3881    -1.12654    2.84208e-16    -0.597153    -2.49959    0.235507
1.3881    -1.12654    7.03898e-17    -0.597153    -2.49959    0.235507
1.3881    -1.12654    1.06848e-15    -0.597153    -2.49959    0.235507
1.3881    -1.12654    3.1179e-15    -0.597153    -2.49959    0.235507
1.3881    -1.12654    6.03152e-15    -0.597153    -2.49959    0.235507
1.3881    -1.12654    9.60427e-15    -0.597153    -2.49959    0.235507
1.3881    -1.12654    1.36219e-14    -0.597153    -2.49959    0.235507
1.3881    -1.12654    1.78697e-14    -0.597153    -2.49959    0.235507
1.3881    -1.12654    2.214e-14    -0.597153    -2.49959    0.235507
1.3881    -1.12654    2.62397e-14    -0.597153    -2.49959    0.235507
1.3881    -1.12654    2.99964e-14    -0.597153    -2.49959    0.235507
1.3881    -1.12654    3.32629e-14    -0.597153    -2.49959    0.235507
1.3881    -1.12654    3.59215e-14    -0.597153    -2.49959    0.235507
1.3881    -1.12654    3.78858e-14    -0.597153    -2.49959    0.235507
1.3881    -1.12654    3.91022e-14    -0.597153    -2.49959    0.235507
1.3881    -1.12654    3.95492e-14    -0.597153    -2.49959    0.235507
1.3881    -1.12654    3.92361e-14    -0.597153    -2.49959    0.235507
1.3881    -1.12654    3.82009e-14    -0.597153    -2.49959    0.235507
1.3881    -1.12654    3.65064e-14    -0.597153    -2.49959    0.235507
1.3881    -1.12654    3.42364e-14    -0.597153    -2.49959    0.235507
1.3881    -1.12654    3.1491e-14    -0.597153    -2.49959    0.235507
1.3881    -1.12654    2.83823e-14    -0.597153    -2.49959    0.235507
1.3881    -1.12654    2.50286e-14    -0.597153    -2.49959    0.235507
1.3881    -1.12654    2.155e-14    -0.597153    -2.49959    0.235507
1.3881    -1.12654    1.80641e-14    -0.597153    -2.49959    0.235507
1.3881    -1.12654    1.46812e-14    -0.597153    -2.49959    0.235507
1.3881    -1.12654    1.15009e-14    -0.597153    -2.49959    0.235507
1.3881    -1.12654    8.60954e-15    -0.597153    -2.49959    0.235507
1.3881    -1.12654    6.07715e-15    -0.597153    -2.49959    0.235507
1.3881    -1.12654    3.95651e-15    -0.597153    -2.49959    0.235507
1.3881    -1.12654    2.28213e-15    -0.597153    -2.49959    0.235507
1.3881    -1.12654    1.07019e-15    -0.597153    -2.49959    0.235507
1.3881    -1.12654    3.19231e-16    -0.597153    -2.49959    0.235507
1.3881    -1.12654    1.1317e-17    -0.597153    -2.49959    0.235507
1.3881    -1.12654    1.1385e-16    -0.597153    -2.49959    0.235507
1.3881    -1.12654    5.81731e-16    -0.597153    -2.49959    0.235507
1.3881    -1.12654    1.35987e-15    -0.597153    -2.49959    0.235507
1.3881    -1.12654    2.38586e-15    -0.597153    -2.49959    0.235507
1.3881    -1.12654    3.59283e-15    -0.597153    -2.49959    0.235507
1.3881    -1.12654    4.91213e-15    -0.597153    -2.49959    0.235507
1.3881    -1.12654    6.27602e-15    -0.597153    -2.49959    0.235507
1.3881    -1.12654    7.62011e-15    -0.597153    -2.49959    0.235507
1.3881    -1.12654    8.88548e-15    -0.597153    -2.49959    0.235507
1.3881    -1.12654    1.00205e-14    -0.597153    -2.49959    0.235507
1.3881    -1.12654    1.09821e-14    -0.597153    -2.49959    0.235507
1.3881    -1.12654    1.17371e-14    -0.597153    -2.49959    0.235507
1.3881    -1.12654    1.22624e-14    -0.597153    -2.49959    0.235507
1.3881    -1.12654    1.25454e-14    -0.597153    -2.49959    0.235507
1.3881    -1.12654    1.25833e-14    -0.597153    -2.49959    0.235507
1.3881    -1.12654    1.23833e-14    -0.597153    -2.49959    0.235507
1.3881    -1.12654    1.19609e-14    -0.597153    -2.49959    0.235507
1.3881    -1.12654    1.13392e-14    -0.597153    -2.49959    0.235507
1.3881    -1.12654    1.05473e-14    -0.597153    -2.49959    0.235507
1.3881    -1.12654    9.6189e-15    -0.597153    -2.49959    0.235507
1.3881    -1.12654    8.59068e-15    -0.597153    -2.49959    0.235507
1.3881    -1.12654    7.50083e-15    -0.597153    -2.49959    0.235507
1.3881    -1.12654    6.3874e-15    -0.597153    -2.49959    0.235507
1.3881    -1.12654    5.28699e-15    -0.597153    -2.49959    0.235507
1.3881    -1.12654    4.23344e-15    -0.597153    -2.49959    0.235507
1.3881    -1.12654    3.25676e-15    -0.597153    -2.49959    0.235507
1.3881    -1.12654    2.38228e-15    -0.597153    -2.49959    0.235507
1.3881    -1.12654    1.63004e-15    -0.597153    -2.49959    0.235507
1.3881    -1.12654    1.01436e-15    -0.597153    -2.49959    0.235507
1.3881    -1.12654    5.43726e-16    -0.597153    -2.49959    0.235507
1.3881    -1.12654    2.20857e-16    -0.597153    -2.49959    0.235507
1.3881    -1.12654    4.29846e-17    -0.597153    -2.49959    0.235507
1.3881    -1.12654    2.32247e-18    -0.597153    -2.49959    0.235507
1.3881    -1.12654    8.66933e-17    -0.597153    -2.49959    0.235507
1.3881    -1.12654    2.8027e-16    -0.597153    -2.49959    0.235507
1.3881    -1.12654    5.64402e-16    -0.597153    -2.49959    0.235507
1.3881    -1.12654    9.18496e-16    -0.597153    -2.49959    0.235507
1.3881    -1.12654    1.3209e-15    -0.597153    -2.49959    0.235507
1.3881    -1.12654    1.74978e-15    -0.597153    -2.49959    0.235507
1.3881    -1.12654    2.18392e-15    -0.597153    -2.49959    0.235507
1.3881    -1.12654    2.60348e-15    -0.597153    -2.49959    0.235507
1.3881    -1.12654    2.99062e-15    -0.597153    -2.49959    0.235507
1.3881    -1.12654    3.33003e-15    -0.597153    -2.49959    0.235507
1.3881    -1.12654    3.60929e-15    -0.597153    -2.49959    0.235507
1.3881    -1.12654    3.8192e-15    -0.597153    -2.49959    0.235507
1.3881    -1.12654    3.95381e-15    -0.597153    -2.49959    0.235507
1.3881    -1.12654    4.01048e-15    -0.597153    -2.49959    0.235507
1.3881    -1.12654    3.98973e-15    -0.597153    -2.49959    0.235507
1.3881    -1.12654    3.89498e-15    -0.597153    -2.49959    0.235507
1.3881    -1.12654    3.73229e-15    -0.597153    -2.49959    0.235507
1.3881    -1.12654    3.50986e-15    -0.597153    -2.49959    0.235507
1.3881    -1.12654    3.23766e-15    -0.597153    -2.49959    0.235507
1.3881    -1.12654    2.92689e-15    -0.597153    -2.49959    0.235507
1.3881    -1.12654    2.5895e-15    -0.597153    -2.49959    0.235507
1.3881    -1.12654    2.23769e-15    -0.597153    -2.49959    0.235507
1.3881    -1.12654    1.88345e-15    -0.597153    -2.49959    0.235507
1.3881    -1.12654    1.53808e-15    -0.597153    -2.49959    0.235507
1.3881    -1.12654    1.21189e-15    -0.597153    -2.49959    0.235507
1.3881    -1.12654    9.13834e-16    -0.597153    -2.49959    0.235507
1.3881    -1.12654    6.51273e-16    -0.597153    -2.49959    0.235507
1.3881    -1.12654    4.29821e-16    -0.597153    -2.49959    0.235507
1.3881    -1.12654    2.5325e-16    -0.597153    -2.49959    0.235507
1.3881    -1.12654    1.23469e-16    -0.597153    -2.49959    0.235507
1.3881    -1.12654    4.05818e-17    -0.597153    -2.49959    0.235507
1.3881    -1.12654    3.00206e-18    -0.597153    -2.49959    0.235507
1.3881    -1.12654    7.62519e-18    -0.597153    -2.49959    0.235507
1.3881    -1.12654    5.00447e-17    -0.597153    -2.49959    0.235507
1.3881    -1.12654    1.24802e-16    -0.597153    -2.49959    0.235507
1.3881    -1.12654    2.25656e-16    -0.597153    -2.49959    0.235507
1.3881    -1.12654    3.45871e-16    -0.597153    -2.49959    0.235507
1.3881    -1.12654    4.78492e-16    -0.597153    -2.49959    0.235507
1.3881    -1.12654    6.16617e-16    -0.597153    -2.49959    0.235507
1.3881    -1.12654    7.5365e-16    -0.597153    -2.49959    0.235507
1.3881    -1.12654    8.83522e-16    -0.597153    -2.49959    0.235507
