0.113784    0.21657    0.16972    0.022106    0.113784    0.21657    0.16972    0.022106    
0.0955154    0.165761    0.108678    0.0562712    0.0955154    0.165761    0.108678    0.0562712    
0.0890792    0.154929    0.114435    0.0388771    0.0890792    0.154929    0.114435    0.0388771    
0.0807626    0.141621    0.11411    0.0245775    0.0807626    0.141621    0.11411    0.0245775    
0.0881184    0.154684    0.127193    0.0243384    0.0881184    0.154684    0.127193    0.0243384    
0.0828117    0.144637    0.119075    0.0237078    0.0828117    0.144637    0.119075    0.0237078    
0.0859948    0.15047    0.124413    0.0242304    0.0859948    0.15047    0.124413    0.0242304    
0.0831355    0.145084    0.12047    0.0238526    0.0831355    0.145084    0.12047    0.0238526    
0.0847808    0.147869    0.123564    0.0243474    0.0847808    0.147869    0.123564    0.0243474    
0.0828552    0.144139    0.121249    0.0241855    0.0828552    0.144139    0.121249    0.0241855    
0.0836526    0.145273    0.12322    0.024609    0.0836526    0.145273    0.12322    0.024609    
0.0822315    0.142386    0.121809    0.0245999    0.0822315    0.142386    0.121809    0.0245999    
0.0824428    0.142473    0.123111    0.0249767    0.0824428    0.142473    0.123111    0.0249767    
0.0813978    0.140097    0.122239    0.0250727    0.0813978    0.140097    0.122239    0.0250727    
0.0813626    0.139574    0.123099    0.0254247    0.0813626    0.139574    0.123099    0.0254247    
0.0804518    0.137483    0.122565    0.0255875    0.0804518    0.137483    0.122565    0.0255875    
0.0802381    0.136594    0.12314    0.0259214    0.0802381    0.136594    0.12314    0.0259214    
0.0794745    0.134733    0.122803    0.0261274    0.0794745    0.134733    0.122803    0.0261274    
0.0791698    0.13366    0.123182    0.0264464    0.0791698    0.13366    0.123182    0.0264464    
0.0785223    0.131995    0.122959    0.0266767    0.0785223    0.131995    0.122959    0.0266767    
0.078183    0.130863    0.123199    0.0269802    0.078183    0.130863    0.123199    0.0269802    
0.0776328    0.129382    0.123038    0.0272202    0.0776328    0.129382    0.123038    0.0272202    
0.077294    0.128275    0.123179    0.0275058    0.077294    0.128275    0.123179    0.0275058    
0.0768279    0.126975    0.123051    0.0277438    0.0768279    0.126975    0.123051    0.0277438    
0.0765101    0.125948    0.12312    0.0280081    0.0765101    0.125948    0.12312    0.0280081    
0.0761181    0.124825    0.12301    0.0282348    0.0761181    0.124825    0.12301    0.0282348    
0.0758326    0.12391    0.12303    0.028474    0.0758326    0.12391    0.12303    0.028474    
0.0755067    0.122959    0.12293    0.028682    0.0755067    0.122959    0.12293    0.028682    
0.0752595    0.122172    0.122917    0.0288924    0.0752595    0.122172    0.122917    0.0288924    
0.0749932    0.121388    0.122826    0.0290755    0.0749932    0.121388    0.122826    0.0290755    
0.0747868    0.120736    0.122796    0.029254    0.0747868    0.120736    0.122796    0.0292541    
0.0745752    0.120111    0.122715    0.0294076    0.0745753    0.120111    0.122715    0.0294074    
0.0744105    0.119597    0.122677    0.0295504    0.0744104    0.119597    0.122678    0.0295521    
0.0742337    0.11913    0.122607    0.0296712    0.0742336    0.11913    0.122608    0.0296727    
0.0741051    0.118754    0.122571    0.0297784    0.074105    0.118754    0.122572    0.0297795    
0.0739952    0.118424    0.12252    0.0298625    0.0739951    0.118424    0.122521    0.0298634    
0.0739173    0.118179    0.122494    0.0299308    0.0739172    0.118179    0.122495    0.0299316    
0.073856    0.117987    0.122461    0.029977    0.0738559    0.117987    0.122462    0.0299776    
0.0738428    0.117928    0.122418    0.0300145    0.0738427    0.117928    0.122418    0.030014    
0.0738428    0.117928    0.122418    0.0300145    0.0738427    0.117928    0.122418    0.030014    
0.0738166    0.117855    0.122406    0.0300106    0.0738166    0.117855    0.122407    0.0300117    
0.0738234    0.117892    0.122457    0.0299663    0.0738234    0.117892    0.122457    0.0299657    
0.0738522    0.117988    0.122514    0.0299056    0.0738521    0.117988    0.122515    0.0299062    
0.0739693    0.118284    0.122484    0.0298495    0.0739692    0.118284    0.122485    0.0298502    
0.0740626    0.118568    0.122516    0.0297588    0.0740626    0.118569    0.122517    0.0297593    
0.0741811    0.118925    0.122556    0.0296512    0.074181    0.118925    0.122556    0.0296516    
0.0743213    0.119348    0.122598    0.0295247    0.0743213    0.119348    0.122598    0.0295249    
0.0744863    0.119845    0.122647    0.0293811    0.0744863    0.119845    0.122647    0.0293812    
0.0746341    0.120428    0.122691    0.0292218    0.0746341    0.120428    0.12269    0.0292209    
0.0748427    0.121072    0.122741    0.0290425    0.0748427    0.121073    0.122744    0.0290469    
0.075086    0.121785    0.122797    0.0288572    0.0750861    0.121783    0.12279    0.0288472    
0.0753539    0.122572    0.122839    0.0286398    0.075354    0.122574    0.122849    0.0286517    
0.0756367    0.123441    0.122894    0.028434    0.0756366    0.123438    0.122882    0.0284186    
0.0759444    0.124381    0.12292    0.0281865    0.0759446    0.124385    0.122934    0.0282039    
0.0762731    0.125402    0.122964    0.0279633    0.0762729    0.125399    0.122949    0.0279435    
0.0766245    0.12649    0.12297    0.0276923    0.0766248    0.126494    0.122986    0.0277132    
0.0769974    0.127654    0.122995    0.027454    0.0769971    0.127652    0.122981    0.027435    
0.0773948    0.128879    0.122983    0.027175    0.0773953    0.12888    0.122991    0.0271858    
0.0778253    0.130161    0.122975    0.0269124    0.0778248    0.130161    0.122974    0.0269115    
0.0782811    0.131492    0.122951    0.0266413    0.0782811    0.131492    0.12295    0.026641    
0.078758    0.132866    0.122913    0.0263702    0.078758    0.132866    0.122913    0.02637    
0.0792531    0.13427    0.122864    0.026101    0.0792531    0.13427    0.122864    0.0261007    
0.0797626    0.135694    0.122803    0.0258358    0.0797626    0.135694    0.122802    0.0258353    
0.080282    0.137121    0.122732    0.0255769    0.0802821    0.137121    0.122731    0.025576    
0.0808058    0.138537    0.122653    0.0253267    0.0808059    0.138537    0.122652    0.0253249    
0.081328    0.139924    0.122568    0.025088    0.0813282    0.139923    0.122565    0.025084    
0.081844    0.141262    0.122482    0.0248634    0.0818443    0.141261    0.122476    0.0248553    
0.0823487    0.142532    0.122394    0.0246534    0.0823493    0.14253    0.122387    0.0246428    
0.0828215    0.143718    0.122306    0.0244599    0.0828221    0.143717    0.1223    0.0244502    
0.0832541    0.144804    0.122223    0.0242867    0.0832546    0.144803    0.122217    0.024278    
0.0836429    0.145768    0.122147    0.0241354    0.0836434    0.145767    0.122142    0.0241286    
0.0839795    0.146595    0.122081    0.0240086    0.0839798    0.146594    0.122078    0.0240033    
0.0842576    0.14727    0.122028    0.0239076    0.0842579    0.147269    0.122025    0.023904    
0.0844704    0.147781    0.121989    0.0238342    0.0844706    0.14778    0.121988    0.0238318    
0.0846152    0.148117    0.121965    0.0237877    0.0846153    0.148118    0.121967    0.0237892    
0.0846389    0.148191    0.12201    0.0237599    0.084639    0.148191    0.12201    0.0237597    
0.0846543    0.148209    0.121975    0.0237878    0.0846544    0.148209    0.121975    0.0237879    
0.0846295    0.148131    0.12195    0.0238425    0.0846295    0.148131    0.12195    0.0238425    
0.0844444    0.147661    0.122044    0.0238999    0.0844444    0.147661    0.122044    0.0238998    
0.0842236    0.14711    0.122103    0.0239989    0.0842236    0.14711    0.122103    0.0239987    
0.0839362    0.146394    0.122173    0.0241229    0.0839362    0.146394    0.122173    0.0241224    
0.0835931    0.145535    0.122257    0.0242718    0.0835931    0.145534    0.122256    0.0242706    
0.0831977    0.14454    0.122346    0.0244433    0.0831978    0.144539    0.122343    0.0244401    
0.0827592    0.143433    0.122442    0.024636    0.0827594    0.143432    0.122437    0.0246292    
0.0822829    0.142228    0.122539    0.0248463    0.0822833    0.142226    0.122531    0.0248362    
0.0817848    0.140945    0.122636    0.0250719    0.0817855    0.140943    0.122627    0.0250593    
0.0812728    0.139599    0.122729    0.0253101    0.0812737    0.139596    0.122719    0.0252957    
0.0807548    0.138211    0.122817    0.0255589    0.0807558    0.138209    0.122806    0.0255431    
0.0802371    0.136798    0.122896    0.0258156    0.0802382    0.136796    0.122885    0.0257993    
0.0797268    0.135378    0.122965    0.026078    0.079728    0.135376    0.122955    0.0260621    
0.0792287    0.133964    0.123022    0.0263435    0.0792298    0.133963    0.123013    0.0263297    
0.0787464    0.132573    0.123066    0.0266096    0.0787474    0.132572    0.123061    0.0266005    
0.0782797    0.131216    0.123095    0.0268749    0.0782802    0.131216    0.123094    0.0268717    
0.0778303    0.129905    0.123112    0.0271399    0.0778306    0.129906    0.123113    0.0271395    
0.0774029    0.128647    0.123116    0.0274026    0.0774031    0.128648    0.123117    0.0274016    
0.0769996    0.127449    0.123108    0.0276591    0.0769997    0.12745    0.123109    0.0276588    
0.076621    0.126316    0.123088    0.027909    0.0766211    0.126317    0.123088    0.0279078    
0.0762677    0.125252    0.123057    0.0281486    0.0762678    0.125253    0.123059    0.0281495    
0.0759388    0.12426    0.12302    0.0283818    0.075939    0.12426    0.123017    0.028377    
0.0756274    0.123343    0.122967    0.0285931    0.0756273    0.123345    0.122975    0.0286038    
0.0753309    0.122507    0.122921    0.0288103    0.0753306    0.122505    0.122912    0.0287995    
0.0750737    0.121735    0.122857    0.0289914    0.0750739    0.121738    0.122866    0.0290026    
0.0748447    0.12104    0.122809    0.0291787    0.0748444    0.121037    0.1228    0.0291694    
0.074642    0.120412    0.122744    0.0293312    0.0746422    0.120415    0.122752    0.0293394    
0.0744638    0.119862    0.122696    0.0294832    0.0744635    0.11986    0.122689    0.0294764    
0.0743024    0.119382    0.12264    0.0296107    0.074303    0.119383    0.122638    0.029604    
0.0741689    0.118973    0.122593    0.0297187    0.0741692    0.118972    0.12259    0.0297145    
0.0740596    0.118631    0.12255    0.0298094    0.0740601    0.118631    0.122548    0.0298055    
0.0739732    0.118358    0.122515    0.0298809    0.0739736    0.118358    0.122513    0.0298779    
0.073909    0.118153    0.122486    0.0299335    0.0739093    0.118153    0.122485    0.0299308    
0.073893    0.118081    0.122428    0.0299744    0.0738931    0.118081    0.12243    0.0299761    
0.0738581    0.11798    0.122413    0.0299921    0.0738582    0.117979    0.12241    0.0299885    
0.0738581    0.11798    0.122413    0.0299921    0.0738582    0.117979    0.12241    0.0299885    
0.0738584    0.117996    0.122449    0.0299436    0.0738584    0.117996    0.12245    0.0299455    
0.0738785    0.118071    0.122515    0.0298959    0.0738786    0.118071    0.122514    0.0298945    
0.0739292    0.118224    0.122563    0.0298154    0.0739292    0.118224    0.122565    0.0298173    
0.0740757    0.118595    0.122524    0.0297577    0.0740755    0.118595    0.122525    0.0297596    
0.0741784    0.118917    0.12255    0.0296515    0.0741783    0.118917    0.122551    0.0296528    
0.0743163    0.119331    0.122603    0.0295341    0.0743162    0.119331    0.122603    0.0295351    
0.0744686    0.119794    0.122638    0.0293946    0.0744686    0.119794    0.122639    0.0293953    
0.0746156    0.120363    0.122691    0.0292444    0.0746157    0.120362    0.122688    0.0292411    
0.074823    0.12097    0.122731    0.0290662    0.0748229    0.120971    0.122737    0.0290747    
0.0750604    0.121665    0.122795    0.0288895    0.0750603    0.121663    0.122787    0.0288801    
0.0753078    0.122425    0.122829    0.0286768    0.0753079    0.122428    0.122839    0.02869    
0.0755855    0.123273    0.122888    0.0284771    0.0755853    0.123269    0.122877    0.0284628    
0.0758799    0.124184    0.122912    0.0282347    0.0758801    0.124187    0.122925    0.028252    
0.0762026    0.12518    0.12296    0.0280163    0.0762024    0.125176    0.122945    0.0279973    
0.0765436    0.126239    0.122966    0.0277498    0.0765438    0.126242    0.122982    0.0277705    
0.0769093    0.127378    0.122996    0.027516    0.0769089    0.127375    0.122981    0.0274964    
0.0772956    0.128575    0.122983    0.0272389    0.0772961    0.128577    0.122993    0.0272522    
0.0777151    0.129835    0.122981    0.0269818    0.0777145    0.129834    0.122979    0.0269791    
0.0781607    0.131142    0.122958    0.0267126    0.0781609    0.131142    0.122958    0.0267119    
0.0786289    0.132495    0.122925    0.0264436    0.0786289    0.132494    0.122925    0.0264431    
0.079115    0.13388    0.122879    0.0261758    0.0791151    0.13388    0.122879    0.0261753    
0.079617    0.135288    0.122822    0.0259115    0.0796171    0.135288    0.122822    0.0259108    
0.0801295    0.136704    0.122754    0.0256529    0.0801296    0.136703    0.122753    0.0256516    
0.0806483    0.138112    0.122679    0.0254024    0.0806484    0.138112    0.122677    0.0254    
0.0811672    0.139496    0.122597    0.0251626    0.0811674    0.139495    0.122593    0.0251576    
0.081683    0.140837    0.122512    0.0249362    0.0816834    0.140835    0.122505    0.0249268    
0.0821887    0.142114    0.122425    0.024723    0.0821893    0.142112    0.122418    0.0247119    
0.0826636    0.143316    0.122338    0.024526    0.0826642    0.143314    0.122331    0.0245156    
0.0831023    0.144422    0.122254    0.0243483    0.0831029    0.14442    0.122248    0.0243392    
0.0834998    0.145413    0.122176    0.0241919    0.0835003    0.145412    0.122171    0.0241846    
0.0838479    0.146272    0.122108    0.0240592    0.0838483    0.146271    0.122104    0.0240534    
0.0841401    0.146984    0.122052    0.0239517    0.0841404    0.146984    0.122049    0.0239475    
0.0843695    0.147537    0.122009    0.023871    0.0843697    0.147537    0.122007    0.0238682    
0.0845335    0.14792    0.121981    0.0238165    0.0845336    0.147921    0.121983    0.0238182    
0.0845649    0.148018    0.122037    0.0237764    0.084565    0.148018    0.122037    0.023776    
0.0846237    0.148121    0.121963    0.0238058    0.0846238    0.148121    0.121964    0.0238063    
0.0845831    0.148023    0.12198    0.0238388    0.0845832    0.148023    0.12198    0.023838    
0.0844392    0.147682    0.12204    0.0238951    0.0844392    0.147683    0.122041    0.0238957    
0.0842474    0.147175    0.122092    0.0239841    0.0842473    0.147175    0.122094    0.023986    
0.0839801    0.146515    0.122159    0.0240991    0.08398    0.146516    0.122162    0.0241028    
0.0836513    0.145704    0.122235    0.0242384    0.0836511    0.145705    0.122239    0.024244    
0.0832725    0.144758    0.122321    0.0244005    0.0832722    0.144759    0.122326    0.024408    
0.0828495    0.143691    0.122412    0.0245831    0.082849    0.143693    0.122418    0.0245923    
0.0823923    0.142523    0.122507    0.0247841    0.0823917    0.142525    0.122515    0.0247951    
0.081908    0.14127    0.122602    0.0250012    0.0819073    0.141272    0.12261    0.0250138    
0.0814065    0.139952    0.122695    0.0252321    0.0814057    0.139954    0.122704    0.0252464    
0.080895    0.138586    0.122782    0.0254745    0.080894    0.138589    0.122793    0.02549    
0.0803818    0.137192    0.122863    0.0257263    0.0803808    0.137194    0.122874    0.0257425    
0.0798733    0.135784    0.122935    0.0259852    0.0798721    0.135786    0.122945    0.0260013    
0.0793755    0.134379    0.122997    0.0262494    0.0793744    0.134381    0.123006    0.0262639    
0.0788921    0.132992    0.123047    0.0265172    0.0788911    0.132993    0.123053    0.0265279    
0.0784242    0.131635    0.123085    0.0267864    0.0784235    0.131635    0.123087    0.0267913    
0.0779721    0.130321    0.123108    0.0270535    0.0779718    0.13032    0.123107    0.0270542    
0.0775408    0.129056    0.123116    0.0273151    0.0775407    0.129055    0.123116    0.0273159    
0.077133    0.127848    0.123112    0.0275717    0.0771329    0.127847    0.123111    0.0275723    
0.0767495    0.126703    0.123096    0.0278214    0.0767494    0.126703    0.123095    0.0278221    
0.076391    0.125625    0.12307    0.028063    0.0763909    0.125625    0.123069    0.0280634    
0.0760575    0.124617    0.123034    0.0282942    0.0760574    0.124617    0.123033    0.0282954    
0.075749    0.123682    0.122991    0.0285159    0.0757489    0.123681    0.122989    0.0285146    
0.0754627    0.12282    0.122939    0.0287199    0.0754625    0.12282    0.122943    0.028727    
0.0751858    0.12204    0.122889    0.0289237    0.0751858    0.122038    0.122881    0.0289135    
0.0749426    0.121326    0.122825    0.0290943    0.0749429    0.121329    0.122833    0.0291034    
0.0747319    0.120686    0.122776    0.0292677    0.0747317    0.120684    0.122769    0.0292591    
0.0745461    0.120114    0.122715    0.0294081    0.0745464    0.120116    0.122721    0.0294152    
0.0743789    0.119619    0.122663    0.0295398    0.0743783    0.119618    0.122665    0.0295465    
0.0742391    0.11919    0.122615    0.0296546    0.0742387    0.119191    0.122618    0.0296586    
0.074124    0.118831    0.122572    0.0297501    0.0741236    0.118831    0.122574    0.0297537    
0.0740318    0.118539    0.122536    0.0298272    0.0740314    0.11854    0.122537    0.02983    
0.0739617    0.118316    0.122506    0.0298851    0.0739614    0.118316    0.122507    0.0298875    
0.0739433    0.118236    0.122444    0.0299366    0.0739432    0.118235    0.122442    0.0299351    
0.0739036    0.118117    0.122418    0.0299558    0.0739035    0.118118    0.12242    0.0299588    
0.0739036    0.118117    0.122418    0.0299558    0.0739035    0.118118    0.12242    0.0299588    
0.0738982    0.118119    0.122459    0.0299242    0.0738981    0.118119    0.122458    0.0299223    
0.07391    0.118164    0.122501    0.0298791    0.0739099    0.118165    0.122502    0.0298803    
0.0739468    0.118284    0.122562    0.0298085    0.0739468    0.118283    0.122561    0.0298072    
0.0740832    0.118627    0.122527    0.0297507    0.0740832    0.118627    0.122527    0.0297494    
0.0741826    0.118933    0.122555    0.0296514    0.0741826    0.118933    0.122555    0.0296505    
0.0743121    0.119322    0.122601    0.0295384    0.0743122    0.119322    0.122601    0.0295378    
0.0744595    0.119769    0.122639    0.0294051    0.0744596    0.119769    0.122638    0.0294047    
0.0745992    0.120311    0.122684    0.0292565    0.0745992    0.120312    0.122686    0.0292589    
0.0747971    0.120902    0.122733    0.0290953    0.0747973    0.120901    0.122728    0.0290875    
0.0750282    0.121569    0.12278    0.0289064    0.0750283    0.121571    0.122787    0.0289151    
0.0752696    0.122312    0.122834    0.0287212    0.0752696    0.122309    0.122824    0.0287086    
0.075539    0.123128    0.12287    0.0284994    0.0755392    0.123131    0.122881    0.0285131    
0.0758268    0.124022    0.12292    0.028293    0.0758266    0.124019    0.122907    0.0282763    
0.0761407    0.124986    0.12294    0.0280433    0.0761409    0.124989    0.122955    0.0280618    
0.0764748    0.126027    0.122979    0.0278204    0.0764746    0.126024    0.122963    0.0278001    
0.0768318    0.127134    0.122979    0.0275502    0.0768321    0.127138    0.122994    0.0275702    
0.0772103    0.128312    0.122996    0.0273107    0.0772099    0.12831    0.122984    0.0272956    
0.0776177    0.129546    0.122982    0.0270388    0.0776183    0.129547    0.122986    0.0270436    
0.0780551    0.130832    0.122965    0.0267754    0.0780549    0.130832    0.122965    0.0267761    
0.0785143    0.132164    0.122935    0.0265089    0.0785142    0.132164    0.122935    0.0265093    
0.0789923    0.133531    0.122892    0.0262428    0.0789922    0.133531    0.122892    0.0262432    
0.0794865    0.134923    0.122838    0.0259795    0.0794865    0.134923    0.122838    0.02598    
0.0799924    0.136326    0.122773    0.025721    0.0799923    0.136326    0.122774    0.0257218    
0.0805054    0.137725    0.1227    0.0254694    0.0805054    0.137726    0.122701    0.025471    
0.0810198    0.139105    0.122618    0.0252268    0.0810196    0.139105    0.122621    0.0252301    
0.0815307    0.140446    0.122532    0.0249949    0.0815304    0.140447    0.122537    0.0250019    
0.0820347    0.141729    0.122445    0.0247769    0.0820342    0.141731    0.122452    0.0247876    
0.0825162    0.14294    0.122359    0.0245775    0.0825156    0.142941    0.122366    0.0245877    
0.0829598    0.144062    0.122276    0.0243971    0.0829592    0.144063    0.122282    0.0244067    
0.083365    0.145074    0.122199    0.0242382    0.0833645    0.145075    0.122204    0.0242458    
0.0837224    0.145961    0.12213    0.0241019    0.0837219    0.145962    0.122134    0.0241081    
0.0840266    0.146705    0.122072    0.0239903    0.0840263    0.146706    0.122075    0.0239948    
0.08427    0.147296    0.122027    0.0239046    0.0842698    0.147296    0.122029    0.0239078    
0.0844478    0.147721    0.121997    0.0238463    0.0844476    0.147721    0.121998    0.0238481    
0.0845563    0.147973    0.121984    0.0238168    0.0845563    0.147973    0.121983    0.0238157    
0.0845563    0.147973    0.121984    0.0238168    0.0845563    0.147973    0.121983    0.0238157    
0.0845546    0.147972    0.122006    0.0238396    0.0845546    0.147972    0.122006    0.0238396    
0.0844305    0.147665    0.122033    0.023895    0.0844304    0.147665    0.122033    0.023895    
0.0842638    0.147216    0.12209    0.0239763    0.0842638    0.147216    0.12209    0.0239764    
0.0840159    0.146598    0.122149    0.0240839    0.0840159    0.146598    0.122149    0.0240841    
0.0837117    0.145836    0.122226    0.0242167    0.0837117    0.145836    0.122226    0.0242171    
0.0833514    0.144929    0.122307    0.0243716    0.0833514    0.14493    0.122308    0.0243729    
0.0829473    0.143904    0.122398    0.0245474    0.0829472    0.143905    0.1224    0.0245506    
0.0825016    0.142771    0.122488    0.0247409    0.0825013    0.142773    0.122494    0.0247476    
0.0820246    0.141554    0.122582    0.0249513    0.0820242    0.141556    0.12259    0.0249617    
0.0815273    0.140265    0.122673    0.0251764    0.0815266    0.140267    0.122682    0.0251892    
0.0810218    0.138924    0.122762    0.0254138    0.0810209    0.138926    0.122771    0.0254284    
0.0805119    0.137547    0.122843    0.025661    0.0805109    0.13755    0.122853    0.0256767    
0.0800061    0.136154    0.122917    0.025916    0.080005    0.136156    0.122927    0.025932    
0.0795088    0.134759    0.122981    0.0261767    0.0795076    0.134761    0.12299    0.0261916    
0.0790253    0.133377    0.123034    0.0264415    0.0790243    0.133378    0.123041    0.0264534    
0.0785567    0.132021    0.123075    0.0267083    0.0785559    0.132021    0.123078    0.0267149    
0.0781036    0.130705    0.123102    0.0269743    0.0781032    0.130704    0.123102    0.0269757    
0.0776692    0.129435    0.123115    0.0272353    0.077669    0.129434    0.123114    0.0272358    
0.0772577    0.12822    0.123114    0.0274912    0.0772576    0.128219    0.123114    0.027492    
0.07687    0.127065    0.123102    0.0277411    0.0768699    0.127064    0.123101    0.0277415    
0.0765069    0.125976    0.123079    0.0279826    0.0765068    0.125975    0.123078    0.0279837    
0.0761685    0.124955    0.123047    0.028216    0.0761685    0.124954    0.123045    0.0282153    
0.0758544    0.124006    0.123005    0.0284352    0.0758542    0.124005    0.123007    0.0284398    
0.0755565    0.123133    0.122962    0.0286528    0.0755566    0.123131    0.122954    0.0286424    
0.0752745    0.122334    0.1229    0.0288398    0.0752747    0.122337    0.122908    0.0288499    
0.0750317    0.121607    0.122855    0.0290327    0.0750315    0.121604    0.122846    0.0290222    
0.0748152    0.120946    0.122791    0.0291905    0.0748155    0.120949    0.122799    0.0291992    
0.0746255    0.120361    0.122745    0.02935    0.0746253    0.120359    0.122738    0.0293424    
0.0744588    0.119843    0.122686    0.0294777    0.074459    0.119846    0.122692    0.029484    
0.0743103    0.119402    0.122639    0.0295953    0.0743097    0.119401    0.122641    0.0296015    
0.074188    0.119026    0.122595    0.0296957    0.0741876    0.119027    0.122597    0.0296996    
0.0740898    0.118719    0.122558    0.0297768    0.0740894    0.118719    0.122559    0.0297803    
0.0740141    0.118479    0.122527    0.0298394    0.0740138    0.118479    0.122528    0.029842    
0.0739937    0.11839    0.122458    0.0298969    0.0739936    0.11839    0.122457    0.0298952    
0.0739495    0.118257    0.122426    0.0299216    0.0739493    0.118258    0.122429    0.0299249    
0.0739495    0.118257    0.122426    0.0299216    0.0739493    0.118258    0.122429    0.0299249    
0.073936    0.11824    0.122479    0.0298992    0.0739359    0.118239    0.122476    0.0298956    
0.073942    0.11826    0.122494    0.0298599    0.0739419    0.118261    0.122496    0.0298622    
0.0739702    0.118358    0.122561    0.029797    0.0739701    0.118358    0.12256    0.0297951    
0.0740943    0.118669    0.122531    0.0297393    0.0740944    0.118669    0.122531    0.0297374    
0.0741908    0.118962    0.122561    0.0296466    0.0741909    0.118961    0.122561    0.0296454    
0.0743128    0.119328    0.122601    0.029538    0.0743129    0.119328    0.1226    0.029537    
0.0744556    0.119759    0.12264    0.0294106    0.0744557    0.119759    0.12264    0.02941    
0.0746234    0.120264    0.122687    0.0292669    0.0746235    0.120264    0.122687    0.0292665    
0.0747724    0.120855    0.122726    0.0291064    0.0747724    0.120855    0.122727    0.0291083    
0.0749874    0.121504    0.122779    0.0289353    0.0749875    0.121503    0.122774    0.0289279    
0.0752349    0.122218    0.12282    0.0287355    0.0752349    0.12222    0.122828    0.0287456    
0.0754977    0.123016    0.122875    0.0285431    0.0754976    0.123013    0.122864    0.0285298    
0.0757816    0.123881    0.122902    0.0283118    0.0757818    0.123884    0.122915    0.0283274    
0.0760878    0.124828    0.12295    0.0281006    0.0760876    0.124825    0.122936    0.0280826    
0.0764154    0.12584    0.12296    0.0278437    0.0764157    0.125843    0.122976    0.0278635    
0.0767653    0.12693    0.122993    0.0276172    0.076765    0.126926    0.122977    0.0275972    
0.0771355    0.12808    0.122984    0.0273456    0.077136    0.128082    0.122997    0.0273619    
0.0775339    0.129295    0.122989    0.0270984    0.0775334    0.129294    0.122983    0.0270915    
0.0779618    0.130559    0.122971    0.0268325    0.0779621    0.130558    0.12297    0.0268321    
0.0784128    0.13187    0.122943    0.026568    0.0784128    0.13187    0.122943    0.0265678    
0.078883    0.133219    0.122903    0.0263038    0.0788831    0.133219    0.122903    0.0263036    
0.0793698    0.134595    0.122853    0.0260419    0.0793698    0.134595    0.122852    0.0260417    
0.0798691    0.135985    0.122791    0.0257844    0.0798691    0.135985    0.122791    0.0257841    
0.0803763    0.137375    0.12272    0.0255336    0.0803764    0.137375    0.12272    0.025533    
0.0808858    0.138748    0.122642    0.0252917    0.0808859    0.138748    0.122641    0.0252907    
0.0813915    0.140089    0.122559    0.0250614    0.0813916    0.140089    0.122558    0.0250591    
0.081887    0.141379    0.122474    0.0248452    0.0818872    0.141378    0.122471    0.0248401    
0.0823687    0.142597    0.122391    0.0246452    0.0823691    0.142596    0.122384    0.0246362    
0.0828242    0.143728    0.122308    0.0244611    0.0828247    0.143726    0.122302    0.0244524    
0.0832355    0.144757    0.122229    0.0242972    0.083236    0.144756    0.122224    0.0242891    
0.0836024    0.145665    0.122158    0.0241549    0.0836028    0.145664    0.122154    0.0241486    
0.0839162    0.146437    0.122097    0.0240369    0.0839166    0.146437    0.122094    0.0240319    
0.0841723    0.147059    0.122049    0.0239442    0.0841726    0.147059    0.122047    0.0239408    
0.084364    0.14752    0.122015    0.0238786    0.0843642    0.14752    0.122014    0.0238763    
0.084489    0.14781    0.121996    0.0238393    0.084489    0.147811    0.121997    0.0238407    
0.0845063    0.147865    0.122031    0.0238213    0.0845063    0.147865    0.122031    0.0238211    
0.0845094    0.147861    0.122012    0.0238499    0.0845095    0.147861    0.122012    0.0238499    
0.0844757    0.147753    0.121966    0.0239164    0.0844757    0.147753    0.121966    0.0239164    
0.0842655    0.147225    0.122084    0.0239706    0.0842655    0.147225    0.122084    0.0239707    
0.08404    0.14666    0.122145    0.0240725    0.08404    0.14666    0.122145    0.0240726    
0.0837499    0.145935    0.122213    0.0241976    0.0837499    0.145935    0.122213    0.0241977    
0.0834086    0.145074    0.122295    0.0243465    0.0834086    0.145075    0.122295    0.0243469    
0.0830177    0.144084    0.122381    0.0245159    0.0830177    0.144084    0.122381    0.0245171    
0.0825894    0.142988    0.122473    0.0247044    0.0825893    0.142989    0.122476    0.0247074    
0.0821267    0.141798    0.122564    0.0249088    0.0821265    0.141799    0.122569    0.0249153    
0.0816389    0.140538    0.122655    0.025128    0.0816385    0.14054    0.122663    0.0251386    
0.0811355    0.139221    0.122742    0.0253602    0.0811348    0.139223    0.122751    0.0253734    
0.0806301    0.137865    0.122825    0.025603    0.0806292    0.137867    0.122835    0.025618    
0.0801261    0.136486    0.122899    0.025854    0.080125    0.136489    0.12291    0.0258696    
0.0796306    0.135103    0.122966    0.0261113    0.0796295    0.135105    0.122975    0.0261264    
0.0791469    0.133727    0.123021    0.026373    0.0791458    0.133729    0.123028    0.0263857    
0.0786784    0.132375    0.123065    0.0266374    0.0786776    0.132375    0.123069    0.0266453    
0.0782246    0.131058    0.123096    0.0269017    0.0782241    0.131057    0.123096    0.0269041    
0.0777883    0.129785    0.123112    0.0271621    0.0777881    0.129784    0.123111    0.0271624    
0.0773737    0.128565    0.123115    0.027417    0.0773735    0.128564    0.123114    0.0274179    
0.0769826    0.127403    0.123106    0.0276667    0.0769825    0.127402    0.123105    0.027667    
0.0766155    0.126304    0.123086    0.0279083    0.0766154    0.126303    0.123086    0.0279094    
0.0762731    0.125273    0.123058    0.0281423    0.076273    0.125272    0.123056    0.0281415    
0.0759546    0.124311    0.123018    0.0283625    0.0759544    0.124311    0.12302    0.0283669    
0.0756535    0.123425    0.122978    0.0285812    0.0756535    0.123423    0.12297    0.0285711    
0.0753664    0.122613    0.122918    0.0287698    0.0753666    0.122615    0.122927    0.0287804    
0.0751179    0.121872    0.122874    0.0289652    0.0751177    0.121869    0.122865    0.0289544    
0.0748965    0.121196    0.122812    0.029125    0.0748968    0.121199    0.12282    0.0291341    
0.0747018    0.120598    0.122767    0.0292877    0.0747016    0.120595    0.122759    0.0292797    
0.0745303    0.120065    0.122708    0.029418    0.0745305    0.120067    0.122715    0.0294246    
0.0743766    0.119609    0.122661    0.0295389    0.074376    0.119608    0.122663    0.0295453    
0.0742494    0.119218    0.122616    0.029643    0.074249    0.119218    0.122619    0.0296468    
0.0741464    0.118896    0.122578    0.0297278    0.074146    0.118895    0.12258    0.0297312    
0.0740659    0.118641    0.122546    0.0297943    0.0740656    0.118641    0.122548    0.0297968    
0.0740074    0.118453    0.122522    0.0298417    0.0740071    0.118453    0.122523    0.0298439    
0.0739934    0.118391    0.122473    0.0298801    0.0739933    0.11839    0.122472    0.0298788    
0.0739934    0.118391    0.122473    0.0298801    0.0739933    0.11839    0.122472    0.0298788    
0.0739934    0.118391    0.122473    0.0298801    0.0739933    0.11839    0.122472    0.0298788    
0.0739847    0.118378    0.122486    0.0298367    0.0739846    0.118378    0.122488    0.0298385    
0.0740032    0.118453    0.122559    0.0297847    0.0740031    0.118452    0.122558    0.0297836    
0.0741072    0.118717    0.122532    0.0297236    0.0741072    0.118717    0.122532    0.0297225    
0.0742041    0.119004    0.122571    0.0296387    0.0742042    0.119004    0.122571    0.0296379    
0.0743167    0.119344    0.122599    0.029533    0.0743167    0.119344    0.122599    0.0295324    
0.0744575    0.119766    0.122645    0.029412    0.0744575    0.119766    0.122644    0.0294116    
0.0746166    0.120247    0.122683    0.029272    0.0746166    0.120247    0.122683    0.0292718    
0.0747636    0.120824    0.122727    0.0291176    0.0747636    0.120824    0.122728    0.0291188    
0.0749665    0.121451    0.122773    0.0289492    0.0749666    0.121451    0.122769    0.0289439    
0.0752082    0.12215    0.122817    0.0287558    0.0752082    0.122152    0.122825    0.0287657    
0.0754667    0.122923    0.122869    0.0285667    0.0754666    0.12292    0.122859    0.0285543    
0.075745    0.12377    0.122899    0.0283408    0.0757451    0.123773    0.122912    0.0283559    
0.0760441    0.124694    0.122945    0.0281329    0.0760439    0.12469    0.122931    0.0281155    
0.0763659    0.125685    0.122959    0.0278807    0.0763662    0.125689    0.122974    0.0279    
0.0767083    0.126753    0.122991    0.0276574    0.076708    0.126749    0.122975    0.0276375    
0.0770722    0.127882    0.122985    0.027389    0.0770726    0.127885    0.122998    0.0274061    
0.0774613    0.129076    0.122991    0.027146    0.0774608    0.129075    0.122985    0.0271374    
0.0778809    0.130321    0.122975    0.0268818    0.0778813    0.130321    0.122975    0.026882    
0.078324    0.131612    0.12295    0.0266198    0.078324    0.131612    0.12295    0.0266199    
0.0787871    0.132944    0.122913    0.0263577    0.0787871    0.132944    0.122913    0.0263577    
0.0792666    0.134304    0.122864    0.0260972    0.0792666    0.134304    0.122865    0.0260973    
0.0797595    0.135681    0.122806    0.0258407    0.0797595    0.135681    0.122806    0.0258409    
0.080261    0.137059    0.122737    0.0255902    0.080261    0.13706    0.122737    0.0255905    
0.080766    0.138426    0.122661    0.025348    0.0807659    0.138426    0.122662    0.0253486    
0.081268    0.139763    0.122579    0.025116    0.081268    0.139763    0.12258    0.0251174    
0.081761    0.141053    0.122494    0.0248964    0.0817609    0.141053    0.122497    0.0248997    
0.0822394    0.142276    0.122408    0.0246909    0.0822392    0.142278    0.122413    0.0246979    
0.0826981    0.143416    0.122326    0.0245036    0.0826977    0.143417    0.122332    0.0245124    
0.0831169    0.144458    0.122248    0.0243373    0.0831164    0.144459    0.122253    0.0243452    
0.0834894    0.145385    0.122177    0.0241929    0.083489    0.145386    0.122181    0.0241997    
0.0838122    0.146179    0.122116    0.0240721    0.0838118    0.14618    0.122119    0.0240772    
0.084078    0.146828    0.122066    0.0239761    0.0840777    0.146829    0.122068    0.02398    
0.0842819    0.14732    0.12203    0.0239065    0.0842817    0.147321    0.122032    0.0239089    
0.0844208    0.147645    0.122011    0.0238653    0.0844207    0.147645    0.122009    0.0238638    
0.0844437    0.147717    0.122052    0.0238364    0.0844436    0.147717    0.122052    0.0238366    
0.0844595    0.147736    0.122018    0.0238635    0.0844595    0.147736    0.122018    0.0238634    
0.0844358    0.147663    0.121995    0.023915    0.0844358    0.147663    0.121995    0.023915    
0.0842611    0.147217    0.122083    0.0239702    0.0842611    0.147217    0.122083    0.0239702    
0.0840513    0.146691    0.122139    0.0240649    0.0840513    0.146691    0.122139    0.0240652    
0.0837779    0.146007    0.122205    0.0241835    0.0837778    0.146007    0.122205    0.0241842    
0.0834507    0.145184    0.122283    0.0243257    0.0834507    0.145184    0.122284    0.0243274    
0.0830727    0.144231    0.122366    0.0244884    0.0830725    0.144232    0.122369    0.0244925    
0.082652    0.143169    0.122455    0.0246704    0.0826517    0.14317    0.12246    0.024678    
0.0821964    0.142011    0.122545    0.02487    0.0821959    0.142013    0.122552    0.0248803    
0.0817203    0.140777    0.122636    0.0250851    0.0817196    0.140779    0.122645    0.0250976    
0.0812288    0.139481    0.122724    0.0253131    0.081228    0.139483    0.122733    0.0253272    
0.0807306    0.138143    0.122808    0.025552    0.0807296    0.138146    0.122818    0.0255673    
0.0802314    0.13678    0.122884    0.0257994    0.0802303    0.136782    0.122894    0.0258152    
0.0797383    0.135408    0.122951    0.0260534    0.0797371    0.13541    0.122961    0.0260688    
0.0792558    0.13404    0.123008    0.0263121    0.0792547    0.134042    0.123017    0.0263256    
0.0787877    0.132693    0.123055    0.0265739    0.0787868    0.132693    0.12306    0.0265831    
0.078334    0.131377    0.123089    0.0268364    0.0783334    0.131376    0.12309    0.02684    
0.0778965    0.130103    0.123109    0.0270959    0.0778963    0.130102    0.123108    0.0270963    
0.0774797    0.128879    0.123115    0.0273499    0.0774796    0.128878    0.123114    0.0273507    
0.0770859    0.127712    0.123109    0.0275989    0.0770858    0.127711    0.123108    0.0275994    
0.0767157    0.126606    0.123092    0.0278405    0.0767156    0.126605    0.123092    0.0278414    
0.0763699    0.125566    0.123066    0.0280743    0.0763698    0.125565    0.123065    0.0280742    
0.0760483    0.124594    0.12303    0.0282964    0.0760482    0.124593    0.123031    0.0282988    
0.0757493    0.123694    0.122991    0.0285125    0.0757493    0.123693    0.122986    0.0285071    
0.0754619    0.12287    0.122935    0.0287042    0.0754619    0.122872    0.122944    0.0287158    
0.075201    0.12212    0.122892    0.0289014    0.0752007    0.122117    0.122883    0.0288917    
0.074975    0.121432    0.122831    0.0290634    0.0749752    0.121435    0.122839    0.0290733    
0.0747745    0.120821    0.122786    0.0292287    0.0747742    0.120819    0.122779    0.0292207    
0.0745987    0.120276    0.122728    0.0293613    0.074599    0.120278    0.122735    0.0293683    
0.0744403    0.119807    0.122681    0.0294852    0.0744397    0.119806    0.122683    0.0294917    
0.0743087    0.119403    0.122637    0.0295923    0.0743083    0.119403    0.122639    0.0295961    
0.0742015    0.119067    0.122598    0.0296804    0.074201    0.119067    0.1226    0.0296837    
0.0741167    0.118799    0.122565    0.0297503    0.0741164    0.118799    0.122567    0.0297527    
0.0740539    0.118598    0.122539    0.0298013    0.0740537    0.118598    0.12254    0.0298033    
0.0740383    0.118529    0.122486    0.0298443    0.0740382    0.118528    0.122485    0.0298431    
0.0740383    0.118529    0.122486    0.0298443    0.0740382    0.118528    0.122485    0.0298431    
0.0740383    0.118529    0.122486    0.0298443    0.0740382    0.118528    0.122485    0.0298431    
0.0740056    0.118452    0.1225    0.0298145    0.0740054    0.118453    0.122504    0.0298192    
0.0740249    0.118525    0.122566    0.0297632    0.0740249    0.118525    0.122563    0.0297598    
0.0741287    0.118784    0.122546    0.0297096    0.074129    0.118784    0.122544    0.0297064    
0.0742169    0.119047    0.122573    0.0296267    0.0742171    0.119047    0.122572    0.0296245    
0.074328    0.11938    0.122607    0.0295268    0.0743283    0.11938    0.122606    0.0295252    
0.074461    0.119779    0.122644    0.0294088    0.0744611    0.119779    0.122643    0.0294078    
0.0746172    0.12025    0.122687    0.0292741    0.0746173    0.12025    0.122686    0.0292734    
0.0747585    0.120805    0.122724    0.029122    0.0747584    0.120805    0.122726    0.0291252    
0.0749669    0.121416    0.122775    0.0289608    0.074967    0.121414    0.122769    0.0289525    
0.0751988    0.122094    0.122814    0.0287698    0.0751989    0.122097    0.122822    0.0287796    
0.0754466    0.122854    0.122867    0.0285857    0.0754465    0.122852    0.122857    0.0285727    
0.0757176    0.123681    0.122896    0.0283634    0.0757178    0.123684    0.122908    0.0283781    
0.0760103    0.124588    0.122943    0.0281594    0.0760101    0.124584    0.122929    0.0281422    
0.0763251    0.125558    0.122956    0.027911    0.0763254    0.125562    0.122971    0.0279299    
0.0766618    0.126607    0.12299    0.0276911    0.0766615    0.126603    0.122975    0.0276713    
0.0770187    0.127715    0.122984    0.0274256    0.0770191    0.127718    0.122998    0.0274434    
0.0774005    0.128891    0.122994    0.0271869    0.0774    0.12889    0.122986    0.0271768    
0.0778117    0.130116    0.122978    0.0269242    0.0778121    0.130116    0.122979    0.0269252    
0.078248    0.13139    0.122955    0.0266649    0.0782479    0.131391    0.122956    0.0266653    
0.0787038    0.132705    0.122921    0.0264048    0.0787038    0.132705    0.122921    0.026405    
0.0791767    0.13405    0.122875    0.026146    0.0791767    0.13405    0.122875    0.0261463    
0.0796633    0.135412    0.122818    0.0258907    0.0796633    0.135413    0.122819    0.0258911    
0.0801593    0.13678    0.122752    0.0256409    0.0801592    0.13678    0.122753    0.0256417    
0.0806595    0.138138    0.122678    0.0253988    0.0806594    0.138138    0.122679    0.0254002    
0.0811584    0.139469    0.122598    0.0251662    0.0811583    0.13947    0.1226    0.0251693    
0.0816508    0.140757    0.122514    0.024945    0.0816506    0.140758    0.122519    0.0249516    
0.0821335    0.141981    0.12243    0.0247382    0.0821331    0.141983    0.122437    0.0247483    
0.0825905    0.143127    0.122348    0.0245503    0.08259    0.143129    0.122355    0.0245598    
0.083008    0.144181    0.12227    0.0243816    0.0830074    0.144183    0.122275    0.0243905    
0.0833853    0.145123    0.122198    0.0242346    0.0833848    0.145124    0.122203    0.0242416    
0.0837136    0.145936    0.122136    0.0241101    0.0837132    0.145937    0.122139    0.0241158    
0.0839881    0.146608    0.122084    0.0240103    0.0839878    0.146608    0.122087    0.0240143    
0.0842016    0.147126    0.122046    0.0239361    0.0842014    0.147126    0.122048    0.0239389    
0.0843526    0.14748    0.122024    0.0238903    0.0843526    0.14748    0.122023    0.0238885    
0.0843804    0.147567    0.122073    0.0238531    0.0843804    0.147567    0.122073    0.0238535    
0.0844229    0.147638    0.122013    0.023882    0.0844228    0.147638    0.122012    0.0238816    
0.0843904    0.147554    0.122016    0.0239186    0.0843903    0.147554    0.122016    0.0239191    
0.0842388    0.147198    0.122084    0.0239731    0.0842387    0.147198    0.122083    0.0239727    
0.0840531    0.1467    0.122136    0.0240619    0.0840532    0.1467    0.122135    0.0240608    
0.0837942    0.146055    0.122201    0.024176    0.0837943    0.146054    0.122199    0.0241732    
0.0834768    0.145267    0.122276    0.024314    0.083477    0.145265    0.122272    0.0243089    
0.0831091    0.14435    0.122358    0.0244736    0.0831094    0.144348    0.122353    0.0244664    
0.082701    0.143318    0.122447    0.0246528    0.0827015    0.143316    0.12244    0.0246438    
0.08226    0.142188    0.122538    0.0248496    0.0822606    0.142186    0.12253    0.0248388    
0.0817939    0.140978    0.122629    0.0250618    0.0817946    0.140976    0.122621    0.0250493    
0.0813106    0.139705    0.122718    0.025287    0.0813115    0.139703    0.122709    0.0252732    
0.080818    0.138386    0.122803    0.0255231    0.080819    0.138384    0.122793    0.025508    
0.0803232    0.137038    0.12288    0.0257675    0.0803242    0.137036    0.12287    0.0257518    
0.0798326    0.135678    0.122948    0.0260181    0.0798337    0.135676    0.122938    0.0260026    
0.0793518    0.13432    0.123006    0.0262723    0.0793529    0.134318    0.122997    0.0262583    
0.0788845    0.132977    0.123051    0.0265277    0.0788855    0.132976    0.123046    0.0265175    
0.0784318    0.131663    0.123084    0.0267827    0.0784325    0.131664    0.123082    0.0267779    
0.0779942    0.13039    0.123104    0.027037    0.0779946    0.130391    0.123105    0.0270362    
0.0775761    0.129164    0.123113    0.02729    0.0775762    0.129165    0.123114    0.0272893    
0.0771802    0.127993    0.12311    0.027538    0.0771803    0.127994    0.123111    0.0275374    
0.0768076    0.126882    0.123096    0.0277794    0.0768077    0.126883    0.123097    0.0277787    
0.076459    0.125835    0.123073    0.0280126    0.0764591    0.125836    0.123073    0.028012    
0.0761346    0.124855    0.12304    0.0282362    0.0761346    0.124856    0.123041    0.0282356    
0.0758344    0.123945    0.123001    0.0284489    0.0758345    0.123946    0.123002    0.0284485    
0.0755585    0.123107    0.122956    0.0286499    0.0755586    0.123107    0.122956    0.0286488    
0.0753061    0.122339    0.122906    0.028836    0.0753062    0.12234    0.122909    0.0288377    
0.075071    0.121647    0.122858    0.0290144    0.0750711    0.121647    0.122853    0.0290063    
0.0748508    0.121028    0.122799    0.0291657    0.074851    0.12103    0.122804    0.0291722    
0.0746675    0.120477    0.122754    0.029315    0.0746674    0.120475    0.122748    0.0293075    
0.0745021    0.119995    0.122702    0.0294404    0.0745027    0.119996    0.1227    0.0294341    
0.074366    0.119581    0.122658    0.0295474    0.0743664    0.11958    0.122656    0.0295437    
0.0742546    0.119233    0.122618    0.0296377    0.074255    0.119234    0.122617    0.0296346    
0.0741662    0.118954    0.122585    0.0297096    0.0741664    0.118954    0.122583    0.0297075    
0.0740996    0.118741    0.122558    0.0297633    0.0740998    0.118741    0.122557    0.0297615    
0.0740826    0.118665    0.122498    0.0298075    0.0740827    0.118665    0.122499    0.0298086    
0.0740451    0.118555    0.122479    0.0298272    0.0740452    0.118554    0.122477    0.0298249    
0.0740451    0.118555    0.122479    0.0298272    0.0740452    0.118554    0.122477    0.0298249    
0.0740427    0.118563    0.122515    0.0297874    0.0740428    0.118563    0.122516    0.0297886    
0.0740581    0.118621    0.122568    0.0297431    0.0740582    0.118621    0.122567    0.0297423    
0.0741007    0.118753    0.122621    0.0296691    0.0741008    0.118753    0.122622    0.0296701    
0.0742406    0.119106    0.122582    0.0296137    0.0742405    0.119106    0.122582    0.0296145    
0.0743403    0.119415    0.122606    0.0295144    0.0743402    0.119415    0.122607    0.029515    
0.0744718    0.119811    0.122651    0.0294029    0.0744718    0.119811    0.122652    0.0294034    
0.0746194    0.120259    0.122684    0.029271    0.0746194    0.120259    0.122685    0.0292713    
0.0747591    0.120806    0.122729    0.0291269    0.0747592    0.120805    0.122728    0.0291256    
0.0749508    0.121398    0.122766    0.02896    0.0749507    0.121398    0.12277    0.0289653    
0.0751822    0.122067    0.122822    0.02879    0.0751822    0.122065    0.122814    0.0287807    
0.0754275    0.1228    0.122853    0.028587    0.0754276    0.122802    0.122863    0.028599    
0.0756952    0.123618    0.122906    0.028396    0.075695    0.123615    0.122895    0.0283817    
0.0759814    0.124497    0.122926    0.0281639    0.0759815    0.124501    0.122939    0.0281805    
0.0762923    0.125459    0.12297    0.0279549    0.076292    0.125455    0.122955    0.0279364    
0.0766218    0.12648    0.122973    0.0276997    0.076622    0.126484    0.122988    0.0277194    
0.0769743    0.127578    0.122999    0.0274752    0.076974    0.127575    0.122985    0.0274572    
0.0773478    0.12873    0.122986    0.0272107    0.0773483    0.128731    0.122995    0.0272219    
0.0777528    0.12994    0.122982    0.0269629    0.0777523    0.12994    0.122981    0.0269611    
0.0781815    0.131197    0.12296    0.026705    0.0781815    0.131196    0.12296    0.0267045    
0.078631    0.132495    0.122928    0.0264469    0.078631    0.132495    0.122928    0.0264465    
0.0790973    0.133824    0.122884    0.0261899    0.0790973    0.133824    0.122884    0.0261895    
0.079578    0.135174    0.12283    0.0259361    0.079578    0.135174    0.12283    0.0259356    
0.0800682    0.13653    0.122766    0.0256876    0.0800683    0.13653    0.122765    0.0256867    
0.0805638    0.137879    0.122695    0.0254468    0.0805638    0.137879    0.122694    0.0254451    
0.0810587    0.139204    0.122617    0.025216    0.0810588    0.139204    0.122615    0.0252126    
0.0815488    0.140489    0.122538    0.024998    0.081549    0.140488    0.122532    0.0249909    
0.0820301    0.141713    0.122457    0.0247937    0.0820306    0.141711    0.122449    0.0247833    
0.0824866    0.142864    0.122375    0.0246039    0.0824872    0.142862    0.122368    0.024594    
0.0829057    0.143925    0.122296    0.0244326    0.0829063    0.143924    0.12229    0.0244234    
0.0832865    0.144878    0.122223    0.0242813    0.083287    0.144877    0.122218    0.024274    
0.08362    0.145706    0.122158    0.0241525    0.0836204    0.145705    0.122155    0.0241466    
0.0839014    0.146397    0.122105    0.0240476    0.0839017    0.146396    0.122102    0.0240433    
0.0841235    0.146937    0.122064    0.0239682    0.0841238    0.146936    0.122062    0.0239652    
0.0842851    0.147315    0.122036    0.0239134    0.0842852    0.147316    0.122038    0.0239153    
0.0843171    0.147416    0.122093    0.0238713    0.0843172    0.147416    0.122093    0.0238709    
0.0843898    0.147551    0.122015    0.0238981    0.0843899    0.147552    0.122015    0.0238988    
0.0843498    0.147458    0.122034    0.0239259    0.0843498    0.147458    0.122033    0.0239246    
0.084223    0.147158    0.122086    0.0239775    0.0842231    0.147158    0.122087    0.0239784    
0.0840472    0.146692    0.122132    0.0240594    0.0840471    0.146692    0.122134    0.024062    
0.0838002    0.146082    0.122194    0.0241667    0.0838001    0.146083    0.122198    0.0241709    
0.0834959    0.145324    0.122264    0.0242973    0.0834956    0.145326    0.122268    0.024303    
0.0831432    0.144439    0.122345    0.02445    0.0831428    0.14444    0.12235    0.0244573    
0.0827467    0.143435    0.122429    0.0246223    0.0827463    0.143436    0.122435    0.0246312    
0.0823168    0.142333    0.122518    0.0248127    0.0823162    0.142334    0.122526    0.0248233    
0.0818592    0.141146    0.122607    0.0250188    0.0818585    0.141148    0.122616    0.0250309    
0.0813838    0.139895    0.122696    0.0252385    0.081383    0.139897    0.122705    0.025252    
0.0808969    0.138595    0.122779    0.0254695    0.080896    0.138597    0.122789    0.0254842    
0.0804069    0.137263    0.122857    0.0257098    0.0804058    0.137266    0.122867    0.0257253    
0.0799193    0.135916    0.122926    0.0259573    0.0799182    0.135918    0.122936    0.0259727    
0.0794406    0.134568    0.122987    0.0262102    0.0794395    0.13457    0.122996    0.0262244    
0.0789742    0.133233    0.123036    0.0264666    0.0789732    0.133234    0.123043    0.0264777    
0.0785221    0.131925    0.123075    0.0267249    0.0785214    0.131925    0.123078    0.0267307    
0.0780844    0.130653    0.123101    0.0269818    0.078084    0.130653    0.1231    0.026983    
0.0776652    0.129428    0.123112    0.0272339    0.077665    0.129427    0.123112    0.0272344    
0.0772677    0.128254    0.123112    0.0274808    0.0772676    0.128253    0.123111    0.0274816    
0.0768932    0.127139    0.123101    0.0277218    0.0768931    0.127138    0.1231    0.0277222    
0.0765422    0.126087    0.123079    0.0279544    0.0765421    0.126086    0.123079    0.0279554    
0.0762153    0.125101    0.12305    0.0281787    0.0762152    0.1251    0.123049    0.0281784    
0.075912    0.124184    0.123011    0.0283901    0.0759119    0.124184    0.123012    0.0283933    
0.0756286    0.12334    0.122971    0.028597    0.0756287    0.123338    0.122965    0.0285894    
0.0753558    0.122569    0.122914    0.0287769    0.0753559    0.122571    0.122922    0.0287873    
0.0751182    0.121869    0.122872    0.0289616    0.075118    0.121867    0.122864    0.0289519    
0.0749094    0.121233    0.122813    0.029112    0.0749097    0.121235    0.122821    0.0291208    
0.0747263    0.120671    0.122771    0.029264    0.0747261    0.120669    0.122764    0.0292566    
0.0745594    0.120178    0.12272    0.0293915    0.07456    0.120179    0.122718    0.029385    
0.0744207    0.119754    0.122676    0.0295004    0.0744211    0.119753    0.122673    0.0294969    
0.0743063    0.119395    0.122636    0.0295931    0.0743067    0.119396    0.122635    0.0295901    
0.0742147    0.119105    0.122602    0.0296676    0.0742149    0.119105    0.122601    0.0296656    
0.0741448    0.118882    0.122574    0.0297241    0.074145    0.118882    0.122573    0.0297224    
0.0741265    0.118801    0.12251    0.029772    0.0741267    0.118801    0.122511    0.029773    
0.0740861    0.118681    0.122488    0.0297953    0.0740862    0.118681    0.122487    0.0297932    
0.0740861    0.118681    0.122488    0.0297953    0.0740862    0.118681    0.122487    0.0297932    
0.0740802    0.11868    0.122527    0.0297619    0.0740802    0.11868    0.122528    0.0297632    
0.0740908    0.11872    0.122565    0.0297217    0.0740909    0.11872    0.122565    0.0297209    
0.0741259    0.118834    0.122624    0.0296522    0.0741259    0.118834    0.122624    0.029653    
0.0742589    0.119167    0.122588    0.0295967    0.0742588    0.119167    0.122588    0.0295974    
0.0743565    0.119467    0.122614    0.029502    0.0743565    0.119467    0.122614    0.0295025    
0.074483    0.119847    0.122654    0.0293936    0.0744829    0.119847    0.122655    0.0293939    
0.0746274    0.120285    0.122688    0.0292658    0.0746274    0.120285    0.122689    0.029266    
0.0747628    0.120816    0.122729    0.0291248    0.0747628    0.120816    0.122729    0.0291238    
0.0749501    0.121396    0.122767    0.0289624    0.07495    0.121397    0.122771    0.028967    
0.0751748    0.12205    0.12282    0.0287954    0.0751749    0.122048    0.122813    0.0287863    
0.0754172    0.122768    0.122853    0.0285966    0.0754173    0.122771    0.122862    0.028608    
0.0756791    0.12357    0.122904    0.0284086    0.075679    0.123567    0.122893    0.0283945    
0.0759611    0.124434    0.122925    0.0281803    0.0759613    0.124438    0.122938    0.0281965    
0.0762663    0.125379    0.122968    0.0279742    0.0762661    0.125375    0.122953    0.027956    
0.076591    0.126384    0.122972    0.0277226    0.0765912    0.126387    0.122987    0.027742    
0.0769379    0.127464    0.122999    0.027501    0.0769375    0.127461    0.122985    0.0274827    
0.0773054    0.1286    0.122987    0.0272388    0.0773059    0.128601    0.122997    0.027251    
0.0777033    0.129794    0.122985    0.0269946    0.0777029    0.129793    0.122983    0.0269919    
0.0781259    0.131034    0.122964    0.0267387    0.078126    0.131033    0.122964    0.026738    
0.0785691    0.132316    0.122934    0.0264826    0.0785692    0.132316    0.122933    0.0264823    
0.0790295    0.133631    0.122892    0.0262274    0.0790295    0.133631    0.122891    0.0262271    
0.0795043    0.134967    0.122839    0.0259752    0.0795043    0.134967    0.122839    0.0259747    
0.0799892    0.136312    0.122778    0.0257279    0.0799893    0.136312    0.122777    0.025727    
0.0804799    0.137651    0.122708    0.0254878    0.08048    0.137651    0.122707    0.0254863    
0.0809707    0.138969    0.122632    0.0252573    0.0809708    0.138968    0.12263    0.0252542    
0.081457    0.140249    0.122554    0.0250391    0.0814573    0.140248    0.122549    0.0250327    
0.0819355    0.141473    0.122474    0.0248346    0.0819359    0.141471    0.122467    0.0248244    
0.0823925    0.142624    0.122393    0.0246439    0.0823931    0.142622    0.122387    0.024634    
0.0828127    0.14369    0.122315    0.0244713    0.0828133    0.143688    0.122308    0.024462    
0.0831959    0.144651    0.122241    0.0243181    0.0831964    0.14465    0.122237    0.0243105    
0.0835333    0.145491    0.122176    0.024187    0.0835337    0.14549    0.122172    0.0241808    
0.08382    0.146196    0.122122    0.0240793    0.0838203    0.146196    0.122119    0.0240747    
0.084049    0.146755    0.122079    0.0239966    0.0840493    0.146754    0.122077    0.0239934    
0.0842192    0.147154    0.12205    0.0239379    0.0842193    0.147155    0.122052    0.02394    
0.0843192    0.147393    0.122038    0.0239105    0.0843192    0.147393    0.122036    0.023909    
0.0843192    0.147393    0.122038    0.0239105    0.0843192    0.147393    0.122036    0.023909    
0.0843168    0.147391    0.122059    0.0239323    0.0843168    0.147391    0.122059    0.0239325    
0.0841971    0.147097    0.122084    0.0239854    0.0841971    0.147097    0.122084    0.0239854    
0.0840399    0.146671    0.122137    0.0240632    0.0840399    0.146671    0.122137    0.024063    
0.0838054    0.146083    0.122193    0.024166    0.0838054    0.146083    0.122192    0.0241656    
0.083518    0.145359    0.122265    0.0242933    0.0835181    0.145359    0.122264    0.0242921    
0.0831763    0.144498    0.122342    0.0244424    0.0831764    0.144497    0.12234    0.0244395    
0.0827913    0.143525    0.122429    0.0246129    0.0827915    0.143523    0.122424    0.0246069    
0.0823651    0.142448    0.122515    0.0248011    0.0823655    0.142446    0.122509    0.0247921    
0.0819142    0.141288    0.122605    0.0250052    0.0819148    0.141286    0.122598    0.0249939    
0.0814438    0.140057    0.122693    0.0252224    0.0814446    0.140055    0.122684    0.0252094    
0.080963    0.138776    0.122777    0.0254512    0.0809639    0.138774    0.122768    0.0254368    
0.0804767    0.13746    0.122855    0.0256889    0.0804777    0.137458    0.122845    0.0256737    
0.079993    0.136126    0.122926    0.0259335    0.0799941    0.136124    0.122916    0.0259181    
0.0795161    0.134788    0.122986    0.0261825    0.0795172    0.134787    0.122977    0.0261681    
0.0790517    0.133461    0.123035    0.0264336    0.0790527    0.13346    0.123028    0.026422    
0.0786008    0.132157    0.123072    0.0266847    0.0786016    0.132156    0.123069    0.026678    
0.0781644    0.130888    0.123097    0.0269351    0.0781648    0.130888    0.123097    0.0269333    
0.0777449    0.129663    0.12311    0.0271847    0.0777451    0.129664    0.123111    0.0271843    
0.0773467    0.128489    0.123112    0.0274308    0.0773468    0.12849    0.123112    0.02743    
0.0769707    0.127372    0.123103    0.0276705    0.0769709    0.127372    0.123103    0.0276701    
0.0766182    0.126316    0.123084    0.0279033    0.0766183    0.126317    0.123084    0.0279022    
0.0762892    0.125325    0.123056    0.0281259    0.0762893    0.125326    0.123057    0.0281265    
0.0759837    0.124403    0.123022    0.0283412    0.0759838    0.124403    0.12302    0.0283376    
0.0756974    0.123551    0.122976    0.0285371    0.0756973    0.123553    0.122982    0.0285454    
0.0754224    0.122778    0.122935    0.028736    0.0754222    0.122775    0.122927    0.0287255    
0.0751823    0.122065    0.122877    0.0289012    0.0751825    0.122068    0.122886    0.0289113    
0.0749713    0.121426    0.122836    0.0290715    0.074971    0.121423    0.122828    0.0290625    
0.074785    0.120851    0.12278    0.0292084    0.0747852    0.120853    0.122787    0.0292161    
0.0746158    0.120353    0.122734    0.0293385    0.0746152    0.120352    0.122736    0.029345    
0.074474    0.119918    0.12269    0.0294523    0.0744737    0.119919    0.122692    0.0294557    
0.0743568    0.119552    0.122651    0.0295475    0.0743564    0.119551    0.122652    0.0295503    
0.0742621    0.119252    0.122617    0.0296251    0.0742618    0.119252    0.122618    0.0296269    
0.0741893    0.11902    0.122589    0.0296842    0.0741891    0.119019    0.12259    0.0296857    
0.0741698    0.118934    0.122524    0.0297379    0.0741697    0.118934    0.122523    0.029737    
0.0741268    0.118805    0.122496    0.0297614    0.0741267    0.118806    0.122498    0.0297632    
0.0741268    0.118805    0.122496    0.0297614    0.0741267    0.118806    0.122498    0.0297632    
0.0741165    0.118794    0.122543    0.0297362    0.0741165    0.118794    0.122541    0.0297346    
0.0741238    0.11882    0.122565    0.0296977    0.0741237    0.118821    0.122566    0.0296987    
0.0741536    0.118921    0.122628    0.029634    0.0741536    0.118921    0.122627    0.0296331    
0.0742795    0.119236    0.122595    0.0295785    0.0742795    0.119236    0.122595    0.0295778    
0.0743754    0.119528    0.122622    0.0294876    0.0743754    0.119527    0.122621    0.0294872    
0.0744973    0.119894    0.122658    0.0293819    0.0744974    0.119894    0.122658    0.0293815    
0.074639    0.120322    0.122693    0.0292576    0.0746391    0.120322    0.122693    0.0292574    
0.0748058    0.120824    0.122736    0.029118    0.0748059    0.120824    0.122736    0.0291178    
0.0749522    0.121409    0.12277    0.0289627    0.0749522    0.121409    0.122771    0.0289632    
0.0751597    0.122054    0.122815    0.0287938    0.0751598    0.122053    0.122814    0.0287915    
0.0753928    0.122763    0.122852    0.0286039    0.0753927    0.122764    0.122857    0.0286113    
0.0756603    0.123545    0.122901    0.0284157    0.0756603    0.123542    0.122892    0.0284038    
0.0759433    0.124394    0.122924    0.0281923    0.0759434    0.124396    0.122936    0.0282073    
0.0762458    0.125322    0.122966    0.0279882    0.0762456    0.125318    0.122952    0.0279708    
0.0765669    0.126311    0.122972    0.0277403    0.0765672    0.126315    0.122987    0.0277591    
0.0769092    0.127376    0.122998    0.0275211    0.0769089    0.127373    0.122984    0.0275031    
0.0772717    0.128496    0.122988    0.0272616    0.0772722    0.128497    0.122998    0.0272742    
0.0776634    0.129674    0.122987    0.0270205    0.0776629    0.129674    0.122984    0.0270171    
0.0780802    0.130899    0.122967    0.0267666    0.0780804    0.130899    0.122967    0.026766    
0.0785176    0.132167    0.122938    0.0265127    0.0785177    0.132167    0.122938    0.0265124    
0.0789723    0.133468    0.122898    0.0262594    0.0789723    0.133468    0.122898    0.0262591    
0.0794416    0.134791    0.122847    0.0260087    0.0794416    0.134791    0.122847    0.0260083    
0.0799214    0.136124    0.122787    0.0257627    0.0799214    0.136124    0.122787    0.025762    
0.0804072    0.137453    0.122719    0.0255236    0.0804073    0.137453    0.122718    0.0255223    
0.0808937    0.138763    0.122645    0.0252936    0.0808938    0.138762    0.122643    0.0252911    
0.0813758    0.140038    0.122567    0.0250754    0.081376    0.140037    0.122563    0.0250701    
0.08185    0.141258    0.122489    0.0248709    0.0818504    0.141257    0.122482    0.0248616    
0.0823071    0.142409    0.122409    0.0246801    0.0823076    0.142407    0.122403    0.0246702    
0.0827285    0.143476    0.122331    0.0245065    0.0827291    0.143475    0.122325    0.0244972    
0.0831129    0.144443    0.122258    0.0243521    0.0831134    0.144441    0.122253    0.0243443    
0.0834531    0.145291    0.122193    0.0242191    0.0834535    0.14529    0.122189    0.0242127    
0.0837438    0.146008    0.122137    0.0241092    0.0837441    0.146008    0.122134    0.0241044    
0.0839782    0.146581    0.122094    0.0240239    0.0839785    0.146581    0.122092    0.0240204    
0.0841518    0.147    0.122064    0.0239642    0.084152    0.147    0.122063    0.0239621    
0.0842619    0.147257    0.122048    0.0239299    0.0842619    0.147257    0.122049    0.0239312    
0.0842619    0.147257    0.122048    0.0239299    0.0842619    0.147257    0.122049    0.0239312    
0.0842647    0.147269    0.122071    0.0239423    0.0842647    0.147269    0.122071    0.0239424    
0.0841733    0.147038    0.122093    0.0239951    0.0841734    0.147038    0.122093    0.023995    
0.0840204    0.146627    0.122136    0.0240677    0.0840205    0.146627    0.122135    0.0240673    
0.0838012    0.146075    0.122196    0.0241673    0.0838012    0.146074    0.122195    0.0241663    
0.0835201    0.14537    0.122261    0.02429    0.0835202    0.14537    0.122259    0.0242875    
0.0831894    0.144541    0.12234    0.024436    0.0831896    0.14454    0.122336    0.0244309    
0.0828093    0.143589    0.12242    0.0246016    0.0828096    0.143588    0.122415    0.024594    
0.0823963    0.142538    0.122508    0.0247856    0.0823968    0.142536    0.122502    0.024776    
0.0819537    0.141396    0.122595    0.0249851    0.0819544    0.141394    0.122588    0.0249738    
0.0814925    0.140187    0.122684    0.0251989    0.0814932    0.140185    0.122675    0.025186    
0.0810168    0.138923    0.122767    0.025424    0.0810176    0.13892    0.122757    0.0254098    
0.0805363    0.137623    0.122846    0.0256586    0.0805373    0.137621    0.122836    0.0256436    
0.0800556    0.136302    0.122916    0.0259002    0.0800567    0.1363    0.122906    0.025885    
0.0795821    0.134975    0.122978    0.0261468    0.0795832    0.134974    0.122969    0.0261323    
0.0791191    0.133656    0.123028    0.0263956    0.0791201    0.133655    0.123021    0.0263836    
0.0786701    0.132358    0.123067    0.0266448    0.0786709    0.132358    0.123063    0.0266373    
0.0782347    0.131093    0.123093    0.0268932    0.0782351    0.131094    0.123092    0.0268908    
0.0778157    0.129871    0.123108    0.027141    0.0778159    0.129872    0.123109    0.0271406    
0.0774169    0.128698    0.123112    0.0273858    0.077417    0.128699    0.123112    0.027385    
0.0770403    0.12758    0.123105    0.0276245    0.0770405    0.127581    0.123106    0.0276242    
0.0766866    0.126523    0.123088    0.0278565    0.0766867    0.126523    0.123088    0.0278555    
0.0763563    0.125529    0.123062    0.0280789    0.0763564    0.12553    0.123063    0.0280792    
0.0760493    0.124603    0.123029    0.0282935    0.0760494    0.124603    0.123028    0.0282905    
0.0757633    0.123745    0.122986    0.0284905    0.0757633    0.123747    0.122992    0.0284971    
0.0754876    0.122965    0.122947    0.0286891    0.0754876    0.122963    0.122938    0.0286781    
0.0752426    0.122248    0.12289    0.0288548    0.0752428    0.122251    0.122898    0.0288646    
0.0750293    0.121603    0.12285    0.0290259    0.0750291    0.1216    0.122842    0.0290165    
0.0748403    0.121021    0.122794    0.0291636    0.0748405    0.121024    0.122801    0.0291714    
0.0746685    0.120516    0.122749    0.0292949    0.0746679    0.120515    0.122751    0.0293014    
0.0745242    0.120074    0.122705    0.0294101    0.0745239    0.120075    0.122708    0.0294133    
0.0744046    0.119701    0.122667    0.0295068    0.0744043    0.119701    0.122668    0.0295095    
0.0743075    0.119394    0.122632    0.0295861    0.0743073    0.119394    0.122633    0.0295879    
0.0742323    0.119153    0.122604    0.0296471    0.0742321    0.119153    0.122605    0.0296485    
0.0742119    0.119064    0.122536    0.0297033    0.0742118    0.119064    0.122535    0.0297025    
0.0741666    0.118928    0.122506    0.0297297    0.0741665    0.118928    0.122507    0.0297313    
0.0741666    0.118928    0.122506    0.0297297    0.0741665    0.118928    0.122507    0.0297313    
0.0741513    0.118905    0.12256    0.0297078    0.0741513    0.118905    0.122558    0.0297059    
0.0741565    0.11892    0.122569    0.029673    0.0741564    0.118921    0.12257    0.0296742    
0.0741829    0.119012    0.122634    0.0296129    0.0741828    0.119012    0.122633    0.029612    
0.0743025    0.11931    0.122602    0.029558    0.0743026    0.11931    0.122602    0.0295571    
0.0743968    0.119595    0.12263    0.0294705    0.0743969    0.119595    0.12263    0.02947    
0.0745149    0.11995    0.122663    0.0293672    0.074515    0.11995    0.122663    0.0293668    
0.0746542    0.120369    0.122699    0.0292462    0.0746542    0.120369    0.122699    0.0292459    
0.074817    0.12086    0.122739    0.0291092    0.074817    0.12086    0.122739    0.0291091    
0.0749612    0.121435    0.122773    0.0289571    0.0749612    0.121435    0.122774    0.0289577    
0.0751646    0.122067    0.122817    0.0287912    0.0751646    0.122067    0.122815    0.0287887    
0.0753949    0.122766    0.122853    0.0286042    0.0753948    0.122767    0.122859    0.0286119    
0.0756581    0.123534    0.122901    0.0284189    0.0756581    0.123532    0.122892    0.0284072    
0.0759364    0.124371    0.122924    0.0281987    0.0759366    0.124374    0.122936    0.0282135    
0.0762344    0.125286    0.122965    0.0279973    0.0762342    0.125282    0.122952    0.0279801    
0.0765513    0.126262    0.122972    0.0277524    0.0765515    0.126266    0.122986    0.027771    
0.076889    0.127312    0.122998    0.0275358    0.0768887    0.127309    0.122984    0.0275178    
0.0772468    0.128418    0.122989    0.0272787    0.0772473    0.12842    0.122999    0.0272918    
0.0776328    0.129583    0.122989    0.0270406    0.0776323    0.129582    0.122985    0.0270366    
0.0780444    0.130794    0.12297    0.0267888    0.0780446    0.130793    0.12297    0.0267882    
0.0784765    0.132047    0.122942    0.026537    0.0784765    0.132047    0.122942    0.0265367    
0.0789259    0.133335    0.122903    0.0262856    0.0789259    0.133335    0.122903    0.0262854    
0.07939    0.134645    0.122854    0.0260367    0.07939    0.134645    0.122854    0.0260363    
0.0798647    0.135966    0.122795    0.0257921    0.0798647    0.135966    0.122795    0.0257915    
0.0803458    0.137285    0.122729    0.025554    0.0803459    0.137285    0.122728    0.0255531    
0.080828    0.138586    0.122656    0.0253248    0.0808281    0.138586    0.122655    0.0253229    
0.0813058    0.139854    0.122579    0.0251069    0.081306    0.139853    0.122576    0.0251028    
0.0817751    0.141071    0.122501    0.0249027    0.0817754    0.141069    0.122495    0.0248947    
0.0822306    0.142219    0.122423    0.0247123    0.0822311    0.142217    0.122417    0.0247025    
0.0826534    0.143286    0.122346    0.0245381    0.082654    0.143284    0.12234    0.0245289    
0.0830379    0.144255    0.122274    0.0243829    0.0830384    0.144253    0.122268    0.0243749    
0.0833801    0.145109    0.122208    0.0242486    0.0833805    0.145108    0.122204    0.0242422    
0.0836732    0.145834    0.122152    0.0241371    0.0836735    0.145833    0.122149    0.0241321    
0.0839118    0.146418    0.122108    0.0240497    0.083912    0.146417    0.122106    0.0240461    
0.0840904    0.146851    0.122077    0.0239876    0.0840906    0.14685    0.122075    0.0239853    
0.084207    0.147123    0.122059    0.0239504    0.0842071    0.147124    0.12206    0.0239518    
0.0842231    0.147175    0.122092    0.0239335    0.0842232    0.147174    0.122092    0.0239332    
0.084226    0.147171    0.122074    0.0239603    0.0842261    0.147171    0.122074    0.0239603    
0.0841945    0.147071    0.122031    0.0240228    0.0841946    0.147071    0.122031    0.0240228    
0.083999    0.146576    0.122141    0.0240741    0.083999    0.146576    0.122141    0.0240741    
0.0837891    0.146046    0.122196    0.0241701    0.0837891    0.146046    0.122196    0.0241702    
0.0835186    0.145365    0.122259    0.0242881    0.0835186    0.145365    0.122259    0.0242883    
0.0832001    0.144557    0.122335    0.0244287    0.0832    0.144557    0.122336    0.0244292    
0.0828345    0.143626    0.122414    0.0245888    0.0828345    0.143626    0.122415    0.02459    
0.0824333    0.142594    0.1225    0.024767    0.0824332    0.142595    0.122502    0.0247701    
0.0819988    0.141472    0.122584    0.0249605    0.0819986    0.141474    0.122589    0.0249669    
0.0815399    0.140283    0.122669    0.0251682    0.0815394    0.140285    0.122677    0.0251784    
0.0810654    0.139038    0.12275    0.0253884    0.0810648    0.13904    0.122759    0.0254011    
0.0805879    0.137754    0.122828    0.0256189    0.080587    0.137757    0.122838    0.0256331    
0.0801103    0.136447    0.122898    0.0258573    0.0801093    0.136449    0.122908    0.0258721    
0.0796394    0.135132    0.122961    0.0261018    0.0796384    0.135134    0.12297    0.0261162    
0.0791785    0.133823    0.123014    0.0263506    0.0791775    0.133824    0.123022    0.0263629    
0.078731    0.132533    0.123057    0.0266021    0.0787302    0.132534    0.123062    0.0266102    
0.0782968    0.131274    0.123088    0.0268537    0.0782963    0.131274    0.123089    0.0268566    
0.0778784    0.130056    0.123107    0.027102    0.0778782    0.130055    0.123106    0.0271024    
0.0774796    0.128885    0.123112    0.0273451    0.0774795    0.128884    0.123111    0.0273459    
0.0771028    0.127768    0.123107    0.0275831    0.0771027    0.127767    0.123106    0.0275835    
0.0767484    0.12671    0.123091    0.0278136    0.0767483    0.126709    0.123091    0.0278144    
0.0764173    0.125715    0.123068    0.0280364    0.0764172    0.125714    0.123067    0.0280363    
0.0761094    0.124785    0.123035    0.0282479    0.0761093    0.124785    0.123036    0.0282499    
0.0758239    0.123924    0.122999    0.0284525    0.0758239    0.123923    0.122996    0.0284484    
0.0755523    0.123135    0.12295    0.0286347    0.0755522    0.123137    0.122957    0.0286455    
0.0753005    0.12242    0.12291    0.0288212    0.0753003    0.122418    0.122902    0.028812    
0.0750842    0.121765    0.122854    0.0289737    0.0750843    0.121768    0.122862    0.0289834    
0.0748928    0.121184    0.122815    0.0291294    0.0748925    0.121181    0.122807    0.0291215    
0.0747257    0.120666    0.122762    0.0292531    0.074726    0.120668    0.122768    0.02926    
0.0745757    0.120223    0.12272    0.0293686    0.0745751    0.120222    0.122722    0.0293746    
0.0744519    0.119843    0.122681    0.0294676    0.0744516    0.119843    0.122683    0.0294708    
0.0743521    0.11953    0.122647    0.0295481    0.0743517    0.11953    0.122648    0.0295508    
0.0742744    0.119283    0.122618    0.0296109    0.0742742    0.119284    0.122619    0.0296127    
0.0742532    0.119191    0.122548    0.0296696    0.0742531    0.119191    0.122547    0.0296684    
0.0742059    0.119049    0.122516    0.0296977    0.0742058    0.119049    0.122518    0.0296998    
0.0742059    0.119049    0.122516    0.0296977    0.0742058    0.119049    0.122518    0.0296998    
0.0742059    0.119049    0.122516    0.0296977    0.0742058    0.119049    0.122518    0.0296998    
0.0742005    0.119054    0.122562    0.0296475    0.0742005    0.119054    0.122561    0.0296463    
0.0742186    0.119125    0.122632    0.0295942    0.0742185    0.119125    0.122633    0.0295949    
0.0743236    0.119386    0.122606    0.029534    0.0743235    0.119386    0.122606    0.0295346    
0.0744214    0.119673    0.122642    0.0294518    0.0744213    0.119673    0.122642    0.0294522    
0.0745335    0.12001    0.122666    0.0293494    0.0745334    0.12001    0.122666    0.0293496    
0.0746733    0.120429    0.122707    0.0292324    0.0746733    0.120429    0.122707    0.0292326    
0.0748307    0.120904    0.122741    0.0290972    0.0748306    0.120904    0.122741    0.0290973    
0.0749749    0.121474    0.122779    0.0289492    0.0749749    0.121474    0.122779    0.0289488    
0.0751725    0.122093    0.122816    0.0287827    0.0751725    0.122093    0.122817    0.0287844    
0.0753991    0.122786    0.122861    0.028608    0.0753992    0.122785    0.122857    0.028602    
0.0756555    0.123539    0.122891    0.0284067    0.0756555    0.123541    0.1229    0.028418    
0.0759346    0.12437    0.122937    0.0282155    0.0759345    0.124367    0.122926    0.0282014    
0.0762274    0.125265    0.122951    0.027985    0.0762275    0.125268    0.122964    0.0280019    
0.0765424    0.126237    0.122987    0.0277784    0.0765422    0.126234    0.122973    0.0277602    
0.0768748    0.127267    0.122984    0.0275278    0.0768751    0.12727    0.122998    0.0275457    
0.0772298    0.128365    0.123    0.0273045    0.0772294    0.128364    0.12299    0.0272913    
0.0776095    0.129514    0.122986    0.0270513    0.07761    0.129514    0.12299    0.0270557    
0.0780173    0.130713    0.122972    0.0268055    0.0780171    0.130713    0.122972    0.026806    
0.078444    0.131953    0.122945    0.026556    0.078444    0.131953    0.122945    0.0265563    
0.0788887    0.133228    0.122907    0.0263067    0.0788887    0.133228    0.122907    0.026307    
0.0793476    0.134525    0.122859    0.0260594    0.0793476    0.134525    0.122859    0.0260597    
0.0798177    0.135835    0.122802    0.0258163    0.0798177    0.135835    0.122802    0.0258167    
0.0802941    0.137143    0.122736    0.0255792    0.0802941    0.137143    0.122737    0.0255799    
0.0807721    0.138435    0.122664    0.0253503    0.080772    0.138435    0.122665    0.0253517    
0.0812457    0.139695    0.122587    0.0251313    0.0812455    0.139695    0.122589    0.0251343    
0.0817103    0.140906    0.122508    0.024924    0.0817101    0.140907    0.122512    0.0249304    
0.0821624    0.142049    0.122429    0.0247314    0.0821619    0.142051    0.122436    0.0247409    
0.0825865    0.143114    0.122354    0.0245576    0.082586    0.143115    0.12236    0.0245665    
0.0829704    0.144083    0.122282    0.0244029    0.0829699    0.144084    0.122287    0.0244111    
0.0833137    0.14494    0.122218    0.0242693    0.0833132    0.144941    0.122222    0.0242758    
0.0836081    0.145671    0.122163    0.024158    0.0836077    0.145672    0.122166    0.0241632    
0.0838495    0.146263    0.122119    0.0240705    0.0838492    0.146264    0.122121    0.0240742    
0.0840318    0.146707    0.122087    0.0240078    0.0840316    0.146707    0.122089    0.0240103    
0.0841534    0.146993    0.122072    0.0239723    0.0841533    0.146992    0.12207    0.0239707    
0.0841717    0.14705    0.122106    0.0239498    0.0841717    0.14705    0.122106    0.0239501    
0.0841783    0.147054    0.122085    0.0239753    0.0841783    0.147054    0.122085    0.0239754    
