0.0831145    0.149522    0.124599    0.0219493    0.0831145    0.149522    0.124599    0.0219493    
0.0841018    0.1502    0.125741    0.0229158    0.0841018    0.1502    0.125741    0.0229158    
0.0825998    0.147531    0.123801    0.0225314    0.0825998    0.147531    0.123801    0.0225314    
0.0837318    0.149364    0.125875    0.0229741    0.0837318    0.149364    0.125875    0.0229741    
0.082221    0.146444    0.124057    0.0227719    0.082221    0.146444    0.124057    0.0227719    
0.0830663    0.147676    0.12591    0.0232059    0.0830663    0.147676    0.12591    0.0232059    
0.0816284    0.144835    0.124326    0.0231016    0.0816284    0.144835    0.124326    0.0231016    
0.0822348    0.145546    0.125959    0.0235344    0.0822348    0.145546    0.125959    0.0235344    
0.0809718    0.142616    0.12476    0.0234381    0.0809718    0.142616    0.12476    0.0234381    
0.0813565    0.143068    0.12615    0.0238899    0.0813565    0.143068    0.12615    0.0238899    
0.0801234    0.140391    0.12499    0.0238778    0.0801234    0.140391    0.12499    0.0238778    
0.0803629    0.140483    0.126249    0.0243135    0.0803629    0.140483    0.126249    0.0243135    
0.0792679    0.138046    0.12523    0.0243247    0.0792679    0.138046    0.12523    0.0243247    
0.0793569    0.138025    0.126308    0.0247591    0.0793569    0.138025    0.126308    0.0247591    
0.0784259    0.135704    0.125401    0.0247918    0.0784259    0.135704    0.125401    0.0247918    
0.0784706    0.13551    0.12641    0.0251881    0.0784706    0.13551    0.12641    0.0251881    
0.0776864    0.133375    0.125595    0.0252329    0.0776864    0.133375    0.125595    0.0252329    
0.0777061    0.133151    0.12648    0.0256061    0.0777061    0.133151    0.12648    0.0256061    
0.0770358    0.131184    0.125769    0.0256453    0.0770358    0.131184    0.125769    0.0256453    
0.0772588    0.130733    0.126545    0.0260221    0.0772588    0.130733    0.126545    0.0260221    
0.0764249    0.129271    0.125832    0.0260343    0.0764249    0.129271    0.125832    0.0260343    
0.0764794    0.12913    0.126559    0.0263682    0.0764794    0.12913    0.126559    0.0263682    
0.0759106    0.127601    0.125872    0.0263978    0.0759106    0.127601    0.125872    0.0263978    
0.0759894    0.127516    0.126536    0.0266908    0.0759894    0.127516    0.126536    0.0266908    
0.0754853    0.126197    0.125903    0.0267099    0.0754853    0.126197    0.125903    0.0267099    
0.0755959    0.126151    0.126501    0.026968    0.0755959    0.126151    0.126501    0.026968    
0.0751273    0.125044    0.12591    0.026976    0.0751273    0.125044    0.12591    0.026976    
0.0752898    0.12508    0.126444    0.0271996    0.0752898    0.12508    0.126444    0.0271996    
0.0748675    0.124139    0.125907    0.0271901    0.0748675    0.124139    0.125907    0.0271901    
0.0750362    0.124285    0.126379    0.0273818    0.0750362    0.124285    0.126379    0.0273818    
0.0746354    0.123548    0.125898    0.0273439    0.0746354    0.123548    0.125898    0.0273439    
0.0747911    0.123772    0.126332    0.0275055    0.0747911    0.123772    0.126332    0.0275055    
0.0745016    0.123089    0.125888    0.0274563    0.0745016    0.123089    0.125888    0.0274563    
0.0746641    0.123379    0.126294    0.0275821    0.0746641    0.123379    0.126294    0.0275821    
0.0744457    0.122838    0.125891    0.0275159    0.0744457    0.122838    0.125891    0.0275159    
0.0746116    0.123188    0.126266    0.0276093    0.0746116    0.123188    0.126266    0.0276093    
0.0744402    0.122786    0.125901    0.0275272    0.0744402    0.122786    0.125901    0.0275272    
0.074617    0.123195    0.126247    0.0275901    0.074617    0.123195    0.126247    0.0275901    
0.0744866    0.122918    0.125918    0.027493    0.0744866    0.122918    0.125918    0.027493    
0.074676    0.123383    0.126237    0.0275278    0.074676    0.123383    0.126237    0.0275278    
0.0745766    0.123218    0.125941    0.0274169    0.0745766    0.123218    0.125941    0.0274169    
0.0747832    0.12374    0.126234    0.0274266    0.0747832    0.12374    0.126234    0.0274266    
0.0747332    0.123614    0.125961    0.0273138    0.0747332    0.123614    0.125961    0.0273138    
0.0749575    0.124165    0.126231    0.027297    0.0749575    0.124165    0.126231    0.027297    
0.0749432    0.124226    0.125989    0.0271683    0.0749432    0.124226    0.125989    0.0271683    
0.0751338    0.124813    0.126229    0.0271339    0.0751338    0.124813    0.126229    0.0271339    
0.0751581    0.124952    0.126015    0.0269968    0.0751581    0.124952    0.126015    0.0269968    
0.0753788    0.125574    0.126233    0.0269447    0.0753788    0.125574    0.126233    0.0269447    
0.0754101    0.125644    0.126045    0.0268051    0.0754101    0.125644    0.126045    0.0268051    
0.0756415    0.126468    0.126236    0.0267378    0.0756415    0.126468    0.126236    0.0267378    
0.0756961    0.126605    0.12603    0.026602    0.0756961    0.126605    0.12603    0.026602    
0.0759286    0.127434    0.126228    0.0265203    0.0759286    0.127434    0.126228    0.0265203    
0.0760177    0.127664    0.126014    0.0263863    0.0760177    0.127664    0.126014    0.0263863    
0.0762468    0.128456    0.126211    0.0262955    0.0762468    0.128456    0.126211    0.0262955    
0.0763551    0.128794    0.126038    0.0261508    0.0763551    0.128794    0.126038    0.0261508    
0.0765713    0.129509    0.126177    0.0260707    0.0765713    0.129509    0.126177    0.0260707    
0.0766551    0.129601    0.126001    0.0259599    0.0766551    0.129601    0.126001    0.0259599    
0.076991    0.130355    0.126146    0.0258636    0.076991    0.130355    0.126146    0.0258636    
0.0769973    0.130978    0.126005    0.0257056    0.0769973    0.130978    0.126005    0.0257056    
0.0772493    0.131642    0.12612    0.0256338    0.0772493    0.131642    0.12612    0.0256338    
0.0773707    0.132041    0.125941    0.025515    0.0773707    0.132041    0.125941    0.025515    
0.0775496    0.132708    0.126039    0.0254445    0.0775496    0.132708    0.126039    0.0254445    
0.0776726    0.133054    0.125901    0.0253298    0.0776726    0.133054    0.125901    0.0253298    
0.0778508    0.133658    0.125986    0.0252656    0.0778508    0.133658    0.125986    0.0252656    
0.0779555    0.133951    0.125917    0.0251476    0.0779555    0.133951    0.125917    0.0251476    
0.0781223    0.134505    0.125931    0.0251104    0.0781223    0.134505    0.125931    0.0251104    
0.0782111    0.134755    0.12588    0.0250056    0.0782111    0.134755    0.12588    0.0250056    
0.078359    0.135236    0.125885    0.0249789    0.078359    0.135236    0.125885    0.0249789    
0.0784365    0.135451    0.125822    0.0248975    0.0784365    0.135451    0.125822    0.0248975    
0.0785735    0.135819    0.125852    0.0248735    0.0785735    0.135819    0.125852    0.0248735    
0.0786205    0.135974    0.12576    0.0248215    0.0786205    0.135974    0.12576    0.0248215    
0.0787171    0.136264    0.125826    0.0247971    0.0787171    0.136264    0.125826    0.0247971    
0.0787264    0.13629    0.125756    0.0247598    0.0787264    0.13629    0.125756    0.0247598    
0.0788114    0.136547    0.12581    0.0247508    0.0788114    0.136547    0.12581    0.0247508    
0.0788093    0.136537    0.12575    0.0247273    0.0788093    0.136537    0.12575    0.0247273    
0.0788191    0.136597    0.125831    0.0247263    0.0788191    0.136597    0.125831    0.0247263    
0.0788198    0.136584    0.125759    0.0247242    0.0788198    0.136584    0.125759    0.0247242    
0.0788218    0.13661    0.125811    0.024741    0.0788218    0.13661    0.125811    0.024741    
0.07881    0.136563    0.125742    0.0247546    0.07881    0.136563    0.125742    0.0247546    
0.0787803    0.136517    0.125816    0.0247745    0.0787803    0.136517    0.125816    0.0247745    
0.0786877    0.136281    0.12578    0.0247973    0.0786877    0.136281    0.12578    0.0247973    
0.0786498    0.136167    0.125834    0.0248342    0.0786498    0.136167    0.125834    0.0248342    
0.0785693    0.135935    0.125811    0.0248634    0.0785693    0.135935    0.125811    0.0248634    
0.0785336    0.135812    0.125809    0.0249244    0.0785336    0.135812    0.125809    0.0249244    
0.0784159    0.135493    0.125846    0.0249461    0.0784159    0.135493    0.125846    0.0249461    
0.0783823    0.135365    0.125822    0.0250195    0.0783823    0.135365    0.125822    0.0250195    
0.0782407    0.134975    0.12588    0.0250428    0.0782407    0.134975    0.12588    0.0250428    
0.0782056    0.134835    0.125847    0.0251237    0.0782056    0.134835    0.125847    0.0251237    
0.0780926    0.134389    0.12592    0.0251476    0.0780926    0.134389    0.12592    0.0251476    
0.0780468    0.134246    0.125882    0.0252332    0.0780468    0.134246    0.125882    0.0252332    
0.0779013    0.133791    0.125954    0.0252587    0.0779013    0.133791    0.125954    0.0252587    
0.077855    0.133646    0.125914    0.0253464    0.077855    0.133646    0.125914    0.0253464    
0.0777092    0.133187    0.125985    0.0253717    0.0777092    0.133187    0.125985    0.0253717    
0.0776636    0.133044    0.125947    0.0254589    0.0776636    0.133044    0.125947    0.0254589    
0.077521    0.132596    0.126013    0.0254833    0.077521    0.132596    0.126013    0.0254833    
0.0774753    0.132453    0.125982    0.025566    0.0774753    0.132453    0.125982    0.025566    
0.0773153    0.132044    0.126037    0.0255896    0.0773153    0.132044    0.126037    0.0255896    
0.0772727    0.131857    0.126027    0.0256634    0.0772727    0.131857    0.126027    0.0256634    
0.0771567    0.131491    0.126085    0.0256824    0.0771567    0.131491    0.126085    0.0256824    
0.0771323    0.131375    0.126055    0.0257554    0.0771323    0.131375    0.126055    0.0257554    
0.0770137    0.131022    0.126097    0.025774    0.0770137    0.131022    0.126097    0.025774    
0.0769913    0.130917    0.126078    0.0258384    0.0769913    0.130917    0.126078    0.0258384    
0.0770102    0.130367    0.126113    0.0258793    0.0770102    0.130367    0.126113    0.0258793    
0.0769843    0.130294    0.126084    0.0259256    0.0769843    0.130294    0.126084    0.0259256    
0.0769278    0.130147    0.12605    0.0259632    0.0769278    0.130147    0.12605    0.0259632    
0.0768366    0.12996    0.126148    0.0259673    0.0768366    0.12996    0.126148    0.0259673    
0.0768209    0.129891    0.126084    0.0260074    0.0768209    0.129891    0.126084    0.0260074    
0.0767612    0.129737    0.126095    0.02603    0.0767612    0.129737    0.126095    0.02603    
0.0767182    0.129627    0.126126    0.0260375    0.0767182    0.129627    0.126126    0.0260375    
0.0767182    0.129627    0.126126    0.0260375    0.0767182    0.129627    0.126126    0.0260375    
0.0767024    0.129646    0.126165    0.0260451    0.0767024    0.129646    0.126165    0.0260451    
0.0767024    0.129646    0.126165    0.0260451    0.0767024    0.129646    0.126165    0.0260451    
0.0767024    0.129646    0.126165    0.0260451    0.0767024    0.129646    0.126165    0.0260451    
0.0766768    0.129602    0.126114    0.0260699    0.0766768    0.129602    0.126114    0.0260699    
0.0766384    0.129585    0.126142    0.0260537    0.0766384    0.129585    0.126142    0.0260537    
0.0766384    0.129585    0.126142    0.0260537    0.0766384    0.129585    0.126142    0.0260537    
0.0766315    0.129621    0.126141    0.0260414    0.0766315    0.129621    0.126141    0.0260414    
0.0766315    0.129621    0.126141    0.0260414    0.0766315    0.129621    0.126141    0.0260414    
0.0766429    0.129598    0.126101    0.0260416    0.0766429    0.129598    0.126101    0.0260416    
0.0766636    0.129629    0.126137    0.0260175    0.0766636    0.129629    0.126137    0.0260175    
0.0767195    0.129708    0.126144    0.0259957    0.0767195    0.129708    0.126144    0.0259957    
0.0767741    0.1298    0.126137    0.0259787    0.0767741    0.1298    0.126137    0.0259787    
0.0768106    0.129878    0.126139    0.025955    0.0768106    0.129878    0.126139    0.025955    
0.0768492    0.12997    0.126149    0.02593    0.0768492    0.12997    0.126149    0.02593    
0.0769045    0.1301    0.126132    0.0259082    0.0769045    0.1301    0.126132    0.0259082    
0.0769377    0.130191    0.126143    0.02588    0.0769377    0.130191    0.126143    0.02588    
0.0769889    0.130323    0.12614    0.0258529    0.0769889    0.130323    0.12614    0.0258529    
0.0770296    0.130698    0.126109    0.0258066    0.0770296    0.130698    0.126109    0.0258066    
0.0770344    0.13077    0.126161    0.0257766    0.0770344    0.13077    0.126161    0.0257766    
0.0770792    0.130969    0.12612    0.0257457    0.0770792    0.130969    0.12612    0.0257457    
0.0770985    0.131063    0.126155    0.0257155    0.0770985    0.131063    0.126155    0.0257155    
0.0771628    0.131269    0.126101    0.0256922    0.0771628    0.131269    0.126101    0.0256922    
0.0771809    0.131352    0.126139    0.0256584    0.0771809    0.131352    0.126139    0.0256584    
0.0772428    0.131544    0.126117    0.0256289    0.0772428    0.131544    0.126117    0.0256289    
0.0772808    0.131674    0.126121    0.0256025    0.0772808    0.131674    0.126121    0.0256025    
0.0773337    0.131837    0.126089    0.0255799    0.0773337    0.131837    0.126089    0.0255799    
0.0773691    0.131994    0.126083    0.0255572    0.0773691    0.131994    0.126083    0.0255572    
0.0774099    0.132152    0.126032    0.0255421    0.0774099    0.132152    0.126032    0.0255421    
0.0774223    0.132217    0.126068    0.0255104    0.0774223    0.132217    0.126068    0.0255104    
0.0774697    0.132372    0.126062    0.025485    0.0774697    0.132372    0.126062    0.025485    
0.0775147    0.132515    0.126024    0.025475    0.0775147    0.132515    0.126024    0.025475    
0.0775292    0.13258    0.126037    0.0254501    0.0775292    0.13258    0.126037    0.0254501    
0.0775632    0.132693    0.126039    0.0254315    0.0775632    0.132693    0.126039    0.0254315    
0.0776002    0.132803    0.12599    0.0254272    0.0776002    0.132803    0.12599    0.0254272    
0.0776075    0.132844    0.126021    0.0254045    0.0776075    0.132844    0.126021    0.0254045    
0.0776375    0.132939    0.126019    0.0253899    0.0776375    0.132939    0.126019    0.0253899    
0.0776633    0.133015    0.125982    0.0253898    0.0776633    0.133015    0.125982    0.0253898    
0.0776676    0.133042    0.126003    0.0253738    0.0776676    0.133042    0.126003    0.0253738    
0.0776676    0.133042    0.126003    0.0253738    0.0776676    0.133042    0.126003    0.0253738    
0.0776904    0.133117    0.126006    0.0253548    0.0776904    0.133117    0.126006    0.0253548    
0.0776904    0.133117    0.126006    0.0253548    0.0776904    0.133117    0.126006    0.0253548    
0.0776904    0.133117    0.126006    0.0253548    0.0776904    0.133117    0.126006    0.0253548    
0.0776904    0.133117    0.126006    0.0253548    0.0776904    0.133117    0.126006    0.0253548    
0.0776904    0.133117    0.126006    0.0253548    0.0776904    0.133117    0.126006    0.0253548    
0.0777105    0.133175    0.125993    0.0253644    0.0777105    0.133175    0.125993    0.0253644    
0.0777105    0.133175    0.125993    0.0253644    0.0777105    0.133175    0.125993    0.0253644    
0.0777019    0.133149    0.125972    0.0253805    0.0777019    0.133149    0.125972    0.0253805    
0.0777019    0.133149    0.125972    0.0253805    0.0777019    0.133149    0.125972    0.0253805    
0.0776721    0.133075    0.125967    0.0254021    0.0776721    0.133075    0.125967    0.0254021    
0.0776721    0.133075    0.125967    0.0254021    0.0776721    0.133075    0.125967    0.0254021    
0.0776318    0.13297    0.125967    0.0254231    0.0776318    0.13297    0.125967    0.0254231    
0.0776318    0.13297    0.125967    0.0254231    0.0776318    0.13297    0.125967    0.0254231    
0.077586    0.132845    0.125981    0.025447    0.077586    0.132845    0.125981    0.025447    
0.077586    0.132845    0.125981    0.025447    0.077586    0.132845    0.125981    0.025447    
0.077552    0.132739    0.125968    0.0254777    0.077552    0.132739    0.125968    0.0254777    
0.077552    0.132739    0.125968    0.0254777    0.077552    0.132739    0.125968    0.0254777    
0.0774894    0.132562    0.125993    0.0255016    0.0774894    0.132562    0.125993    0.0255016    
0.0774894    0.132562    0.125993    0.0255016    0.0774894    0.132562    0.125993    0.0255016    
0.0774519    0.132438    0.125988    0.0255338    0.0774519    0.132438    0.125988    0.0255338    
0.0774519    0.132438    0.125988    0.0255338    0.0774519    0.132438    0.125988    0.0255338    
0.0774004    0.132279    0.125992    0.0255632    0.0774004    0.132279    0.125992    0.0255632    
0.0774004    0.132279    0.125992    0.0255632    0.0774004    0.132279    0.125992    0.0255632    
0.0773458    0.132114    0.126017    0.0255865    0.0773458    0.132114    0.126017    0.0255865    
0.0773458    0.132114    0.126017    0.0255865    0.0773458    0.132114    0.126017    0.0255865    
0.0773009    0.131929    0.126051    0.0256035    0.0773009    0.131929    0.126051    0.0256035    
0.0773009    0.131929    0.126051    0.0256035    0.0773009    0.131929    0.126051    0.0256035    
0.0772802    0.131829    0.126047    0.0256314    0.0772802    0.131829    0.126047    0.0256315    
0.0772802    0.131829    0.126047    0.0256314    0.0772802    0.131829    0.126047    0.0256315    
0.0772474    0.131709    0.126043    0.0256532    0.0772474    0.131709    0.126043    0.025653    
0.0772474    0.131709    0.126043    0.0256532    0.0772474    0.131709    0.126043    0.025653    
0.077207    0.13158    0.126091    0.0256598    0.077207    0.131581    0.126091    0.0256604    
0.077207    0.13158    0.126091    0.0256598    0.077207    0.131581    0.126091    0.0256604    
0.0771999    0.131539    0.126063    0.0256818    0.0771999    0.131539    0.126063    0.0256816    
0.0771999    0.131539    0.126063    0.0256818    0.0771999    0.131539    0.126063    0.0256816    
0.0771723    0.131447    0.126067    0.0256936    0.0771723    0.131447    0.126067    0.0256942    
0.0771723    0.131447    0.126067    0.0256936    0.0771723    0.131447    0.126067    0.0256942    
0.0771723    0.131447    0.126067    0.0256936    0.0771723    0.131447    0.126067    0.0256942    
0.0771504    0.131377    0.126101    0.0256975    0.0771505    0.131376    0.126099    0.0256955    
0.0771504    0.131377    0.126101    0.0256975    0.0771505    0.131376    0.126099    0.0256955    
0.0771504    0.131377    0.126101    0.0256975    0.0771505    0.131376    0.126099    0.0256955    
0.0771504    0.131377    0.126101    0.0256975    0.0771505    0.131376    0.126099    0.0256955    
0.0771504    0.131377    0.126101    0.0256975    0.0771505    0.131376    0.126099    0.0256955    
0.0771504    0.131377    0.126101    0.0256975    0.0771505    0.131376    0.126099    0.0256955    
0.0771508    0.131366    0.12608    0.0256938    0.0771508    0.131366    0.12608    0.0256942    
0.0771508    0.131366    0.12608    0.0256938    0.0771508    0.131366    0.12608    0.0256942    
0.0771508    0.131366    0.12608    0.0256938    0.0771508    0.131366    0.12608    0.0256942    
0.0771581    0.131389    0.126102    0.0256784    0.0771581    0.131389    0.126102    0.0256783    
0.0771581    0.131389    0.126102    0.0256784    0.0771581    0.131389    0.126102    0.0256783    
0.0771804    0.131441    0.126107    0.0256659    0.0771804    0.131441    0.126108    0.0256661    
0.0771804    0.131441    0.126107    0.0256659    0.0771804    0.131441    0.126108    0.0256661    
0.0772117    0.131514    0.12609    0.0256588    0.0772118    0.131513    0.126089    0.0256572    
0.0772117    0.131514    0.12609    0.0256588    0.0772118    0.131513    0.126089    0.0256572    
0.0772222    0.131549    0.126101    0.0256402    0.0772223    0.13155    0.126103    0.0256418    
0.0772222    0.131549    0.126101    0.0256402    0.0772223    0.13155    0.126103    0.0256418    
0.0772481    0.131624    0.126108    0.0256258    0.0772482    0.131624    0.126106    0.025623    
0.0772481    0.131624    0.126108    0.0256258    0.0772482    0.131624    0.126106    0.025623    
0.0772829    0.131716    0.126082    0.0256111    0.0772829    0.131718    0.126088    0.0256193    
0.0772829    0.131716    0.126082    0.0256111    0.0772829    0.131718    0.126088    0.0256193    
0.0772943    0.131761    0.1261    0.0256007    0.0772944    0.131759    0.126094    0.025593    
0.0772943    0.131761    0.1261    0.0256007    0.0772944    0.131759    0.126094    0.025593    
0.0773207    0.131837    0.126095    0.0255742    0.0773206    0.131841    0.126107    0.0255879    
0.0773207    0.131837    0.126095    0.0255742    0.0773206    0.131841    0.126107    0.0255879    
0.0773481    0.131933    0.126063    0.0255982    0.0773484    0.131925    0.126037    0.0255665    
0.0773481    0.131933    0.126063    0.0255982    0.0773484    0.131925    0.126037    0.0255665    
0.0773562    0.131979    0.126067    0.025554    0.0773561    0.131983    0.126081    0.0255713    
0.0773562    0.131979    0.126067    0.025554    0.0773561    0.131983    0.126081    0.0255713    
0.0773787    0.132074    0.126072    0.0255724    0.077379    0.132065    0.126044    0.0255377    
0.0773787    0.132074    0.126072    0.0255724    0.077379    0.132065    0.126044    0.0255377    
0.0773865    0.132102    0.126044    0.0255352    0.0773863    0.132108    0.126063    0.0255587    
0.0773865    0.132102    0.126044    0.0255352    0.0773863    0.132108    0.126063    0.0255587    
0.0773978    0.132156    0.126069    0.0255482    0.077398    0.132151    0.126051    0.0255258    
0.0773978    0.132156    0.126069    0.0255482    0.077398    0.132151    0.126051    0.0255258    
0.0773978    0.132156    0.126069    0.0255482    0.077398    0.132151    0.126051    0.0255258    
0.0774121    0.132198    0.126031    0.0255163    0.0774118    0.132206    0.126055    0.025546    
0.0774121    0.132198    0.126031    0.0255163    0.0774118    0.132206    0.126055    0.025546    
0.0774121    0.132198    0.126031    0.0255163    0.0774118    0.132206    0.126055    0.025546    
0.0774121    0.132198    0.126031    0.0255163    0.0774118    0.132206    0.126055    0.025546    
0.0774121    0.132198    0.126031    0.0255163    0.0774118    0.132206    0.126055    0.025546    
0.0774121    0.132198    0.126031    0.0255163    0.0774118    0.132206    0.126055    0.025546    
0.0774121    0.132198    0.126031    0.0255163    0.0774118    0.132206    0.126055    0.025546    
0.0774121    0.132198    0.126031    0.0255163    0.0774118    0.132206    0.126055    0.025546    
0.0774121    0.132198    0.126031    0.0255163    0.0774118    0.132206    0.126055    0.025546    
0.0774121    0.132198    0.126031    0.0255163    0.0774118    0.132206    0.126055    0.025546    
0.0774121    0.132198    0.126031    0.0255163    0.0774118    0.132206    0.126055    0.025546    
0.0774153    0.132223    0.126058    0.0255422    0.0774154    0.13222    0.126049    0.0255313    
0.0774153    0.132223    0.126058    0.0255422    0.0774154    0.13222    0.126049    0.0255313    
0.0774153    0.132223    0.126058    0.0255422    0.0774154    0.13222    0.126049    0.0255313    
0.0774153    0.132223    0.126058    0.0255422    0.0774154    0.13222    0.126049    0.0255313    
0.0774104    0.132205    0.12603    0.0255519    0.0774104    0.132206    0.126032    0.0255541    
0.0774104    0.132205    0.12603    0.0255519    0.0774104    0.132206    0.126032    0.0255541    
0.0774104    0.132205    0.12603    0.0255519    0.0774104    0.132206    0.126032    0.0255541    
0.0773942    0.132168    0.12602    0.0255677    0.0773942    0.132167    0.126018    0.0255654    
0.0773942    0.132168    0.12602    0.0255677    0.0773942    0.132167    0.126018    0.0255654    
0.0773942    0.132168    0.12602    0.0255677    0.0773942    0.132167    0.126018    0.0255654    
0.0773609    0.132095    0.126028    0.0255718    0.0773608    0.132096    0.126034    0.0255781    
0.0773609    0.132095    0.126028    0.0255718    0.0773608    0.132096    0.126034    0.0255781    
0.0773609    0.132095    0.126028    0.0255718    0.0773608    0.132096    0.126034    0.0255781    
0.0773473    0.132058    0.126031    0.0255912    0.0773474    0.132056    0.126024    0.025582    
0.0773473    0.132058    0.126031    0.0255912    0.0773474    0.132056    0.126024    0.025582    
0.0773473    0.132058    0.126031    0.0255912    0.0773474    0.132056    0.126024    0.025582    
0.0773248    0.131982    0.126036    0.0255803    0.0773246    0.131988    0.126054    0.0256027    
0.0773248    0.131982    0.126036    0.0255803    0.0773246    0.131988    0.126054    0.0256027    
0.0773248    0.131982    0.126036    0.0255803    0.0773246    0.131988    0.126054    0.0256027    
0.0773165    0.131945    0.126071    0.0256094    0.0773167    0.131938    0.126049    0.0255818    
0.0773165    0.131945    0.126071    0.0256094    0.0773167    0.131938    0.126049    0.0255818    
0.0773165    0.131945    0.126071    0.0256094    0.0773167    0.131938    0.126049    0.0255818    
0.0773165    0.131945    0.126071    0.0256094    0.0773167    0.131938    0.126049    0.0255818    
0.0773089    0.131897    0.126044    0.0255991    0.0773088    0.131902    0.126059    0.0256186    
0.0773089    0.131897    0.126044    0.0255991    0.0773088    0.131902    0.126059    0.0256186    
0.0773089    0.131897    0.126044    0.0255991    0.0773088    0.131902    0.126059    0.0256186    
0.0773089    0.131897    0.126044    0.0255991    0.0773088    0.131902    0.126059    0.0256186    
0.0773089    0.131897    0.126044    0.0255991    0.0773088    0.131902    0.126059    0.0256186    
0.0773089    0.131897    0.126044    0.0255991    0.0773088    0.131902    0.126059    0.0256186    
0.0773089    0.131897    0.126044    0.0255991    0.0773088    0.131902    0.126059    0.0256186    
0.0773089    0.131897    0.126044    0.0255991    0.0773088    0.131902    0.126059    0.0256186    
0.0773089    0.131897    0.126044    0.0255991    0.0773088    0.131902    0.126059    0.0256186    
0.0773089    0.131897    0.126044    0.0255991    0.0773088    0.131902    0.126059    0.0256186    
0.0773089    0.131897    0.126044    0.0255991    0.0773088    0.131902    0.126059    0.0256186    
0.0773089    0.131897    0.126044    0.0255991    0.0773088    0.131902    0.126059    0.0256186    
0.0773089    0.131897    0.126044    0.0255991    0.0773088    0.131902    0.126059    0.0256186    
0.0773089    0.131897    0.126044    0.0255991    0.0773088    0.131902    0.126059    0.0256186    
0.0773089    0.131897    0.126044    0.0255991    0.0773088    0.131902    0.126059    0.0256186    
0.0773089    0.131897    0.126044    0.0255991    0.0773088    0.131902    0.126059    0.0256186    
0.0773089    0.131897    0.126044    0.0255991    0.0773088    0.131902    0.126059    0.0256186    
0.0773089    0.131897    0.126044    0.0255991    0.0773088    0.131902    0.126059    0.0256186    
0.0773026    0.131874    0.126064    0.0256104    0.0773028    0.131869    0.126049    0.0255917    
0.0773026    0.131874    0.126064    0.0256104    0.0773028    0.131869    0.126049    0.0255917    
0.0773026    0.131874    0.126064    0.0256104    0.0773028    0.131869    0.126049    0.0255917    
0.0773026    0.131874    0.126064    0.0256104    0.0773028    0.131869    0.126049    0.0255917    
0.0773026    0.131874    0.126064    0.0256104    0.0773028    0.131869    0.126049    0.0255917    
0.0773026    0.131874    0.126064    0.0256104    0.0773028    0.131869    0.126049    0.0255917    
0.0773075    0.131883    0.126071    0.0255842    0.0773075    0.131884    0.126074    0.0255879    
0.0773075    0.131883    0.126071    0.0255842    0.0773075    0.131884    0.126074    0.0255879    
0.0773075    0.131883    0.126071    0.0255842    0.0773075    0.131884    0.126074    0.0255879    
0.0773075    0.131883    0.126071    0.0255842    0.0773075    0.131884    0.126074    0.0255879    
0.0773075    0.131883    0.126071    0.0255842    0.0773075    0.131884    0.126074    0.0255879    
0.0773075    0.131883    0.126071    0.0255842    0.0773075    0.131884    0.126074    0.0255879    
0.0773307    0.131948    0.126078    0.0255796    0.0773307    0.131946    0.126073    0.0255724    
0.0773307    0.131948    0.126078    0.0255796    0.0773307    0.131946    0.126073    0.0255724    
0.0773307    0.131948    0.126078    0.0255796    0.0773307    0.131946    0.126073    0.0255724    
0.0773307    0.131948    0.126078    0.0255796    0.0773307    0.131946    0.126073    0.0255724    
0.0773307    0.131948    0.126078    0.0255796    0.0773307    0.131946    0.126073    0.0255724    
0.0773307    0.131948    0.126078    0.0255796    0.0773307    0.131946    0.126073    0.0255724    
0.0773307    0.131948    0.126078    0.0255796    0.0773307    0.131946    0.126073    0.0255724    
0.0773458    0.131989    0.12603    0.025573    0.0773457    0.131992    0.12604    0.0255858    
0.0773458    0.131989    0.12603    0.025573    0.0773457    0.131992    0.12604    0.0255858    
0.0773458    0.131989    0.12603    0.025573    0.0773457    0.131992    0.12604    0.0255858    
0.0773458    0.131989    0.12603    0.025573    0.0773457    0.131992    0.12604    0.0255858    
0.0773458    0.131989    0.12603    0.025573    0.0773457    0.131992    0.12604    0.0255858    
0.0773458    0.131989    0.12603    0.025573    0.0773457    0.131992    0.12604    0.0255858    
0.0773458    0.131989    0.12603    0.025573    0.0773457    0.131992    0.12604    0.0255858    
0.0773458    0.131989    0.12603    0.025573    0.0773457    0.131992    0.12604    0.0255858    
0.0773458    0.131989    0.12603    0.025573    0.0773457    0.131992    0.12604    0.0255858    
0.0773458    0.131989    0.12603    0.025573    0.0773457    0.131992    0.12604    0.0255858    
0.0773458    0.131989    0.12603    0.025573    0.0773457    0.131992    0.12604    0.0255858    
0.0773458    0.131989    0.12603    0.025573    0.0773457    0.131992    0.12604    0.0255858    
0.0773458    0.131989    0.12603    0.025573    0.0773457    0.131992    0.12604    0.0255858    
0.0773458    0.131989    0.12603    0.025573    0.0773457    0.131992    0.12604    0.0255858    
0.0773458    0.131989    0.12603    0.025573    0.0773457    0.131992    0.12604    0.0255858    
0.0773458    0.131989    0.12603    0.025573    0.0773457    0.131992    0.12604    0.0255858    
0.0773458    0.131989    0.12603    0.025573    0.0773457    0.131992    0.12604    0.0255858    
0.0773477    0.132012    0.126062    0.0255791    0.0773477    0.132011    0.12606    0.025576    
0.0773477    0.132012    0.126062    0.0255791    0.0773477    0.132011    0.12606    0.025576    
0.0773477    0.132012    0.126062    0.0255791    0.0773477    0.132011    0.12606    0.025576    
0.0773477    0.132012    0.126062    0.0255791    0.0773477    0.132011    0.12606    0.025576    
0.0773477    0.132012    0.126062    0.0255791    0.0773477    0.132011    0.12606    0.025576    
0.0773477    0.132012    0.126062    0.0255791    0.0773477    0.132011    0.12606    0.025576    
0.0773477    0.132012    0.126062    0.0255791    0.0773477    0.132011    0.12606    0.025576    
0.0773477    0.132012    0.126062    0.0255791    0.0773477    0.132011    0.12606    0.025576    
0.0773477    0.132012    0.126062    0.0255791    0.0773477    0.132011    0.12606    0.025576    
0.0773477    0.132012    0.126062    0.0255791    0.0773477    0.132011    0.12606    0.025576    
0.0773477    0.132012    0.126062    0.0255791    0.0773477    0.132011    0.12606    0.025576    
0.0773477    0.132012    0.126062    0.0255791    0.0773477    0.132011    0.12606    0.025576    
0.0773428    0.131992    0.126044    0.0255905    0.0773428    0.131992    0.126045    0.0255916    
0.0773428    0.131992    0.126044    0.0255905    0.0773428    0.131992    0.126045    0.0255916    
0.0773428    0.131992    0.126044    0.0255905    0.0773428    0.131992    0.126045    0.0255916    
0.0773428    0.131992    0.126044    0.0255905    0.0773428    0.131992    0.126045    0.0255916    
0.0773428    0.131992    0.126044    0.0255905    0.0773428    0.131992    0.126045    0.0255916    
0.0773428    0.131992    0.126044    0.0255905    0.0773428    0.131992    0.126045    0.0255916    
0.0773428    0.131992    0.126044    0.0255905    0.0773428    0.131992    0.126045    0.0255916    
0.0773428    0.131992    0.126044    0.0255905    0.0773428    0.131992    0.126045    0.0255916    
0.0773428    0.131992    0.126044    0.0255905    0.0773428    0.131992    0.126045    0.0255916    
0.0773428    0.131992    0.126044    0.0255905    0.0773428    0.131992    0.126045    0.0255916    
0.0773428    0.131992    0.126044    0.0255905    0.0773428    0.131992    0.126045    0.0255916    
0.0773428    0.131992    0.126044    0.0255905    0.0773428    0.131992    0.126045    0.0255916    
0.0773428    0.131992    0.126044    0.0255905    0.0773428    0.131992    0.126045    0.0255916    
0.0773428    0.131992    0.126044    0.0255905    0.0773428    0.131992    0.126045    0.0255916    
0.0773428    0.131992    0.126044    0.0255905    0.0773428    0.131992    0.126045    0.0255916    
0.0773428    0.131992    0.126044    0.0255905    0.0773428    0.131992    0.126045    0.0255916    
0.0773428    0.131992    0.126044    0.0255905    0.0773428    0.131992    0.126045    0.0255916    
0.0773428    0.131992    0.126044    0.0255905    0.0773428    0.131992    0.126045    0.0255916    
0.0773428    0.131992    0.126044    0.0255905    0.0773428    0.131992    0.126045    0.0255916    
0.0773428    0.131992    0.126044    0.0255905    0.0773428    0.131992    0.126045    0.0255916    
0.0773428    0.131992    0.126044    0.0255905    0.0773428    0.131992    0.126045    0.0255916    
0.0773428    0.131992    0.126044    0.0255905    0.0773428    0.131992    0.126045    0.0255916    
0.0773428    0.131992    0.126044    0.0255905    0.0773428    0.131992    0.126045    0.0255916    
0.0773428    0.131992    0.126044    0.0255905    0.0773428    0.131992    0.126045    0.0255916    
0.0773428    0.131992    0.126044    0.0255905    0.0773428    0.131992    0.126045    0.0255916    
0.0773428    0.131992    0.126044    0.0255905    0.0773428    0.131992    0.126045    0.0255916    
0.0773428    0.131992    0.126044    0.0255905    0.0773428    0.131992    0.126045    0.0255916    
0.0773428    0.131992    0.126044    0.0255905    0.0773428    0.131992    0.126045    0.0255916    
0.0773428    0.131992    0.126044    0.0255905    0.0773428    0.131992    0.126045    0.0255916    
0.0773428    0.131992    0.126044    0.0255905    0.0773428    0.131992    0.126045    0.0255916    
0.0773428    0.131992    0.126044    0.0255905    0.0773428    0.131992    0.126045    0.0255916    
0.0773428    0.131992    0.126044    0.0255905    0.0773428    0.131992    0.126045    0.0255916    
0.0773335    0.13197    0.126041    0.0255867    0.0773335    0.13197    0.126039    0.0255847    
0.0773335    0.13197    0.126041    0.0255867    0.0773335    0.13197    0.126039    0.0255847    
0.0773335    0.13197    0.126041    0.0255867    0.0773335    0.13197    0.126039    0.0255847    
0.0773335    0.13197    0.126041    0.0255867    0.0773335    0.13197    0.126039    0.0255847    
0.0773335    0.13197    0.126041    0.0255867    0.0773335    0.13197    0.126039    0.0255847    
0.0773335    0.13197    0.126041    0.0255867    0.0773335    0.13197    0.126039    0.0255847    
0.0773335    0.13197    0.126041    0.0255867    0.0773335    0.13197    0.126039    0.0255847    
0.0773335    0.13197    0.126041    0.0255867    0.0773335    0.13197    0.126039    0.0255847    
0.0773335    0.13197    0.126041    0.0255867    0.0773335    0.13197    0.126039    0.0255847    
0.0773335    0.13197    0.126041    0.0255867    0.0773335    0.13197    0.126039    0.0255847    
0.0773335    0.13197    0.126041    0.0255867    0.0773335    0.13197    0.126039    0.0255847    
0.0773335    0.13197    0.126041    0.0255867    0.0773335    0.13197    0.126039    0.0255847    
0.0773335    0.13197    0.126041    0.0255867    0.0773335    0.13197    0.126039    0.0255847    
0.0773335    0.13197    0.126041    0.0255867    0.0773335    0.13197    0.126039    0.0255847    
0.0773335    0.13197    0.126041    0.0255867    0.0773335    0.13197    0.126039    0.0255847    
0.0773335    0.13197    0.126041    0.0255867    0.0773335    0.13197    0.126039    0.0255847    
0.0773335    0.13197    0.126041    0.0255867    0.0773335    0.13197    0.126039    0.0255847    
0.0773335    0.13197    0.126041    0.0255867    0.0773335    0.13197    0.126039    0.0255847    
0.0773335    0.13197    0.126041    0.0255867    0.0773335    0.13197    0.126039    0.0255847    
0.0773335    0.13197    0.126041    0.0255867    0.0773335    0.13197    0.126039    0.0255847    
0.0773335    0.13197    0.126041    0.0255867    0.0773335    0.13197    0.126039    0.0255847    
0.0773335    0.13197    0.126041    0.0255867    0.0773335    0.13197    0.126039    0.0255847    
0.0773335    0.13197    0.126041    0.0255867    0.0773335    0.13197    0.126039    0.0255847    
0.0773335    0.13197    0.126041    0.0255867    0.0773335    0.13197    0.126039    0.0255847    
0.0773335    0.13197    0.126041    0.0255867    0.0773335    0.13197    0.126039    0.0255847    
0.0773335    0.13197    0.126041    0.0255867    0.0773335    0.13197    0.126039    0.0255847    
0.0773335    0.13197    0.126041    0.0255867    0.0773335    0.13197    0.126039    0.0255847    
0.0773335    0.13197    0.126041    0.0255867    0.0773335    0.13197    0.126039    0.0255847    
0.0773335    0.13197    0.126041    0.0255867    0.0773335    0.13197    0.126039    0.0255847    
0.0773335    0.13197    0.126041    0.0255867    0.0773335    0.13197    0.126039    0.0255847    
0.0773339    0.131977    0.12606    0.025586    0.0773339    0.131977    0.126061    0.0255863    
0.0773339    0.131977    0.12606    0.025586    0.0773339    0.131977    0.126061    0.0255863    
0.0773339    0.131977    0.12606    0.025586    0.0773339    0.131977    0.126061    0.0255863    
0.0773339    0.131977    0.12606    0.025586    0.0773339    0.131977    0.126061    0.0255863    
0.0773339    0.131977    0.12606    0.025586    0.0773339    0.131977    0.126061    0.0255863    
0.0773339    0.131977    0.12606    0.025586    0.0773339    0.131977    0.126061    0.0255863    
0.0773339    0.131977    0.12606    0.025586    0.0773339    0.131977    0.126061    0.0255863    
0.0773339    0.131977    0.12606    0.025586    0.0773339    0.131977    0.126061    0.0255863    
0.0773339    0.131977    0.12606    0.025586    0.0773339    0.131977    0.126061    0.0255863    
0.0773339    0.131977    0.12606    0.025586    0.0773339    0.131977    0.126061    0.0255863    
0.0773339    0.131977    0.12606    0.025586    0.0773339    0.131977    0.126061    0.0255863    
0.0773339    0.131977    0.12606    0.025586    0.0773339    0.131977    0.126061    0.0255863    
0.0773339    0.131977    0.12606    0.025586    0.0773339    0.131977    0.126061    0.0255863    
0.0773339    0.131977    0.12606    0.025586    0.0773339    0.131977    0.126061    0.0255863    
0.0773339    0.131977    0.12606    0.025586    0.0773339    0.131977    0.126061    0.0255863    
0.0773339    0.131977    0.12606    0.025586    0.0773339    0.131977    0.126061    0.0255863    
0.0773339    0.131977    0.12606    0.025586    0.0773339    0.131977    0.126061    0.0255863    
0.0773339    0.131977    0.12606    0.025586    0.0773339    0.131977    0.126061    0.0255863    
0.0773339    0.131977    0.12606    0.025586    0.0773339    0.131977    0.126061    0.0255863    
0.0773339    0.131977    0.12606    0.025586    0.0773339    0.131977    0.126061    0.0255863    
0.0773339    0.131977    0.12606    0.025586    0.0773339    0.131977    0.126061    0.0255863    
0.0773339    0.131977    0.12606    0.025586    0.0773339    0.131977    0.126061    0.0255863    
0.0773339    0.131977    0.12606    0.025586    0.0773339    0.131977    0.126061    0.0255863    
0.0773339    0.131977    0.12606    0.025586    0.0773339    0.131977    0.126061    0.0255863    
0.0773339    0.131977    0.12606    0.025586    0.0773339    0.131977    0.126061    0.0255863    
0.0773339    0.131977    0.12606    0.025586    0.0773339    0.131977    0.126061    0.0255863    
0.0773339    0.131977    0.12606    0.025586    0.0773339    0.131977    0.126061    0.0255863    
0.0773339    0.131977    0.12606    0.025586    0.0773339    0.131977    0.126061    0.0255863    
0.0773339    0.131977    0.12606    0.025586    0.0773339    0.131977    0.126061    0.0255863    
0.0773339    0.131977    0.12606    0.025586    0.0773339    0.131977    0.126061    0.0255863    
0.0773339    0.131977    0.12606    0.025586    0.0773339    0.131977    0.126061    0.0255863    
0.0773339    0.131977    0.12606    0.025586    0.0773339    0.131977    0.126061    0.0255863    
0.077333    0.131969    0.126046    0.0255841    0.077333    0.131969    0.126046    0.0255841    
0.077333    0.131969    0.126046    0.0255841    0.077333    0.131969    0.126046    0.0255841    
0.077333    0.131969    0.126046    0.0255841    0.077333    0.131969    0.126046    0.0255841    
0.077333    0.131969    0.126046    0.0255841    0.077333    0.131969    0.126046    0.0255841    
0.077333    0.131969    0.126046    0.0255841    0.077333    0.131969    0.126046    0.0255841    
0.077333    0.131969    0.126046    0.0255841    0.077333    0.131969    0.126046    0.0255841    
0.077333    0.131969    0.126046    0.0255841    0.077333    0.131969    0.126046    0.0255841    
0.077333    0.131969    0.126046    0.0255841    0.077333    0.131969    0.126046    0.0255841    
0.077333    0.131969    0.126046    0.0255841    0.077333    0.131969    0.126046    0.0255841    
0.077333    0.131969    0.126046    0.0255841    0.077333    0.131969    0.126046    0.0255841    
0.077333    0.131969    0.126046    0.0255841    0.077333    0.131969    0.126046    0.0255841    
0.077333    0.131969    0.126046    0.0255841    0.077333    0.131969    0.126046    0.0255841    
0.077333    0.131969    0.126046    0.0255841    0.077333    0.131969    0.126046    0.0255841    
0.077333    0.131969    0.126046    0.0255841    0.077333    0.131969    0.126046    0.0255841    
0.077333    0.131969    0.126046    0.0255841    0.077333    0.131969    0.126046    0.0255841    
0.077333    0.131969    0.126046    0.0255841    0.077333    0.131969    0.126046    0.0255841    
0.077333    0.131969    0.126046    0.0255841    0.077333    0.131969    0.126046    0.0255841    
0.077333    0.131969    0.126046    0.0255841    0.077333    0.131969    0.126046    0.0255841    
0.077333    0.131969    0.126046    0.0255841    0.077333    0.131969    0.126046    0.0255841    
0.077333    0.131969    0.126046    0.0255841    0.077333    0.131969    0.126046    0.0255841    
0.077333    0.131969    0.126046    0.0255841    0.077333    0.131969    0.126046    0.0255841    
0.077333    0.131969    0.126046    0.0255841    0.077333    0.131969    0.126046    0.0255841    
0.077333    0.131969    0.126046    0.0255841    0.077333    0.131969    0.126046    0.0255841    
0.077333    0.131969    0.126046    0.0255841    0.077333    0.131969    0.126046    0.0255841    
0.077333    0.131969    0.126046    0.0255841    0.077333    0.131969    0.126046    0.0255841    
0.077333    0.131969    0.126046    0.0255841    0.077333    0.131969    0.126046    0.0255841    
0.0773336    0.131975    0.12606    0.0255862    0.0773336    0.131975    0.12606    0.0255862    
0.0773336    0.131975    0.12606    0.0255862    0.0773336    0.131975    0.12606    0.0255862    
0.0773336    0.131975    0.12606    0.0255862    0.0773336    0.131975    0.12606    0.0255862    
0.0773336    0.131975    0.12606    0.0255862    0.0773336    0.131975    0.12606    0.0255862    
0.0773336    0.131975    0.12606    0.0255862    0.0773336    0.131975    0.12606    0.0255862    
0.0773336    0.131975    0.12606    0.0255862    0.0773336    0.131975    0.12606    0.0255862    
0.0773336    0.131975    0.12606    0.0255862    0.0773336    0.131975    0.12606    0.0255862    
0.0773336    0.131975    0.12606    0.0255862    0.0773336    0.131975    0.12606    0.0255862    
0.0773336    0.131975    0.12606    0.0255862    0.0773336    0.131975    0.12606    0.0255862    
0.0773336    0.131975    0.12606    0.0255862    0.0773336    0.131975    0.12606    0.0255862    
0.0773336    0.131975    0.12606    0.0255862    0.0773336    0.131975    0.12606    0.0255862    
0.0773336    0.131975    0.12606    0.0255862    0.0773336    0.131975    0.12606    0.0255862    
0.0773336    0.131975    0.12606    0.0255862    0.0773336    0.131975    0.12606    0.0255862    
0.0773336    0.131975    0.12606    0.0255862    0.0773336    0.131975    0.12606    0.0255862    
0.0773336    0.131975    0.12606    0.0255862    0.0773336    0.131975    0.12606    0.0255862    
0.0773336    0.131975    0.12606    0.0255862    0.0773336    0.131975    0.12606    0.0255862    
0.0773336    0.131975    0.12606    0.0255862    0.0773336    0.131975    0.12606    0.0255862    
0.0773336    0.131975    0.12606    0.0255862    0.0773336    0.131975    0.12606    0.0255862    
0.0773336    0.131975    0.12606    0.0255862    0.0773336    0.131975    0.12606    0.0255862    
0.0773336    0.131975    0.12606    0.0255862    0.0773336    0.131975    0.12606    0.0255862    
0.0773336    0.131975    0.12606    0.0255862    0.0773336    0.131975    0.12606    0.0255862    
0.0773336    0.131975    0.12606    0.0255862    0.0773336    0.131975    0.12606    0.0255862    
0.0773336    0.131975    0.12606    0.0255862    0.0773336    0.131975    0.12606    0.0255862    
0.0773336    0.131975    0.12606    0.0255862    0.0773336    0.131975    0.12606    0.0255862    
0.0773336    0.131975    0.12606    0.0255862    0.0773336    0.131975    0.12606    0.0255862    
0.0773336    0.131975    0.12606    0.0255862    0.0773336    0.131975    0.12606    0.0255862    
0.0773336    0.131975    0.12606    0.0255862    0.0773336    0.131975    0.12606    0.0255862    
0.0773336    0.131975    0.12606    0.0255862    0.0773336    0.131975    0.12606    0.0255862    
0.0773336    0.131975    0.12606    0.0255862    0.0773336    0.131975    0.12606    0.0255862    
0.0773336    0.131975    0.12606    0.0255862    0.0773336    0.131975    0.12606    0.0255862    
0.0773336    0.131975    0.12606    0.0255862    0.0773336    0.131975    0.12606    0.0255862    
0.0773336    0.131975    0.12606    0.0255862    0.0773336    0.131975    0.12606    0.0255862    
0.0773336    0.131975    0.12606    0.0255862    0.0773336    0.131975    0.12606    0.0255862    
0.0773329    0.131968    0.126047    0.0255838    0.0773329    0.131968    0.126047    0.0255838    
0.0773329    0.131968    0.126047    0.0255838    0.0773329    0.131968    0.126047    0.0255838    
0.0773329    0.131968    0.126047    0.0255838    0.0773329    0.131968    0.126047    0.0255838    
0.0773329    0.131968    0.126047    0.0255838    0.0773329    0.131968    0.126047    0.0255838    
0.0773329    0.131968    0.126047    0.0255838    0.0773329    0.131968    0.126047    0.0255838    
0.0773329    0.131968    0.126047    0.0255838    0.0773329    0.131968    0.126047    0.0255838    
0.0773329    0.131968    0.126047    0.0255838    0.0773329    0.131968    0.126047    0.0255838    
0.0773329    0.131968    0.126047    0.0255838    0.0773329    0.131968    0.126047    0.0255838    
0.0773329    0.131968    0.126047    0.0255838    0.0773329    0.131968    0.126047    0.0255838    
0.0773329    0.131968    0.126047    0.0255838    0.0773329    0.131968    0.126047    0.0255838    
0.0773329    0.131968    0.126047    0.0255838    0.0773329    0.131968    0.126047    0.0255838    
0.0773329    0.131968    0.126047    0.0255838    0.0773329    0.131968    0.126047    0.0255838    
0.0773329    0.131968    0.126047    0.0255838    0.0773329    0.131968    0.126047    0.0255838    
0.0773329    0.131968    0.126047    0.0255838    0.0773329    0.131968    0.126047    0.0255838    
0.0773329    0.131968    0.126047    0.0255838    0.0773329    0.131968    0.126047    0.0255838    
0.0773329    0.131968    0.126047    0.0255838    0.0773329    0.131968    0.126047    0.0255838    
0.0773329    0.131968    0.126047    0.0255838    0.0773329    0.131968    0.126047    0.0255838    
0.0773329    0.131968    0.126047    0.0255838    0.0773329    0.131968    0.126047    0.0255838    
0.0773329    0.131968    0.126047    0.0255838    0.0773329    0.131968    0.126047    0.0255838    
0.0773329    0.131968    0.126047    0.0255838    0.0773329    0.131968    0.126047    0.0255838    
0.0773336    0.131974    0.126061    0.0255862    0.0773336    0.131974    0.126061    0.0255862    
0.0773336    0.131974    0.126061    0.0255862    0.0773336    0.131974    0.126061    0.0255862    
0.0773336    0.131974    0.126061    0.0255862    0.0773336    0.131974    0.126061    0.0255862    
0.0773336    0.131974    0.126061    0.0255862    0.0773336    0.131974    0.126061    0.0255862    
