1.2    -1.67339    0.000431427    -0.231748    -4.54994    -0.188849    0.324705
1.19705    -1.86249    0.00022554    -0.411575    -4.57261    -0.186782    0.188219
1.19492    -1.49857    4.0697e-06    -0.667958    -3.33498    -0.130059    0.178519
1.19521    -1.02995    0.000488898    -0.674886    -2.38348    -0.0894623    0.0962794
1.19835    -1.35663    0.00110064    -0.657387    -3.06745    -0.119437    0.222275
1.20305    -1.09069    0.002478    -0.676362    -2.4911    -0.0943231    0.127484
1.21012    -1.26126    0.00371504    -0.669867    -2.83551    -0.10955    0.197898
1.21877    -1.11113    0.00551579    -0.673001    -2.51727    -0.0958594    0.148292
1.2293    -1.24028    0.00694468    -0.66844    -2.77061    -0.107173    0.201085
1.24113    -1.12428    0.00874207    -0.669002    -2.522    -0.0965653    0.166194
1.2544    -1.22883    0.00999947    -0.664755    -2.72255    -0.105667    0.210234
1.26859    -1.13405    0.0114586    -0.663997    -2.51665    -0.0969427    0.184126
1.28378    -1.22138    0.0123035    -0.659901    -2.68086    -0.104526    0.221686
1.29952    -1.14166    0.0132368    -0.658501    -2.50534    -0.0971186    0.201237
1.31584    -1.21561    0.0135665    -0.654562    -2.64204    -0.103544    0.233393
1.33237    -1.14732    0.0139275    -0.652716    -2.4903    -0.097161    0.216883
1.34912    -1.21093    0.0137544    -0.648999    -2.60632    -0.102703    0.244457
1.36576    -1.15148    0.0136026    -0.646984    -2.47339    -0.0971151    0.230517
1.38231    -1.20668    0.0130184    -0.643502    -2.5732    -0.101953    0.254185
1.3985    -1.15446    0.0124698    -0.641454    -2.45611    -0.0970259    0.24213
1.41435    -1.20273    0.0115995    -0.638278    -2.54299    -0.101285    0.262429
1.42963    -1.15644    0.0107905    -0.636291    -2.43926    -0.096909    0.251764
1.44437    -1.19927    0.00977025    -0.63356    -2.51611    -0.100701    0.268964
1.4584    -1.15732    0.00883188    -0.631619    -2.42277    -0.0967462    0.259475
1.47173    -1.19606    0.00776417    -0.629136    -2.49279    -0.100215    0.274761
1.48424    -1.15811    0.00680781    -0.627518    -2.40869    -0.0966219    0.265688
1.49594    -1.1928    0.00579368    -0.625374    -2.47179    -0.0997519    0.278975
1.50674    -1.15861    0.00490395    -0.623989    -2.39661    -0.0965155    0.270604
1.51668    -1.18982    0.00401072    -0.6222    -2.4539    -0.0993509    0.282155
1.52567    -1.15892    0.0032465    -0.621066    -2.38662    -0.0964281    0.27438
1.53375    -1.18714    0.00251622    -0.619618    -2.43904    -0.0990082    0.284475
1.54087    -1.15916    0.00191187    -0.61874    -2.37881    -0.096365    0.277229
1.54708    -1.18473    0.00136423    -0.617586    -2.42705    -0.0987211    0.286161
1.55232    -1.15949    0.000933524    -0.616976    -2.37342    -0.096339    0.279392
1.55665    -1.18271    0.000572805    -0.616171    -2.41789    -0.0984857    0.287124
1.56005    -1.1598    0.000314766    -0.615808    -2.37    -0.0963292    0.280777
1.56257    -1.18104    0.000129859    -0.615303    -2.41141    -0.0983067    0.287579
1.56418    -1.16023    3.02187e-05    -0.615182    -2.36872    -0.0963474    0.281587
1.56496    -1.17967    2.36236e-07    -0.614954    -2.40741    -0.0981665    0.287568
1.5649    -1.16079    3.60807e-05    -0.615068    -2.36947    -0.0963969    0.28189
1.56404    -1.1786    0.000133444    -0.615096    -2.40575    -0.0980713    0.287132
1.5624    -1.16147    0.000276311    -0.615432    -2.37215    -0.0964734    0.281726
1.56005    -1.1778    0.000469425    -0.615695    -2.40623    -0.0980155    0.286293
1.55697    -1.16227    0.000687806    -0.616236    -2.37661    -0.0965755    0.28112
1.55325    -1.17725    0.000943352    -0.616713    -2.40869    -0.0979964    0.285062
1.54889    -1.16318    0.00120478    -0.617445    -2.38271    -0.0967071    0.280082
1.54397    -1.17696    0.00148883    -0.618144    -2.41301    -0.0980083    0.283355
1.53849    -1.16409    0.00176078    -0.619039    -2.39007    -0.0968417    0.278501
1.53254    -1.1768    0.00204269    -0.619876    -2.41887    -0.0980564    0.281344
1.52612    -1.16511    0.00229687    -0.620922    -2.39889    -0.0970078    0.276595
1.51932    -1.17674    0.00254883    -0.621897    -2.42607    -0.0981256    0.278928
1.51216    -1.16616    0.00276048    -0.623064    -2.4088    -0.0971885    0.274284
1.5047    -1.17678    0.00295964    -0.624152    -2.43442    -0.0982184    0.276134
1.49698    -1.16723    0.00310966    -0.625414    -2.41965    -0.0973853    0.271604
1.48907    -1.17684    0.00323875    -0.626594    -2.44362    -0.098325    0.272946
1.48099    -1.16826    0.00331352    -0.62792    -2.43113    -0.0975902    0.268526
1.47282    -1.17692    0.00336237    -0.62916    -2.45346    -0.0984455    0.269418
1.4646    -1.16923    0.00335568    -0.63052    -2.44298    -0.0977995    0.265105
1.45638    -1.177    0.00332174    -0.631785    -2.4637    -0.0985762    0.265611
1.4482    -1.17027    0.00323197    -0.63324    -2.45508    -0.0980114    0.261183
1.44013    -1.17692    0.00311674    -0.634503    -2.4736    -0.0986869    0.261257
1.43221    -1.1708    0.00296006    -0.635722    -2.46659    -0.0982096    0.257569
1.42449    -1.17722    0.00278397    -0.636954    -2.48455    -0.0988619    0.257524
1.417    -1.17149    0.00257217    -0.63824    -2.47793    -0.0984052    0.253601
1.4098    -1.17719    0.00234947    -0.63939    -2.49425    -0.0989912    0.253395
1.40293    -1.17209    0.00210354    -0.640576    -2.48861    -0.0985918    0.249724
1.39642    -1.17716    0.00185677    -0.641623    -2.5033    -0.0991165    0.24943
1.3903    -1.1726    0.00160053    -0.642688    -2.49836    -0.0987642    0.246061
1.38463    -1.1771    0.00135393    -0.643608    -2.51141    -0.0992302    0.245756
1.37941    -1.17305    0.00111125    -0.644528    -2.50695    -0.0989179    0.24275
1.37467    -1.17704    0.000887811    -0.645298    -2.51837    -0.099329    0.242519
1.37045    -1.17345    0.000679849    -0.646052    -2.51418    -0.0990502    0.239927
1.36675    -1.17698    0.000498484    -0.646653    -2.52399    -0.0994102    0.239847
1.36358    -1.17382    0.000341044    -0.647227    -2.51991    -0.0991588    0.237713
1.36096    -1.17694    0.000214336    -0.64765    -2.52814    -0.0994709    0.237842
1.35888    -1.17416    0.000116031    -0.648036    -2.52404    -0.0992421    0.236188
1.35735    -1.17693    4.89046e-05    -0.648276    -2.53077    -0.0995101    0.236567
1.35636    -1.17448    1.04977e-05    -0.648475    -2.52654    -0.0992991    0.235385
1.3559    -1.17696    1.34915e-07    -0.648532    -2.53188    -0.099528    0.236046
1.35595    -1.17479    1.51078e-05    -0.648549    -2.52746    -0.0993311    0.235329
1.3565    -1.177    5.20242e-05    -0.648435    -2.53151    -0.0995238    0.236254
1.35753    -1.17509    0.000108111    -0.648282    -2.52688    -0.0993388    0.235963
1.359    -1.17706    0.000178172    -0.648011    -2.52977    -0.0995    0.23714
1.3609    -1.17536    0.000259757    -0.647708    -2.52491    -0.0993234    0.237205
1.36318    -1.17718    0.000346546    -0.64729    -2.52693    -0.0994633    0.238649
1.36583    -1.17556    0.000437266    -0.646871    -2.52169    -0.099285    0.238938
1.36879    -1.1773    0.00052499    -0.64632    -2.5231    -0.0994132    0.240613
1.37204    -1.17571    0.000610025    -0.645816    -2.51746    -0.0992288    0.241053
1.37555    -1.17732    0.000685806    -0.645177    -2.51824    -0.0993407    0.242817
1.37926    -1.17584    0.000753514    -0.644593    -2.51254    -0.0991625    0.243449
1.38316    -1.17717    0.000808285    -0.64393    -2.51245    -0.0992413    0.245118
1.38719    -1.17595    0.000851123    -0.64325    -2.50716    -0.0990904    0.246015
1.39133    -1.17705    0.000879104    -0.64258    -2.50641    -0.0991422    0.247609
1.39554    -1.17597    0.000894047    -0.641848    -2.50139    -0.0990082    0.248599
1.39978    -1.17695    0.000894078    -0.641168    -2.50036    -0.0990492    0.250152
1.40403    -1.17593    0.000882022    -0.640432    -2.49546    -0.0989205    0.251117
1.40824    -1.17683    0.000856715    -0.63976    -2.49434    -0.0989564    0.252603
1.4124    -1.17582    0.000821575    -0.639044    -2.48958    -0.0988313    0.253504
1.41646    -1.17664    0.000776075    -0.638396    -2.48846    -0.0988638    0.25489
1.42042    -1.17567    0.000723744    -0.637712    -2.48396    -0.0987461    0.255722
1.42423    -1.17642    0.000662078    -0.637109    -2.48289    -0.0987754    0.256965
1.42788    -1.17551    0.00059967    -0.636481    -2.47874    -0.0986661    0.257714
1.43136    -1.17622    0.000534016    -0.635935    -2.47785    -0.0986962    0.258843
1.43464    -1.17532    0.000468199    -0.635378    -2.47396    -0.0985898    0.259446
1.43771    -1.176    0.000402484    -0.634898    -2.4733    -0.0986219    0.260436
1.44055    -1.17536    0.000340582    -0.634528    -2.47001    -0.0985283    0.260654
1.44317    -1.17553    0.000281306    -0.634098    -2.4687    -0.0985227    0.261424
1.44555    -1.17516    0.00022625    -0.63372    -2.46643    -0.0984679    0.261917
1.44769    -1.17537    0.000176048    -0.633325    -2.46561    -0.0984782    0.262595
1.44957    -1.17506    0.000131628    -0.633044    -2.46376    -0.0984308    0.262955
1.4512    -1.17505    9.35617e-05    -0.632789    -2.46269    -0.0984156    0.263309
1.45257    -1.17467    6.17569e-05    -0.632508    -2.46119    -0.0983788    0.26372
1.45368    -1.17516    3.64569e-05    -0.632278    -2.46158    -0.0984217    0.264273
1.45454    -1.17492    1.79184e-05    -0.632103    -2.46065    -0.0983987    0.264528
1.45514    -1.17481    6.14692e-06    -0.632073    -2.45992    -0.0983742    0.264477
1.45549    -1.17472    5.87991e-07    -0.632001    -2.45954    -0.0983647    0.264581
1.4556    -1.17469    7.9664e-07    -0.631979    -2.45942    -0.0983618    0.264613
1.45548    -1.17472    6.18855e-06    -0.632005    -2.45956    -0.0983652    0.264576
1.45512    -1.17461    1.60724e-05    -0.632037    -2.45959    -0.0983615    0.26448
1.45455    -1.17476    2.96656e-05    -0.632153    -2.46021    -0.0983767    0.264311
1.45378    -1.17443    4.62308e-05    -0.63226    -2.46006    -0.0983552    0.264067
1.45282    -1.17469    6.48355e-05    -0.632457    -2.46111    -0.0983811    0.263779
1.45167    -1.17452    8.45266e-05    -0.632691    -2.46138    -0.0983675    0.263305
1.45037    -1.17462    0.000104842    -0.632881    -2.46243    -0.0983897    0.263039
1.44892    -1.17466    0.000125166    -0.633106    -2.46346    -0.0984068    0.262727
1.44733    -1.17467    0.000144734    -0.633374    -2.46444    -0.0984182    0.262311
1.44562    -1.17467    0.000162898    -0.633649    -2.46554    -0.0984331    0.261867
1.44381    -1.17476    0.000179291    -0.633936    -2.46687    -0.0984567    0.261449
1.44191    -1.17476    0.000193431    -0.634256    -2.46805    -0.0984701    0.26095
1.43994    -1.17478    0.000204847    -0.634577    -2.46936    -0.0984894    0.260428
1.43791    -1.17461    0.000214491    -0.634806    -2.47051    -0.0985036    0.260195
1.43583    -1.17504    0.000221016    -0.635148    -2.4727    -0.0985603    0.259728
1.43372    -1.17477    0.000224554    -0.635478    -2.47356    -0.0985559    0.259159
1.43159    -1.17509    0.000224914    -0.635828    -2.47557    -0.098603    0.258656
1.42946    -1.17489    0.000222294    -0.636184    -2.47653    -0.0986013    0.258046
1.42735    -1.17511    0.000216678    -0.636527    -2.47836    -0.0986409    0.257514
1.42526    -1.17506    0.000208588    -0.636854    -2.47967    -0.0986573    0.256995
1.42321    -1.17521    0.000198129    -0.637196    -2.48131    -0.0986882    0.256467
1.42121    -1.17514    0.000185602    -0.637529    -2.48247    -0.0986987    0.255893
1.41928    -1.17533    0.0001715    -0.63785    -2.48412    -0.0987323    0.255418
1.41742    -1.17519    0.000156034    -0.638175    -2.48505    -0.0987343    0.254832
1.41565    -1.17533    0.000139626    -0.638462    -2.48652    -0.0987644    0.254355
1.41397    -1.17536    0.000122921    -0.638726    -2.48772    -0.098784    0.25394
1.4124    -1.17541    0.000106142    -0.639011    -2.48883    -0.0987994    0.253466
1.41094    -1.17537    8.96284e-05    -0.639247    -2.48974    -0.0988105    0.253025
1.40959    -1.17554    7.39159e-05    -0.639458    -2.49101    -0.09884    0.252718
1.40837    -1.17538    5.91195e-05    -0.639701    -2.49144    -0.0988314    0.252244
1.40728    -1.17555    4.56811e-05    -0.639858    -2.49256    -0.0988608    0.252012
1.40632    -1.17557    3.38386e-05    -0.640011    -2.49326    -0.0988721    0.251776
1.4055    -1.17562    2.36688e-05    -0.640155    -2.49391    -0.0988832    0.251535
1.40481    -1.17561    1.52837e-05    -0.64027    -2.49437    -0.0988895    0.251327
1.40425    -1.17576    8.71115e-06    -0.640388    -2.49498    -0.0989045    0.251127
1.40383    -1.17555    4.04399e-06    -0.640427    -2.49491    -0.0988938    0.25103
1.40355    -1.17562    1.1766e-06    -0.640487    -2.49523    -0.0989016    0.250927
1.40339    -1.17566    3.26152e-08    -0.64052    -2.4954    -0.0989057    0.250871
1.40337    -1.17567    4.81569e-07    -0.640525    -2.49543    -0.0989064    0.250862
1.40347    -1.17564    2.3471e-06    -0.640504    -2.49532    -0.0989037    0.250898
1.40368    -1.1759    5.38664e-06    -0.640461    -2.49571    -0.0989259    0.251079
1.40401    -1.17582    9.37318e-06    -0.640391    -2.49534    -0.098917    0.251199
1.40445    -1.17584    1.41238e-05    -0.640347    -2.49504    -0.0989112    0.251274
1.40498    -1.1757    1.93318e-05    -0.640234    -2.49445    -0.0988968    0.251466
1.4056    -1.17594    2.48856e-05    -0.640168    -2.49442    -0.0989069    0.251611
1.40631    -1.17576    3.04152e-05    -0.640019    -2.49364    -0.0988877    0.251865
1.4071    -1.17588    3.59202e-05    -0.639926    -2.49328    -0.0988865    0.252014
1.40795    -1.17566    4.09795e-05    -0.639747    -2.49234    -0.0988635    0.252318
1.40885    -1.17598    4.56911e-05    -0.639632    -2.49228    -0.0988785    0.252546
1.40981    -1.17572    4.96313e-05    -0.639429    -2.49121    -0.0988526    0.252886
1.41081    -1.17593    5.29725e-05    -0.639312    -2.49087    -0.0988553    0.25311
1.41185    -1.17566    5.53387e-05    -0.639094    -2.48972    -0.0988274    0.253473
1.4129    -1.1759    5.71185e-05    -0.638969    -2.4894    -0.0988328    0.25367
1.41397    -1.17562    5.78474e-05    -0.638744    -2.48821    -0.0988039    0.254044
1.41505    -1.1759    5.79065e-05    -0.638612    -2.48794    -0.0988123    0.254285
1.41613    -1.17561    5.69546e-05    -0.638385    -2.48674    -0.0987832    0.254658
1.4172    -1.17584    5.54435e-05    -0.63826    -2.48639    -0.0987872    0.25487
1.41826    -1.17556    5.3057e-05    -0.638038    -2.48522    -0.0987587    0.255232
1.41929    -1.1758    5.02765e-05    -0.637912    -2.48492    -0.0987646    0.255436
1.4203    -1.17553    4.68211e-05    -0.637702    -2.4838    -0.0987375    0.255778
1.42127    -1.17574    4.31463e-05    -0.637563    -2.48355    -0.0987458    0.255994
1.4222    -1.17549    3.90326e-05    -0.637368    -2.48252    -0.0987207    0.256308
1.42309    -1.17575    3.48148e-05    -0.637269    -2.48236    -0.0987296    0.256516
1.42393    -1.17553    3.04128e-05    -0.637094    -2.48144    -0.0987071    0.256796
1.42471    -1.17556    2.62117e-05    -0.637015    -2.48089    -0.0986961    0.256868
1.42544    -1.17537    2.20409e-05    -0.636863    -2.48009    -0.0986765    0.25711
1.4261    -1.17569    1.80976e-05    -0.636742    -2.48032    -0.0987022    0.257366
1.42671    -1.17553    1.43842e-05    -0.636616    -2.47966    -0.098686    0.257566
1.42724    -1.1755    1.10956e-05    -0.636579    -2.47915    -0.0986712    0.257586
1.42772    -1.17537    8.1633e-06    -0.63648    -2.47863    -0.0986585    0.257742
1.42812    -1.17545    5.71818e-06    -0.63644    -2.47846    -0.0986584    0.257772
1.42846    -1.17536    3.69147e-06    -0.63637    -2.47808    -0.0986493    0.257884
1.42873    -1.17528    2.10661e-06    -0.636313    -2.47778    -0.098642    0.257973
1.42894    -1.17545    9.87336e-07    -0.636297    -2.47795    -0.0986528    0.258011
1.42908    -1.17542    2.95201e-07    -0.636268    -2.4778    -0.098649    0.258057
1.42916    -1.1754    1.08109e-08    -0.636252    -2.47771    -0.0986469    0.258082
1.42917    -1.17539    1.03094e-07    -0.636249    -2.4777    -0.0986465    0.258087
1.42913    -1.1754    5.31108e-07    -0.636258    -2.47775    -0.0986478    0.258072
1.42902    -1.17543    1.24604e-06    -0.63628    -2.47786    -0.0986505    0.258038
1.42887    -1.17517    2.18922e-06    -0.636302    -2.47745    -0.0986293    0.257925
1.42866    -1.17523    3.30493e-06    -0.636346    -2.47768    -0.098635    0.257856
1.4284    -1.1753    4.53394e-06    -0.636399    -2.47797    -0.0986419    0.257771
1.4281    -1.17523    5.85612e-06    -0.636421    -2.47808    -0.0986425    0.257737
1.42775    -1.17532    7.1831e-06    -0.636493    -2.47846    -0.0986517    0.257623
1.42737    -1.17527    8.52397e-06    -0.636531    -2.47864    -0.0986532    0.257575
1.42696    -1.17538    9.77241e-06    -0.636618    -2.4791    -0.0986644    0.257438
1.42651    -1.17523    1.09479e-05    -0.636679    -2.47912    -0.098656    0.257326
1.42604    -1.17535    1.19515e-05    -0.636777    -2.47963    -0.0986686    0.257171
1.42555    -1.17523    1.28148e-05    -0.636833    -2.47977    -0.0986662    0.257061
1.42505    -1.17537    1.34527e-05    -0.636939    -2.48033    -0.0986799    0.256892
1.42453    -1.17528    1.39571e-05    -0.636992    -2.48054    -0.09868    0.256817
1.424    -1.17542    1.42115e-05    -0.637103    -2.48113    -0.0986943    0.25664
1.42346    -1.17527    1.43133e-05    -0.637176    -2.48122    -0.0986889    0.256519
1.42292    -1.17542    1.41672e-05    -0.637288    -2.48182    -0.0987034    0.256339
1.42239    -1.17528    1.38602e-05    -0.637349    -2.48194    -0.0986978    0.256217
1.42186    -1.17542    1.33326e-05    -0.637459    -2.48253    -0.0987121    0.256038
1.42134    -1.17535    1.27147e-05    -0.637515    -2.48279    -0.0987169    0.25597
1.42084    -1.17548    1.19191e-05    -0.637621    -2.48335    -0.0987305    0.255798
1.42035    -1.17528    1.10229e-05    -0.637713    -2.48324    -0.0987089    0.255606
1.41988    -1.17541    1.00086e-05    -0.637812    -2.48376    -0.0987216    0.255446
1.41943    -1.17537    8.99109e-06    -0.637847    -2.48407    -0.0987341    0.255412
1.419    -1.17549    7.91373e-06    -0.637936    -2.48454    -0.0987456    0.255267
1.4186    -1.17542    6.88444e-06    -0.63798    -2.48472    -0.0987391    0.255217
1.41823    -1.17552    5.84809e-06    -0.638058    -2.48513    -0.0987491    0.25509
1.41789    -1.1754    4.85367e-06    -0.638111    -2.48512    -0.0987508    0.254979
1.41757    -1.17548    3.90538e-06    -0.638177    -2.48547    -0.0987592    0.254872
1.41729    -1.17556    3.02739e-06    -0.638236    -2.48578    -0.0987668    0.254776
1.41705    -1.1754    2.27284e-06    -0.638237    -2.48571    -0.0987528    0.254763
1.41683    -1.17546    1.61323e-06    -0.638282    -2.48595    -0.0987586    0.254689
1.41665    -1.1755    1.06047e-06    -0.63832    -2.48615    -0.0987634    0.254627
1.41651    -1.17554    6.22152e-07    -0.63835    -2.48631    -0.0987674    0.254577
1.41639    -1.17557    3.01594e-07    -0.638374    -2.48643    -0.0987704    0.254538
1.41632    -1.17548    1.04027e-07    -0.638366    -2.48634    -0.0987751    0.254576
1.41627    -1.17549    1.01797e-08    -0.638376    -2.48639    -0.0987764    0.25456
1.41626    -1.17549    1.29901e-08    -0.638379    -2.4864    -0.0987768    0.254555
1.41627    -1.17549    1.02676e-07    -0.638375    -2.48638    -0.0987763    0.254561
1.41632    -1.17548    2.67253e-07    -0.638366    -2.48633    -0.0987751    0.254577
1.41639    -1.17566    4.92148e-07    -0.638361    -2.48664    -0.0987816    0.254632
1.41649    -1.17564    7.63193e-07    -0.63834    -2.48653    -0.098779    0.254666
1.41662    -1.1756    1.06529e-06    -0.638314    -2.48639    -0.0987756    0.254709
1.41676    -1.17556    1.38339e-06    -0.638283    -2.48623    -0.0987717    0.254759
1.41693    -1.17552    1.70303e-06    -0.638248    -2.48605    -0.0987672    0.254816
1.41711    -1.17569    2.02464e-06    -0.638244    -2.48621    -0.0987799    0.254859
1.41732    -1.17564    2.3236e-06    -0.638201    -2.48599    -0.0987744    0.254929
1.41753    -1.17558    2.58893e-06    -0.638156    -2.48575    -0.0987686    0.255003
1.41776    -1.17552    2.81161e-06    -0.638108    -2.4855    -0.0987624    0.255081
1.418    -1.17568    3.02005e-06    -0.638107    -2.48559    -0.0987684    0.255093
1.41825    -1.17562    3.17438e-06    -0.638055    -2.48531    -0.0987618    0.255177
1.4185    -1.17555    3.2709e-06    -0.638002    -2.48504    -0.0987549    0.255263
1.41875    -1.17558    3.35504e-06    -0.637985    -2.48487    -0.0987534    0.255255
1.41901    -1.17551    3.3787e-06    -0.63793    -2.48458    -0.0987464    0.255343
1.41928    -1.17544    3.3432e-06    -0.637876    -2.48429    -0.0987394    0.255432
1.41953    -1.1757    3.26847e-06    -0.637838    -2.48463    -0.0987559    0.255543
1.41979    -1.17563    3.14148e-06    -0.637784    -2.48435    -0.098749    0.255631
1.42004    -1.17556    2.9683e-06    -0.637732    -2.48407    -0.0987422    0.255716
1.42029    -1.1755    2.75617e-06    -0.637681    -2.4838    -0.0987356    0.255799
1.42052    -1.17564    2.55174e-06    -0.637689    -2.48383    -0.0987442    0.255786
1.42075    -1.17558    2.31972e-06    -0.637641    -2.48358    -0.0987381    0.255862
1.42097    -1.17552    2.0683e-06    -0.637596    -2.48334    -0.0987323    0.255936
1.42117    -1.17546    1.80582e-06    -0.637553    -2.48311    -0.0987268    0.256005
1.42136    -1.17558    1.57031e-06    -0.637528    -2.48321    -0.0987279    0.256017
1.42154    -1.17554    1.33354e-06    -0.637491    -2.48302    -0.0987231    0.256077
1.4217    -1.17549    1.10236e-06    -0.637457    -2.48284    -0.0987187    0.256132
1.42185    -1.17545    8.82989e-07    -0.637426    -2.48267    -0.0987147    0.256182
1.42198    -1.17558    6.91551e-07    -0.637434    -2.48277    -0.0987282    0.256185
1.4221    -1.17554    5.18558e-07    -0.63741    -2.48264    -0.098725    0.256225
1.4222    -1.17552    3.67591e-07    -0.637388    -2.48252    -0.0987222    0.256259
1.42229    -1.17549    2.41283e-07    -0.63737    -2.48243    -0.0987199    0.256288
1.42236    -1.17548    1.41284e-07    -0.637356    -2.48235    -0.098718    0.256312
1.42241    -1.17546    6.82817e-08    -0.637345    -2.48229    -0.0987166    0.256329
1.42245    -1.17545    2.20381e-08    -0.637337    -2.48225    -0.0987156    0.256342
1.42247    -1.17545    1.46075e-09    -0.637332    -2.48223    -0.098715    0.256349
1.42248    -1.17544    4.69713e-09    -0.637331    -2.48222    -0.0987149    0.256351
1.42247    -1.17545    2.92475e-08    -0.637333    -2.48223    -0.0987151    0.256348
1.42244    -1.17545    7.20918e-08    -0.637338    -2.48226    -0.0987158    0.256339
1.42241    -1.17546    1.29826e-07    -0.637346    -2.4823    -0.0987168    0.256327
1.42235    -1.17548    1.98799e-07    -0.637357    -2.48236    -0.0987182    0.256309
1.42229    -1.17549    2.75256e-07    -0.63737    -2.48243    -0.0987199    0.256288
1.42222    -1.17551    3.55466e-07    -0.637386    -2.48251    -0.0987219    0.256263
1.42213    -1.17554    4.35845e-07    -0.637404    -2.48261    -0.0987242    0.256234
1.42204    -1.17556    5.13069e-07    -0.637423    -2.48271    -0.0987267    0.256203
1.42194    -1.17533    5.78947e-07    -0.637438    -2.48232    -0.0987027    0.256098
1.42183    -1.17536    6.35862e-07    -0.63746    -2.48244    -0.0987056    0.256062
1.42172    -1.17539    6.81984e-07    -0.637484    -2.48256    -0.0987087    0.256024
1.4216    -1.17542    7.15986e-07    -0.637509    -2.48269    -0.0987118    0.255984
1.42148    -1.17545    7.37057e-07    -0.637534    -2.48283    -0.0987151    0.255944
1.42136    -1.17549    7.44893e-07    -0.637559    -2.48296    -0.0987183    0.255902
1.42123    -1.17535    7.50756e-07    -0.637548    -2.48283    -0.0987144    0.255908
1.42111    -1.17538    7.43524e-07    -0.637573    -2.48296    -0.0987177    0.255867
1.42099    -1.17541    7.23889e-07    -0.637599    -2.4831    -0.098721    0.255825
1.42087    -1.17544    6.92928e-07    -0.637624    -2.48323    -0.0987243    0.255784
1.42075    -1.17548    6.52045e-07    -0.637649    -2.48336    -0.0987275    0.255744
1.42063    -1.17551    6.02897e-07    -0.637673    -2.48349    -0.0987306    0.255706
1.42052    -1.17542    5.65745e-07    -0.63766    -2.48345    -0.0987261    0.255757
1.42042    -1.17545    5.21587e-07    -0.637682    -2.48357    -0.098729    0.255721
1.42032    -1.17548    4.72056e-07    -0.637704    -2.48369    -0.0987317    0.255686
1.42022    -1.1755    4.18871e-07    -0.637724    -2.48379    -0.0987344    0.255653
1.42013    -1.17553    3.63768e-07    -0.637743    -2.4839    -0.0987368    0.255622
1.42004    -1.17555    3.08441e-07    -0.637761    -2.48399    -0.0987391    0.255593
1.41996    -1.17538    2.57237e-07    -0.637771    -2.48371    -0.0987294    0.255551
1.41989    -1.1754    2.0819e-07    -0.637786    -2.48379    -0.0987313    0.255526
1.41983    -1.17542    1.6256e-07    -0.6378    -2.48386    -0.0987331    0.255504
1.41977    -1.17544    1.21414e-07    -0.637812    -2.48393    -0.0987346    0.255485
1.41972    -1.17545    8.78884e-08    -0.637822    -2.48399    -0.0987362    0.255469
1.41968    -1.17546    5.75666e-08    -0.637831    -2.48403    -0.0987373    0.255455
1.41964    -1.17547    3.35909e-08    -0.637838    -2.48407    -0.0987382    0.255443
1.41962    -1.17548    1.61282e-08    -0.637843    -2.4841    -0.0987389    0.255434
1.4196    -1.17548    5.1209e-09    -0.637847    -2.48412    -0.0987394    0.255428
1.41959    -1.17549    3.03408e-10    -0.637849    -2.48413    -0.0987397    0.255425
1.41959    -1.17549    1.22536e-09    -0.63785    -2.48413    -0.0987398    0.255424
1.41959    -1.17548    7.27895e-09    -0.637849    -2.48413    -0.0987396    0.255426
1.4196    -1.17548    1.77301e-08    -0.637846    -2.48411    -0.0987393    0.25543
1.41962    -1.17548    3.17516e-08    -0.637842    -2.48409    -0.0987388    0.255436
1.41965    -1.17547    4.84573e-08    -0.637837    -2.48407    -0.0987381    0.255445
1.41968    -1.17546    6.69363e-08    -0.63783    -2.48403    -0.0987373    0.255455
1.41972    -1.17545    8.62848e-08    -0.637823    -2.48399    -0.0987363    0.255468
1.41976    -1.17544    1.05637e-07    -0.637814    -2.48394    -0.0987352    0.255482
1.4198    -1.17543    1.24189e-07    -0.637804    -2.48389    -0.0987339    0.255498
1.41985    -1.17541    1.41228e-07    -0.637794    -2.48384    -0.0987326    0.255515
1.41991    -1.1754    1.56141e-07    -0.637783    -2.48378    -0.0987311    0.255533
1.41996    -1.17539    1.68436e-07    -0.637771    -2.48372    -0.0987296    0.255552
1.42002    -1.17561    1.74898e-07    -0.637756    -2.48415    -0.0987467    0.255645
1.42008    -1.1756    1.78192e-07    -0.637744    -2.48408    -0.0987451    0.255665
1.42014    -1.17558    1.78311e-07    -0.637731    -2.48401    -0.0987435    0.255686
1.4202    -1.17557    1.7536e-07    -0.637719    -2.48395    -0.0987419    0.255706
1.42026    -1.17555    1.69546e-07    -0.637706    -2.48388    -0.0987403    0.255726
1.42032    -1.17554    1.61161e-07    -0.637694    -2.48382    -0.0987387    0.255746
1.42038    -1.17552    1.50569e-07    -0.637682    -2.48375    -0.0987372    0.255765
1.42043    -1.17551    1.38184e-07    -0.63767    -2.48369    -0.0987357    0.255784
1.42048    -1.17549    1.2446e-07    -0.637659    -2.48363    -0.0987343    0.255802
1.42053    -1.17548    1.09865e-07    -0.637649    -2.48358    -0.0987329    0.255819
1.42058    -1.17547    9.48683e-08    -0.637639    -2.48353    -0.0987317    0.255835
1.42062    -1.17559    8.32275e-08    -0.637663    -2.48368    -0.0987388    0.255806
1.42067    -1.17558    7.13765e-08    -0.637654    -2.48364    -0.0987377    0.25582
1.4207    -1.17557    5.96679e-08    -0.637646    -2.4836    -0.0987367    0.255833
1.42074    -1.17556    4.84273e-08    -0.637639    -2.48356    -0.0987357    0.255844
1.42077    -1.17555    3.79446e-08    -0.637632    -2.48352    -0.0987349    0.255855
1.4208    -1.17554    2.84663e-08    -0.637626    -2.48349    -0.0987342    0.255864
1.42082    -1.17554    2.01902e-08    -0.637621    -2.48347    -0.0987335    0.255873
1.42084    -1.17553    1.32618e-08    -0.637617    -2.48344    -0.098733    0.255879
1.42086    -1.17553    7.77319e-09    -0.637614    -2.48343    -0.0987325    0.255885
1.42087    -1.17552    3.76306e-09    -0.637611    -2.48341    -0.0987322    0.255889
1.42088    -1.17552    1.21936e-09    -0.637609    -2.4834    -0.098732    0.255892
1.42088    -1.17552    8.29249e-11    -0.637608    -2.4834    -0.0987318    0.255894
1.42088    -1.17552    2.52627e-10    -0.637608    -2.4834    -0.0987318    0.255894
1.42088    -1.17552    1.59161e-09    -0.637608    -2.4834    -0.0987318    0.255893
1.42088    -1.17552    3.93429e-09    -0.63761    -2.4834    -0.098732    0.255892
1.42087    -1.17552    7.09379e-09    -0.637612    -2.48341    -0.0987322    0.255889
1.42086    -1.17553    1.08697e-08    -0.637614    -2.48343    -0.0987326    0.255884
1.42084    -1.17553    1.50558e-08    -0.637617    -2.48344    -0.098733    0.255879
1.42082    -1.17554    1.9447e-08    -0.637621    -2.48346    -0.0987334    0.255874
1.4208    -1.17554    2.38467e-08    -0.637625    -2.48348    -0.098734    0.255867
1.42078    -1.17555    2.80725e-08    -0.63763    -2.48351    -0.0987346    0.255859
1.42076    -1.17555    3.1961e-08    -0.637634    -2.48354    -0.0987352    0.255851
1.42073    -1.17556    3.53729e-08    -0.63764    -2.48356    -0.0987359    0.255843
1.42071    -1.17557    3.81952e-08    -0.637645    -2.48359    -0.0987366    0.255834
1.42068    -1.17557    4.03436e-08    -0.637651    -2.48362    -0.0987374    0.255824
1.42065    -1.17558    4.17632e-08    -0.637657    -2.48366    -0.0987381    0.255815
1.42062    -1.17559    4.24284e-08    -0.637663    -2.48369    -0.0987389    0.255805
1.42059    -1.1756    4.23419e-08    -0.637669    -2.48372    -0.0987397    0.255795
1.42056    -1.17536    4.02135e-08    -0.637672    -2.48326    -0.0987182    0.255717
1.42053    -1.17536    3.75378e-08    -0.637678    -2.48329    -0.0987189    0.255707
1.42051    -1.17537    3.44193e-08    -0.637683    -2.48332    -0.0987197    0.255698
1.42048    -1.17538    3.09711e-08    -0.637689    -2.48335    -0.0987204    0.255689
1.42046    -1.17538    2.73107e-08    -0.637694    -2.48338    -0.0987211    0.25568
1.42043    -1.17539    2.35555e-08    -0.637699    -2.48341    -0.0987217    0.255672
1.42041    -1.1754    1.98188e-08    -0.637704    -2.48343    -0.0987223    0.255665
1.42039    -1.1754    1.62066e-08    -0.637708    -2.48345    -0.0987228    0.255658
1.42037    -1.17541    1.28137e-08    -0.637711    -2.48347    -0.0987233    0.255652
1.42036    -1.17541    9.72213e-09    -0.637715    -2.48349    -0.0987237    0.255646
1.42034    -1.17541    6.99855e-09    -0.637718    -2.48351    -0.0987241    0.255642
1.42033    -1.17542    4.69334e-09    -0.63772    -2.48352    -0.0987244    0.255638
1.42032    -1.17542    2.83987e-09    -0.637722    -2.48353    -0.0987247    0.255634
1.42031    -1.17542    1.45453e-09    -0.637724    -2.48354    -0.0987249    0.255632
1.42031    -1.17542    5.37325e-10    -0.637725    -2.48354    -0.098725    0.25563
1.4203    -1.17542    7.29059e-11    -0.637726    -2.48355    -0.0987251    0.255629
1.4203    -1.17543    3.21669e-11    -0.637726    -2.48355    -0.0987252    0.255628
1.4203    -1.17542    3.74124e-10    -0.637726    -2.48355    -0.0987251    0.255629
1.42031    -1.17542    1.04809e-09    -0.637725    -2.48354    -0.0987251    0.25563
1.42031    -1.17542    1.99605e-09    -0.637724    -2.48354    -0.0987249    0.255631
1.42032    -1.17542    3.15506e-09    -0.637723    -2.48353    -0.0987248    0.255633
1.42033    -1.17542    4.45977e-09    -0.637721    -2.48352    -0.0987246    0.255636
1.42033    -1.17542    5.84472e-09    -0.637719    -2.48351    -0.0987243    0.255639
1.42035    -1.17541    7.24657e-09    -0.637717    -2.4835    -0.098724    0.255643
1.42036    -1.17541    8.60609e-09    -0.637714    -2.48349    -0.0987237    0.255647
1.42037    -1.17541    9.86989e-09    -0.637712    -2.48347    -0.0987233    0.255652
1.42039    -1.1754    1.09918e-08    -0.637709    -2.48346    -0.098723    0.255656
1.4204    -1.1754    1.19338e-08    -0.637706    -2.48344    -0.0987226    0.255661
1.42042    -1.1754    1.26672e-08    -0.637702    -2.48342    -0.0987221    0.255667
1.42043    -1.17539    1.31722e-08    -0.637699    -2.48341    -0.0987217    0.255672
1.42045    -1.17539    1.34387e-08    -0.637696    -2.48339    -0.0987213    0.255678
1.42046    -1.17538    1.34656e-08    -0.637692    -2.48337    -0.0987208    0.255683
1.42048    -1.17538    1.32601e-08    -0.637689    -2.48335    -0.0987204    0.255689
1.4205    -1.17537    1.28372e-08    -0.637685    -2.48333    -0.0987199    0.255694
1.42051    -1.17537    1.22185e-08    -0.637682    -2.48332    -0.0987195    0.2557
1.42053    -1.17536    1.14309e-08    -0.637679    -2.4833    -0.0987191    0.255705
1.42054    -1.17536    1.05057e-08    -0.637675    -2.48328    -0.0987187    0.25571
1.42056    -1.17561    8.76488e-09    -0.637668    -2.48377    -0.0987418    0.255797
1.42057    -1.1756    7.09706e-09    -0.637665    -2.48376    -0.0987414    0.255802
1.42058    -1.1756    5.54499e-09    -0.637662    -2.48375    -0.0987411    0.255806
1.42059    -1.1756    4.14493e-09    -0.63766    -2.48373    -0.0987408    0.255809
1.4206    -1.17559    2.9258e-09    -0.637658    -2.48372    -0.0987406    0.255812
1.42061    -1.17559    1.90874e-09    -0.637657    -2.48372    -0.0987404    0.255815
1.42062    -1.17559    1.1069e-09    -0.637655    -2.48371    -0.0987402    0.255817
1.42062    -1.17559    5.2551e-10    -0.637654    -2.4837    -0.0987401    0.255819
1.42063    -1.17559    1.62242e-10    -0.637654    -2.4837    -0.09874    0.25582
1.42063    -1.17559    7.7989e-12    -0.637653    -2.4837    -0.0987399    0.25582
1.42063    -1.17559    4.66891e-11    -0.637653    -2.4837    -0.0987399    0.255821
1.42063    -1.17559    2.58162e-10    -0.637653    -2.4837    -0.0987399    0.25582
1.42062    -1.17559    6.17259e-10    -0.637654    -2.4837    -0.09874    0.255819
1.42062    -1.17559    1.09594e-09    -0.637655    -2.4837    -0.0987401    0.255818
1.42062    -1.17559    1.66421e-09    -0.637656    -2.48371    -0.0987402    0.255817
1.42061    -1.17559    2.2913e-09    -0.637657    -2.48372    -0.0987404    0.255815
1.4206    -1.17559    2.94672e-09    -0.637658    -2.48372    -0.0987406    0.255812
1.4206    -1.1756    3.60126e-09    -0.63766    -2.48373    -0.0987408    0.25581
1.42059    -1.1756    4.22791e-09    -0.637662    -2.48374    -0.098741    0.255807
1.42058    -1.1756    4.80262e-09    -0.637664    -2.48375    -0.0987412    0.255804
1.42057    -1.1756    5.30485e-09    -0.637666    -2.48376    -0.0987415    0.2558
1.42056    -1.17561    5.7181e-09    -0.637668    -2.48377    -0.0987418    0.255797
1.42055    -1.17561    6.03013e-09    -0.63767    -2.48379    -0.0987421    0.255793
1.42054    -1.17537    5.76422e-09    -0.637673    -2.48332    -0.0987207    0.255719
1.42053    -1.17538    5.41641e-09    -0.637676    -2.48333    -0.098721    0.255715
1.42051    -1.17538    5.00072e-09    -0.637678    -2.48334    -0.0987213    0.255712
1.4205    -1.17538    4.53266e-09    -0.63768    -2.48335    -0.0987215    0.255708
1.4205    -1.17538    4.02855e-09    -0.637682    -2.48336    -0.0987218    0.255705
1.42049    -1.17539    3.50493e-09    -0.637684    -2.48337    -0.098722    0.255702
1.42048    -1.17539    2.97798e-09    -0.637686    -2.48338    -0.0987222    0.255699
1.42047    -1.17539    2.463e-09    -0.637687    -2.48339    -0.0987225    0.255696
1.42046    -1.17539    1.97394e-09    -0.637689    -2.4834    -0.0987226    0.255694
1.42046    -1.17539    1.52301e-09    -0.63769    -2.48341    -0.0987228    0.255692
1.42045    -1.1754    1.12041e-09    -0.637691    -2.48341    -0.098723    0.25569
1.42045    -1.1754    7.74079e-10    -0.637692    -2.48342    -0.0987231    0.255688
1.42044    -1.1754    4.89609e-10    -0.637693    -2.48342    -0.0987232    0.255687
1.42044    -1.1754    2.70198e-10    -0.637694    -2.48343    -0.0987233    0.255686
1.42044    -1.1754    1.16703e-10    -0.637694    -2.48343    -0.0987234    0.255685
1.42044    -1.1754    2.7767e-11    -0.637694    -2.48343    -0.0987234    0.255685
1.42043    -1.1754    1.40375e-14    -0.637695    -2.48343    -0.0987234    0.255684
1.42043    -1.1754    2.82962e-11    -0.637695    -2.48343    -0.0987234    0.255684
1.42044    -1.1754    1.05986e-10    -0.637694    -2.48343    -0.0987234    0.255685
1.42044    -1.1754    2.253e-10    -0.637694    -2.48343    -0.0987234    0.255685
1.42044    -1.1754    3.77636e-10    -0.637694    -2.48343    -0.0987233    0.255686
1.42044    -1.1754    5.53919e-10    -0.637693    -2.48342    -0.0987232    0.255687
1.42045    -1.1754    7.44938e-10    -0.637692    -2.48342    -0.0987231    0.255688
1.42045    -1.1754    9.41664e-10    -0.637692    -2.48342    -0.098723    0.255689
1.42045    -1.1754    1.13554e-09    -0.637691    -2.48341    -0.0987229    0.255691
1.42046    -1.17539    1.31875e-09    -0.63769    -2.48341    -0.0987228    0.255692
1.42046    -1.17539    1.48439e-09    -0.637689    -2.4834    -0.0987226    0.255694
1.42047    -1.17539    1.62671e-09    -0.637687    -2.48339    -0.0987225    0.255696
1.42047    -1.17539    1.74115e-09    -0.637686    -2.48339    -0.0987223    0.255698
1.42048    -1.17539    1.82447e-09    -0.637685    -2.48338    -0.0987222    0.2557
1.42049    -1.17539    1.87473e-09    -0.637684    -2.48337    -0.098722    0.255702
1.42049    -1.17539    1.89129e-09    -0.637682    -2.48337    -0.0987218    0.255704
1.4205    -1.17538    1.87474e-09    -0.637681    -2.48336    -0.0987217    0.255706
1.4205    -1.17538    1.82678e-09    -0.63768    -2.48335    -0.0987215    0.255708
1.42051    -1.17538    1.75009e-09    -0.637679    -2.48335    -0.0987214    0.25571
1.42052    -1.17538    1.6482e-09    -0.637677    -2.48334    -0.0987212    0.255712
1.42052    -1.17538    1.52526e-09    -0.637676    -2.48333    -0.098721    0.255714
1.42053    -1.17538    1.3859e-09    -0.637675    -2.48333    -0.0987209    0.255716
1.42053    -1.17537    1.23502e-09    -0.637674    -2.48332    -0.0987207    0.255718
1.42054    -1.17537    1.07762e-09    -0.637673    -2.48332    -0.0987206    0.25572
1.42054    -1.17537    9.18592e-10    -0.637672    -2.48331    -0.0987205    0.255721
1.42055    -1.17537    7.62594e-10    -0.637671    -2.48331    -0.0987204    0.255723
1.42055    -1.17537    6.1389e-10    -0.63767    -2.4833    -0.0987203    0.255724
1.42055    -1.17537    4.76238e-10    -0.637669    -2.4833    -0.0987202    0.255725
1.42056    -1.17537    3.52793e-10    -0.637669    -2.4833    -0.0987201    0.255726
1.42056    -1.1756    1.67812e-10    -0.637668    -2.48377    -0.0987414    0.255795
1.42056    -1.1756    5.20589e-11    -0.637668    -2.48376    -0.0987414    0.255796
1.42056    -1.1756    2.59864e-12    -0.637667    -2.48376    -0.0987413    0.255796
1.42056    -1.1756    1.45285e-11    -0.637667    -2.48376    -0.0987413    0.255796
1.42056    -1.1756    8.12744e-11    -0.637667    -2.48376    -0.0987414    0.255796
1.42056    -1.1756    1.94924e-10    -0.637668    -2.48376    -0.0987414    0.255795
1.42056    -1.1756    3.46583e-10    -0.637668    -2.48377    -0.0987414    0.255795
1.42056    -1.1756    5.2674e-10    -0.637669    -2.48377    -0.0987415    0.255794
1.42055    -1.17561    7.25627e-10    -0.637669    -2.48377    -0.0987416    0.255793
1.42055    -1.17561    9.33566e-10    -0.63767    -2.48378    -0.0987417    0.255791
1.42055    -1.17561    1.14129e-09    -0.637671    -2.48378    -0.0987418    0.25579
1.42054    -1.17561    1.34021e-09    -0.637672    -2.48379    -0.098742    0.255788
1.42054    -1.17537    1.31119e-09    -0.637673    -2.48332    -0.0987206    0.255718
1.42053    -1.17537    1.26121e-09    -0.637674    -2.48332    -0.0987208    0.255717
1.42053    -1.17538    1.19263e-09    -0.637675    -2.48333    -0.0987209    0.255715
1.42052    -1.17538    1.10832e-09    -0.637676    -2.48334    -0.0987211    0.255713
1.42052    -1.17538    1.01152e-09    -0.637677    -2.48334    -0.0987212    0.255712
1.42051    -1.17538    9.05674e-10    -0.637678    -2.48335    -0.0987213    0.25571
1.42051    -1.17538    7.94338e-10    -0.637679    -2.48335    -0.0987214    0.255709
1.4205    -1.17538    6.81028e-10    -0.63768    -2.48335    -0.0987215    0.255707
1.4205    -1.17538    5.69112e-10    -0.637681    -2.48336    -0.0987216    0.255706
1.4205    -1.17538    4.61703e-10    -0.637682    -2.48336    -0.0987217    0.255705
1.42049    -1.17538    3.61569e-10    -0.637682    -2.48337    -0.0987218    0.255704
1.42049    -1.17539    2.71065e-10    -0.637683    -2.48337    -0.0987219    0.255703
1.42049    -1.17539    1.92078e-10    -0.637683    -2.48337    -0.0987219    0.255702
1.42049    -1.17539    1.25996e-10    -0.637684    -2.48337    -0.098722    0.255701
1.42048    -1.17539    7.36937e-11    -0.637684    -2.48338    -0.098722    0.255701
1.42048    -1.17539    3.55375e-11    -0.637684    -2.48338    -0.0987221    0.2557
1.42048    -1.17539    1.14061e-11    -0.637684    -2.48338    -0.0987221    0.2557
1.42048    -1.17539    7.28163e-13    -0.637685    -2.48338    -0.0987221    0.2557
1.42048    -1.17539    2.53092e-12    -0.637685    -2.48338    -0.0987221    0.2557
1.42048    -1.17539    1.55001e-11    -0.637685    -2.48338    -0.0987221    0.2557
1.42048    -1.17539    3.8047e-11    -0.637684    -2.48338    -0.0987221    0.2557
1.42048    -1.17539    6.83804e-11    -0.637684    -2.48338    -0.0987221    0.255701
1.42048    -1.17539    1.0458e-10    -0.637684    -2.48338    -0.098722    0.255701
1.42049    -1.17539    1.44671e-10    -0.637684    -2.48337    -0.098722    0.255701
1.42049    -1.17539    1.86691e-10    -0.637683    -2.48337    -0.0987219    0.255702
1.42049    -1.17539    2.2876e-10    -0.637683    -2.48337    -0.0987219    0.255703
1.42049
