1    -1.05297
1.00621    -1.11169
1.01814    -1.0645
1.03546    -1.11181
1.05736    -1.08488
1.08329    -1.11697
1.11246    -1.10275
1.14426    -1.12404
1.17799    -1.11619
1.21312    -1.12982
1.24909    -1.12488
1.28548    -1.1331
1.32189    -1.12939
1.35802    -1.1339
1.39357    -1.13068
1.42835    -1.1327
1.46216    -1.1297
1.49487    -1.13011
1.52636    -1.12726
1.55654    -1.12668
1.58537    -1.12397
1.61278    -1.12282
1.63875    -1.12029
1.66327    -1.11885
1.68632    -1.11654
1.70792    -1.115
1.72806    -1.11292
1.74677    -1.11142
1.76406    -1.10959
1.77996    -1.10819
1.7945    -1.10661
1.8077    -1.10537
1.8196    -1.10405
1.83022    -1.103
1.83961    -1.10192
1.8478    -1.10104
1.85481    -1.1002
1.86069    -1.09955
1.86547    -1.09894
1.86919    -1.09853
1.87187    -1.0981
1.87355    -1.09787
1.87426    -1.09766
1.87404    -1.09772
1.87292    -1.09746
1.87093    -1.09769
1.86811    -1.0977
1.86448    -1.09807
1.86007    -1.09834
1.85492    -1.09876
1.84905    -1.09919
1.8425    -1.09973
1.8353    -1.10029
1.82746    -1.10094
1.81903    -1.10161
1.81003    -1.10235
1.80049    -1.10312
1.79045    -1.10394
1.77992    -1.10479
1.76894    -1.10567
1.75754    -1.10657
1.74575    -1.10748
1.7336    -1.10839
1.72112    -1.10937
1.70835    -1.1103
1.69531    -1.11127
1.68204    -1.11221
1.66858    -1.11316
1.65496    -1.11408
1.64121    -1.11501
1.62737    -1.11589
1.61348    -1.11676
1.59958    -1.11759
1.5857    -1.1184
1.57189    -1.11916
1.55819    -1.11988
1.54464    -1.12056
1.53128    -1.1212
1.51815    -1.12178
1.50529    -1.12232
1.49276    -1.12282
1.48058    -1.12326
1.46881    -1.12366
1.45748    -1.12401
1.44663    -1.12432
1.43631    -1.12459
1.42654    -1.12482
1.41736    -1.12503
1.40881    -1.1252
1.40091    -1.12534
1.39369    -1.12547
1.38717    -1.12558
1.38136    -1.12569
1.37628    -1.12578
1.37194    -1.12587
1.36835    -1.12596
1.36549    -1.12602
1.36337    -1.12628
1.36198    -1.12609
1.3613    -1.12639
1.36131    -1.12639
1.36198    -1.12665
1.36329    -1.1266
1.36521    -1.12677
1.3677    -1.12682
1.37072    -1.12693
1.37424    -1.12699
1.37821    -1.12719
1.38259    -1.12726
1.38735    -1.1273
1.39242    -1.12736
1.39778    -1.12737
1.40337    -1.12739
1.40916    -1.12736
1.4151    -1.12733
1.42116    -1.12727
1.42728    -1.1272
1.43345    -1.1271
1.43961    -1.12699
1.44575    -1.12686
1.45182    -1.12672
1.4578    -1.12656
1.46366    -1.12639
1.46938    -1.12621
1.47493    -1.12602
1.48029    -1.12583
1.48545    -1.12563
1.4904    -1.12543
1.4951    -1.12523
1.49956    -1.12503
1.50376    -1.12484
1.5077    -1.12465
1.51136    -1.12446
1.51474    -1.12428
1.51784    -1.12415
1.52065    -1.12387
1.52318    -1.12376
1.52542    -1.12369
1.52737    -1.12347
1.52904    -1.12342
1.53044    -1.12334
1.53155    -1.1232
1.5324    -1.12317
1.53299    -1.12302
1.53331    -1.12319
1.53339    -1.12287
1.53323    -1.12291
1.53283    -1.12302
1.53222    -1.12283
1.53139    -1.12305
1.53037    -1.12284
1.52915    -1.12317
1.52776    -1.12287
1.52619    -1.12329
1.52448    -1.12296
1.52262    -1.1235
1.52063    -1.12305
1.51851    -1.1235
1.51629    -1.12328
1.51398    -1.12363
1.51158    -1.12357
1.50912    -1.12372
1.50659    -1.1238
1.50402    -1.12394
1.50142    -1.12397
1.4988    -1.1241
1.49617    -1.12419
1.49354    -1.12428
1.49093    -1.12437
1.48834    -1.12447
1.48578    -1.12455
1.48327    -1.12464
1.48082    -1.12473
1.47843    -1.12481
1.47611    -1.12488
1.47387    -1.12496
1.47172    -1.12504
1.46967    -1.12511
1.46772    -1.12517
1.46588    -1.12524
1.46415    -1.1253
1.46254    -1.12535
1.46105    -1.12541
1.45968    -1.12546
1.45844    -1.1255
1.45733    -1.12554
1.45635    -1.12557
1.4555    -1.1256
1.45478    -1.12564
1.45418    -1.12579
1.45372    -1.12555
1.45338    -1.12563
1.45317    -1.12569
1.45307    -1.12571
1.4531    -1.12571
1.45323    -1.12567
1.45348    -1.12588
1.45382    -1.12579
