-0.832028
-0.869688
-0.919217
-0.972562
-1.01999
-1.05159
-1.05948
-1.04013
-0.996269
-0.937635
-0.880124
-0.842221
-0.838003
-0.869648
-0.926148
-0.989491
-1.04212
-1.07155
-1.0722
-1.04554
-0.998686
-0.942127
-0.887105
-0.843519
-0.818567
-0.81609
-0.836317
-0.875809
-0.9276
-0.981787
-1.02691
-1.05218
-1.05031
-1.02
-0.96738
-0.905735
-0.853219
-0.827726
-0.83929
-0.884455
-0.948182
-1.01141
-1.05792
-1.07799
-1.06933
-1.0362
-0.987332
-0.933263
-0.884027
-0.847587
-0.829077
-0.83063
-0.851438
-0.887876
-0.933706
-0.980566
-1.01898
-1.04
-1.03731
-1.00924
-0.960212
-0.901173
-0.848282
-0.818927
-0.824519
-0.864039
-0.924646
-0.98856
-1.0398
-1.06779
-1.0685
-1.04416
-1.00178
-0.951067
-0.902173
-0.863941
-0.842783
-0.842106
-0.862031
-0.899266
-0.94716
-0.996224
-1.03545
-1.0545
-1.04652
-1.01067
-0.953561
-0.888942
-0.83517
-0.809812
-0.822114
-0.867962
-0.932171
-0.995812
-1.04279
-1.06345
-1.05572
-1.02419
-0.978014
-0.928057
-0.884482
-0.855099
-0.8446
-0.85438
-0.882624
-0.924517
-0.972613
-1.01762
-1.04976
-1.06069
-1.04571
-1.0055
-0.947144
-0.883851
-0.832859
-0.810335
-0.823892
-0.868091
-0.927754
-0.985488
-1.02738
-1.0455
-1.03828
-1.00967
-0.967402
-0.920867
-0.879227
-0.85001
-0.838328
-0.846504
-0.873877
-0.916682
-0.968092
-1.01871
-1.05783
-1.07556
-1.06551
-1.02723
-0.967641
-0.900809
-0.845354
-0.81883
-0.829934
-0.873745
-0.934639
-0.993784
-1.03548
-1.05056
-1.03746
-1.00131
-0.951801
-0.900278
-0.857262
-0.830744
-0.825362
-0.842169
-0.878674
-0.929043
-0.984567
-1.03468
-1.0687
-1.07814
-1.05909
-1.01403
-0.952314
-0.889344
-0.84342
-0.829521
-0.851772
-0.900943
-0.959858
-1.0112
-1.04247
-1.04785
-1.02805
-0.988953
-0.939491
-0.889446
-0.847635
-0.820792
-0.813052
-0.825789
-0.857559
-0.904052
-0.958198
-1.01068
-1.05117
-1.07032
-1.06224
-1.02677
-0.970826
-0.908262
-0.857483
-0.835717
-0.850971
-0.897421
-0.958924
-1.01679
-1.05582
-1.06737
