0.99782    -1.07785
0.994734    -1.07685
0.991051    -1.07564
0.987132    -1.07433
0.983358    -1.07304
0.980077    -1.0719
0.977574    -1.07102
0.976046    -1.07047
0.975585    -1.07031
0.97617    -1.07052
0.97768    -1.07105
0.979908    -1.07184
0.982592    -1.07277
0.985446    -1.07375
0.988188    -1.07468
0.990566    -1.07548
0.992384    -1.07608
0.993508    -1.07645
0.993879    -1.07657
0.99351    -1.07645
0.992479    -1.07611
0.990921    -1.0756
0.989011    -1.07496
0.986947    -1.07426
0.984932    -1.07358
0.983151    -1.07297
0.98176    -1.07248
0.980869    -1.07217
0.980533    -1.07206
0.98075    -1.07213
0.981466    -1.07238
0.98258    -1.07277
0.983962    -1.07324
0.985462    -1.07376
0.986931    -1.07426
0.988232    -1.0747
0.989255    -1.07504
0.989922    -1.07526
0.990191    -1.07535
0.990064    -1.07531
0.989576    -1.07515
0.988794    -1.07489
0.987809    -1.07455
0.986725    -1.07419
0.98565    -1.07382
0.984684    -1.07349
0.983913    -1.07323
0.983396    -1.07305
