1.2    -1.11643    0.000236276    -0.638521    -2.62249    1.68325e-06    0.126472
1.20218    -1.11817    0.000840457    -0.630379    -2.63922    9.39497e-08    0.146868
1.2063    -1.11859    0.00173018    -0.628875    -2.63739    1.6e-07    0.151526
1.2122    -1.11915    0.00282715    -0.627719    -2.63276    2.59117e-07    0.155443
1.21974    -1.11983    0.00404659    -0.626318    -2.62672    3.67032e-07    0.160164
1.22877    -1.1206    0.00530594    -0.624659    -2.61953    4.75551e-07    0.165616
1.23911    -1.12141    0.00653002    -0.622773    -2.61135    5.77604e-07    0.171624
1.25057    -1.12223    0.00765481    -0.620698    -2.60234    6.67554e-07    0.178009
1.26299    -1.12303    0.00862974    -0.61847    -2.59266    7.41372e-07    0.184603
1.27617    -1.12377    0.00941861    -0.616126    -2.58249    7.9662e-07    0.191258
1.28994    -1.12445    0.00999936    -0.613702    -2.57195    8.32313e-07    0.197848
1.30413    -1.12504    0.0103629    -0.611229    -2.5612    8.48691e-07    0.20427
1.31858    -1.12553    0.0105114    -0.608737    -2.55037    8.46951e-07    0.210444
1.33313    -1.12592    0.0104562    -0.606254    -2.53956    8.28981e-07    0.216311
1.34764    -1.12621    0.0102156    -0.603803    -2.5289    7.97101e-07    0.221829
1.36198    -1.12641    0.00981307    -0.601406    -2.51846    7.53854e-07    0.226974
1.37603    -1.12652    0.00927488    -0.599081    -2.50832    7.01827e-07    0.231732
1.3897    -1.12654    0.00862888    -0.596842    -2.49856    6.43521e-07    0.236103
1.40288    -1.1265    0.00790297    -0.594703    -2.48924    5.81259e-07    0.240091
1.4155    -1.1264    0.0071241    -0.592674    -2.48039    5.17125e-07    0.243708
1.42747    -1.12626    0.00631746    -0.590765    -2.47206    4.52937e-07    0.24697
1.43875    -1.12607    0.00550594    -0.588981    -2.46427    3.9023e-07    0.249894
1.44928    -1.12586    0.00470976    -0.587329    -2.45706    3.30269e-07    0.252501
1.45902    -1.12564    0.00394631    -0.585811    -2.45043    2.74055e-07    0.254808
1.46793    -1.1254    0.00323007    -0.584431    -2.44441    2.22354e-07    0.256837
1.476    -1.12517    0.00257264    -0.583189    -2.43898    1.75719e-07    0.258606
1.4832    -1.12495    0.00198288    -0.582087    -2.43417    1.34513e-07    0.260132
1.48952    -1.12475    0.00146708    -0.581124    -2.42996    9.89411e-08    0.261432
1.49495    -1.12456    0.00102913    -0.580299    -2.42636    6.90673e-08    0.262522
1.4995    -1.1244    0.000670763    -0.57961    -2.42335    4.48407e-08    0.263414
1.50318    -1.12426    0.000391777    -0.579056    -2.42092    2.61134e-08    0.26412
1.50599    -1.12415    0.000190273    -0.578633    -2.41908    1.26572e-08    0.264652
1.50794    -1.12408    6.28747e-05    -0.57834    -2.41779    4.17838e-09    0.265018
1.50907    -1.12404    4.95457e-06    -0.578172    -2.41705    3.29601e-10    0.265226
1.50939    -1.12402    1.08391e-05    -0.578125    -2.41684    7.204e-10    0.265283
1.50892    -1.12404    7.40086e-05    -0.578197    -2.41714    4.92579e-09    0.265194
1.5077    -1.12409    0.000187284    -0.578382    -2.41794    1.24936e-08    0.264964
1.50576    -1.12416    0.000343003    -0.578676    -2.41921    2.29509e-08    0.264596
1.50313    -1.12426    0.000533182    -0.579074    -2.42094    3.58095e-08    0.264094
1.49985    -1.12438    0.000749677    -0.579571    -2.42309    5.05711e-08    0.263459
1.49597    -1.12452    0.000984321    -0.580161    -2.42565    6.67328e-08    0.262695
1.49151    -1.12468    0.00122907    -0.58084    -2.4286    8.37913e-08    0.261803
1.48654    -1.12484    0.00147613    -0.5816    -2.4319    1.01249e-07    0.260785
1.48109    -1.12502    0.00171809    -0.582436    -2.43553    1.18619e-07    0.259644
1.47521    -1.1252    0.001948    -0.583342    -2.43946    1.35432e-07    0.258381
1.46894    -1.12538    0.00215954    -0.58431    -2.44366    1.51241e-07    0.257001
1.46235    -1.12555    0.00234708    -0.585334    -2.4481    1.65632e-07    0.255506
1.45547    -1.12572    0.00250578    -0.586406    -2.45276    1.78226e-07    0.253902
1.44837    -1.12588    0.00263167    -0.587519    -2.45759    1.88691e-07    0.252194
1.44109    -1.12603    0.00272174    -0.588665    -2.46257    1.9675e-07    0.25039
1.43369    -1.12616    0.00277395    -0.589836    -2.46765    2.02184e-07    0.248497
1.42621    -1.12627    0.00278732    -0.591024    -2.47281    2.04842e-07    0.246525
1.41872    -1.12637    0.00276191    -0.592221    -2.47801    2.04648e-07    0.244486
1.41126    -1.12644    0.00269881    -0.593418    -2.48322    2.01602e-07    0.242393
1.40389    -1.1265    0.00260013    -0.594608    -2.48839    1.95783e-07    0.240259
1.39666    -1.12653    0.00246894    -0.595781    -2.49349    1.87352e-07    0.238101
1.38961    -1.12654    0.00230917    -0.59693    -2.49849    1.76546e-07    0.235936
1.38279    -1.12654    0.00212549    -0.598045    -2.50334    1.63676e-07    0.233783
1.37624    -1.12652    0.00192319    -0.599121    -2.50802    1.49114e-07    0.23166
1.37002    -1.12648    0.00170801    -0.600148    -2.5125    1.33286e-07    0.229588
1.36416    -1.12643    0.00148595    -0.601119    -2.51673    1.16656e-07    0.227588
1.35869    -1.12637    0.00126307    -0.602029    -2.52069    9.97089e-08    0.225679
1.35364    -1.1263    0.0010453    -0.60287    -2.52436    8.29338e-08    0.223882
1.34906    -1.12624    0.000838225    -0.603638    -2.52771    6.68045e-08    0.222215
1.34495    -1.12616    0.000646907    -0.604327    -2.53072    5.17608e-08    0.220697
1.34134    -1.1261    0.00047571    -0.604934    -2.53337    3.81917e-08    0.219344
1.33824    -1.12603    0.000328163    -0.605455    -2.53565    2.64198e-08    0.218167
1.33567    -1.12598    0.000206845    -0.605888    -2.53755    1.66896e-08    0.21718
1.33363    -1.12593    0.000113331    -0.606232    -2.53906    9.15907e-09    0.21639
1.33212    -1.1259    4.81619e-05    -0.606487    -2.54018    3.89637e-09    0.215802
1.33114    -1.12587    1.08745e-05    -0.606652    -2.54091    8.80181e-10    0.215418
1.33067    -1.12586    6.22284e-08    -0.60673    -2.54126    5.04373e-12    0.215237
1.3307    -1.12586    1.34813e-05    -0.606722    -2.54124    1.09033e-09    0.215254
1.33123    -1.12587    4.81843e-05    -0.606631    -2.54086    3.89256e-09    0.215463
1.33221    -1.1259    0.000100679    -0.606462    -2.54014    8.12001e-09    0.215855
1.33363    -1.12593    0.000167097    -0.606218    -2.53909    1.34487e-08    0.216416
1.33547    -1.12597    0.000243375    -0.605906    -2.53774    1.95389e-08    0.217133
1.33768    -1.12602    0.000325421    -0.605529    -2.53611    2.60504e-08    0.21799
1.34024    -1.12607    0.000409277    -0.605095    -2.53423    3.26576e-08    0.218972
1.34311    -1.12613    0.000491257    -0.604609    -2.53212    3.9061e-08    0.22006
1.34626    -1.12619    0.000568065    -0.604079    -2.52982    4.49974e-08    0.221237
1.34964    -1.12624    0.000636883    -0.603509    -2.52735    5.02471e-08    0.222487
1.35322    -1.1263    0.000695431    -0.602908    -2.52474    5.46378e-08    0.223791
1.35696    -1.12635    0.000742005    -0.602282    -2.52201    5.80466e-08    0.225133
1.36083    -1.1264    0.000775478    -0.601637    -2.51921    6.03992e-08    0.226498
1.36478    -1.12644    0.000795286    -0.600979    -2.51635    6.16675e-08    0.227872
1.36878    -1.12647    0.000801397    -0.600315    -2.51346    6.18652e-08    0.22924
1.3728    -1.1265    0.00079425    -0.599651    -2.51057    6.10426e-08    0.230591
1.3768    -1.12652    0.000774701    -0.598991    -2.5077    5.92808e-08    0.231914
1.38075    -1.12653    0.000743948    -0.598342    -2.50488    5.66848e-08    0.2332
1.38462    -1.12654    0.000703454    -0.597707    -2.50211    5.33775e-08    0.234439
1.38838    -1.12654    0.000654879    -0.597092    -2.49943    4.94933e-08    0.235626
1.39201    -1.12654    0.000599999    -0.5965    -2.49685    4.51728e-08    0.236753
1.39549    -1.12653    0.000540645    -0.595934    -2.49439    4.05569e-08    0.237816
1.39879    -1.12652    0.000478633    -0.595399    -2.49206    3.57831e-08    0.238811
1.40189    -1.12651    0.000415718    -0.594897    -2.48987    3.09812e-08    0.239735
1.40479    -1.12649    0.000353538    -0.594429    -2.48783    2.62706e-08    0.240585
1.40745    -1.12647    0.000293585    -0.593999    -2.48595    2.17578e-08    0.24136
1.40989    -1.12645    0.000237167    -0.593608    -2.48425    1.75349e-08    0.242059
1.41207    -1.12644    0.000185395    -0.593258    -2.48272    1.36784e-08    0.24268
1.414    -1.12642    0.000139161    -0.592948    -2.48136    1.02488e-08    0.243225
1.41568    -1.1264    9.91404e-05    -0.59268    -2.48019    7.2903e-09    0.243693
1.41709    -1.12639    6.57853e-05    -0.592455    -2.47921    4.83159e-09    0.244086
1.41824    -1.12637    3.93347e-05    -0.592271    -2.4784    2.88623e-09    0.244404
1.41913    -1.12636    1.98245e-05    -0.592129    -2.47778    1.45372e-09    0.244648
1.41976    -1.12636    7.10271e-06    -0.592029    -2.47734    5.20666e-10    0.24482
1.42014    -1.12635    8.48143e-07    -0.591969    -2.47708    6.21904e-11    0.244923
1.42027    -1.12635    5.91877e-07    -0.591949    -2.47698    4.33871e-11    0.244957
1.42016    -1.12635    5.7403e-06    -0.591968    -2.47706    4.2091e-10    0.244926
1.41982    -1.12636    1.55996e-05    -0.592023    -2.47729    1.14461e-09    0.244831
1.41926    -1.12636    2.94006e-05    -0.592113    -2.47768    2.15916e-09    0.244676
1.41849    -1.12637    4.63242e-05    -0.592237    -2.47822    3.40576e-09    0.244462
1.41753    -1.12638    6.55255e-05    -0.592392    -2.47889    4.8237e-09    0.244193
1.41638    -1.12639    8.61576e-05    -0.592577    -2.47969    6.35193e-09    0.243873
1.41506    -1.12641    0.000107393    -0.592789    -2.4806    7.93057e-09    0.243503
1.41359    -1.12642    0.000128446    -0.593025    -2.48163    9.50229e-09    0.243089
1.41198    -1.12644    0.000148589    -0.593284    -2.48275    1.10136e-08    0.242632
1.41025    -1.12645    0.000167166    -0.593563    -2.48396    1.24159e-08    0.242138
1.40842    -1.12647    0.000183613    -0.593859    -2.48525    1.36665e-08    0.241611
1.4065    -1.12648    0.000197459    -0.594169    -2.4866    1.47297e-08    0.241054
1.4045    -1.12649    0.000208342    -0.594492    -2.488    1.55768e-08    0.240471
1.40245    -1.12651    0.000216006    -0.594823    -2.48944    1.61871e-08    0.239868
1.40037    -1.12652    0.000220307    -0.595161    -2.49091    1.65479e-08    0.239249
1.39826    -1.12652    0.000221208    -0.595503    -2.49239    1.66544e-08    0.238618
1.39615    -1.12653    0.000218777    -0.595846    -2.49388    1.65095e-08    0.237981
1.39405    -1.12654    0.000213177    -0.596187    -2.49537    1.61238e-08    0.237342
1.39198    -1.12654    0.000204661    -0.596525    -2.49684    1.55143e-08    0.236705
1.38995    -1.12654    0.000193553    -0.596856    -2.49828    1.47042e-08    0.236077
1.38798    -1.12654    0.000180241    -0.597178    -2.49968    1.37216e-08    0.23546
1.38607    -1.12654    0.00016516    -0.59749    -2.50104    1.25988e-08    0.234861
1.38425    -1.12654    0.000148776    -0.597788    -2.50234    1.13706e-08    0.234283
1.38252    -1.12654    0.000131571    -0.598072    -2.50357    1.00736e-08    0.23373
1.38089    -1.12653    0.000114027    -0.598339    -2.50473    8.74493e-09    0.233207
1.37937    -1.12653    9.6613e-05    -0.598587    -2.50582    7.42072e-09    0.232717
1.37798    -1.12652    7.9767e-05    -0.598817    -2.50682    6.1353e-09    0.232264
1.37671    -1.12652    6.38884e-05    -0.599025    -2.50773    4.92009e-09    0.231849
1.37558    -1.12651    4.93248e-05    -0.599211    -2.50854    3.80266e-09    0.231477
1.37458    -1.12651    3.63649e-05    -0.599375    -2.50926    2.80614e-09    0.231148
1.37372    -1.1265    2.52321e-05    -0.599516    -2.50987    1.94857e-09    0.230865
1.37301    -1.1265    1.60814e-05    -0.599633    -2.51039    1.24266e-09    0.230629
1.37244    -1.1265    8.99796e-06    -0.599727    -2.5108    6.95621e-10    0.23044
1.37202    -1.12649    3.99888e-06    -0.599796    -2.5111    3.09244e-10    0.230299
1.37173    -1.12649    1.03648e-06    -0.599843    -2.51131    8.0169e-11    0.230205
1.37159    -1.12649    3.85274e-09    -0.599866    -2.51141    3.00334e-13    0.230157
1.37158    -1.12649    7.42029e-07    -0.599867    -2.51142    5.73787e-11    0.230155
1.3717    -1.12649    3.04844e-06    -0.599846    -2.51133    2.35659e-10    0.230197
1.37195    -1.12649    6.68632e-06    -0.599805    -2.51116    5.16669e-10    0.230281
1.37232    -1.1265    1.13946e-05    -0.599744    -2.51089    8.80015e-10    0.230405
1.3728    -1.1265    1.68981e-05    -0.599664    -2.51055    1.3042e-09    0.230565
1.37338    -1.1265    2.29172e-05    -0.599568    -2.51013    1.7674e-09    0.230761
1.37406    -1.12651    2.91774e-05    -0.599455    -2.50964    2.24827e-09    0.230987
1.37482    -1.12651    3.54176e-05    -0.599328    -2.50909    2.72653e-09    0.231242
1.37567    -1.12651    4.13977e-05    -0.599189    -2.50849    3.18365e-09    0.231521
1.37658    -1.12652    4.69046e-05    -0.599038    -2.50783    3.60325e-09    0.231822
1.37755    -1.12652    5.17571e-05    -0.598878    -2.50714    3.97151e-09    0.232141
1.37858    -1.12653    5.58092e-05    -0.59871    -2.50641    4.27741e-09    0.232475
1.37964    -1.12653    5.89523e-05    -0.598535    -2.50565    4.51285e-09    0.23282
1.38072    -1.12653    6.11155e-05    -0.598356    -2.50487    4.67269e-09    0.233173
1.38183    -1.12654    6.2265e-05    -0.598174    -2.50408    4.75468e-09    0.23353
1.38295    -1.12654    6.24023e-05    -0.59799    -2.50328    4.75927e-09    0.23389
1.38407    -1.12654    6.15617e-05    -0.597806    -2.50248    4.68939e-09    0.234248
1.38519    -1.12654    5.9806e-05    -0.597624    -2.50169    4.55014e-09    0.234602
1.38629    -1.12654    5.7223e-05    -0.597444    -2.5009    4.34847e-09    0.234949
1.38736    -1.12654    5.39204e-05    -0.597269    -2.50014    4.0928e-09    0.235287
1.3884    -1.12654    5.00209e-05    -0.597098    -2.4994    3.79262e-09    0.235613
1.3894    -1.12654    4.56576e-05    -0.596934    -2.49869    3.45815e-09    0.235927
1.39036    -1.12654    4.09686e-05    -0.596778    -2.498    3.09991e-09    0.236225
1.39127    -1.12654    3.6093e-05    -0.59663    -2.49736    2.72844e-09    0.236506
1.39212    -1.12654    3.11659e-05    -0.596491    -2.49675    2.35394e-09    0.236769
1.39292    -1.12654    2.63152e-05    -0.596362    -2.49619    1.98599e-09    0.237012
1.39364    -1.12654    2.16579e-05    -0.596244    -2.49568    1.63334e-09    0.237235
1.3943    -1.12654    1.72978e-05    -0.596137    -2.49521    1.30368e-09    0.237437
1.39489    -1.12654    1.33228e-05    -0.596041    -2.49479    1.00353e-09    0.237617
1.39541    -1.12653    9.80389e-06    -0.595957    -2.49442    7.3812e-10    0.237774
1.39586    -1.12653    6.7943e-06    -0.595885    -2.49411    5.11331e-10    0.237908
1.39623    -1.12653    4.32896e-06    -0.595825    -2.49385    3.25691e-10    0.23802
1.39652    -1.12653    2.42491e-06    -0.595777    -2.49364    1.82398e-10    0.238109
1.39674    -1.12653    1.08207e-06    -0.595742    -2.49348    8.13808e-11    0.238175
1.39689    -1.12653    2.84418e-07    -0.595718    -2.49337    2.13907e-11    0.23822
1.39697    -1.12653    1.5931e-09    -0.595706    -2.49332    1.20864e-13    0.238242
1.39697    -1.12653    1.90737e-07    -0.595705    -2.49332    1.43437e-11    0.238243
1.39691    -1.12653    7.98602e-07    -0.595715    -2.49336    6.00657e-11    0.238224
1.39678    -1.12653    1.7638e-06    -0.595736    -2.49345    1.32691e-10    0.238185
1.39659    -1.12653    3.01911e-06    -0.595767    -2.49358    2.27194e-10    0.238128
1.39635    -1.12653    4.49383e-06    -0.595807    -2.49376    3.38285e-10    0.238053
1.39605    -1.12653    6.11601e-06    -0.595857    -2.49397    4.60583e-10    0.237961
1.3957    -1.12653    7.81467e-06    -0.595914    -2.49422    5.88767e-10    0.237854
1.3953    -1.12653    9.52171e-06    -0.595978    -2.4945    7.1773e-10    0.237734
1.39486    -1.12654    1.11737e-05    -0.59605    -2.49481    8.42705e-10    0.2376
1.39439    -1.12654    1.27136e-05    -0.596127    -2.49514    9.5938e-10    0.237455
1.39388    -1.12654    1.40916e-05    -0.59621    -2.4955    1.064e-09    0.2373
1.39335    -1.12654    1.52665e-05    -0.596296    -2.49588    1.15342e-09    0.237137
1.39279    -1.12654    1.62061e-05    -0.596387    -2.49627    1.22518e-09    0.236966
1.39222    -1.12654    1.68876e-05    -0.59648    -2.49667    1.27753e-09    0.23679
1.39164    -1.12654    1.72978e-05    -0.596575    -2.49709    1.30942e-09    0.23661
1.39105    -1.12654    1.74328e-05    -0.596671    -2.49751    1.3205e-09    0.236428
1.39046    -1.12654    1.72973e-05    -0.596768    -2.49793    1.31109e-09    0.236244
1.38987    -1.12654    1.69042e-05    -0.596864    -2.49835    1.28212e-09    0.23606
1.38928    -1.12654    1.62737e-05    -0.59696    -2.49876    1.23508e-09    0.235879
1.38871    -1.12654    1.54318e-05    -0.597053    -2.49917    1.17191e-09    0.2357
1.38815    -1.12654    1.44098e-05    -0.597144    -2.49956    1.09495e-09    0.235526
1.38762    -1.12654    1.32425e-05    -0.597232    -2.49995    1.00682e-09    0.235357
1.3871    -1.12654    1.1967e-05    -0.597317    -2.50031    9.10335e-10    0.235194
1.38661    -1.12654    1.06217e-05    -0.597397    -2.50066    8.08407e-10    0.23504
1.38615    -1.12654    9.24473e-06    -0.597472    -2.50099    7.03941e-10    0.234894
1.38571    -1.12654    7.87304e-06    -0.597543    -2.5013    5.99755e-10    0.234758
1.38532    -1.12654    6.54119e-06    -0.597608    -2.50158    4.98495e-10    0.234632
1.38495    -1.12654    5.28051e-06    -0.597667    -2.50184    4.02564e-10    0.234517
1.38463    -1.12654    4.11833e-06    -0.597721    -2.50208    3.14064e-10    0.234414
1.38434    -1.12654    3.07742e-06    -0.597768    -2.50228    2.34747e-10    0.234322
1.38409    -1.12654    2.17551e-06    -0.597808    -2.50246    1.65987e-10    0.234243
1.38388    -1.12654    1.42514e-06    -0.597843    -2.50261    1.08756e-10    0.234177
1.38371    -1.12654    8.33593e-07    -0.59787    -2.50273    6.36226e-11    0.234123
1.38358    -1.12654    4.02964e-07    -0.597891    -2.50282    3.07589e-11    0.234082
1.38349    -1.12654    1.30483e-07    -0.597906    -2.50289    9.96082e-12    0.234054
1.38344    -1.12654    8.88844e-09    -0.597914    -2.50292    6.78833e-13    0.234037
1.38343    -1.12654    2.69555e-08    -0.597916    -2.50293    2.05751e-12    0.234033
1.38345    -1.12654    1.70096e-07    -0.597912    -2.50292    1.29823e-11    0.234041
1.38351    -1.12654    4.21032e-07    -0.597903    -2.50288    3.21315e-11    0.23406
1.3836    -1.12654    7.60504e-07    -0.597887    -2.50281    5.80307e-11    0.23409
1.38372    -1.12654    1.16799e-06    -0.597867    -2.50272    8.91095e-11    0.234129
1.38388    -1.12654    1.62245e-06    -0.597842    -2.50261    1.23756e-10    0.234179
1.38406    -1.12654    2.10294e-06    -0.597812    -2.50248    1.6037e-10    0.234236
1.38426    -1.12654    2.58932e-06    -0.597778    -2.50234    1.97411e-10    0.234302
1.38449    -1.12654    3.06277e-06    -0.597741    -2.50218    2.33443e-10    0.234375
1.38474    -1.12654    3.50629e-06    -0.5977    -2.502    2.67169e-10    0.234454
1.38501    -1.12654    3.90509e-06    -0.597656    -2.50181    2.97464e-10    0.234538
1.38529    -1.12654    4.24689e-06    -0.59761    -2.50161    3.23394e-10    0.234628
1.38558    -1.12654    4.52209e-06    -0.597562    -2.5014    3.44236e-10    0.23472
1.38588    -1.12654    4.72394e-06    -0.597513    -2.50119    3.59478e-10    0.234816
1.38619    -1.12654    4.84846e-06    -0.597462    -2.50097    3.68827e-10    0.234913
1.3865    -1.12654    4.89442e-06    -0.597411    -2.50074    3.72194e-10    0.235012
1.38682    -1.12654    4.86317e-06    -0.59736    -2.50052    3.6969e-10    0.235111
1.38713    -1.12654    4.75839e-06    -0.597309    -2.5003    3.61602e-10    0.23521
1.38744    -1.12654    4.58586e-06    -0.597258    -2.50008    3.48374e-10    0.235307
1.38774    -1.12654    4.35308e-06    -0.597208    -2.49986    3.30583e-10    0.235402
1.38804    -1.12654    4.06893e-06    -0.59716    -2.49965    3.08907e-10    0.235495
1.38833    -1.12654    3.74333e-06    -0.597113    -2.49945    2.84102e-10    0.235585
1.3886    -1.12654    3.38684e-06    -0.597068    -2.49925    2.56972e-10    0.235671
1.38886    -1.12654    3.01029e-06    -0.597026    -2.49907    2.2834e-10    0.235752
1.38911    -1.12654    2.62442e-06    -0.596986    -2.49889    1.99021e-10    0.235829
1.38934    -1.12654    2.23961e-06    -0.596948    -2.49873    1.698e-10    0.235901
1.38955    -1.12654    1.86553e-06    -0.596914    -2.49858    1.41409e-10    0.235967
1.38974    -1.12654    1.51094e-06    -0.596882    -2.49844    1.14509e-10    0.236027
1.38992    -1.12654    1.18345e-06    -0.596854    -2.49832    8.96744e-11    0.236081
1.39007    -1.12654    8.89396e-07    -0.596828    -2.49821    6.73834e-11    0.236129
1.39021    -1.12654    6.33738e-07    -0.596807    -2.49811    4.80082e-11    0.23617
1.39032    -1.12654    4.19986e-07    -0.596788    -2.49803    3.18126e-11    0.236205
1.39041    -1.12654    2.50208e-07    -0.596773    -2.49796    1.89511e-11    0.236234
1.39048    -1.12654    1.25058e-07    -0.596762    -2.49791    9.47175e-12    0.236256
1.39053    -1.12654    4.38585e-08    -0.596754    -2.49788    3.32181e-12    0.236271
1.39056    -1.12654    4.70522e-09    -0.596749    -2.49786    3.56466e-13    0.23628
1.39057    -1.12654    4.60958e-09    -0.596747    -2.49785    3.49106e-13    0.236283
1.39056    -1.12654    3.96599e-08    -0.596749    -2.49786    3.00359e-12    0.23628
1.39053    -1.12654    1.052e-07    -0.596754    -2.49788    7.96766e-12    0.236271
1.39049    -1.12654    1.96017e-07    -0.596761    -2.49791    1.48471e-11    0.236257
1.39042    -1.12654    3.06534e-07    -0.596772    -2.49795    2.32203e-11    0.236237
1.39035    -1.12654    4.31e-07    -0.596785    -2.49801    3.26523e-11    0.236213
1.39025    -1.12654    5.63673e-07    -0.5968    -2.49808    4.27087e-11    0.236183
1.39015    -1.12654    6.98988e-07    -0.596817    -2.49815    5.29685e-11    0.23615
1.39003    -1.12654    8.31713e-07    -0.596837    -2.49824    6.30354e-11    0.236113
1.3899    -1.12654    9.57077e-07    -0.596858    -2.49833    7.25481e-11    0.236073
1.38976    -1.12654    1.07089e-06    -0.59688    -2.49843    8.11885e-11    0.23603
1.38961    -1.12654    1.16961e-06    -0.596904    -2.49853    8.86884e-11    0.235984
1.38946    -1.12654    1.25044e-06    -0.59693    -2.49864    9.4834e-11    0.235936
1.3893    -1.12654    1.31131e-06    -0.596956    -2.49875    9.94685e-11    0.235887
1.38914    -1.12654    1.35094e-06    -0.596982    -2.49887    1.02493e-10    0.235836
1.38897    -1.12654    1.36879e-06    -0.597009    -2.49898    1.03867e-10    0.235784
1.38881    -1.12654    1.36504e-06    -0.597036    -2.4991    1.03602e-10    0.235732
1.38864    -1.12654    1.34055e-06    -0.597063    -2.49922    1.01761e-10    0.235681
1.38848    -1.12654    1.29675e-06    -0.59709    -2.49934    9.84534e-11    0.235629
1.38832    -1.12654    1.23558e-06    -0.597116    -2.49945    9.3826e-11    0.235579
1.38816    -1.12654    1.15942e-06    -0.597142    -2.49956    8.80577e-11    0.235529
1.388    -1.12654    1.07095e-06    -0.597167    -2.49967    8.13516e-11    0.235481
1.38786    -1.12654    9.73067e-07    -0.597191    -2.49978    7.39275e-11    0.235435
1.38772    -1.12654    8.68773e-07    -0.597214    -2.49988    6.60134e-11    0.235392
1.38759    -1.12654    7.61088e-07    -0.597236    -2.49997    5.7839e-11    0.23535
1.38746    -1.12654    6.52952e-07    -0.597256    -2.50006    4.96275e-11    0.235311
1.38735    -1.12654    5.4714e-07    -0.597275    -2.50014    4.159e-11    0.235275
1.38724    -1.12654    4.46185e-07    -0.597292    -2.50021    3.39196e-11    0.235242
1.38715    -1.12654    3.52323e-07    -0.597307    -2.50028    2.67866e-11    0.235213
1.38706    -1.12654    2.67442e-07    -0.597321    -2.50034    2.03349e-11    0.235186
1.38699    -1.12654    1.93045e-07    -0.597333    -2.50039    1.46792e-11    0.235163
1.38693    -1.12654    1.30234e-07    -0.597343    -2.50044    9.90361e-12    0.235143
1.38688    -1.12654    7.96993e-08    -0.597351    -2.50048    6.06099e-12    0.235127
1.38684    -1.12654    4.1727e-08    -0.597358    -2.5005    3.1734e-12    0.235115
1.38681    -1.12654    1.62177e-08    -0.597363    -2.50053    1.23343e-12    0.235106
1.38679    -1.12654    2.71418e-09    -0.597366    -2.50054    2.06456e-13    0.2351
1.38678    -1.12654    4.39168e-10    -0.597367    -2.50054    3.3407e-14    0.235098
1.38678    -1.12654    8.34014e-09    -0.597366    -2.50054    6.34239e-13    0.235099
1.3868    -1.12654    2.51395e-08    -0.597364    -2.50053    1.91174e-12    0.235103
1.38682    -1.12654    4.93885e-08    -0.59736    -2.50052    3.75565e-12    0.23511
1.38685    -1.12654    7.95219e-08    -0.597355    -2.50049    6.04683e-12    0.23512
1.38689    -1.12654    1.13914e-07    -0.597349    -2.50047    8.66154e-12    0.235133
1.38694    -1.12654    1.5093e-07    -0.597341    -2.50043    1.14754e-11    0.235148
1.38699    -1.12654    1.88979e-07    -0.597332    -2.50039    1.43674e-11    0.235165
1.38706    -1.12654    2.26556e-07    -0.597322    -2.50035    1.7223e-11    0.235185
1.38712    -1.12654    2.62284e-07    -0.59731    -2.5003    1.99374e-11    0.235206
1.3872    -1.12654    2.94942e-07    -0.597299    -2.50025    2.2418e-11    0.235229
1.38727    -1.12654    3.23499e-07    -0.597286    -2.50019    2.45864e-11    0.235253
1.38735    -1.12654    3.47124e-07    -0.597273    -2.50014    2.63795e-11    0.235279
1.38744    -1.12654    3.65203e-07    -0.597259    -2.50008    2.77508e-11    0.235305
1.38752    -1.12654    3.77339e-07    -0.597245    -2.50002    2.86702e-11    0.235332
1.38761    -1.12654    3.83351e-07    -0.597231    -2.49995    2.91242e-11    0.235359
1.3877    -1.12654    3.83261e-07    -0.597216    -2.49989    2.91146e-11    0.235387
1.38779    -1.12654    3.77285e-07    -0.597202    -2.49983    2.86579e-11    0.235415
1.38787    -1.12654    3.65808e-07    -0.597188    -2.49977    2.77835e-11    0.235442
1.38796    -1.12654    3.49362e-07    -0.597174    -2.49971    2.65319e-11    0.235469
1.38804    -1.12654    3.28599e-07    -0.59716    -2.49965    2.49529e-11    0.235495
1.38813    -1.12654    3.04265e-07    -0.597147    -2.49959    2.3103e-11    0.235521
1.3882    -1.12654    2.77167e-07    -0.597134    -2.49953    2.10438e-11    0.235545
1.38828    -1.12654    2.48149e-07    -0.597122    -2.49948    1.88391e-11    0.235569
1.38835    -1.12654    2.18058e-07    -0.59711    -2.49943    1.65535e-11    0.235591
1.38841    -1.12654    1.87723e-07    -0.597099    -2.49938    1.42497e-11    0.235611
1.38848    -1.12654    1.5793e-07    -0.597089    -2.49934    1.19875e-11    0.235631
1.38853    -1.12654    1.29398e-07    -0.59708    -2.4993    9.82124e-12    0.235648
1.38858    -1.12654    1.02764e-07    -0.597072    -2.49926    7.79939e-12    0.235664
1.38863    -1.12654    7.8571e-08    -0.597064    -2.49923    5.96296e-12    0.235678
1.38867    -1.12654    5.72534e-08    -0.597058    -2.4992    4.34496e-12    0.235691
1.3887    -1.12654    3.9135e-08    -0.597052    -2.49918    2.96988e-12    0.235701
1.38873    -1.12654    2.44252e-08    -0.597048    -2.49916    1.85355e-12    0.23571
1.38875    -1.12654    1.32202e-08    -0.597044    -2.49914    1.00323e-12    0.235717
1.38877    -1.12654    5.50796e-09    -0.597042    -2.49913    4.17982e-13    0.235722
1.38878    -1.12654    1.1758e-09    -0.59704    -2.49912    8.92361e-14    0.235725
1.38879    -1.12654    2.04295e-11    -0.597039    -2.49912    1.55418e-15    0.235727
1.38878    -1.12654    1.76015e-09    -0.597039    -2.49912    1.33561e-13    0.235726
1.38878    -1.12654    6.04858e-09    -0.59704    -2.49912    4.58978e-13    0.235725
1.38877    -1.12654    1.24893e-08    -0.597042    -2.49913    9.47738e-13    0.235721
1.38875    -1.12654    2.06512e-08    -0.597045    -2.49914    1.56714e-12    0.235716
1.38873    -1.12654    3.00836e-08    -0.597048    -2.49916    2.283e-12    0.23571
1.38871    -1.12654    4.03311e-08    -0.597052    -2.49917    3.06077e-12    0.235702
1.38868    -1.12654    5.09476e-08    -0.597057    -2.49919    3.8666e-12    0.235693
1.38865    -1.12654    6.15086e-08    -0.597062    -2.49922    4.66831e-12    0.235683
1.38861    -1.12654    7.16232e-08    -0.597068    -2.49924    5.43622e-12    0.235672
1.38857    -1.12654    8.09429e-08    -0.597074    -2.49927    6.14386e-12    0.23566
1.38853    -1.12654    8.91692e-08    -0.597081    -2.4993    6.76859e-12    0.235647
1.38849    -1.12654    9.60594e-08    -0.597088    -2.49933    7.29197e-12    0.235634
1.38845    -1.12654    1.0143e-07    -0.597095    -2.49936    7.70004e-12    0.23562
1.3884    -1.12654    1.05158e-07    -0.597102    -2.49939    7.98344e-12    0.235606
1.38835    -1.12654    1.0718e-07    -0.59711    -2.49942    8.13738e-12    0.235592
1.38831    -1.12654    1.07491e-07    -0.597117    -2.49946    8.16144e-12    0.235577
1.38826    -1.12654    1.06141e-07    -0.597125    -2.49949    8.05933e-12    0.235563
1.38822    -1.12654    1.03226e-07    -0.597132    -2.49952    7.83845e-12    0.235548
1.38817    -1.12654    9.88889e-08    -0.59714    -2.49956    7.50946e-12    0.235534
1.38813    -1.12654    9.33037e-08    -0.597147    -2.49959    7.08567e-12    0.23552
1.38808    -1.12654    8.66742e-08    -0.597154    -2.49962    6.58251e-12    0.235506
1.38804    -1.12654    7.92232e-08    -0.597161    -2.49965    6.01692e-12    0.235493
1.388    -1.12654    7.11851e-08    -0.597168    -2.49968    5.40666e-12    0.235481
1.38796    -1.12654    6.27976e-08    -0.597174    -2.4997    4.7698e-12    0.235469
1.38793    -1.12654    5.42946e-08    -0.59718    -2.49973    4.12411e-12    0.235458
1.38789    -1.12654    4.5899e-08    -0.597185    -2.49975    3.48651e-12    0.235447
1.38786    -1.12654    3.78169e-08    -0.59719    -2.49977    2.87268e-12    0.235438
1.38784    -1.12654    3.02323e-08    -0.597194    -2.49979    2.2966e-12    0.235429
1.38781    -1.12654    2.33031e-08    -0.597198    -2.49981    1.77027e-12    0.235422
1.38779    -1.12654    1.7158e-08    -0.597202    -2.49983    1.30348e-12    0.235415
1.38777    -1.12654    1.18945e-08    -0.597205    -2.49984    9.03629e-13    0.235409
1.38776    -1.12654    7.57797e-09    -0.597208    -2.49985    5.75711e-13    0.235404
1.38774    -1.12654    4.24192e-09    -0.59721    -2.49986    3.22272e-13    0.2354
1.38773    -1.12654    1.88908e-09    -0.597211    -2.49987    1.43522e-13    0.235397
1.38773    -1.12654    4.93295e-10    -0.597212    -2.49987    3.74806e-14    0.235395
1.38772    -1.12654    2.31019e-12    -0.597213    -2.49987    1.77082e-16    0.235394
1.38772    -1.12654    3.4104e-10    -0.597213    -2.49987    2.59084e-14    0.235394
1.38773    -1.12654    1.41538e-09    -0.597212    -2.49987    1.07524e-13    0.235395
1.38773    -1.12654    3.11629e-09    -0.597211    -2.49987    2.36739e-13    0.235397
1.38774    -1.12654    5.3241e-09    -0.59721    -2.49986    4.04461e-13    0.235399
1.38775    -1.12654    7.91282e-09    -0.597208    -2.49985    6.01114e-13    0.235403
1.38776    -1.12654    1.07543e-08    -0.597206    -2.49985    8.16964e-13    0.235407
1.38778    -1.12654    1.37224e-08    -0.597204    -2.49983    1.04242e-12    0.235411
1.38779    -1.12654    1.66964e-08    -0.597201    -2.49982    1.26831e-12    0.235417
1.38781    -1.12654    1.95644e-08    -0.597198    -2.49981    1.48614e-12    0.235422
1.38783    -1.12654    2.2226e-08    -0.597195    -2.4998    1.68829e-12    0.235429
1.38785    -1.12654    2.45948e-08    -0.597191    -2.49978    1.86818e-12    0.235435
1.38788    -1.12654    2.65996e-08    -0.597188    -2.49977    2.02041e-12    0.235442
1.3879    -1.12654    2.81858e-08    -0.597184    -2.49975    2.14084e-12    0.235449
1.38792    -1.12654    2.9316e-08    -0.59718    -2.49973    2.22662e-12    0.235457
1.38795    -1.12654    2.99693e-08    -0.597176    -2.49971    2.27618e-12    0.235465
1.38797    -1.12654    3.01419e-08    -0.597172    -2.4997    2.28922e-12    0.235472
1.388    -1.12654    2.98447e-08    -0.597168    -2.49968    2.2666e-12    0.23548
1.38802    -1.12654    2.91032e-08    -0.597164    -2.49966    2.21022e-12    0.235488
1.38805    -1.12654    2.79548e-08    -0.59716    -2.49964    2.12295e-12    0.235495
1.38807    -1.12654    2.64472e-08    -0.597156    -2.49963    2.00841e-12    0.235503
1.38809    -1.12654    2.46365e-08    -0.597152    -2.49961    1.87086e-12    0.23551
1.38811    -1.12654    2.25842e-08    -0.597149    -2.4996    1.71498e-12    0.235517
1.38814    -1.12654    2.03559e-08    -0.597145    -2.49958    1.54573e-12    0.235524
1.38816    -1.12654    1.8018e-08    -0.597142    -2.49957    1.36817e-12    0.23553
1.38818    -1.12654    1.56365e-08    -0.597139    -2.49955    1.18731e-12    0.235536
1.38819    -1.12654    1.32744e-08    -0.597136    -2.49954    1.00794e-12    0.235541
1.38821    -1.12654    1.09906e-08    -0.597133    -2.49953    8.34514e-13    0.235547
1.38822    -1.12654    8.83755e-09    -0.597131    -2.49952    6.71026e-13    0.235551
1.38824    -1.12654    6.86091e-09    -0.597129    -2.49951    5.20936e-13    0.235555
1.38825    -1.12654    5.09814e-09    -0.597127    -2.4995    3.87089e-13    0.235559
1.38826    -1.12654    3.57806e-09    -0.597125    -2.49949    2.71672e-13    0.235562
1.38827    -1.12654    2.32056e-09    -0.597124    -2.49949    1.76192e-13    0.235565
1.38827    -1.12654    1.33654e-09    -0.597123    -2.49948    1.0148e-13    0.235567
1.38828    -1.12654    6.28259e-10    -0.597122    -2.49948    4.77023e-14    0.235569
1.38828    -1.12654    1.89764e-10    -0.597121    -2.49948    1.44091e-14    0.23557
1.38829    -1.12654    7.67222e-12    -0.597121    -2.49947    5.83086e-16    0.23557
1.38829    -1.12654    6.20446e-11    -0.597121    -2.49947    4.71057e-15    0.23557
1.38828    -1.12654    3.27431e-10    -0.597121    -2.49947    2.48593e-14    0.23557
1.38828    -1.12654    7.74004e-10    -0.597121    -2.49948    5.87649e-14    0.235569
1.38828    -1.12654    1.36874e-09    -0.597122    -2.49948    1.03921e-13    0.235568
1.38827    -1.12654    2.07665e-09    -0.597123    -2.49948    1.57669e-13    0.235566
1.38827    -1.12654    2.86191e-09    -0.597124    -2.49949    2.17293e-13    0.235564
1.38826    -1.12654    3.68905e-09    -0.597125    -2.49949    2.80097e-13    0.235562
1.38825    -1.12654    4.52396e-09    -0.597127    -2.4995    3.43494e-13    0.235559
1.38824    -1.12654    5.33483e-09    -0.597128    -2.49951    4.05066e-13    0.235556
1.38823    -1.12654    6.09293e-09    -0.59713    -2.49951    4.62634e-13    0.235553
1.38822    -1.12654    6.77329e-09    -0.597132    -2.49952    5.143e-13    0.23555
1.38821    -1.12654    7.35517e-09    -0.597134    -2.49953    5.58491e-13    0.235546
1.3882    -1.12654    7.82242e-09    -0.597136    -2.49954    5.93979e-13    0.235542
1.38818    -1.12654    8.1636e-09    -0.597138    -2.49955    6.19895e-13    0.235538
1.38817    -1.12654    8.37206e-09    -0.59714    -2.49956    6.35733e-13    0.235534
1.38816    -1.12654    8.44575e-09    -0.597142    -2.49957    6.41339e-13    0.23553
1.38814    -1.12654    8.38704e-09    -0.597144    -2.49957    6.3689e-13    0.235526
1.38813    -1.12654    8.20225e-09    -0.597146    -2.49958    6.22867e-13    0.235522
1.38812    -1.12654    7.90127e-09    -0.597148    -2.49959    6.0002e-13    0.235518
1.38811    -1.12654    7.49696e-09    -0.59715    -2.4996    5.69325e-13    0.235514
1.38809    -1.12654    7.00458e-09    -0.597152    -2.49961    5.3194e-13    0.23551
1.38808    -1.12654    6.44115e-09    -0.597154    -2.49962    4.89159e-13    0.235506
1.38807    -1.12654    5.82481e-09    -0.597156    -2.49963    4.42358e-13    0.235503
1.38806    -1.12654    5.17422e-09    -0.597158    -2.49963    3.92954e-13    0.235499
1.38805    -1.12654    4.50791e-09    -0.59716    -2.49964    3.42355e-13    0.235496
1.38804    -1.12654    3.84375e-09    -0.597161    -2.49965    2.91918e-13    0.235493
1.38803    -1.12654    3.19845e-09    -0.597163    -2.49966    2.42913e-13    0.23549
1.38802    -1.12654    2.58714e-09    -0.597164    -2.49966    1.96488e-13    0.235488
1.38802    -1.12654    2.02299e-09    -0.597165    -2.49967    1.53643e-13    0.235486
1.38801    -1.12654    1.51696e-09    -0.597166    -2.49967    1.15211e-13    0.235484
1.388    -1.12654    1.07759e-09    -0.597167    -2.49967    8.18426e-14    0.235482
1.388    -1.12654    7.10954e-10    -0.597168    -2.49968    5.39972e-14    0.23548
1.38799    -1.12654    4.20585e-10    -0.597168    -2.49968    3.19439e-14    0.235479
1.38799    -1.12654    2.07568e-10    -0.597169    -2.49968    1.57653e-14    0.235478
1.38799    -1.12654    7.06613e-11    -0.597169    -2.49968    5.36709e-15    0.235478
1.38799    -1.12654    6.48908e-12    -0.597169    -2.49968    4.93041e-16    0.235477
1.38799    -1.12654    9.78762e-12    -0.597169    -2.49969    7.43362e-16    0.235477
1.38799    -1.12654    7.36883e-11    -0.597169    -2.49968    5.59638e-15    0.235477
1.38799    -1.12654    1.90032e-10    -0.597169    -2.49968    1.44324e-14    0.235478
1.38799    -1.12654    3.49701e-10    -0.597169    -2.49968    2.65589e-14    0.235478
1.38799    -1.12654    5.42956e-10    -0.597168    -2.49968    4.12361e-14    0.235479
1.388    -1.12654    7.59774e-10    -0.597168    -2.49968    5.77027e-14    0.23548
1.388    -1.12654    9.90162e-10    -0.597167    -2.49968    7.51999e-14    0.235482
1.38801    -1.12654    1.22446e-09    -0.597166    -2.49967    9.2994e-14    0.235483
1.38801    -1.12654    1.45362e-09    -0.597166    -2.49967    1.10397e-13    0.235484
1.38802    -1.12654    1.66939e-09    -0.597165    -2.49966    1.26784e-13    0.235486
1.38802    -1.12654    1.86458e-09    -0.597164    -2.49966    1.41606e-13    0.235488
1.38803    -1.12654    2.03314e-09    -0.597163    -2.49966    1.54407e-13    0.23549
1.38804    -1.12654    2.1703e-09    -0.597162    -2.49965    1.64822e-13    0.235492
1.38804    -1.12654    2.2726e-09    -0.597161    -2.49965    1.72591e-13    0.235494
1.38805    -1.12654    2.33795e-09    -0.59716    -2.49964    1.77552e-13    0.235496
1.38806    -1.12654    2.36553e-09    -0.597158    -2.49964    1.79646e-13    0.235498
1.38806    -1.12654    2.3558e-09    -0.597157    -2.49963    1.78905e-13    0.2355
1.38807    -1.12654    2.31032e-09    -0.597156    -2.49963    1.7545e-13    0.235503
1.38808    -1.12654    2.2317e-09    -0.597155    -2.49962    1.69478e-13    0.235505
1.38808    -1.12654    2.12341e-09    -0.597154    -2.49962    1.61254e-13    0.235507
1.38809    -1.12654    1.98962e-09    -0.597153    -2.49961    1.51092e-13    0.235509
1.3881    -1.12654    1.83501e-09    -0.597152    -2.49961    1.39351e-13    0.235511
1.3881    -1.12654    1.66464e-09    -0.597151    -2.4996    1.26412e-13    0.235513
1.38811    -1.12654    1.48371e-09    -0.59715    -2.4996    1.12672e-13    0.235515
1.38811    -1.12654    1.29744e-09    -0.597149    -2.4996    9.85257e-14    0.235516
1.38812    -1.12654    1.11087e-09    -0.597148    -2.49959    8.4358e-14    0.235518
1.38812    -1.12654    9.28771e-10    -0.597147    -2.49959    7.05292e-14    0.235519
1.38813    -1.12654    7.55455e-10    -0.597147    -2.49959    5.73677e-14    0.235521
1.38813    -1.12654    5.9472e-10    -0.597146    -2.49958    4.51617e-14    0.235522
1.38813    -1.12654    4.49754e-10    -0.597146    -2.49958    3.41533e-14    0.235523
1.38814    -1.12654    3.23079e-10    -0.597145    -2.49958    2.45339e-14    0.235524
1.38814    -1.12654    2.1652e-10    -0.597145    -2.49958    1.6442e-14    0.235525
1.38814    -1.12654    1.31196e-10    -0.597144    -2.49958    9.96279e-15    0.235525
1.38814    -1.12654    6.7535e-11    -0.597144    -2.49957    5.12854e-15    0.235526
1.38814    -1.12654    2.53044e-11    -0.597144    -2.49957    1.92164e-15    0.235526
1.38815    -1.12654    3.66379e-12    -0.597144    -2.49957    2.78281e-16    0.235527
1.38815    -1.12654    1.23037e-12    -0.597144    -2.49957    9.34398e-17    0.235527
1.38815    -1.12654    1.61568e-11    -0.597144    -2.49957    1.22684e-15    0.235527
1.38815    -1.12654    4.62177e-11    -0.597144    -2.49957    3.50951e-15    0.235526
1.38814    -1.12654    8.89022e-11    -0.597144    -2.49957    6.75078e-15    0.235526
1.38814    -1.12654    1.41508e-10    -0.597144    -2.49958    1.07455e-14    0.235526
1.38814    -1.12654    2.01236e-10    -0.597144    -2.49958    1.5281e-14    0.235525
1.38814    -1.12654    2.65279e-10    -0.597145    -2.49958    2.01443e-14    0.235524
1.38814    -1.12654    3.30911e-10    -0.597145    -2.49958    2.51282e-14    0.235524
1.38813    -1.12654    3.95556e-10    -0.597146    -2.49958    3.00373e-14    0.235523
1.38813    -1.12654    4.56863e-10    -0.597146    -2.49958    3.46929e-14    0.235522
1.38813    -1.12654    5.12756e-10    -0.597147    -2.49959    3.89374e-14    0.235521
1.38813    -1.12654    5.6148e-10    -0.597147    -2.49959    4.26375e-14    0.23552
1.38812    -1.12654    6.01628e-10    -0.597148    -2.49959    4.56866e-14    0.235519
1.38812    -1.12654    6.32167e-10    -0.597148    -2.49959    4.80058e-14    0.235518
1.38811    -1.12654    6.52434e-10    -0.597149    -2.4996    4.95451e-14    0.235517
1.38811    -1.12654    6.62138e-10    -0.597149    -2.4996    5.02822e-14    0.235516
1.38811    -1.12654    6.61338e-10    -0.59715    -2.4996    5.02217e-14    0.235515
1.3881    -1.12654    6.5042e-10    -0.597151    -2.4996    4.93929e-14    0.235513
1.3881    -1.12654    6.30063e-10    -0.597151    -2.49961    4.78472e-14    0.235512
1.3881    -1.12654    6.01194e-10    -0.597152    -2.49961    4.56551e-14    0.235511
1.38809    -1.12654    5.64949e-10    -0.597152    -2.49961    4.29028e-14    0.23551
1.38809    -1.12654    5.22618e-10    -0.597153    -2.49961    3.96883e-14    0.235509
1.38809    -1.12654    4.75599e-10    -0.597153    -2.49962    3.61178e-14    0.235508
1.38808    -1.12654    4.25348e-10    -0.597154    -2.49962    3.23017e-14    0.235507
1.38808    -1.12654    3.73327e-10    -0.597154    -2.49962    2.83513e-14    0.235506
1.38808    -1.12654    3.20966e-10    -0.597155    -2.49962    2.43749e-14    0.235505
1.38808    -1.12654    2.69613e-10    -0.597155    -2.49962    2.04751e-14    0.235504
1.38807    -1.12654    2.20505e-10    -0.597156    -2.49963    1.67458e-14    0.235504
1.38807    -1.12654    1.74736e-10    -0.597156    -2.49963    1.327e-14    0.235503
1.38807    -1.12654    1.33231e-10    -0.597156    -2.49963    1.01181e-14    0.235502
1.38807    -1.12654    9.67348e-11    -0.597156    -2.49963    7.34642e-15    0.235502
1.38807    -1.12654    6.57944e-11    -0.597157    -2.49963    4.99671e-15    0.235502
1.38806    -1.12654    4.07608e-11    -0.597157    -2.49963    3.09557e-15    0.235501
1.38806    -1.12654    2.17896e-11    -0.597157    -2.49963    1.65483e-15    0.235501
1.38806    -1.12654    8.84935e-12    -0.597157    -2.49963    6.72085e-16    0.235501
1.38806    -1.12654    1.73504e-12    -0.597157    -2.49963    1.31786e-16    0.235501
1.38806    -1.12654    8.59973e-14    -0.597157    -2.49963    6.53658e-18    0.2355
1.38806    -1.12654    3.40703e-12    -0.597157    -2.49963    2.58731e-16    0.235501
1.38806    -1.12654    1.10923e-11    -0.597157    -2.49963    8.4236e-16    0.235501
1.38806    -1.12654    2.2451e-11    -0.597157    -2.49963    1.70496e-15    0.235501
1.38806    -1.12654    3.67338e-11    -0.597157    -2.49963    2.78962e-15    0.235501
1.38806    -1.12654    5.31591e-11    -0.597157    -2.49963    4.037e-15    0.235501
1.38807    -1.12654    7.09391e-11    -0.597157    -2.49963    5.38725e-15    0.235502
1.38807    -1.12654    8.93034e-11    -0.597157    -2.49963    6.78187e-15    0.235502
1.38807    -1.12654    1.07521e-10    -0.597156    -2.49963    8.16536e-15    0.235502
1.38807    -1.12654    1.2492e-10    -0.597156    -2.49963    9.48668e-15    0.235503
1.38807    -1.12654    1.40904e-10    -0.597156    -2.49963    1.07005e-14    0.235503
1.38807    -1.12654    1.54962e-10    -0.597156    -2.49962    1.17681e-14    0.235504
1.38807    -1.12654    1.66682e-10    -0.597155    -2.49962    1.26581e-14    0.235504
1.38808    -1.12654    1.75756e-10    -0.597155    -2.49962    1.33471e-14    0.235505
1.38808    -1.12654    1.81977e-10    -0.597155    -2.49962    1.38196e-14    0.235506
1.38808    -1.12654    1.85246e-10    -0.597154    -2.49962    1.40678e-14    0.235506
1.38808    -1.12654    1.85561e-10    -0.597154    -2.49962    1.40917e-14    0.235507
1.38808    -1.12654    1.83015e-10    -0.597154    -2.49962    1.38984e-14    0.235507
1.38809    -1.12654    1.77783e-10    -0.597153    -2.49962    1.3501e-14    0.235508
1.38809    -1.12654    1.70113e-10    -0.597153    -2.49961    1.29185e-14    0.235509
1.38809    -1.12654    1.60313e-10    -0.597153    -2.49961    1.21743e-14    0.235509
1.38809    -1.12654    1.48739e-10    -0.597152    -2.49961    1.12953e-14    0.23551
1.38809    -1.12654    1.35777e-10    -0.597152    -2.49961    1.0311e-14    0.23551
1.3881    -1.12654    1.21834e-10    -0.597152    -2.49961    9.25212e-15    0.235511
1.3881    -1.12654    1.07319e-10    -0.597152    -2.49961    8.14987e-15    0.235511
1.3881    -1.12654    9.26365e-11    -0.597151    -2.49961    7.03485e-15    0.235512
1.3881    -1.12654    7.81685e-11    -0.597151    -2.49961    5.93615e-15    0.235512
1.3881    -1.12654    6.42684e-11    -0.597151    -2.49961    4.88056e-15    0.235513
1.3881    -1.12654    5.12503e-11    -0.597151    -2.4996    3.89197e-15    0.235513
1.3881    -1.12654    3.9383e-11    -0.597151    -2.4996    2.99076e-15    0.235513
1.3881    -1.12654    2.88843e-11    -0.59715    -2.4996    2.19349e-15    0.235513
1.3881    -1.12654    1.9918e-11    -0.59715    -2.4996    1.51259e-15    0.235514
1.38811    -1.12654    1.25926e-11    -0.59715    -2.4996    9.56297e-16    0.235514
1.38811    -1.12654    6.96172e-12    -0.59715    -2.4996    5.28685e-16    0.235514
1.38811    -1.12654    3.02593e-12    -0.59715    -2.4996    2.29799e-16    0.235514
1.38811    -1.12654    7.36494e-13    -0.59715    -2.4996    5.59359e-17    0.235514
1.38811    -1.12654    4.90043e-19    -0.59715    -2.4996    2.44385e-21    0.235514
1.38811    -1.12654    6.84213e-13    -0.59715    -2.4996    5.19569e-17    0.235514
1.38811    -1.12654    2.62462e-12    -0.59715    -2.4996    1.99307e-16    0.235514
1.38811    -1.12654    5.63155e-12    -0.59715    -2.4996    4.27648e-16    0.235514
1.38811    -1.12654    9.49755e-12    -0.59715    -2.4996    7.21227e-16    0.235514
1.38811    -1.12654    1.40048e-11    -0.59715    -2.4996    1.0635e-15    0.235514
1.3881    -1.12654    1.89324e-11    -0.59715    -2.4996    1.4377e-15    0.235514
1.3881    -1.12654    2.40631e-11    -0.59715    -2.4996    1.82733e-15    0.235514
1.3881    -1.12654    2.91897e-11    -0.597151    -2.4996    2.21664e-15    0.235513
1.3881    -1.12654    3.41204e-11    -0.597151    -2.4996    2.59108e-15    0.235513
1.3881    -1.12654    3.86838e-11    -0.597151    -2.4996    2.93763e-15    0.235513
1.3881    -1.12654    4.27324e-11    -0.597151    -2.4996    3.24508e-15    0.235513
1.3881    -1.12654    4.61455e-11    -0.597151    -2.49961    3.50428e-15    0.235512
1.3881    -1.12654    4.88308e-11    -0.597151    -2.49961    3.7082e-15    0.235512
1.3881    -1.12654    5.07255e-11    -0.597151    -2.49961    3.85209e-15    0.235512
1.3881    -1.12654    5.1796e-11    -0.597152    -2.49961    3.9334e-15    0.235511
1.3881    -1.12654    5.20371e-11    -0.597152    -2.49961    3.95171e-15    0.235511
1.3881    -1.12654    5.14698e-11    -0.597152    -2.49961    3.90864e-15    0.235511
1.38809    -1.12654    5.01392e-11    -0.597152    -2.49961    3.8076e-15    0.23551
1.38809    -1.12654    4.81112e-11    -0.597152    -2.49961    3.6536e-15    0.23551
1.38809    -1.12654    4.54694e-11    -0.597152    -2.49961    3.45298e-15    0.23551
1.38809    -1.12654    4.2311e-11    -0.597153    -2.49961    3.21313e-15    0.235509
1.38809    -1.12654    3.87431e-11    -0.597153    -2.49961    2.94219e-15    0.235509
1.38809    -1.12654    3.48788e-11    -0.597153    -2.49961    2.64874e-15    0.235509
1.38809    -1.12654    3.08331e-11    -0.597153    -2.49961    2.34151e-15    0.235509
1.38809    -1.12654    2.67197e-11    -0.597153    -2.49961    2.02913e-15    0.235508
1.38809    -1.12654    2.26469e-11    -0.597153    -2.49961    1.71984e-15    0.235508
1.38809    -1.12654    1.87156e-11    -0.597153    -2.49962    1.42129e-15    0.235508
1.38809    -1.12654    1.5016e-11    -0.597153    -2.49962    1.14034e-15    0.235508
1.38809    -1.12654    1.16258e-11    -0.597154    -2.49962    8.82887e-16    0.235508
1.38808    -1.12654    8.60888e-12    -0.597154    -2.49962    6.53778e-16    0.235507
1.38808    -1.12654    6.01395e-12    -0.597154    -2.49962    4.56715e-16    0.235507
1.38808    -1.12654    3.87433e-12    -0.597154    -2.49962    2.94228e-16    0.235507
1.38808    -1.12654    2.20785e-12    -0.597154    -2.49962    1.67672e-16    0.235507
1.38808    -1.12654    1.01738e-12    -0.597154    -2.49962    7.72649e-17    0.235507
1.38808    -1.12654    2.91751e-13    -0.597154    -2.49962    2.21582e-17    0.235507
1.38808    -1.12654    6.99741e-15    -0.597154    -2.49962    5.32299e-19    0.235507
1.38808    -1.12654    1.27958e-13    -0.597154    -2.49962    9.71698e-18    0.235507
1.38808    -1.12654    6.10069e-13    -0.597154    -2.49962    4.63281e-17    0.235507
1.38808    -1.12654    1.40134e-12    -0.597154    -2.49962    1.06417e-16    0.235507
1.38808    -1.12654    2.44441e-12    -0.597154    -2.49962    1.85628e-16    0.235507
1.38808    -1.12654    3.67862e-12    -0.597154    -2.49962    2.79355e-16    0.235507
1.38808    -1.12654    5.04209e-12    -0.597154    -2.49962    3.82898e-16    0.235507
1.38808    -1.12654    6.47361e-12    -0.597154    -2.49962    4.91609e-16    0.235507
1.38808    -1.12654    7.91448e-12    -0.597154    -2.49962    6.0103e-16    0.235507
1.38809    -1.12654    9.31006e-12    -0.597154    -2.49962    7.07012e-16    0.235508
1.38809    -1.12654    1.06112e-11    -0.597153    -2.49962    8.05819e-16    0.235508
1.38809    -1.12654    1.17751e-11    -0.597153    -2.49962    8.94212e-16    0.235508
1.38809    -1.12654    1.27667e-11    -0.597153    -2.49962    9.69513e-16    0.235508
1.38809    -1.12654    1.35585e-11    -0.597153    -2.49961    1.02964e-15    0.235508
1.38809    -1.12654    1.41315e-11    -0.597153    -2.49961    1.07316e-15    0.235508
1.38809    -1.12654    1.44747e-11    -0.597153    -2.49961    1.09922e-15    0.235509
1.38809    -1.12654    1.45851e-11    -0.597153    -2.49961    1.1076e-15    0.235509
1.38809    -1.12654    1.44674e-11    -0.597153    -2.49961    1.09867e-15    0.235509
1.38809    -1.12654    1.4133e-11    -0.597153    -2.49961    1.07327e-15    0.235509
1.38809    -1.12654    1.35994e-11    -0.597153    -2.49961    1.03275e-15    0.235509
1.38809    -1.12654    1.28892e-11    -0.597153    -2.49961    9.78813e-16    0.235509
1.38809    -1.12654    1.20289e-11    -0.597153    -2.49961    9.13482e-16    0.23551
1.38809    -1.12654    1.10481e-11    -0.597152    -2.49961    8.39003e-16    0.23551
1.38809    -1.12654    9.97836e-12    -0.597152    -2.49961    7.57765e-16    0.23551
1.38809    -1.12654    8.85181e-12    -0.597152    -2.49961    6.72214e-16    0.23551
1.38809    -1.12654    7.70043e-12    -0.597152    -2.49961    5.84777e-16    0.23551
1.38809    -1.12654    6.55497e-12    -0.597152    -2.49961    4.9779e-16    0.23551
1.38809    -1.12654    5.4441e-12    -0.597152    -2.49961    4.1343e-16    0.23551
1.38809    -1.12654    4.39371e-12    -0.597152    -2.49961    3.33663e-16    0.23551
1.38809    -1.12654    3.42627e-12    -0.597152    -2.49961    2.60195e-16    0.235511
1.38809    -1.12654    2.5604e-12    -0.597152    -2.49961    1.9444e-16    0.235511
1.38809    -1.12654    1.81056e-12    -0.597152    -2.49961    1.37496e-16    0.235511
1.3881    -1.12654    1.18688e-12    -0.597152    -2.49961    9.01341e-17    0.235511
1.3881    -1.12654    6.9517e-13    -0.597152    -2.49961    5.27929e-17    0.235511
1.3881    -1.12654    3.36986e-13    -0.597152    -2.49961    2.55918e-17    0.235511
1.3881    -1.12654    1.09904e-13    -0.597152    -2.49961    8.34683e-18    0.235511
1.3881    -1.12654    7.84625e-15    -0.597152    -2.49961    5.96166e-19    0.235511
1.3881    -1.12654    2.15059e-14    -0.597152    -2.49961    1.63314e-18    0.235511
1.3881    -1.12654    1.38846e-13    -0.597152    -2.49961    1.05436e-17    0.235511
1.3881    -1.12654    3.45642e-13    -0.597152    -2.49961    2.62475e-17    0.235511
1.3881    -1.12654    6.26057e-13    -0.597152    -2.49961    4.75421e-17    0.235511
1.3881    -1.12654    9.63227e-13    -0.597152    -2.49961    7.31468e-17    0.235511
1.3881    -1.12654    1.33983e-12    -0.597152    -2.49961    1.01746e-16    0.235511
1.3881    -1.12654    1.73865e-12    -0.597152    -2.49961    1.32033e-16    0.235511
1.38809    -1.12654    2.14307e-12    -0.597152    -2.49961    1.62745e-16    0.235511
1.38809    -1.12654    2.53754e-12    -0.597152    -2.49961    1.92701e-16    0.235511
1.38809    -1.12654    2.90797e-12    -0.597152    -2.49961    2.20831e-16    0.23551
1.38809    -1.12654    3.24205e-12    -0.597152    -2.49961    2.46201e-16    0.23551
1.38809    -1.12654    3.52949e-12    -0.597152    -2.49961    2.6803e-16    0.23551
1.38809    -1.12654    3.76222e-12    -0.597152    -2.49961    2.85704e-16    0.23551
1.38809    -1.12654    3.93445e-12    -0.597152    -2.49961    2.98783e-16    0.23551
1.38809    -1.12654    4.04269e-12    -0.597152    -2.49961    3.07004e-16    0.23551
1.38809    -1.12654    4.08572e-12    -0.597152    -2.49961    3.10271e-16    0.23551
1.38809    -1.12654    4.06443e-12    -0.597152    -2.49961    3.08655e-16    0.23551
1.38809    -1.12654    3.9817e-12    -0.597152    -2.49961    3.02373e-16    0.23551
1.38809    -1.12654    3.84213e-12    -0.597152    -2.49961    2.91774e-16    0.23551
1.38809    -1.12654    3.65178e-12    -0.597152    -2.49961    2.77319e-16    0.23551
1.38809    -1.12654    3.41795e-12    -0.597153    -2.49961    2.59562e-16    0.23551
1.38809    -1.12654    3.14877e-12    -0.597153    -2.49961    2.3912e-16    0.235509
1.38809    -1.12654    2.85299e-12    -0.597153    -2.49961    2.16659e-16    0.235509
1.38809    -1.12654    2.53962e-12    -0.597153    -2.49961    1.92861e-16    0.235509
1.38809    -1.12654    2.21764e-12    -0.597153    -2.49961    1.6841e-16    0.235509
1.38809    -1.12654    1.89576e-12    -0.597153    -2.49961    1.43966e-16    0.235509
1.38809    -1.12654    1.58213e-12    -0.597153    -2.49961    1.20149e-16    0.235509
1.38809    -1.12654    1.28417e-12    -0.597153    -2.49961    9.75218e-17    0.235509
1.38809    -1.12654    1.00836e-12    -0.597153    -2.49961    7.65762e-17    0.235509
1.38809    -1.12654    7.60119e-13    -0.597153    -2.49961    5.77248e-17    0.235509
1.38809    -1.12654    5.43729e-13    -0.597153    -2.49961    4.12919e-17    0.235509
1.38809    -1.12654    3.62255e-13    -0.597153    -2.49961    2.75105e-17    0.235509
1.38809    -1.12654    2.17544e-13    -0.597153    -2.49961    1.65209e-17    0.235509
1.38809    -1.12654    1.10252e-13    -0.597153    -2.49961    8.37297e-18    0.235509
1.38809    -1.12654    3.99013e-14    -0.597153    -2.49961    3.03035e-18    0.235509
1.38809    -1.12654    4.96951e-15    -0.597153    -2.49961    3.77497e-19    0.235509
1.38809    -1.12654    3.00753e-15    -0.597153    -2.49961    2.28405e-19    0.235509
1.38809    -1.12654    3.07735e-14    -0.597153    -2.49961    2.33689e-18    0.235509
1.38809    -1.12654    8.43838e-14    -0.597153    -2.49961    6.40802e-18    0.235509
1.38809    -1.12654    1.59473e-13    -0.597153    -2.49961    1.21103e-17    0.235509
1.38809    -1.12654    2.51356e-13    -0.597153    -2.49961    1.90879e-17    0.235509
1.38809    -1.12654    3.55193e-13    -0.597153    -2.49961    2.69733e-17    0.235509
1.38809    -1.12654    4.66141e-13    -0.597153    -2.49961    3.53988e-17    0.235509
1.38809    -1.12654    5.79504e-13    -0.597153    -2.49961    4.40077e-17    0.235509
1.38809    -1.12654    6.90861e-13    -0.597153    -2.49961    5.24642e-17    0.235509
1.38809    -1.12654    7.96179e-13    -0.597153    -2.49961    6.04621e-17    0.235509
1.38809    -1.12654    8.91911e-13    -0.597153    -2.49961    6.77321e-17    0.235509
1.38809    -1.12654    9.75067e-13    -0.597153    -2.49961    7.4047e-17    0.235509
1.38809    -1.12654    1.04326e-12    -0.597153    -2.49961    7.9226e-17    0.235509
1.38809    -1.12654    1.09476e-12    -0.597153    -2.49961    8.31368e-17    0.235509
1.38809    -1.12654    1.12846e-12    -0.597153    -2.49961    8.56962e-17    0.235509
1.38809    -1.12654    1.14391e-12    -0.597153    -2.49961    8.68693e-17    0.235509
1.38809    -1.12654    1.14125e-12    -0.597153    -2.49961    8.66671e-17    0.235509
1.38809    -1.12654    1.12118e-12    -0.597153    -2.49961    8.51432e-17    0.235509
1.38809    -1.12654    1.08491e-12    -0.597153    -2.49961    8.23891e-17    0.235509
1.38809    -1.12654    1.03408e-12    -0.597153    -2.49961    7.85286e-17    0.235509
1.38809    -1.12654    9.70655e-13    -0.597153    -2.49961    7.37123e-17    0.23551
1.38809    -1.12654    8.96892e-13    -0.597153    -2.49961    6.81107e-17    0.23551
1.38809    -1.12654    8.15212e-13    -0.597153    -2.49961    6.19079e-17    0.23551
1.38809    -1.12654    7.28132e-13    -0.597152    -2.49961    5.5295e-17    0.23551
1.38809    -1.12654    6.38178e-13    -0.597152    -2.49961    4.84639e-17    0.23551
1.38809    -1.12654    5.47808e-13    -0.597152    -2.49961    4.16011e-17    0.23551
1.38809    -1.12654    4.5934e-13    -0.597152    -2.49961    3.48828e-17    0.23551
1.38809    -1.12654    3.74893e-13    -0.597152    -2.49961    2.84699e-17    0.23551
1.38809    -1.12654    2.96337e-13    -0.597152    -2.49961    2.25042e-17    0.23551
1.38809    -1.12654    2.25249e-13    -0.597152    -2.49961    1.71057e-17    0.23551
1.38809    -1.12654    1.62887e-13    -0.597152    -2.49961    1.23699e-17    0.23551
1.38809    -1.12654    1.10174e-13    -0.597152    -2.49961    8.36681e-18    0.23551
1.38809    -1.12654    6.76911e-14    -0.597152    -2.49961    5.14063e-18    0.23551
1.38809    -1.12654    3.56833e-14    -0.597152    -2.49961    2.7099e-18    0.23551
1.38809    -1.12654    1.40736e-14    -0.597152    -2.49961    1.06882e-18    0.23551
1.38809    -1.12654    2.48779e-15    -0.597152    -2.49961    1.8896e-19    0.23551
1.38809    -1.12654    2.85122e-16    -0.597152    -2.49961    2.16602e-20    0.23551
1.38809    -1.12654    6.59541e-15    -0.597152    -2.49961    5.00841e-19    0.23551
1.38809    -1.12654    2.03606e-14    -0.597152    -2.49961    1.54615e-18    0.23551
1.38809    -1.12654    4.03791e-14    -0.597152    -2.49961    3.06635e-18    0.23551
1.38809    -1.12654    6.53515e-14    -0.597152    -2.49961    4.96276e-18    0.23551
1.38809    -1.12654    9.39263e-14    -0.597152    -2.49961    7.13273e-18    0.23551
1.38809    -1.12654    1.24744e-13    -0.597152    -2.49961    9.47302e-18    0.23551
1.38809    -1.12654    1.56478e-13    -0.597152    -2.49961    1.18829e-17    0.23551
1.38809    -1.12654    1.87872e-13    -0.597152    -2.49961    1.4267e-17    0.23551
1.38809    -1.12654    2.17774e-13    -0.597152    -2.49961    1.65378e-17    0.23551
1.38809    -1.12654    2.45164e-13    -0.597152    -2.49961    1.86178e-17    0.23551
1.38809    -1.12654    2.69174e-13    -0.597152    -2.49961    2.04411e-17    0.23551
1.38809    -1.12654    2.89103e-13    -0.597152    -2.49961    2.19546e-17    0.23551
1.38809    -1.12654    3.04429e-13    -0.597152    -2.49961    2.31185e-17    0.23551
1.38809    -1.12654    3.14813e-13    -0.597152    -2.49961    2.39071e-17    0.23551
1.38809    -1.12654    3.20093e-13    -0.597152    -2.49961    2.43081e-17    0.23551
1.38809    -1.12654    3.20279e-13    -0.597152    -2.49961    2.43222e-17    0.23551
1.38809    -1.12654    3.15541e-13    -0.597153    -2.49961    2.39624e-17    0.23551
1.38809    -1.12654    3.06191e-13    -0.597153    -2.49961    2.32524e-17    0.23551
1.38809    -1.12654    2.92667e-13    -0.597153    -2.49961    2.22253e-17    0.23551
1.38809    -1.12654    2.75506e-13    -0.597153    -2.49961    2.09221e-17    0.23551
1.38809    -1.12654    2.55326e-13    -0.597153    -2.49961    1.93897e-17    0.23551
1.38809    -1.12654    2.328e-13    -0.597153    -2.49961    1.7679e-17    0.235509
1.38809    -1.12654    2.08628e-13    -0.597153    -2.49961    1.58434e-17    0.235509
1.38809    -1.12654    1.83521e-13    -0.597153    -2.49961    1.39368e-17    0.235509
1.38809    -1.12654    1.58171e-13    -0.597153    -2.49961    1.20117e-17    0.235509
1.38809    -1.12654    1.33238e-13    -0.597153    -2.49961    1.01182e-17    0.235509
1.38809    -1.12654    1.09326e-13    -0.597153    -2.49961    8.30234e-18    0.235509
1.38809    -1.12654    8.69726e-14    -0.597153    -2.49961    6.60482e-18    0.235509
1.38809    -1.12654    6.66363e-14    -0.597153    -2.49961    5.06047e-18    0.235509
1.38809    -1.12654    4.86866e-14    -0.597153    -2.49961    3.69735e-18    0.235509
1.38809    -1.12654    3.33997e-14    -0.597153    -2.49961    2.53644e-18    0.235509
1.38809    -1.12654    2.09562e-14    -0.597153    -2.49961    1.59146e-18    0.235509
1.38809    -1.12654    1.14418e-14    -0.597153    -2.49961    8.68924e-19    0.235509
1.38809    -1.12654    4.85134e-15    -0.597153    -2.49961    3.68434e-19    0.235509
1.38809    -1.12654    1.09491e-15    -0.597153    -2.49961    8.31597e-20    0.235509
1.38809    -1.12654    6.07363e-18    -0.597153    -2.49961    4.64848e-22    0.235509
1.38809    -1.12654    1.35211e-15    -0.597153    -2.49961    1.02676e-19    0.235509
1.38809    -1.12654    4.84541e-15    -0.597153    -2.49961    3.67954e-19    0.235509
1.38809    -1.12654    1.01558e-14    -0.597153    -2.49961    7.71224e-19    0.235509
1.38809    -1.12654    1.69234e-14    -0.597153    -2.49961    1.28515e-18    0.235509
1.38809    -1.12654    2.47711e-14    -0.597153    -2.49961    1.88111e-18    0.235509
1.38809    -1.12654    3.33177e-14    -0.597153    -2.49961    2.53014e-18    0.235509
1.38809    -1.12654    4.21888e-14    -0.597153    -2.49961    3.20382e-18    0.235509
1.38809    -1.12654    5.10281e-14    -0.597153    -2.49961    3.87508e-18    0.235509
1.38809    -1.12654    5.9507e-14    -0.597153    -2.49961    4.51897e-18    0.235509
1.38809    -1.12654    6.73318e-14    -0.597153    -2.49961    5.1132e-18    0.235509
1.38809    -1.12654    7.42512e-14    -0.597153    -2.49961    5.63866e-18    0.235509
1.38809    -1.12654    8.006e-14    -0.597153    -2.49961    6.07979e-18    0.235509
1.38809    -1.12654    8.46026e-14    -0.597153    -2.49961    6.42476e-18    0.235509
1.38809    -1.12654    8.77742e-14    -0.597153    -2.49961    6.66562e-18    0.235509
1.38809    -1.12654    8.95204e-14    -0.597153    -2.49961    6.79823e-18    0.235509
1.38809    -1.12654    8.98352e-14    -0.597153    -2.49961    6.82214e-18    0.235509
1.38809    -1.12654    8.87584e-14    -0.597153    -2.49961    6.74037e-18    0.235509
1.38809    -1.12654    8.63703e-14    -0.597153    -2.49961    6.55902e-18    0.235509
1.38809    -1.12654    8.27875e-14    -0.597153    -2.49961    6.28694e-18    0.23551
1.38809    -1.12654    7.81559e-14    -0.597153    -2.49961    5.93522e-18    0.23551
1.38809    -1.12654    7.2645e-14    -0.597153    -2.49961    5.51672e-18    0.23551
1.38809    -1.12654    6.64408e-14    -0.597153    -2.49961    5.04557e-18    0.23551
1.38809    -1.12654    5.97388e-14    -0.597153    -2.49961    4.53662e-18    0.23551
1.38809    -1.12654    5.27378e-14    -0.597153    -2.49961    4.00496e-18    0.23551
1.38809    -1.12654    4.56334e-14    -0.597153    -2.49961    3.46545e-18    0.23551
1.38809    -1.12654    3.86124e-14    -0.597153    -2.49961    2.93227e-18    0.23551
1.38809    -1.12654    3.18473e-14    -0.597153    -2.49961    2.41852e-18    0.23551
1.38809    -1.12654    2.54927e-14    -0.597153    -2.49961    1.93595e-18    0.23551
1.38809    -1.12654    1.96812e-14    -0.597153    -2.49961    1.49462e-18    0.23551
1.38809    -1.12654    1.4521e-14    -0.597153    -2.49961    1.10275e-18    0.23551
1.38809    -1.12654    1.00946e-14    -0.597153    -2.49961    7.66604e-19    0.23551
1.38809    -1.12654    6.45751e-15    -0.597153    -2.49961    4.90398e-19    0.23551
1.38809    -1.12654    3.63863e-15    -0.597153    -2.49961    2.76328e-19    0.23551
1.38809    -1.12654    1.64114e-15    -0.597152    -2.49961    1.24635e-19    0.23551
1.38809    -1.12654    4.44079e-16    -0.597152    -2.49961    3.37273e-20    0.23551
1.38809    -1.12654    4.59914e-18    -0.597152    -2.49961    3.50672e-22    0.23551
1.38809    -1.12654    2.60713e-16    -0.597152    -2.49961    1.97981e-20    0.23551
1.38809    -1.12654    1.13444e-15    -0.597152    -2.49961    8.61475e-20    0.23551
1.38809    -1.12654    2.53522e-15    -0.597152    -2.49961    1.92522e-19    0.23551
1.38809    -1.12654    4.36347e-15    -0.597152    -2.49961    3.31359e-19    0.23551
1.38809    -1.12654    6.51419e-15    -0.597153    -2.49961    4.94685e-19    0.23551
1.38809    -1.12654    8.8805e-15    -0.597153    -2.49961    6.74384e-19    0.23551
1.38809    -1.12654    1.13569e-14    -0.597153    -2.49961    8.62444e-19    0.23551
1.38809    -1.12654    1.38425e-14    -0.597153    -2.49961    1.0512e-18    0.23551
1.38809    -1.12654    1.62435e-14    -0.597153    -2.49961    1.23353e-18    0.23551
1.38809    -1.12654    1.84756e-14    -0.597153    -2.49961    1.40304e-18    0.23551
1.38809    -1.12654    2.04662e-14    -0.597153    -2.49961    1.55421e-18    0.23551
1.38809    -1.12654    2.21553e-14    -0.597153    -2.49961    1.68248e-18    0.23551
1.38809    -1.12654    2.34966e-14    -0.597153    -2.49961    1.78434e-18    0.23551
1.38809    -1.12654    2.44582e-14    -0.597153    -2.49961    1.85737e-18    0.23551
1.38809    -1.12654    2.50221e-14    -0.597153    -2.49961    1.90019e-18    0.23551
1.38809    -1.12654    2.51844e-14    -0.597153    -2.49961    1.91252e-18    0.23551
1.38809    -1.12654    2.49537e-14    -0.597153    -2.49961    1.895e-18    0.23551
1.38809    -1.12654    2.43506e-14    -0.597153    -2.49961    1.8492e-18    0.23551
1.38809    -1.12654    2.34061e-14    -0.597153    -2.49961    1.77747e-18    0.23551
1.38809    -1.12654    2.21595e-14    -0.597153    -2.49961    1.68281e-18    0.23551
1.38809    -1.12654    2.06574e-14    -0.597153    -2.49961    1.56874e-18    0.23551
1.38809    -1.12654    1.8951e-14    -0.597153    -2.49961    1.43916e-18    0.23551
1.38809    -1.12654    1.70949e-14    -0.597153    -2.49961    1.2982e-18    0.23551
1.38809    -1.12654    1.51447e-14    -0.597153    -2.49961    1.1501e-18    0.23551
1.38809    -1.12654    1.31554e-14    -0.597153    -2.49961    9.99038e-19    0.23551
1.38809    -1.12654    1.11801e-14    -0.597153    -2.49961    8.49028e-19    0.23551
1.38809    -1.12654    9.26783e-15    -0.597153    -2.49961    7.03811e-19    0.235509
1.38809    -1.12654    7.46298e-15    -0.597153    -2.49961    5.66749e-19    0.235509
1.38809    -1.12654    5.80388e-15    -0.597153    -2.49961    4.40756e-19    0.235509
1.38809    -1.12654    4.32221e-15    -0.597153    -2.49961    3.28236e-19    0.235509
1.38809    -1.12654    3.04239e-15    -0.597153    -2.49961    2.31045e-19    0.235509
1.38809    -1.12654    1.98141e-15    -0.597153    -2.49961    1.50473e-19    0.235509
1.38809    -1.12654    1.14873e-15    -0.597153    -2.49961    8.72379e-20    0.235509
1.38809    -1.12654    5.4656e-16    -0.597153    -2.49961    4.15079e-20    0.235509
1.38809    -1.12654    1.70235e-16    -0.597153    -2.49961    1.29289e-20    0.235509
1.38809    -1.12654    8.83649e-18    -0.597153    -2.49961    6.71557e-22    0.235509
1.38809    -1.12654    4.59278e-17    -0.597153    -2.49961    3.4877e-21    0.235509
1.38809    -1.12654    2.60421e-16    -0.597153    -2.49961    1.97759e-20    0.235509
1.38809    -1.12654    6.27522e-16    -0.597153    -2.49961    4.76534e-20    0.235509
