0.08539    0.149316    0.117236    0.0256952    0.08539    0.149316    0.117236    0.0256952    
0.0835426    0.149327    0.124785    0.0225807    0.0835426    0.149327    0.124785    0.0225807    
0.0831718    0.148598    0.124929    0.0226325    0.0831718    0.148598    0.124929    0.0226325    
0.0829865    0.148059    0.124876    0.0227673    0.0829865    0.148059    0.124876    0.0227673    
0.0826848    0.147289    0.124948    0.0228909    0.0826848    0.147289    0.124948    0.0228909    
0.0823328    0.146365    0.125051    0.0230331    0.0823328    0.146365    0.125051    0.0230331    
0.0819386    0.145315    0.125128    0.023214    0.0819386    0.145315    0.125128    0.023214    
0.0815386    0.143929    0.125378    0.0233676    0.0815386    0.143929    0.125378    0.0233676    
0.0810651    0.142683    0.125479    0.0235836    0.0810651    0.142683    0.125479    0.0235836    
0.0804901    0.141369    0.125563    0.0238239    0.0804901    0.141369    0.125563    0.0238239    
