0.0861101    0.147434    0.113664    0.0273239    0.0861101    0.147434    0.113664    0.0273239    
0.084299    0.14711    0.121518    0.024145    0.084299    0.14711    0.121518    0.024145    
0.0842431    0.147193    0.122018    0.0239657    0.0842431    0.147193    0.122018    0.0239657    
0.0840279    0.146701    0.12212    0.0240215    0.0840279    0.146701    0.12212    0.0240215    
0.0837671    0.146068    0.122186    0.0241195    0.0837671    0.146068    0.122186    0.0241195    
0.08346    0.145314    0.122259    0.0242393    0.08346    0.145314    0.122259    0.0242393    
0.0831147    0.144457    0.122337    0.0243773    0.0831147    0.144457    0.122337    0.0243773    
0.0827392    0.143515    0.122419    0.024531    0.0827392    0.143515    0.122419    0.024531    
0.0823411    0.142504    0.122503    0.024698    0.0823411    0.142504    0.122503    0.024698    
0.081928    0.141441    0.122587    0.0248762    0.081928    0.141441    0.122587    0.0248762    
0.0815068    0.140344    0.122668    0.0250631    0.0815068    0.140344    0.122668    0.0250631    
0.0810837    0.139226    0.122744    0.0252566    0.0810837    0.139226    0.122744    0.0252566    
0.0806642    0.138103    0.122814    0.0254546    0.0806642    0.138103    0.122814    0.0254546    
0.0802529    0.136988    0.122877    0.025655    0.0802529    0.136988    0.122877    0.025655    
0.0798538    0.135891    0.122931    0.0258559    0.0798538    0.135891    0.122931    0.0258559    
0.07947    0.134822    0.122978    0.0260555    0.07947    0.134822    0.122978    0.0260555    
0.079104    0.133791    0.123016    0.0262521    0.079104    0.133791    0.123016    0.0262521    
0.0787576    0.132804    0.123045    0.0264441    0.0787576    0.132804    0.123045    0.0264441    
0.0784321    0.131866    0.123067    0.02663    0.0784321    0.131866    0.123067    0.02663    
0.0781284    0.130982    0.123082    0.0268088    0.0781284    0.130982    0.123082    0.0268088    
0.077847    0.130156    0.12309    0.0269791    0.077847    0.130156    0.12309    0.0269791    
0.0775879    0.12939    0.123093    0.02714    0.0775879    0.12939    0.123093    0.02714    
0.0773513    0.128684    0.123091    0.0272907    0.0773513    0.128684    0.123091    0.0272907    
0.0771368    0.128041    0.123086    0.0274305    0.0771368    0.128041    0.123086    0.0274305    
0.0769441    0.127459    0.123078    0.0275588    0.0769441    0.127459    0.123078    0.0275588    
0.0767727    0.126939    0.123068    0.0276752    0.0767727    0.126939    0.123068    0.0276752    
0.0766222    0.12648    0.123057    0.0277792    0.0766222    0.12648    0.123057    0.0277792    
0.0764919    0.126082    0.123045    0.0278708    0.0764919    0.126082    0.123045    0.0278708    
0.0763814    0.125742    0.123034    0.0279497    0.0763814    0.125742    0.123034    0.0279497    
0.07629    0.12546    0.123024    0.0280159    0.07629    0.12546    0.123024    0.0280159    
0.0762171    0.125234    0.123015    0.0280696    0.0762171    0.125234    0.123015    0.0280696    
0.0761621    0.125062    0.123007    0.0281108    0.0761621    0.125062    0.123007    0.0281108    
0.0761245    0.124943    0.123    0.0281396    0.0761245    0.124943    0.123    0.0281396    
0.0761037    0.124876    0.122996    0.0281565    0.0761037    0.124876    0.122996    0.0281565    
0.0760992    0.124858    0.122993    0.0281618    0.0760992    0.124858    0.122993    0.0281618    
0.0761103    0.124888    0.122992    0.0281557    0.0761103    0.124888    0.122992    0.0281557    
0.0761365    0.124964    0.122993    0.0281388    0.0761365    0.124964    0.122993    0.0281388    
0.0761773    0.125085    0.122995    0.0281115    0.0761773    0.125085    0.122995    0.0281115    
0.0762321    0.125248    0.122998    0.0280744    0.0762321    0.125248    0.122998    0.0280744    
0.0763003    0.125452    0.123002    0.028028    0.0763003    0.125452    0.123002    0.028028    
0.0763814    0.125695    0.123007    0.027973    0.0763814    0.125695    0.123007    0.027973    
0.0764748    0.125975    0.123011    0.0279099    0.0764748    0.125975    0.123011    0.0279099    
0.0765797    0.12629    0.123016    0.0278394    0.0765797    0.12629    0.123016    0.0278394    
0.0766956    0.126637    0.123021    0.0277621    0.0766956    0.126637    0.123021    0.0277621    
0.0768218    0.127014    0.123025    0.0276789    0.0768218    0.127014    0.123025    0.0276789    
0.0769575    0.127419    0.123028    0.0275903    0.0769575    0.127419    0.123028    0.0275903    
0.0771019    0.127849    0.123029    0.0274972    0.0771019    0.127849    0.123029    0.0274972    
0.0772543    0.128302    0.12303    0.0274002    0.0772543    0.128302    0.12303    0.0274002    
0.0774136    0.128773    0.123028    0.0273    0.0774136    0.128773    0.123028    0.0273    
0.0775789    0.129261    0.123025    0.0271976    0.0775789    0.129261    0.123025    0.0271976    
0.0777493    0.129762    0.12302    0.0270934    0.0777493    0.129762    0.12302    0.0270934    
0.0779236    0.130273    0.123013    0.0269885    0.0779236    0.130273    0.123013    0.0269885    
0.0781007    0.13079    0.123005    0.0268833    0.0781007    0.13079    0.123005    0.0268833    
0.0782793    0.131309    0.122995    0.0267788    0.0782793    0.131309    0.122995    0.0267788    
0.0784583    0.131826    0.122983    0.0266755    0.0784583    0.131826    0.122983    0.0266755    
0.0786362    0.132339    0.12297    0.0265742    0.0786362    0.132339    0.12297    0.0265742    
0.0788118    0.132842    0.122956    0.0264755    0.0788118    0.132842    0.122956    0.0264755    
0.0789837    0.133333    0.12294    0.0263801    0.0789837    0.133333    0.12294    0.0263801    
0.0791506    0.133808    0.122925    0.0262887    0.0791506    0.133808    0.122925    0.0262887    
0.0793111    0.134262    0.122909    0.0262017    0.0793111    0.134262    0.122909    0.0262017    
0.079464    0.134693    0.122893    0.0261196    0.079464    0.134693    0.122893    0.0261196    
0.0796079    0.135098    0.122877    0.0260431    0.0796079    0.135098    0.122877    0.0260431    
0.0797417    0.135473    0.122862    0.0259725    0.0797417    0.135473    0.122862    0.0259725    
0.0798644    0.135815    0.122848    0.0259082    0.0798644    0.135815    0.122848    0.0259082    
0.0799749    0.136124    0.122836    0.0258506    0.0799749    0.136124    0.122836    0.0258506    
0.0800725    0.136395    0.122824    0.0257998    0.0800725    0.136395    0.122824    0.0257998    
0.0801565    0.136629    0.122815    0.0257562    0.0801565    0.136629    0.122815    0.0257562    
0.0802264    0.136823    0.122807    0.0257198    0.0802264    0.136823    0.122807    0.0257198    
0.0802818    0.136978    0.122801    0.0256907    0.0802818    0.136978    0.122801    0.0256907    
0.0803226    0.137092    0.122798    0.0256689    0.0803226    0.137092    0.122798    0.0256689    
0.0803488    0.137166    0.122796    0.0256544    0.0803488    0.137166    0.122796    0.0256544    
0.0803605    0.137201    0.122796    0.0256471    0.0803605    0.137201    0.122796    0.0256471    
0.0803582    0.137198    0.122799    0.0256467    0.0803582    0.137198    0.122799    0.0256467    
0.0803424    0.137157    0.122803    0.025653    0.0803424    0.137157    0.122803    0.025653    
0.0803136    0.137081    0.12281    0.0256658    0.0803136    0.137081    0.12281    0.0256658    
0.0802728    0.136972    0.122817    0.0256847    0.0802728    0.136972    0.122817    0.0256847    
0.0802207    0.136831    0.122827    0.0257094    0.0802207    0.136831    0.122827    0.0257094    
0.0801583    0.136663    0.122837    0.0257393    0.0801583    0.136663    0.122837    0.0257393    
0.0800868    0.136468    0.122849    0.0257741    0.0800868    0.136468    0.122849    0.0257741    
0.0800072    0.136251    0.122861    0.0258132    0.0800072    0.136251    0.122861    0.0258132    
0.0799206    0.136013    0.122874    0.0258563    0.0799206    0.136013    0.122874    0.0258563    
0.0798282    0.135759    0.122887    0.0259027    0.0798282    0.135759    0.122887    0.0259027    
0.0797311    0.135491    0.1229    0.025952    0.0797311    0.135491    0.1229    0.025952    
0.0796304    0.135211    0.122914    0.0260037    0.0796304    0.135211    0.122914    0.0260037    
0.0795273    0.134924    0.122926    0.0260572    0.0795273    0.134924    0.122926    0.0260572    
0.0794227    0.134632    0.122939    0.0261119    0.0794227    0.134632    0.122939    0.0261119    
0.0793177    0.134337    0.122951    0.0261675    0.0793177    0.134337    0.122951    0.0261675    
0.0792131    0.134043    0.122962    0.0262234    0.0792131    0.134043    0.122962    0.0262234    
0.0791099    0.133751    0.122973    0.0262792    0.0791099    0.133751    0.122973    0.0262792    
0.0790088    0.133464    0.122982    0.0263344    0.0790088    0.133464    0.122982    0.0263344    
0.0789105    0.133185    0.122991    0.0263886    0.0789105    0.133185    0.122991    0.0263886    
0.0788157    0.132914    0.122999    0.0264414    0.0788157    0.132914    0.122999    0.0264414    
0.0787249    0.132654    0.123007    0.0264924    0.0787249    0.132654    0.123007    0.0264924    
0.0786387    0.132406    0.123013    0.0265413    0.0786387    0.132406    0.123013    0.0265413    
0.0785574    0.132171    0.123018    0.0265878    0.0785574    0.132171    0.123018    0.0265878    
0.0784815    0.131952    0.123023    0.0266316    0.0784815    0.131952    0.123023    0.0266316    
0.0784112    0.131748    0.123027    0.0266725    0.0784112    0.131748    0.123027    0.0266725    
0.0783468    0.13156    0.12303    0.0267103    0.0783468    0.13156    0.12303    0.0267103    
0.0782884    0.13139    0.123033    0.0267448    0.0782884    0.13139    0.123033    0.0267448    
0.0782363    0.131238    0.123035    0.0267759    0.0782363    0.131238    0.123035    0.0267759    
0.0781905    0.131103    0.123036    0.0268034    0.0781905    0.131103    0.123036    0.0268034    
0.078151    0.130987    0.123038    0.0268273    0.078151    0.130987    0.123038    0.0268273    
0.0781179    0.130889    0.123038    0.0268476    0.0781179    0.130889    0.123038    0.0268476    
0.0780911    0.13081    0.123039    0.0268642    0.0780911    0.13081    0.123039    0.0268642    
0.0780706    0.130748    0.123039    0.0268771    0.0780706    0.130748    0.123039    0.0268771    
0.0780562    0.130705    0.123038    0.0268863    0.0780562    0.130705    0.123038    0.0268863    
0.0780479    0.130679    0.123038    0.026892    0.0780479    0.130679    0.123038    0.026892    
0.0780454    0.130671    0.123037    0.0268942    0.0780454    0.130671    0.123037    0.0268942    
0.0780486    0.130679    0.123036    0.026893    0.0780486    0.130679    0.123036    0.026893    
0.0780572    0.130702    0.123034    0.0268886    0.0780572    0.130702    0.123034    0.0268886    
0.078071    0.130742    0.123033    0.026881    0.078071    0.130742    0.123033    0.026881    
0.0780898    0.130795    0.123031    0.0268705    0.0780898    0.130795    0.123031    0.0268705    
0.0781133    0.130863    0.123029    0.0268572    0.0781133    0.130863    0.123029    0.0268572    
0.0781412    0.130943    0.123027    0.0268413    0.0781412    0.130943    0.123027    0.0268413    
0.0781731    0.131034    0.123025    0.026823    0.0781731    0.131034    0.123025    0.026823    
0.0782087    0.131137    0.123022    0.0268026    0.0782087    0.131137    0.123022    0.0268026    
0.0782477    0.13125    0.123019    0.0267802    0.0782477    0.13125    0.123019    0.0267802    
0.0782898    0.131371    0.123016    0.0267561    0.0782898    0.131371    0.123016    0.0267561    
0.0783344    0.131499    0.123013    0.0267306    0.0783344    0.131499    0.123013    0.0267306    
0.0783814    0.131635    0.12301    0.0267037    0.0783814    0.131635    0.12301    0.0267037    
0.0784302    0.131775    0.123006    0.0266759    0.0784302    0.131775    0.123006    0.0266759    
0.0784805    0.13192    0.123002    0.0266473    0.0784805    0.13192    0.123002    0.0266473    
0.0785318    0.132068    0.122999    0.0266182    0.0785318    0.132068    0.122999    0.0266182    
0.0785838    0.132217    0.122995    0.0265887    0.0785838    0.132217    0.122995    0.0265887    
0.0786361    0.132367    0.12299    0.0265592    0.0786361    0.132367    0.12299    0.0265592    
0.0786883    0.132517    0.122986    0.0265298    0.0786883    0.132517    0.122986    0.0265298    
0.0787399    0.132665    0.122982    0.0265008    0.0787399    0.132665    0.122982    0.0265008    
0.0787907    0.13281    0.122978    0.0264724    0.0787907    0.13281    0.122978    0.0264724    
0.0788402    0.132952    0.122974    0.0264448    0.0788402    0.132952    0.122974    0.0264448    
0.0788882    0.133089    0.12297    0.0264181    0.0788882    0.133089    0.12297    0.0264181    
0.0789342    0.13322    0.122966    0.0263925    0.0789342    0.13322    0.122966    0.0263925    
0.0789779    0.133345    0.122962    0.0263682    0.0789779    0.133345    0.122962    0.0263682    
0.0790192    0.133463    0.122958    0.0263454    0.0790192    0.133463    0.122958    0.0263454    
0.0790577    0.133573    0.122955    0.0263241    0.0790577    0.133573    0.122955    0.0263241    
0.0790931    0.133674    0.122952    0.0263044    0.0790931    0.133674    0.122952    0.0263044    
0.0791254    0.133766    0.122949    0.0262866    0.0791254    0.133766    0.122949    0.0262866    
0.0791543    0.133848    0.122947    0.0262706    0.0791543    0.133848    0.122947    0.0262706    
0.0791797    0.133921    0.122945    0.0262565    0.0791797    0.133921    0.122945    0.0262565    
0.0792014    0.133983    0.122943    0.0262443    0.0792014    0.133983    0.122943    0.0262443    
0.0792195    0.134035    0.122942    0.0262342    0.0792195    0.134035    0.122942    0.0262342    
0.0792339    0.134076    0.122941    0.026226    0.0792339    0.134076    0.122941    0.026226    
0.0792446    0.134107    0.12294    0.0262199    0.0792446    0.134107    0.12294    0.0262199    
0.0792516    0.134128    0.12294    0.0262157    0.0792516    0.134128    0.12294    0.0262157    
0.079255    0.134138    0.12294    0.0262134    0.079255    0.134138    0.12294    0.0262134    
0.0792549    0.134138    0.122941    0.0262131    0.0792549    0.134138    0.122941    0.0262131    
0.0792514    0.134129    0.122942    0.0262146    0.0792514    0.134129    0.122942    0.0262146    
0.0792447    0.134111    0.122943    0.0262178    0.0792447    0.134111    0.122943    0.0262178    
0.0792348    0.134084    0.122945    0.0262227    0.0792348    0.134084    0.122945    0.0262227    
0.0792221    0.134049    0.122946    0.0262292    0.0792221    0.134049    0.122946    0.0262292    
0.0792068    0.134006    0.122948    0.0262372    0.0792068    0.134006    0.122948    0.0262372    
0.0791889    0.133956    0.122951    0.0262465    0.0791889    0.133956    0.122951    0.0262465    
0.0791689    0.1339    0.122953    0.026257    0.0791689    0.1339    0.122953    0.026257    
0.0791469    0.133838    0.122956    0.0262686    0.0791469    0.133838    0.122956    0.0262686    
0.0791232    0.133772    0.122959    0.0262812    0.0791232    0.133772    0.122959    0.0262812    
0.0790981    0.133701    0.122961    0.0262947    0.0790981    0.133701    0.122961    0.0262947    
0.0790717    0.133627    0.122964    0.0263088    0.0790717    0.133627    0.122964    0.0263088    
0.0790445    0.13355    0.122967    0.0263236    0.0790445    0.13355    0.122967    0.0263236    
0.0790165    0.13347    0.12297    0.0263387    0.0790165    0.13347    0.12297    0.0263387    
0.0789882    0.13339    0.122973    0.0263541    0.0789882    0.13339    0.122973    0.0263541    
0.0789596    0.133309    0.122975    0.0263698    0.0789596    0.133309    0.122975    0.0263698    
0.0789312    0.133228    0.122978    0.0263854    0.0789312    0.133228    0.122978    0.0263854    
0.0789029    0.133148    0.122981    0.026401    0.0789029    0.133148    0.122981    0.026401    
0.0788752    0.133069    0.122983    0.0264163    0.0788752    0.133069    0.122983    0.0264163    
0.0788482    0.132991    0.122985    0.0264313    0.0788482    0.132991    0.122985    0.0264313    
0.078822    0.132917    0.122988    0.0264459    0.078822    0.132917    0.122988    0.0264459    
0.0787968    0.132845    0.12299    0.02646    0.0787968    0.132845    0.12299    0.02646    
0.0787729    0.132776    0.122992    0.0264735    0.0787729    0.132776    0.122992    0.0264735    
0.0787502    0.132711    0.122993    0.0264863    0.0787502    0.132711    0.122993    0.0264863    
0.078729    0.13265    0.122995    0.0264983    0.078729    0.13265    0.122995    0.0264983    
0.0787094    0.132593    0.122996    0.0265095    0.0787094    0.132593    0.122996    0.0265095    
0.0786914    0.132541    0.122997    0.0265197    0.0786914    0.132541    0.122997    0.0265197    
0.0786751    0.132494    0.122998    0.0265291    0.0786751    0.132494    0.122998    0.0265291    
0.0786606    0.132452    0.122999    0.0265374    0.0786606    0.132452    0.122999    0.0265374    
0.0786479    0.132416    0.123    0.0265448    0.0786479    0.132416    0.123    0.0265448    
0.0786371    0.132384    0.123001    0.0265511    0.0786371    0.132384    0.123001    0.0265511    
0.0786281    0.132358    0.123001    0.0265564    0.0786281    0.132358    0.123001    0.0265564    
0.0786209    0.132337    0.123001    0.0265607    0.0786209    0.132337    0.123001    0.0265607    
0.0786156    0.132321    0.123001    0.0265639    0.0786156    0.132321    0.123001    0.0265639    
0.0786121    0.132311    0.123001    0.0265661    0.0786121    0.132311    0.123001    0.0265661    
0.0786105    0.132306    0.123001    0.0265672    0.0786105    0.132306    0.123001    0.0265672    
0.0786105    0.132305    0.123001    0.0265674    0.0786105    0.132305    0.123001    0.0265674    
0.0786122    0.13231    0.123001    0.0265667    0.0786122    0.13231    0.123001    0.0265667    
0.0786155    0.132319    0.123    0.026565    0.0786155    0.132319    0.123    0.026565    
0.0786203    0.132333    0.122999    0.0265624    0.0786203    0.132333    0.122999    0.0265624    
0.0786266    0.13235    0.122999    0.0265591    0.0786266    0.13235    0.122999    0.0265591    
0.0786342    0.132372    0.122998    0.026555    0.0786342    0.132372    0.122998    0.026555    
0.078643    0.132397    0.122997    0.0265501    0.078643    0.132397    0.122997    0.0265501    
0.078653    0.132425    0.122996    0.0265446    0.078653    0.132425    0.122996    0.0265446    
0.078664    0.132456    0.122995    0.0265386    0.078664    0.132456    0.122995    0.0265386    
0.0786759    0.13249    0.122994    0.026532    0.0786759    0.13249    0.122994    0.026532    
0.0786886    0.132526    0.122993    0.026525    0.0786886    0.132526    0.122993    0.026525    
0.0787019    0.132564    0.122991    0.0265176    0.0787019    0.132564    0.122991    0.0265176    
0.0787158    0.132604    0.12299    0.0265099    0.0787158    0.132604    0.12299    0.0265099    
0.0787301    0.132645    0.122989    0.0265019    0.0787301    0.132645    0.122989    0.0265019    
0.0787447    0.132687    0.122988    0.0264938    0.0787447    0.132687    0.122988    0.0264938    
0.0787595    0.132729    0.122986    0.0264855    0.0787595    0.132729    0.122986    0.0264855    
0.0787744    0.132771    0.122985    0.0264773    0.0787744    0.132771    0.122985    0.0264773    
0.0787892    0.132814    0.122984    0.026469    0.0787892    0.132814    0.122984    0.026469    
0.0788038    0.132856    0.122983    0.0264608    0.0788038    0.132856    0.122983    0.0264608    
0.0788182    0.132897    0.122981    0.0264528    0.0788182    0.132897    0.122981    0.0264528    
0.0788322    0.132937    0.12298    0.026445    0.0788322    0.132937    0.12298    0.026445    
0.0788457    0.132975    0.122979    0.0264375    0.0788457    0.132975    0.122979    0.0264375    
0.0788587    0.133013    0.122978    0.0264302    0.0788587    0.133013    0.122978    0.0264302    
0.078871    0.133048    0.122977    0.0264233    0.078871    0.133048    0.122977    0.0264233    
0.0788827    0.133081    0.122976    0.0264168    0.0788827    0.133081    0.122976    0.0264168    
0.0788935    0.133112    0.122975    0.0264108    0.0788935    0.133112    0.122975    0.0264108    
0.0789035    0.133141    0.122974    0.0264052    0.0789035    0.133141    0.122974    0.0264052    
0.0789126    0.133167    0.122974    0.0264    0.0789126    0.133167    0.122974    0.0264    
0.0789208    0.13319    0.122973    0.0263954    0.0789208    0.13319    0.122973    0.0263954    
0.078928    0.133211    0.122973    0.0263913    0.078928    0.133211    0.122973    0.0263913    
0.0789342    0.133229    0.122972    0.0263878    0.0789342    0.133229    0.122972    0.0263878    
0.0789394    0.133244    0.122972    0.0263848    0.0789394    0.133244    0.122972    0.0263848    
0.0789436    0.133256    0.122972    0.0263824    0.0789436    0.133256    0.122972    0.0263824    
0.0789468    0.133266    0.122971    0.0263805    0.0789468    0.133266    0.122971    0.0263805    
0.078949    0.133272    0.122971    0.0263792    0.078949    0.133272    0.122971    0.0263792    
0.0789502    0.133276    0.122971    0.0263784    0.0789502    0.133276    0.122971    0.0263784    
0.0789505    0.133277    0.122972    0.0263782    0.0789505    0.133277    0.122972    0.0263782    
0.0789498    0.133275    0.122972    0.0263784    0.0789498    0.133275    0.122972    0.0263784    
0.0789482    0.133271    0.122972    0.0263792    0.0789482    0.133271    0.122972    0.0263792    
0.0789458    0.133264    0.122972    0.0263804    0.0789458    0.133264    0.122972    0.0263804    
0.0789425    0.133255    0.122973    0.0263821    0.0789425    0.133255    0.122973    0.0263821    
0.0789386    0.133244    0.122973    0.0263842    0.0789386    0.133244    0.122973    0.0263842    
0.0789339    0.133231    0.122974    0.0263867    0.0789339    0.133231    0.122974    0.0263867    
0.0789286    0.133216    0.122975    0.0263895    0.0789286    0.133216    0.122975    0.0263895    
0.0789228    0.133199    0.122975    0.0263927    0.0789228    0.133199    0.122975    0.0263927    
0.0789164    0.133181    0.122976    0.0263961    0.0789164    0.133181    0.122976    0.0263961    
0.0789097    0.133162    0.122977    0.0263998    0.0789097    0.133162    0.122977    0.0263998    
0.0789025    0.133142    0.122977    0.0264037    0.0789025    0.133142    0.122977    0.0264037    
0.0788951    0.133121    0.122978    0.0264077    0.0788951    0.133121    0.122978    0.0264077    
0.0788874    0.133099    0.122979    0.0264119    0.0788874    0.133099    0.122979    0.0264119    
0.0788796    0.133077    0.12298    0.0264162    0.0788796    0.133077    0.12298    0.0264162    
0.0788717    0.133054    0.12298    0.0264206    0.0788717    0.133054    0.12298    0.0264206    
0.0788638    0.133032    0.122981    0.026425    0.0788638    0.133032    0.122981    0.026425    
0.0788559    0.133009    0.122982    0.0264293    0.0788559    0.133009    0.122982    0.0264293    
0.0788481    0.132987    0.122982    0.0264337    0.0788481    0.132987    0.122982    0.0264337    
0.0788404    0.132965    0.122983    0.0264379    0.0788404    0.132965    0.122983    0.0264379    
0.078833    0.132944    0.122984    0.0264421    0.078833    0.132944    0.122984    0.0264421    
0.0788258    0.132923    0.122984    0.0264461    0.0788258    0.132923    0.122984    0.0264461    
0.0788189    0.132903    0.122985    0.0264499    0.0788189    0.132903    0.122985    0.0264499    
0.0788124    0.132885    0.122985    0.0264536    0.0788124    0.132885    0.122985    0.0264536    
0.0788062    0.132867    0.122986    0.0264571    0.0788062    0.132867    0.122986    0.0264571    
0.0788005    0.132851    0.122986    0.0264603    0.0788005    0.132851    0.122986    0.0264603    
0.0787952    0.132835    0.122987    0.0264633    0.0787952    0.132835    0.122987    0.0264633    
0.0787904    0.132822    0.122987    0.026466    0.0787904    0.132822    0.122987    0.026466    
0.078786    0.132809    0.122987    0.0264685    0.078786    0.132809    0.122987    0.0264685    
0.0787822    0.132798    0.122987    0.0264707    0.0787822    0.132798    0.122987    0.0264707    
0.0787789    0.132788    0.122988    0.0264726    0.0787789    0.132788    0.122988    0.0264726    
0.0787761    0.13278    0.122988    0.0264742    0.0787761    0.13278    0.122988    0.0264742    
0.0787739    0.132774    0.122988    0.0264755    0.0787739    0.132774    0.122988    0.0264755    
0.0787721    0.132769    0.122988    0.0264765    0.0787721    0.132769    0.122988    0.0264765    
0.0787709    0.132765    0.122988    0.0264773    0.0787709    0.132765    0.122988    0.0264773    
0.0787702    0.132763    0.122988    0.0264777    0.0787702    0.132763    0.122988    0.0264777    
0.07877    0.132762    0.122988    0.0264779    0.07877    0.132762    0.122988    0.0264779    
0.0787703    0.132763    0.122988    0.0264778    0.0787703    0.132763    0.122988    0.0264778    
0.0787711    0.132765    0.122988    0.0264774    0.0787711    0.132765    0.122988    0.0264774    
0.0787723    0.132769    0.122988    0.0264768    0.0787723    0.132769    0.122988    0.0264768    
0.0787739    0.132773    0.122987    0.026476    0.0787739    0.132773    0.122987    0.026476    
0.0787759    0.132779    0.122987    0.0264749    0.0787759    0.132779    0.122987    0.0264749    
0.0787783    0.132785    0.122987    0.0264736    0.0787783    0.132785    0.122987    0.0264736    
0.078781    0.132793    0.122987    0.0264721    0.078781    0.132793    0.122987    0.0264721    
0.078784    0.132802    0.122986    0.0264705    0.078784    0.132802    0.122986    0.0264705    
0.0787873    0.132811    0.122986    0.0264687    0.0787873    0.132811    0.122986    0.0264687    
0.0787908    0.132821    0.122986    0.0264668    0.0787908    0.132821    0.122986    0.0264668    
0.0787945    0.132831    0.122985    0.0264647    0.0787945    0.132831    0.122985    0.0264647    
0.0787984    0.132842    0.122985    0.0264626    0.0787984    0.132842    0.122985    0.0264626    
0.0788024    0.132854    0.122984    0.0264604    0.0788024    0.132854    0.122984    0.0264604    
0.0788065    0.132865    0.122984    0.0264581    0.0788065    0.132865    0.122984    0.0264581    
0.0788106    0.132877    0.122984    0.0264558    0.0788106    0.132877    0.122984    0.0264558    
0.0788148    0.132889    0.122983    0.0264535    0.0788148    0.132889    0.122983    0.0264535    
0.078819    0.132901    0.122983    0.0264512    0.078819    0.132901    0.122983    0.0264512    
0.0788231    0.132913    0.122983    0.0264489    0.0788231    0.132913    0.122983    0.0264489    
0.0788272    0.132925    0.122982    0.0264466    0.0788272    0.132925    0.122982    0.0264466    
0.0788311    0.132936    0.122982    0.0264444    0.0788311    0.132936    0.122982    0.0264444    
0.078835    0.132947    0.122982    0.0264423    0.078835    0.132947    0.122982    0.0264423    
0.0788386    0.132957    0.122981    0.0264402    0.0788386    0.132957    0.122981    0.0264402    
0.0788421    0.132967    0.122981    0.0264383    0.0788421    0.132967    0.122981    0.0264383    
0.0788455    0.132977    0.122981    0.0264364    0.0788455    0.132977    0.122981    0.0264364    
0.0788486    0.132986    0.122981    0.0264347    0.0788486    0.132986    0.122981    0.0264347    
0.0788514    0.132994    0.12298    0.0264331    0.0788514    0.132994    0.12298    0.0264331    
0.0788541    0.133002    0.12298    0.0264316    0.0788541    0.133002    0.12298    0.0264316    
0.0788564    0.133008    0.12298    0.0264302    0.0788564    0.133008    0.12298    0.0264302    
0.0788585    0.133014    0.12298    0.026429    0.0788585    0.133014    0.12298    0.026429    
0.0788604    0.13302    0.12298    0.026428    0.0788604    0.13302    0.12298    0.026428    
0.0788619    0.133024    0.12298    0.0264271    0.0788619    0.133024    0.12298    0.0264271    
0.0788632    0.133028    0.12298    0.0264264    0.0788632    0.133028    0.12298    0.0264264    
0.0788641    0.133031    0.122979    0.0264258    0.0788641    0.133031    0.122979    0.0264258    
0.0788649    0.133033    0.122979    0.0264254    0.0788649    0.133033    0.122979    0.0264254    
0.0788653    0.133034    0.122979    0.0264251    0.0788653    0.133034    0.122979    0.0264251    
0.0788654    0.133035    0.122979    0.026425    0.0788654    0.133035    0.122979    0.026425    
0.0788653    0.133034    0.12298    0.026425    0.0788653    0.133034    0.12298    0.026425    
0.078865    0.133033    0.12298    0.0264252    0.078865    0.133033    0.12298    0.0264252    
0.0788644    0.133032    0.12298    0.0264255    0.0788644    0.133032    0.12298    0.0264255    
0.0788636    0.13303    0.12298    0.0264259    0.0788636    0.13303    0.12298    0.0264259    
0.0788625    0.133027    0.12298    0.0264265    0.0788625    0.133027    0.12298    0.0264265    
0.0788613    0.133023    0.12298    0.0264271    0.0788613    0.133023    0.12298    0.0264271    
0.0788599    0.133019    0.12298    0.0264279    0.0788599    0.133019    0.12298    0.0264279    
0.0788583    0.133015    0.12298    0.0264287    0.0788583    0.133015    0.12298    0.0264287    
0.0788566    0.13301    0.122981    0.0264296    0.0788566    0.13301    0.122981    0.0264296    
0.0788548    0.133005    0.122981    0.0264307    0.0788548    0.133005    0.122981    0.0264307    
0.0788528    0.132999    0.122981    0.0264317    0.0788528    0.132999    0.122981    0.0264317    
0.0788508    0.132993    0.122981    0.0264328    0.0788508    0.132993    0.122981    0.0264328    
0.0788486    0.132987    0.122981    0.026434    0.0788486    0.132987    0.122981    0.026434    
0.0788465    0.132981    0.122982    0.0264352    0.0788465    0.132981    0.122982    0.0264352    
0.0788443    0.132975    0.122982    0.0264364    0.0788443    0.132975    0.122982    0.0264364    
0.0788421    0.132969    0.122982    0.0264376    0.0788421    0.132969    0.122982    0.0264376    
0.0788398    0.132962    0.122982    0.0264389    0.0788398    0.132962    0.122982    0.0264389    
0.0788377    0.132956    0.122982    0.0264401    0.0788377    0.132956    0.122982    0.0264401    
0.0788355    0.13295    0.122983    0.0264413    0.0788355    0.13295    0.122983    0.0264413    
0.0788334    0.132944    0.122983    0.0264425    0.0788334    0.132944    0.122983    0.0264425    
0.0788313    0.132938    0.122983    0.0264436    0.0788313    0.132938    0.122983    0.0264436    
0.0788294    0.132932    0.122983    0.0264447    0.0788294    0.132932    0.122983    0.0264447    
0.0788275    0.132927    0.122983    0.0264458    0.0788275    0.132927    0.122983    0.0264458    
0.0788257    0.132922    0.122983    0.0264467    0.0788257    0.132922    0.122983    0.0264467    
0.0788241    0.132917    0.122983    0.0264477    0.0788241    0.132917    0.122983    0.0264477    
0.0788225    0.132913    0.122984    0.0264485    0.0788225    0.132913    0.122984    0.0264485    
0.0788211    0.132909    0.122984    0.0264493    0.0788211    0.132909    0.122984    0.0264493    
0.0788199    0.132905    0.122984    0.0264501    0.0788199    0.132905    0.122984    0.0264501    
0.0788187    0.132902    0.122984    0.0264507    0.0788187    0.132902    0.122984    0.0264507    
0.0788177    0.132899    0.122984    0.0264513    0.0788177    0.132899    0.122984    0.0264513    
0.0788169    0.132896    0.122984    0.0264518    0.0788169    0.132896    0.122984    0.0264518    
0.0788162    0.132894    0.122984    0.0264522    0.0788162    0.132894    0.122984    0.0264522    
0.0788157    0.132893    0.122984    0.0264525    0.0788157    0.132893    0.122984    0.0264525    
0.0788153    0.132892    0.122984    0.0264527    0.0788153    0.132892    0.122984    0.0264527    
0.078815    0.132891    0.122984    0.0264529    0.078815    0.132891    0.122984    0.0264529    
0.0788149    0.132891    0.122984    0.0264529    0.0788149    0.132891    0.122984    0.0264529    
0.0788149    0.132891    0.122984    0.0264529    0.0788149    0.132891    0.122984    0.0264529    
0.0788151    0.132891    0.122984    0.0264529    0.0788151    0.132891    0.122984    0.0264529    
0.0788154    0.132892    0.122984    0.0264527    0.0788154    0.132892    0.122984    0.0264527    
0.0788158    0.132893    0.122984    0.0264525    0.0788158    0.132893    0.122984    0.0264525    
0.0788163    0.132894    0.122984    0.0264522    0.0788163    0.132894    0.122984    0.0264522    
0.078817    0.132896    0.122984    0.0264519    0.078817    0.132896    0.122984    0.0264519    
0.0788177    0.132898    0.122984    0.0264515    0.0788177    0.132898    0.122984    0.0264515    
0.0788185    0.132901    0.122984    0.0264511    0.0788185    0.132901    0.122984    0.0264511    
0.0788194    0.132903    0.122983    0.0264506    0.0788194    0.132903    0.122983    0.0264506    
0.0788204    0.132906    0.122983    0.02645    0.0788204    0.132906    0.122983    0.02645    
0.0788214    0.132909    0.122983    0.0264495    0.0788214    0.132909    0.122983    0.0264495    
0.0788225    0.132912    0.122983    0.0264489    0.0788225    0.132912    0.122983    0.0264489    
0.0788236    0.132915    0.122983    0.0264483    0.0788236    0.132915    0.122983    0.0264483    
0.0788247    0.132918    0.122983    0.0264477    0.0788247    0.132918    0.122983    0.0264477    
0.0788259    0.132922    0.122983    0.026447    0.0788259    0.132922    0.122983    0.026447    
0.078827    0.132925    0.122983    0.0264464    0.078827    0.132925    0.122983    0.0264464    
0.0788282    0.132928    0.122983    0.0264457    0.0788282    0.132928    0.122983    0.0264457    
0.0788294    0.132932    0.122983    0.0264451    0.0788294    0.132932    0.122983    0.0264451    
0.0788305    0.132935    0.122982    0.0264444    0.0788305    0.132935    0.122982    0.0264444    
0.0788316    0.132938    0.122982    0.0264438    0.0788316    0.132938    0.122982    0.0264438    
0.0788327    0.132941    0.122982    0.0264432    0.0788327    0.132941    0.122982    0.0264432    
0.0788338    0.132944    0.122982    0.0264426    0.0788338    0.132944    0.122982    0.0264426    
0.0788348    0.132947    0.122982    0.0264421    0.0788348    0.132947    0.122982    0.0264421    
0.0788357    0.13295    0.122982    0.0264415    0.0788357    0.13295    0.122982    0.0264415    
0.0788366    0.132952    0.122982    0.026441    0.0788366    0.132952    0.122982    0.026441    
0.0788374    0.132955    0.122982    0.0264406    0.0788374    0.132955    0.122982    0.0264406    
0.0788382    0.132957    0.122982    0.0264401    0.0788382    0.132957    0.122982    0.0264401    
0.0788389    0.132959    0.122982    0.0264397    0.0788389    0.132959    0.122982    0.0264397    
0.0788395    0.132961    0.122982    0.0264394    0.0788395    0.132961    0.122982    0.0264394    
0.07884    0.132962    0.122982    0.0264391    0.07884    0.132962    0.122982    0.0264391    
0.0788405    0.132963    0.122982    0.0264388    0.0788405    0.132963    0.122982    0.0264388    
0.0788409    0.132965    0.122982    0.0264386    0.0788409    0.132965    0.122982    0.0264386    
0.0788412    0.132965    0.122982    0.0264384    0.0788412    0.132965    0.122982    0.0264384    
0.0788414    0.132966    0.122982    0.0264383    0.0788414    0.132966    0.122982    0.0264383    
0.0788416    0.132967    0.122982    0.0264382    0.0788416    0.132967    0.122982    0.0264382    
0.0788416    0.132967    0.122982    0.0264381    0.0788416    0.132967    0.122982    0.0264381    
0.0788416    0.132967    0.122982    0.0264381    0.0788416    0.132967    0.122982    0.0264381    
0.0788416    0.132967    0.122982    0.0264382    0.0788416    0.132967    0.122982    0.0264382    
0.0788414    0.132966    0.122982    0.0264382    0.0788414    0.132966    0.122982    0.0264382    
0.0788412    0.132966    0.122982    0.0264383    0.0788412    0.132966    0.122982    0.0264383    
0.078841    0.132965    0.122982    0.0264385    0.078841    0.132965    0.122982    0.0264385    
0.0788406    0.132964    0.122982    0.0264387    0.0788406    0.132964    0.122982    0.0264387    
0.0788403    0.132963    0.122982    0.0264389    0.0788403    0.132963    0.122982    0.0264389    
0.0788398    0.132962    0.122982    0.0264391    0.0788398    0.132962    0.122982    0.0264391    
0.0788394    0.13296    0.122982    0.0264393    0.0788394    0.13296    0.122982    0.0264393    
0.0788389    0.132959    0.122982    0.0264396    0.0788389    0.132959    0.122982    0.0264396    
0.0788383    0.132957    0.122982    0.0264399    0.0788383    0.132957    0.122982    0.0264399    
0.0788378    0.132956    0.122982    0.0264402    0.0788378    0.132956    0.122982    0.0264402    
0.0788372    0.132954    0.122982    0.0264405    0.0788372    0.132954    0.122982    0.0264405    
0.0788366    0.132952    0.122982    0.0264409    0.0788366    0.132952    0.122982    0.0264409    
0.078836    0.132951    0.122982    0.0264412    0.078836    0.132951    0.122982    0.0264412    
0.0788353    0.132949    0.122982    0.0264416    0.0788353    0.132949    0.122982    0.0264416    
0.0788347    0.132947    0.122982    0.0264419    0.0788347    0.132947    0.122982    0.0264419    
0.0788341    0.132945    0.122982    0.0264422    0.0788341    0.132945    0.122982    0.0264422    
0.0788335    0.132944    0.122982    0.0264426    0.0788335    0.132944    0.122982    0.0264426    
0.0788329    0.132942    0.122983    0.0264429    0.0788329    0.132942    0.122983    0.0264429    
0.0788323    0.13294    0.122983    0.0264432    0.0788323    0.13294    0.122983    0.0264432    
0.0788318    0.132939    0.122983    0.0264436    0.0788318    0.132939    0.122983    0.0264436    
0.0788312    0.132937    0.122983    0.0264439    0.0788312    0.132937    0.122983    0.0264439    
0.0788307    0.132936    0.122983    0.0264441    0.0788307    0.132936    0.122983    0.0264441    
0.0788302    0.132934    0.122983    0.0264444    0.0788302    0.132934    0.122983    0.0264444    
0.0788298    0.132933    0.122983    0.0264447    0.0788298    0.132933    0.122983    0.0264447    
0.0788294    0.132932    0.122983    0.0264449    0.0788294    0.132932    0.122983    0.0264449    
0.078829    0.132931    0.122983    0.0264451    0.078829    0.132931    0.122983    0.0264451    
0.0788287    0.13293    0.122983    0.0264453    0.0788287    0.13293    0.122983    0.0264453    
0.0788284    0.132929    0.122983    0.0264454    0.0788284    0.132929    0.122983    0.0264454    
0.0788281    0.132928    0.122983    0.0264456    0.0788281    0.132928    0.122983    0.0264456    
0.0788279    0.132928    0.122983    0.0264457    0.0788279    0.132928    0.122983    0.0264457    
0.0788278    0.132927    0.122983    0.0264458    0.0788278    0.132927    0.122983    0.0264458    
0.0788276    0.132927    0.122983    0.0264459    0.0788276    0.132927    0.122983    0.0264459    
0.0788275    0.132927    0.122983    0.0264459    0.0788275    0.132927    0.122983    0.0264459    
0.0788275    0.132926    0.122983    0.026446    0.0788275    0.132926    0.122983    0.026446    
0.0788275    0.132926    0.122983    0.026446    0.0788275    0.132926    0.122983    0.026446    
0.0788275    0.132927    0.122983    0.026446    0.0788275    0.132927    0.122983    0.026446    
0.0788276    0.132927    0.122983    0.0264459    0.0788276    0.132927    0.122983    0.0264459    
0.0788277    0.132927    0.122983    0.0264459    0.0788277    0.132927    0.122983    0.0264459    
0.0788278    0.132927    0.122983    0.0264458    0.0788278    0.132927    0.122983    0.0264458    
0.078828    0.132928    0.122983    0.0264457    0.078828    0.132928    0.122983    0.0264457    
0.0788282    0.132928    0.122983    0.0264456    0.0788282    0.132928    0.122983    0.0264456    
0.0788284    0.132929    0.122983    0.0264455    0.0788284    0.132929    0.122983    0.0264455    
0.0788287    0.13293    0.122983    0.0264454    0.0788287    0.13293    0.122983    0.0264454    
0.0788289    0.13293    0.122983    0.0264452    0.0788289    0.13293    0.122983    0.0264452    
0.0788292    0.132931    0.122983    0.0264451    0.0788292    0.132931    0.122983    0.0264451    
0.0788295    0.132932    0.122983    0.0264449    0.0788295    0.132932    0.122983    0.0264449    
0.0788298    0.132933    0.122983    0.0264447    0.0788298    0.132933    0.122983    0.0264447    
0.0788301    0.132934    0.122983    0.0264446    0.0788301    0.132934    0.122983    0.0264446    
0.0788304    0.132935    0.122983    0.0264444    0.0788304    0.132935    0.122983    0.0264444    
0.0788308    0.132936    0.122983    0.0264442    0.0788308    0.132936    0.122983    0.0264442    
0.0788311    0.132937    0.122983    0.026444    0.0788311    0.132937    0.122983    0.026444    
0.0788314    0.132938    0.122983    0.0264438    0.0788314    0.132938    0.122983    0.0264438    
0.0788317    0.132939    0.122982    0.0264437    0.0788317    0.132939    0.122982    0.0264437    
0.0788321    0.132939    0.122982    0.0264435    0.0788321    0.132939    0.122982    0.0264435    
0.0788324    0.13294    0.122982    0.0264433    0.0788324    0.13294    0.122982    0.0264433    
0.0788327    0.132941    0.122982    0.0264431    0.0788327    0.132941    0.122982    0.0264431    
0.078833    0.132942    0.122982    0.026443    0.078833    0.132942    0.122982    0.026443    
0.0788332    0.132943    0.122982    0.0264428    0.0788332    0.132943    0.122982    0.0264428    
0.0788335    0.132944    0.122982    0.0264427    0.0788335    0.132944    0.122982    0.0264427    
0.0788337    0.132944    0.122982    0.0264426    0.0788337    0.132944    0.122982    0.0264426    
0.0788339    0.132945    0.122982    0.0264424    0.0788339    0.132945    0.122982    0.0264424    
0.0788341    0.132945    0.122982    0.0264423    0.0788341    0.132945    0.122982    0.0264423    
0.0788343    0.132946    0.122982    0.0264422    0.0788343    0.132946    0.122982    0.0264422    
0.0788345    0.132946    0.122982    0.0264421    0.0788345    0.132946    0.122982    0.0264421    
0.0788346    0.132947    0.122982    0.026442    0.0788346    0.132947    0.122982    0.026442    
0.0788347    0.132947    0.122982    0.026442    0.0788347    0.132947    0.122982    0.026442    
0.0788348    0.132947    0.122982    0.0264419    0.0788348    0.132947    0.122982    0.0264419    
0.0788349    0.132948    0.122982    0.0264419    0.0788349    0.132948    0.122982    0.0264419    
0.0788349    0.132948    0.122982    0.0264419    0.0788349    0.132948    0.122982    0.0264419    
0.078835    0.132948    0.122982    0.0264418    0.078835    0.132948    0.122982    0.0264418    
0.078835    0.132948    0.122982    0.0264418    0.078835    0.132948    0.122982    0.0264418    
0.078835    0.132948    0.122982    0.0264418    0.078835    0.132948    0.122982    0.0264418    
0.0788349    0.132948    0.122982    0.0264418    0.0788349    0.132948    0.122982    0.0264418    
0.0788349    0.132948    0.122982    0.0264419    0.0788349    0.132948    0.122982    0.0264419    
0.0788348    0.132947    0.122982    0.0264419    0.0788348    0.132947    0.122982    0.0264419    
0.0788347    0.132947    0.122982    0.026442    0.0788347    0.132947    0.122982    0.026442    
0.0788346    0.132947    0.122982    0.026442    0.0788346    0.132947    0.122982    0.026442    
0.0788345    0.132947    0.122982    0.0264421    0.0788345    0.132947    0.122982    0.0264421    
0.0788344    0.132946    0.122982    0.0264421    0.0788344    0.132946    0.122982    0.0264421    
0.0788343    0.132946    0.122982    0.0264422    0.0788343    0.132946    0.122982    0.0264422    
0.0788341    0.132945    0.122982    0.0264423    0.0788341    0.132945    0.122982    0.0264423    
0.078834    0.132945    0.122982    0.0264424    0.078834    0.132945    0.122982    0.0264424    
0.0788338    0.132944    0.122982    0.0264425    0.0788338    0.132944    0.122982    0.0264425    
0.0788336    0.132944    0.122982    0.0264426    0.0788336    0.132944    0.122982    0.0264426    
0.0788335    0.132944    0.122982    0.0264427    0.0788335    0.132944    0.122982    0.0264427    
0.0788333    0.132943    0.122982    0.0264428    0.0788333    0.132943    0.122982    0.0264428    
0.0788331    0.132943    0.122982    0.0264428    0.0788331    0.132943    0.122982    0.0264428    
0.0788329    0.132942    0.122982    0.0264429    0.0788329    0.132942    0.122982    0.0264429    
0.0788328    0.132942    0.122982    0.026443    0.0788328    0.132942    0.122982    0.026443    
0.0788326    0.132941    0.122982    0.0264431    0.0788326    0.132941    0.122982    0.0264431    
0.0788324    0.132941    0.122982    0.0264432    0.0788324    0.132941    0.122982    0.0264432    
0.0788323    0.13294    0.122983    0.0264433    0.0788323    0.13294    0.122983    0.0264433    
0.0788321    0.13294    0.122983    0.0264434    0.0788321    0.13294    0.122983    0.0264434    
0.078832    0.132939    0.122983    0.0264435    0.078832    0.132939    0.122983    0.0264435    
0.0788318    0.132939    0.122983    0.0264436    0.0788318    0.132939    0.122983    0.0264436    
0.0788317    0.132939    0.122983    0.0264436    0.0788317    0.132939    0.122983    0.0264436    
0.0788316    0.132938    0.122983    0.0264437    0.0788316    0.132938    0.122983    0.0264437    
0.0788315    0.132938    0.122983    0.0264438    0.0788315    0.132938    0.122983    0.0264438    
0.0788314    0.132938    0.122983    0.0264438    0.0788314    0.132938    0.122983    0.0264438    
0.0788313    0.132937    0.122983    0.0264439    0.0788313    0.132937    0.122983    0.0264439    
0.0788312    0.132937    0.122983    0.0264439    0.0788312    0.132937    0.122983    0.0264439    
0.0788312    0.132937    0.122983    0.0264439    0.0788312    0.132937    0.122983    0.0264439    
0.0788311    0.132937    0.122983    0.026444    0.0788311    0.132937    0.122983    0.026444    
0.0788311    0.132937    0.122983    0.026444    0.0788311    0.132937    0.122983    0.026444    
0.078831    0.132937    0.122983    0.026444    0.078831    0.132937    0.122983    0.026444    
0.078831    0.132937    0.122983    0.026444    0.078831    0.132937    0.122983    0.026444    
0.078831    0.132937    0.122983    0.026444    0.078831    0.132937    0.122983    0.026444    
0.078831    0.132937    0.122983    0.026444    0.078831    0.132937    0.122983    0.026444    
0.078831    0.132937    0.122983    0.026444    0.078831    0.132937    0.122983    0.026444    
0.0788311    0.132937    0.122983    0.026444    0.0788311    0.132937    0.122983    0.026444    
0.0788311    0.132937    0.122983    0.026444    0.0788311    0.132937    0.122983    0.026444    
0.0788311    0.132937    0.122983    0.026444    0.0788311    0.132937    0.122983    0.026444    
0.0788312    0.132937    0.122983    0.0264439    0.0788312    0.132937    0.122983    0.0264439    
0.0788313    0.132937    0.122983    0.0264439    0.0788313    0.132937    0.122983    0.0264439    
0.0788313    0.132937    0.122983    0.0264439    0.0788313    0.132937    0.122983    0.0264439    
0.0788314    0.132938    0.122983    0.0264438    0.0788314    0.132938    0.122983    0.0264438    
0.0788315    0.132938    0.122983    0.0264438    0.0788315    0.132938    0.122983    0.0264438    
0.0788315    0.132938    0.122983    0.0264437    0.0788315    0.132938    0.122983    0.0264437    
0.0788316    0.132938    0.122983    0.0264437    0.0788316    0.132938    0.122983    0.0264437    
0.0788317    0.132939    0.122983    0.0264436    0.0788317    0.132939    0.122983    0.0264436    
0.0788318    0.132939    0.122983    0.0264436    0.0788318    0.132939    0.122983    0.0264436    
0.0788319    0.132939    0.122983    0.0264435    0.0788319    0.132939    0.122983    0.0264435    
0.078832    0.132939    0.122982    0.0264435    0.078832    0.132939    0.122982    0.0264435    
0.0788321    0.13294    0.122982    0.0264434    0.0788321    0.13294    0.122982    0.0264434    
0.0788322    0.13294    0.122982    0.0264434    0.0788322    0.13294    0.122982    0.0264434    
0.0788323    0.13294    0.122982    0.0264433    0.0788323    0.13294    0.122982    0.0264433    
0.0788324    0.13294    0.122982    0.0264433    0.0788324    0.13294    0.122982    0.0264433    
0.0788324    0.132941    0.122982    0.0264432    0.0788324    0.132941    0.122982    0.0264432    
0.0788325    0.132941    0.122982    0.0264432    0.0788325    0.132941    0.122982    0.0264432    
0.0788326    0.132941    0.122982    0.0264432    0.0788326    0.132941    0.122982    0.0264432    
0.0788327    0.132941    0.122982    0.0264431    0.0788327    0.132941    0.122982    0.0264431    
0.0788327    0.132941    0.122982    0.0264431    0.0788327    0.132941    0.122982    0.0264431    
0.0788328    0.132942    0.122982    0.026443    0.0788328    0.132942    0.122982    0.026443    
0.0788329    0.132942    0.122982    0.026443    0.0788329    0.132942    0.122982    0.026443    
0.0788329    0.132942    0.122982    0.026443    0.0788329    0.132942    0.122982    0.026443    
0.078833    0.132942    0.122982    0.026443    0.078833    0.132942    0.122982    0.026443    
0.078833    0.132942    0.122982    0.0264429    0.078833    0.132942    0.122982    0.0264429    
0.078833    0.132942    0.122982    0.0264429    0.078833    0.132942    0.122982    0.0264429    
0.0788331    0.132942    0.122982    0.0264429    0.0788331    0.132942    0.122982    0.0264429    
0.0788331    0.132942    0.122982    0.0264429    0.0788331    0.132942    0.122982    0.0264429    
0.0788331    0.132942    0.122982    0.0264429    0.0788331    0.132942    0.122982    0.0264429    
0.0788331    0.132942    0.122982    0.0264429    0.0788331    0.132942    0.122982    0.0264429    
0.0788331    0.132943    0.122982    0.0264429    0.0788331    0.132943    0.122982    0.0264429    
0.0788331    0.132943    0.122982    0.0264429    0.0788331    0.132943    0.122982    0.0264429    
0.0788331    0.132942    0.122982    0.0264429    0.0788331    0.132942    0.122982    0.0264429    
0.0788331    0.132942    0.122982    0.0264429    0.0788331    0.132942    0.122982    0.0264429    
0.0788331    0.132942    0.122982    0.0264429    0.0788331    0.132942    0.122982    0.0264429    
0.0788331    0.132942    0.122982    0.0264429    0.0788331    0.132942    0.122982    0.0264429    
0.078833    0.132942    0.122982    0.0264429    0.078833    0.132942    0.122982    0.0264429    
0.078833    0.132942    0.122982    0.0264429    0.078833    0.132942    0.122982    0.0264429    
0.078833    0.132942    0.122982    0.0264429    0.078833    0.132942    0.122982    0.0264429    
0.0788329    0.132942    0.122982    0.026443    0.0788329    0.132942    0.122982    0.026443    
0.0788329    0.132942    0.122982    0.026443    0.0788329    0.132942    0.122982    0.026443    
0.0788328    0.132942    0.122982    0.026443    0.0788328    0.132942    0.122982    0.026443    
0.0788328    0.132942    0.122982    0.026443    0.0788328    0.132942    0.122982    0.026443    
0.0788328    0.132941    0.122982    0.0264431    0.0788328    0.132941    0.122982    0.0264431    
0.0788327    0.132941    0.122982    0.0264431    0.0788327    0.132941    0.122982    0.0264431    
0.0788327    0.132941    0.122982    0.0264431    0.0788327    0.132941    0.122982    0.0264431    
0.0788326    0.132941    0.122982    0.0264431    0.0788326    0.132941    0.122982    0.0264431    
0.0788326    0.132941    0.122982    0.0264432    0.0788326    0.132941    0.122982    0.0264432    
0.0788325    0.132941    0.122982    0.0264432    0.0788325    0.132941    0.122982    0.0264432    
0.0788325    0.132941    0.122982    0.0264432    0.0788325    0.132941    0.122982    0.0264432    
0.0788324    0.132941    0.122982    0.0264432    0.0788324    0.132941    0.122982    0.0264432    
0.0788324    0.13294    0.122982    0.0264433    0.0788324    0.13294    0.122982    0.0264433    
0.0788323    0.13294    0.122982    0.0264433    0.0788323    0.13294    0.122982    0.0264433    
0.0788323    0.13294    0.122982    0.0264433    0.0788323    0.13294    0.122982    0.0264433    
0.0788322    0.13294    0.122982    0.0264433    0.0788322    0.13294    0.122982    0.0264433    
0.0788322    0.13294    0.122982    0.0264434    0.0788322    0.13294    0.122982    0.0264434    
0.0788322    0.13294    0.122982    0.0264434    0.0788322    0.13294    0.122982    0.0264434    
0.0788321    0.13294    0.122982    0.0264434    0.0788321    0.13294    0.122982    0.0264434    
0.0788321    0.13294    0.122983    0.0264434    0.0788321    0.13294    0.122983    0.0264434    
0.0788321    0.13294    0.122983    0.0264434    0.0788321    0.13294    0.122983    0.0264434    
0.0788321    0.13294    0.122983    0.0264434    0.0788321    0.13294    0.122983    0.0264434    
0.0788321    0.132939    0.122983    0.0264434    0.0788321    0.132939    0.122983    0.0264434    
0.078832    0.132939    0.122983    0.0264435    0.078832    0.132939    0.122983    0.0264435    
0.078832    0.132939    0.122983    0.0264435    0.078832    0.132939    0.122983    0.0264435    
0.078832    0.132939    0.122983    0.0264435    0.078832    0.132939    0.122983    0.0264435    
0.078832    0.132939    0.122983    0.0264435    0.078832    0.132939    0.122983    0.0264435    
0.078832    0.132939    0.122983    0.0264435    0.078832    0.132939    0.122983    0.0264435    
0.078832    0.132939    0.122983    0.0264435    0.078832    0.132939    0.122983    0.0264435    
0.078832    0.132939    0.122983    0.0264435    0.078832    0.132939    0.122983    0.0264435    
0.078832    0.132939    0.122983    0.0264435    0.078832    0.132939    0.122983    0.0264435    
0.078832    0.132939    0.122983    0.0264435    0.078832    0.132939    0.122983    0.0264435    
0.078832    0.132939    0.122983    0.0264435    0.078832    0.132939    0.122983    0.0264435    
0.0788321    0.132939    0.122982    0.0264435    0.0788321    0.132939    0.122982    0.0264435    
0.0788321    0.13294    0.122982    0.0264434    0.0788321    0.13294    0.122982    0.0264434    
0.0788321    0.13294    0.122982    0.0264434    0.0788321    0.13294    0.122982    0.0264434    
0.0788321    0.13294    0.122982    0.0264434    0.0788321    0.13294    0.122982    0.0264434    
0.0788321    0.13294    0.122982    0.0264434    0.0788321    0.13294    0.122982    0.0264434    
0.0788321    0.13294    0.122982    0.0264434    0.0788321    0.13294    0.122982    0.0264434    
0.0788322    0.13294    0.122982    0.0264434    0.0788322    0.13294    0.122982    0.0264434    
0.0788322    0.13294    0.122982    0.0264434    0.0788322    0.13294    0.122982    0.0264434    
0.0788322    0.13294    0.122982    0.0264434    0.0788322    0.13294    0.122982    0.0264434    
0.0788322    0.13294    0.122982    0.0264433    0.0788322    0.13294    0.122982    0.0264433    
0.0788323    0.13294    0.122982    0.0264433    0.0788323    0.13294    0.122982    0.0264433    
0.0788323    0.13294    0.122982    0.0264433    0.0788323    0.13294    0.122982    0.0264433    
0.0788323    0.13294    0.122982    0.0264433    0.0788323    0.13294    0.122982    0.0264433    
0.0788323    0.13294    0.122982    0.0264433    0.0788323    0.13294    0.122982    0.0264433    
0.0788324    0.13294    0.122982    0.0264433    0.0788324    0.13294    0.122982    0.0264433    
0.0788324    0.13294    0.122982    0.0264433    0.0788324    0.13294    0.122982    0.0264433    
0.0788324    0.132941    0.122982    0.0264433    0.0788324    0.132941    0.122982    0.0264433    
0.0788324    0.132941    0.122982    0.0264432    0.0788324    0.132941    0.122982    0.0264432    
0.0788325    0.132941    0.122982    0.0264432    0.0788325    0.132941    0.122982    0.0264432    
0.0788325    0.132941    0.122982    0.0264432    0.0788325    0.132941    0.122982    0.0264432    
0.0788325    0.132941    0.122982    0.0264432    0.0788325    0.132941    0.122982    0.0264432    
0.0788325    0.132941    0.122982    0.0264432    0.0788325    0.132941    0.122982    0.0264432    
0.0788325    0.132941    0.122982    0.0264432    0.0788325    0.132941    0.122982    0.0264432    
0.0788325    0.132941    0.122982    0.0264432    0.0788325    0.132941    0.122982    0.0264432    
0.0788326    0.132941    0.122982    0.0264432    0.0788326    0.132941    0.122982    0.0264432    
0.0788326    0.132941    0.122982    0.0264432    0.0788326    0.132941    0.122982    0.0264432    
0.0788326    0.132941    0.122982    0.0264432    0.0788326    0.132941    0.122982    0.0264432    
0.0788326    0.132941    0.122982    0.0264432    0.0788326    0.132941    0.122982    0.0264432    
0.0788326    0.132941    0.122982    0.0264432    0.0788326    0.132941    0.122982    0.0264432    
0.0788326    0.132941    0.122982    0.0264432    0.0788326    0.132941    0.122982    0.0264432    
0.0788326    0.132941    0.122982    0.0264432    0.0788326    0.132941    0.122982    0.0264432    
0.0788326    0.132941    0.122982    0.0264432    0.0788326    0.132941    0.122982    0.0264432    
0.0788326    0.132941    0.122982    0.0264432    0.0788326    0.132941    0.122982    0.0264432    
0.0788326    0.132941    0.122982    0.0264432    0.0788326    0.132941    0.122982    0.0264432    
0.0788326    0.132941    0.122982    0.0264432    0.0788326    0.132941    0.122982    0.0264432    
0.0788326    0.132941    0.122982    0.0264432    0.0788326    0.132941    0.122982    0.0264432    
0.0788326    0.132941    0.122982    0.0264432    0.0788326    0.132941    0.122982    0.0264432    
0.0788326    0.132941    0.122982    0.0264432    0.0788326    0.132941    0.122982    0.0264432    
0.0788326    0.132941    0.122982    0.0264432    0.0788326    0.132941    0.122982    0.0264432    
0.0788325    0.132941    0.122982    0.0264432    0.0788325    0.132941    0.122982    0.0264432    
0.0788325    0.132941    0.122982    0.0264432    0.0788325    0.132941    0.122982    0.0264432    
0.0788325    0.132941    0.122982    0.0264432    0.0788325    0.132941    0.122982    0.0264432    
0.0788325    0.132941    0.122982    0.0264432    0.0788325    0.132941    0.122982    0.0264432    
0.0788325    0.132941    0.122982    0.0264432    0.0788325    0.132941    0.122982    0.0264432    
0.0788325    0.132941    0.122982    0.0264432    0.0788325    0.132941    0.122982    0.0264432    
0.0788325    0.132941    0.122982    0.0264432    0.0788325    0.132941    0.122982    0.0264432    
0.0788325    0.132941    0.122982    0.0264432    0.0788325    0.132941    0.122982    0.0264432    
0.0788324    0.132941    0.122982    0.0264432    0.0788324    0.132941    0.122982    0.0264432    
0.0788324    0.132941    0.122982    0.0264432    0.0788324    0.132941    0.122982    0.0264432    
0.0788324    0.132941    0.122982    0.0264432    0.0788324    0.132941    0.122982    0.0264432    
0.0788324    0.13294    0.122982    0.0264433    0.0788324    0.13294    0.122982    0.0264433    
0.0788324    0.13294    0.122982    0.0264433    0.0788324    0.13294    0.122982    0.0264433    
0.0788324    0.13294    0.122982    0.0264433    0.0788324    0.13294    0.122982    0.0264433    
0.0788324    0.13294    0.122982    0.0264433    0.0788324    0.13294    0.122982    0.0264433    
0.0788324    0.13294    0.122982    0.0264433    0.0788324    0.13294    0.122982    0.0264433    
0.0788323    0.13294    0.122982    0.0264433    0.0788323    0.13294    0.122982    0.0264433    
0.0788323    0.13294    0.122982    0.0264433    0.0788323    0.13294    0.122982    0.0264433    
0.0788323    0.13294    0.122982    0.0264433    0.0788323    0.13294    0.122982    0.0264433    
0.0788323    0.13294    0.122982    0.0264433    0.0788323    0.13294    0.122982    0.0264433    
0.0788323    0.13294    0.122982    0.0264433    0.0788323    0.13294    0.122982    0.0264433    
0.0788323    0.13294    0.122982    0.0264433    0.0788323    0.13294    0.122982    0.0264433    
0.0788323    0.13294    0.122982    0.0264433    0.0788323    0.13294    0.122982    0.0264433    
0.0788323    0.13294    0.122982    0.0264433    0.0788323    0.13294    0.122982    0.0264433    
0.0788323    0.13294    0.122982    0.0264433    0.0788323    0.13294    0.122982    0.0264433    
0.0788323    0.13294    0.122982    0.0264433    0.0788323    0.13294    0.122982    0.0264433    
0.0788323    0.13294    0.122982    0.0264433    0.0788323    0.13294    0.122982    0.0264433    
0.0788323    0.13294    0.122982    0.0264433    0.0788323    0.13294    0.122982    0.0264433    
0.0788323    0.13294    0.122982    0.0264433    0.0788323    0.13294    0.122982    0.0264433    
0.0788323    0.13294    0.122982    0.0264433    0.0788323    0.13294    0.122982    0.0264433    
0.0788323    0.13294    0.122982    0.0264433    0.0788323    0.13294    0.122982    0.0264433    
0.0788323    0.13294    0.122982    0.0264433    0.0788323    0.13294    0.122982    0.0264433    
0.0788323    0.13294    0.122982    0.0264433    0.0788323    0.13294    0.122982    0.0264433    
0.0788323    0.13294    0.122982    0.0264433    0.0788323    0.13294    0.122982    0.0264433    
0.0788323    0.13294    0.122982    0.0264433    0.0788323    0.13294    0.122982    0.0264433    
0.0788323    0.13294    0.122982    0.0264433    0.0788323    0.13294    0.122982    0.0264433    
0.0788323    0.13294    0.122982    0.0264433    0.0788323    0.13294    0.122982    0.0264433    
0.0788323    0.13294    0.122982    0.0264433    0.0788323    0.13294    0.122982    0.0264433    
0.0788323    0.13294    0.122982    0.0264433    0.0788323    0.13294    0.122982    0.0264433    
0.0788323    0.13294    0.122982    0.0264433    0.0788323    0.13294    0.122982    0.0264433    
0.0788323    0.13294    0.122982    0.0264433    0.0788323    0.13294    0.122982    0.0264433    
0.0788323    0.13294    0.122982    0.0264433    0.0788323    0.13294    0.122982    0.0264433    
0.0788323    0.13294    0.122982    0.0264433    0.0788323    0.13294    0.122982    0.0264433    
0.0788324    0.13294    0.122982    0.0264433    0.0788324    0.13294    0.122982    0.0264433    
0.0788324    0.13294    0.122982    0.0264433    0.0788324    0.13294    0.122982    0.0264433    
0.0788324    0.13294    0.122982    0.0264433    0.0788324    0.13294    0.122982    0.0264433    
0.0788324    0.13294    0.122982    0.0264433    0.0788324    0.13294    0.122982    0.0264433    
0.0788324    0.13294    0.122982    0.0264433    0.0788324    0.13294    0.122982    0.0264433    
0.0788324    0.13294    0.122982    0.0264433    0.0788324    0.13294    0.122982    0.0264433    
0.0788324    0.13294    0.122982    0.0264433    0.0788324    0.13294    0.122982    0.0264433    
0.0788324    0.13294    0.122982    0.0264433    0.0788324    0.13294    0.122982    0.0264433    
0.0788324    0.13294    0.122982    0.0264433    0.0788324    0.13294    0.122982    0.0264433    
0.0788324    0.132941    0.122982    0.0264433    0.0788324    0.132941    0.122982    0.0264433    
0.0788324    0.132941    0.122982    0.0264432    0.0788324    0.132941    0.122982    0.0264432    
0.0788324    0.132941    0.122982    0.0264432    0.0788324    0.132941    0.122982    0.0264432    
0.0788324    0.132941    0.122982    0.0264432    0.0788324    0.132941    0.122982    0.0264432    
0.0788324    0.132941    0.122982    0.0264432    0.0788324    0.132941    0.122982    0.0264432    
0.0788324    0.132941    0.122982    0.0264432    0.0788324    0.132941    0.122982    0.0264432    
0.0788324    0.132941    0.122982    0.0264432    0.0788324    0.132941    0.122982    0.0264432    
0.0788324    0.132941    0.122982    0.0264432    0.0788324    0.132941    0.122982    0.0264432    
0.0788324    0.132941    0.122982    0.0264432    0.0788324    0.132941    0.122982    0.0264432    
0.0788324    0.132941    0.122982    0.0264432    0.0788324    0.132941    0.122982    0.0264432    
0.0788324    0.132941    0.122982    0.0264432    0.0788324    0.132941    0.122982    0.0264432    
0.0788324    0.132941    0.122982    0.0264432    0.0788324    0.132941    0.122982    0.0264432    
0.0788324    0.132941    0.122982    0.0264432    0.0788324    0.132941    0.122982    0.0264432    
0.0788324    0.132941    0.122982    0.0264432    0.0788324    0.132941    0.122982    0.0264432    
0.0788324    0.132941    0.122982    0.0264432    0.0788324    0.132941    0.122982    0.0264432    
0.0788324    0.132941    0.122982    0.0264432    0.0788324    0.132941    0.122982    0.0264432    
0.0788324    0.132941    0.122982    0.0264432    0.0788324    0.132941    0.122982    0.0264432    
0.0788324    0.132941    0.122982    0.0264432    0.0788324    0.132941    0.122982    0.0264432    
0.0788324    0.132941    0.122982    0.0264432    0.0788324    0.132941    0.122982    0.0264432    
0.0788324    0.132941    0.122982    0.0264432    0.0788324    0.132941    0.122982    0.0264432    
0.0788324    0.132941    0.122982    0.0264432    0.0788324    0.132941    0.122982    0.0264432    
0.0788324    0.132941    0.122982    0.0264432    0.0788324    0.132941    0.122982    0.0264432    
0.0788324    0.132941    0.122982    0.0264432    0.0788324    0.132941    0.122982    0.0264432    
0.0788324    0.132941    0.122982    0.0264432    0.0788324    0.132941    0.122982    0.0264432    
0.0788324    0.132941    0.122982    0.0264432    0.0788324    0.132941    0.122982    0.0264432    
0.0788324    0.132941    0.122982    0.0264432    0.0788324    0.132941    0.122982    0.0264432    
0.0788324    0.132941    0.122982    0.0264433    0.0788324    0.132941    0.122982    0.0264433    
0.0788324    0.13294    0.122982    0.0264433    0.0788324    0.13294    0.122982    0.0264433    
0.0788324    0.13294    0.122982    0.0264433    0.0788324    0.13294    0.122982    0.0264433    
0.0788324    0.13294    0.122982    0.0264433    0.0788324    0.13294    0.122982    0.0264433    
0.0788324    0.13294    0.122982    0.0264433    0.0788324    0.13294    0.122982    0.0264433    
0.0788324    0.13294    0.122982    0.0264433    0.0788324    0.13294    0.122982    0.0264433    
0.0788324    0.13294    0.122982    0.0264433    0.0788324    0.13294    0.122982    0.0264433    
0.0788324    0.13294    0.122982    0.0264433    0.0788324    0.13294    0.122982    0.0264433    
0.0788324    0.13294    0.122982    0.0264433    0.0788324    0.13294    0.122982    0.0264433    
0.0788324    0.13294    0.122982    0.0264433    0.0788324    0.13294    0.122982    0.0264433    
0.0788324    0.13294    0.122982    0.0264433    0.0788324    0.13294    0.122982    0.0264433    
0.0788324    0.13294    0.122982    0.0264433    0.0788324    0.13294    0.122982    0.0264433    
0.0788324    0.13294    0.122982    0.0264433    0.0788324    0.13294    0.122982    0.0264433    
0.0788324    0.13294    0.122982    0.0264433    0.0788324    0.13294    0.122982    0.0264433    
0.0788324    0.13294    0.122982    0.0264433    0.0788324    0.13294    0.122982    0.0264433    
0.0788324    0.13294    0.122982    0.0264433    0.0788324    0.13294    0.122982    0.0264433    
0.0788324    0.13294    0.122982    0.0264433    0.0788324    0.13294    0.122982    0.0264433    
0.0788324    0.13294    0.122982    0.0264433    0.0788324    0.13294    0.122982    0.0264433    
0.0788324    0.13294    0.122982    0.0264433    0.0788324    0.13294    0.122982    0.0264433    
0.0788324    0.13294    0.122982    0.0264433    0.0788324    0.13294    0.122982    0.0264433    
0.0788324    0.13294    0.122982    0.0264433    0.0788324    0.13294    0.122982    0.0264433    
0.0788324    0.13294    0.122982    0.0264433    0.0788324    0.13294    0.122982    0.0264433    
0.0788324    0.13294    0.122982    0.0264433    0.0788324    0.13294    0.122982    0.0264433    
0.0788324    0.13294    0.122982    0.0264433    0.0788324    0.13294    0.122982    0.0264433    
0.0788324    0.13294    0.122982    0.0264433    0.0788324    0.13294    0.122982    0.0264433    
0.0788324    0.13294    0.122982    0.0264433    0.0788324    0.13294    0.122982    0.0264433    
0.0788324    0.13294    0.122982    0.0264433    0.0788324    0.13294    0.122982    0.0264433    
0.0788324    0.13294    0.122982    0.0264433    0.0788324    0.13294    0.122982    0.0264433    
0.0788324    0.13294    0.122982    0.0264433    0.0788324    0.13294    0.122982    0.0264433    
0.0788324    0.13294    0.122982    0.0264433    0.0788324    0.13294    0.122982    0.0264433    
0.0788324    0.13294    0.122982    0.0264433    0.0788324    0.13294    0.122982    0.0264433    
0.0788324    0.13294    0.122982    0.0264433    0.0788324    0.13294    0.122982    0.0264433    
0.0788324    0.13294    0.122982    0.0264433    0.0788324    0.13294    0.122982    0.0264433    
0.0788324    0.13294    0.122982    0.0264433    0.0788324    0.13294    0.122982    0.0264433    
0.0788324    0.13294    0.122982    0.0264433    0.0788324    0.13294    0.122982    0.0264433    
0.0788324    0.13294    0.122982    0.0264433    0.0788324    0.13294    0.122982    0.0264433    
0.0788324    0.13294    0.122982    0.0264433    0.0788324    0.13294    0.122982    0.0264433    
0.0788324    0.13294    0.122982    0.0264433    0.0788324    0.13294    0.122982    0.0264433    
0.0788324    0.13294    0.122982    0.0264433    0.0788324    0.13294    0.122982    0.0264433    
0.0788324    0.13294    0.122982    0.0264433    0.0788324    0.13294    0.122982    0.0264433    
0.0788324    0.13294    0.122982    0.0264433    0.0788324    0.13294    0.122982    0.0264433    
0.0788324    0.13294    0.122982    0.0264433    0.0788324    0.13294    0.122982    0.0264433    
0.0788324    0.13294    0.122982    0.0264433    0.0788324    0.13294    0.122982    0.0264433    
0.0788324    0.13294    0.122982    0.0264433    0.0788324    0.13294    0.122982    0.0264433    
0.0788324    0.13294    0.122982    0.0264433    0.0788324    0.13294    0.122982    0.0264433    
0.0788324    0.13294    0.122982    0.0264433    0.0788324    0.13294    0.122982    0.0264433    
0.0788324    0.13294    0.122982    0.0264433    0.0788324    0.13294    0.122982    0.0264433    
0.0788324    0.13294    0.122982    0.0264433    0.0788324    0.13294    0.122982    0.0264433    
0.0788324    0.13294    0.122982    0.0264433    0.0788324    0.13294    0.122982    0.0264433    
0.0788324    0.13294    0.122982    0.0264433    0.0788324    0.13294    0.122982    0.0264433    
0.0788324    0.13294    0.122982    0.0264433    0.0788324    0.13294    0.122982    0.0264433    
0.0788324    0.13294    0.122982    0.0264433    0.0788324    0.13294    0.122982    0.0264433    
0.0788324    0.13294    0.122982    0.0264433    0.0788324    0.13294    0.122982    0.0264433    
0.0788324    0.13294    0.122982    0.0264433    0.0788324    0.13294    0.122982    0.0264433    
0.0788324    0.13294    0.122982    0.0264433    0.0788324    0.13294    0.122982    0.0264433    
0.0788324    0.13294    0.122982    0.0264433    0.0788324    0.13294    0.122982    0.0264433    
0.0788324    0.13294    0.122982    0.0264433    0.0788324    0.13294    0.122982    0.0264433    
0.0788324    0.13294    0.122982    0.0264433    0.0788324    0.13294    0.122982    0.0264433    
0.0788324    0.13294    0.122982    0.0264433    0.0788324    0.13294    0.122982    0.0264433    
0.0788324    0.13294    0.122982    0.0264433    0.0788324    0.13294    0.122982    0.0264433    
0.0788324    0.13294    0.122982    0.0264433    0.0788324    0.13294    0.122982    0.0264433    
0.0788324    0.13294    0.122982    0.0264433    0.0788324    0.13294    0.122982    0.0264433    
0.0788324    0.13294    0.122982    0.0264433    0.0788324    0.13294    0.122982    0.0264433    
0.0788324    0.13294    0.122982    0.0264433    0.0788324    0.13294    0.122982    0.0264433    
0.0788324    0.13294    0.122982    0.0264433    0.0788324    0.13294    0.122982    0.0264433    
0.0788324    0.13294    0.122982    0.0264433    0.0788324    0.13294    0.122982    0.0264433    
0.0788324    0.13294    0.122982    0.0264433    0.0788324    0.13294    0.122982    0.0264433    
0.0788324    0.13294    0.122982    0.0264433    0.0788324    0.13294    0.122982    0.0264433    
0.0788324    0.13294    0.122982    0.0264433    0.0788324    0.13294    0.122982    0.0264433    
0.0788324    0.13294    0.122982    0.0264433    0.0788324    0.13294    0.122982    0.0264433    
0.0788324    0.13294    0.122982    0.0264433    0.0788324    0.13294    0.122982    0.0264433    
0.0788324    0.13294    0.122982    0.0264433    0.0788324    0.13294    0.122982    0.0264433    
0.0788324    0.13294    0.122982    0.0264433    0.0788324    0.13294    0.122982    0.0264433    
0.0788324    0.13294    0.122982    0.0264433    0.0788324    0.13294    0.122982    0.0264433    
0.0788324    0.13294    0.122982    0.0264433    0.0788324    0.13294    0.122982    0.0264433    
0.0788324    0.13294    0.122982    0.0264433    0.0788324    0.13294    0.122982    0.0264433    
0.0788324    0.13294    0.122982    0.0264433    0.0788324    0.13294    0.122982    0.0264433    
0.0788324    0.13294    0.122982    0.0264433    0.0788324    0.13294    0.122982    0.0264433    
0.0788324    0.13294    0.122982    0.0264433    0.0788324    0.13294    0.122982    0.0264433    
0.0788324    0.13294    0.122982    0.0264433    0.0788324    0.13294    0.122982    0.0264433    
0.0788324    0.13294    0.122982    0.0264433    0.0788324    0.13294    0.122982    0.0264433    
0.0788324    0.13294    0.122982    0.0264433    0.0788324    0.13294    0.122982    0.0264433    
0.0788324    0.13294    0.122982    0.0264433    0.0788324    0.13294    0.122982    0.0264433    
0.0788324    0.13294    0.122982    0.0264433    0.0788324    0.13294    0.122982    0.0264433    
0.0788324    0.13294    0.122982    0.0264433    0.0788324    0.13294    0.122982    0.0264433    
0.0788324    0.13294    0.122982    0.0264433    0.0788324    0.13294    0.122982    0.0264433    
0.0788324    0.13294    0.122982    0.0264433    0.0788324    0.13294    0.122982    0.0264433    
0.0788324    0.13294    0.122982    0.0264433    0.0788324    0.13294    0.122982    0.0264433    
0.0788324    0.13294    0.122982    0.0264433    0.0788324    0.13294    0.122982    0.0264433    
0.0788324    0.13294    0.122982    0.0264433    0.0788324    0.13294    0.122982    0.0264433    
0.0788324    0.13294    0.122982    0.0264433    0.0788324    0.13294    0.122982    0.0264433    
0.0788324    0.13294    0.122982    0.0264433    0.0788324    0.13294    0.122982    0.0264433    
0.0788324    0.13294    0.122982    0.0264433    0.0788324    0.13294    0.122982    0.0264433    
0.0788324    0.13294    0.122982    0.0264433    0.0788324    0.13294    0.122982    0.0264433    
0.0788324    0.13294    0.122982    0.0264433    0.0788324    0.13294    0.122982    0.0264433    
0.0788324    0.13294    0.122982    0.0264433    0.0788324    0.13294    0.122982    0.0264433    
0.0788324    0.13294    0.122982    0.0264433    0.0788324    0.13294    0.122982    0.0264433    
0.0788324    0.13294    0.122982    0.0264433    0.0788324    0.13294    0.122982    0.0264433    
0.0788324    0.13294    0.122982    0.0264433    0.0788324    0.13294    0.122982    0.0264433    
0.0788324    0.13294    0.122982    0.0264433    0.0788324    0.13294    0.122982    0.0264433    
0.0788324    0.13294    0.122982    0.0264433    0.0788324    0.13294    0.122982    0.0264433    
0.0788324    0.13294    0.122982    0.0264433    0.0788324    0.13294    0.122982    0.0264433    
0.0788324    0.13294    0.122982    0.0264433    0.0788324    0.13294    0.122982    0.0264433    
0.0788324    0.13294    0.122982    0.0264433    0.0788324    0.13294    0.122982    0.0264433    
0.0788324    0.13294    0.122982    0.0264433    0.0788324    0.13294    0.122982    0.0264433    
0.0788324    0.13294    0.122982    0.0264433    0.0788324    0.13294    0.122982    0.0264433    
0.0788324    0.13294    0.122982    0.0264433    0.0788324    0.13294    0.122982    0.0264433    
0.0788324    0.13294    0.122982    0.0264433    0.0788324    0.13294    0.122982    0.0264433    
0.0788324    0.13294    0.122982    0.0264433    0.0788324    0.13294    0.122982    0.0264433    
0.0788324    0.13294    0.122982    0.0264433    0.0788324    0.13294    0.122982    0.0264433    
0.0788324    0.13294    0.122982    0.0264433    0.0788324    0.13294    0.122982    0.0264433    
0.0788324    0.13294    0.122982    0.0264433    0.0788324    0.13294    0.122982    0.0264433    
0.0788324    0.13294    0.122982    0.0264433    0.0788324    0.13294    0.122982    0.0264433    
0.0788324    0.13294    0.122982    0.0264433    0.0788324    0.13294    0.122982    0.0264433    
0.0788324    0.13294    0.122982    0.0264433    0.0788324    0.13294    0.122982    0.0264433    
0.0788324    0.13294    0.122982    0.0264433    0.0788324    0.13294    0.122982    0.0264433    
0.0788324    0.13294    0.122982    0.0264433    0.0788324    0.13294    0.122982    0.0264433    
0.0788324    0.13294    0.122982    0.0264433    0.0788324    0.13294    0.122982    0.0264433    
0.0788324    0.13294    0.122982    0.0264433    0.0788324    0.13294    0.122982    0.0264433    
0.0788324    0.13294    0.122982    0.0264433    0.0788324    0.13294    0.122982    0.0264433    
0.0788324    0.13294    0.122982    0.0264433    0.0788324    0.13294    0.122982    0.0264433    
0.0788324    0.13294    0.122982    0.0264433    0.0788324    0.13294    0.122982    0.0264433    
0.0788324    0.13294    0.122982    0.0264433    0.0788324    0.13294    0.122982    0.0264433    
0.0788324    0.13294    0.122982    0.0264433    0.0788324    0.13294    0.122982    0.0264433    
0.0788324    0.13294    0.122982    0.0264433    0.0788324    0.13294    0.122982    0.0264433    
0.0788324    0.13294    0.122982    0.0264433    0.0788324    0.13294    0.122982    0.0264433    
0.0788324    0.13294    0.122982    0.0264433    0.0788324    0.13294    0.122982    0.0264433    
0.0788324    0.13294    0.122982    0.0264433    0.0788324    0.13294    0.122982    0.0264433    
0.0788324    0.13294    0.122982    0.0264433    0.0788324    0.13294    0.122982    0.0264433    
0.0788324    0.13294    0.122982    0.0264433    0.0788324    0.13294    0.122982    0.0264433    
0.0788324    0.13294    0.122982    0.0264433    0.0788324    0.13294    0.122982    0.0264433    
0.0788324    0.13294    0.122982    0.0264433    0.0788324    0.13294    0.122982    0.0264433    
0.0788324    0.13294    0.122982    0.0264433    0.0788324    0.13294    0.122982    0.0264433    
0.0788324    0.13294    0.122982    0.0264433    0.0788324    0.13294    0.122982    0.0264433    
