1.2    -1.1676    0.0002857    -0.684248    -2.63338    -0.100102    2.61454e-06    0.141212
1.2024    -1.16855    0.00107265    -0.676101    -2.64824    -0.101197    1.79057e-07    0.161275
1.20705    -1.16898    0.00232156    -0.675291    -2.64432    -0.101135    2.18008e-07    0.163845
1.21388    -1.16959    0.00396039    -0.674095    -2.6386    -0.101041    3.67115e-07    0.167987
1.22281    -1.17034    0.00589965    -0.672426    -2.63139    -0.100934    5.39903e-07    0.173419
1.23371    -1.17117    0.00803806    -0.670378    -2.62271    -0.100809    7.24781e-07    0.179857
1.24643    -1.17205    0.010272    -0.668037    -2.6126    -0.100658    9.10753e-07    0.186974
1.26082    -1.17291    0.0124997    -0.66534    -2.60142    -0.100501    1.08874e-06    0.19465
1.27668    -1.17373    0.0146273    -0.662444    -2.58913    -0.100321    1.24911e-06    0.202664
1.29384    -1.17445    0.0165761    -0.65936    -2.57596    -0.100125    1.38607e-06    0.21074
1.31211
