-0.831081
-0.865424
-0.90908
-0.955513
-0.998264
-1.03192
-1.05304
-1.0607
-1.05665
-1.0448
-1.03027
-1.01809
-1.01199
-1.01353
-1.02203
-1.03507
-1.04954
-1.06253
-1.07203
-1.0772
-1.07822
-1.07607
-1.07214
-1.06782
-1.06427
-1.06224
-1.06203
-1.06349
-1.06617
-1.06945
-1.07267
-1.07528
-1.07696
-1.07759
-1.0773
-1.0764
-1.07526
-1.07424
-1.07361
-1.07351
-1.07392
-1.07472
-1.07572
-1.07671
-1.07754
-1.07809
-1.07834
-1.07832
-1.07813
-1.07785
-1.07759
-1.07742
-1.07737
-1.07745
-1.07763
-1.07786
-1.07811
-1.07832
-1.07846
-1.07853
-1.07852
-1.07847
-1.07838
-1.0783
-1.07824
-1.07821
-1.07822
-1.07826
-1.07832
-1.07838
-1.07845
-1.07849
-1.07852
-1.07852
-1.07851
-1.0785
-1.07848
-1.07846
-1.07846
-1.07846
-1.07847
-1.07849
-1.07851
-1.07852
-1.07854
-1.07854
-1.07855
-1.07855
-1.07854
-1.07853
-1.07853
-1.07853
-1.07853
-1.07853
-1.07853
-1.07854
-1.07854
-1.07854
-1.07855
-1.07855
