-0.546294
-0.589167
-0.443963
-1.08267
-0.786424
-1.22423
-0.963703
-1.30365
-1.06105
-1.33376
-1.10486
-1.33818
-1.12207
-1.33336
-1.12909
-1.32711
-1.13313
-1.32186
-1.1366
-1.31781
-1.14005
-1.31464
-1.14352
-1.31201
-1.14697
-1.3097
-1.15034
-1.30759
-1.15361
-1.30561
-1.15676
-1.30371
-1.1598
-1.30187
-1.16271
-1.30009
-1.16551
-1.29835
-1.16819
-1.29667
-1.17077
-1.29502
-1.17325
-1.29342
-1.17562
-1.29186
-1.17791
-1.29034
-1.1801
-1.28886
-1.18221
-1.28742
-1.18424
-1.28602
-1.18619
-1.28466
-1.18806
-1.28333
-1.18986
-1.28205
-1.1916
-1.28079
-1.19326
-1.27958
-1.19487
-1.2784
-1.19641
-1.27725
-1.1979
-1.27614
-1.19933
-1.27506
-1.20071
-1.27401
-1.20204
-1.273
-1.20332
-1.27201
-1.20455
-1.27106
-1.20574
-1.27013
-1.20688
-1.26923
-1.20798
-1.26836
-1.20904
-1.26751
-1.21007
-1.26669
-1.21106
-1.2659
-1.21201
-1.26513
-1.21293
-1.26438
-1.21381
-1.26366
-1.21467
-1.26296
