-0.0849505    -0.150099    -0.125377    -0.0222257    -0.0849505    -0.150099    -0.125377    -0.0222257    
0.0848951    0.149958    0.125394    0.0222471    0.0848951    0.149958    0.125394    0.0222471    
-0.0847861    -0.14968    -0.125427    -0.0222896    -0.0847861    -0.14968    -0.125427    -0.0222896    
-0.0846259    -0.14927    -0.125474    -0.0223523    -0.0846259    -0.14927    -0.125474    -0.0223523    
0.0844648    0.148855    0.125522    0.022416    0.0844648    0.148855    0.125522    0.022416    
0.0843058    0.148439    0.125571    0.0224793    0.0843058    0.148439    0.125571    0.0224793    
-0.0841459    -0.148026    -0.125616    -0.0225435    -0.0841459    -0.148026    -0.125616    -0.0225435    
0.0839876    0.147613    0.125662    0.0226076    0.0839876    0.147613    0.125662    0.0226076    
0.0838318    0.147204    0.125708    0.0226712    0.0838318    0.147204    0.125708    0.0226712    
0.0836764    0.146794    0.125753    0.0227351    0.0836764    0.146794    0.125753    0.0227351    
0.0835455    0.146376    0.125801    0.0227981    0.0835455    0.146376    0.125801    0.0227981    
-0.0833683    -0.145978    -0.12584    -0.0228634    -0.0833683    -0.145978    -0.12584    -0.0228634    
0.0832172    0.145574    0.125883    0.0229272    0.0832172    0.145574    0.125883    0.0229272    
-0.0830654    -0.145168    -0.125926    -0.0229917    -0.0830654    -0.145168    -0.125926    -0.0229917    
-0.0829156    -0.144764    -0.125967    -0.023056    -0.0829156    -0.144764    -0.125967    -0.023056    
-0.0828574    -0.144146    -0.126158    -0.023077    -0.0828574    -0.144146    -0.126158    -0.023077    
-0.0826992    -0.143768    -0.126177    -0.0231485    -0.0826992    -0.143768    -0.126177    -0.0231485    
-0.082546    -0.14339    -0.126203    -0.0232166    -0.082546    -0.14339    -0.126203    -0.0232166    
0.0823929    0.143012    0.126228    0.0232852    0.0823929    0.143012    0.126228    0.0232852    
0.0822413    0.142637    0.126252    0.0233537    0.0822413    0.142637    0.126252    0.0233537    
-0.082091    -0.142265    -0.126276    -0.0234219    -0.082091    -0.142265    -0.126276    -0.0234219    
-0.0819405    -0.141895    -0.126299    -0.0234905    -0.0819405    -0.141895    -0.126299    -0.0234905    
-0.0817944    -0.141523    -0.126321    -0.0235592    -0.0817944    -0.141523    -0.126321    -0.0235592    
0.0816462    0.141154    0.126343    0.0236281    0.0816462    0.141154    0.126343    0.0236281    
0.0815007    0.140786    0.126363    0.0236971    0.0815007    0.140786    0.126363    0.0236971    
-0.0813475    -0.140442    -0.126369    -0.0237699    -0.0813475    -0.140442    -0.126369    -0.0237699    
-0.0812124    -0.140059    -0.126402    -0.0238348    -0.0812124    -0.140059    -0.126402    -0.0238348    
-0.0810781    -0.139677    -0.126434    -0.0239    -0.0810781    -0.139677    -0.126434    -0.0239    
0.0809456    0.139298    0.126465    0.0239649    0.0809456    0.139298    0.126465    0.0239649    
-0.0808171    -0.138928    -0.126518    -0.0240205    -0.0808171    -0.138928    -0.126518    -0.0240205    
-0.0806852    -0.138552    -0.126547    -0.0240861    -0.0806852    -0.138552    -0.126547    -0.0240861    
-0.080556    -0.138178    -0.126576    -0.0241513    -0.080556    -0.138178    -0.126576    -0.0241513    
-0.0804258    -0.137805    -0.126604    -0.0242171    -0.0804258    -0.137805    -0.126604    -0.0242171    
-0.0802524    -0.137543    -0.12656    -0.024303    -0.0802524    -0.137543    -0.12656    -0.024303    
-0.0801289    -0.137169    -0.126589    -0.024368    -0.0801289    -0.137169    -0.126589    -0.024368    
0.0800047    0.136796    0.126617    0.0244334    0.0800047    0.136796    0.126617    0.0244334    
0.079882    0.136425    0.126645    0.0244986    0.079882    0.136425    0.126645    0.0244986    
-0.0797686    -0.136044    -0.126683    -0.0245602    -0.0797686    -0.136044    -0.126683    -0.0245602    
0.0796514    0.135687    0.126708    0.0246238    0.0796514    0.135687    0.126708    0.0246238    
-0.079538    -0.135339    -0.126733    -0.024686    -0.079538    -0.135339    -0.126733    -0.024686    
0.0794288    0.135004    0.126755    0.0247466    0.0794288    0.135004    0.126755    0.0247466    
-0.0793246    -0.134683    -0.126776    -0.024805    -0.0793246    -0.134683    -0.126776    -0.024805    
0.0792263    0.134378    0.126796    0.0248607    0.0792263    0.134378    0.126796    0.0248607    
0.0791334    0.13409    0.126814    0.0249136    0.0791334    0.13409    0.126814    0.0249136    
0.0790468    0.13382    0.126831    0.0249634    0.0790468    0.13382    0.126831    0.0249634    
0.0789668    0.133571    0.126845    0.0250098    0.0789668    0.133571    0.126845    0.0250098    
0.0788942    0.133341    0.12686    0.0250518    0.0788942    0.133341    0.12686    0.0250518    
0.0788282    0.133135    0.126872    0.0250905    0.0788282    0.133135    0.126872    0.0250905    
0.0787855    0.132913    0.126907    0.0251183    0.0787855    0.132913    0.126907    0.0251183    
-0.0787335    -0.132754    -0.126915    -0.0251491    -0.0787335    -0.132754    -0.126915    -0.0251491    
-0.0786884    -0.132618    -0.126921    -0.0251755    -0.0786884    -0.132618    -0.126921    -0.0251755    
-0.0786519    -0.132507    -0.126926    -0.0251972    -0.0786519    -0.132507    -0.126926    -0.0251972    
0.0786233    0.132419    0.12693    0.0252144    0.0786233    0.132419    0.12693    0.0252144    
0.0786025    0.132355    0.126932    0.0252268    0.0786025    0.132355    0.126932    0.0252268    
0.0785897    0.132316    0.126934    0.0252345    0.0785897    0.132316    0.126934    0.0252345    
0.0785847    0.132301    0.126935    0.0252375    0.0785847    0.132301    0.126935    0.0252375    
0.0785875    0.132309    0.126934    0.0252358    0.0785875    0.132309    0.126934    0.0252358    
-0.0785981    -0.132342    -0.126933    -0.0252295    -0.0785981    -0.132342    -0.126933    -0.0252295    
-0.0786162    -0.132397    -0.126931    -0.0252186    -0.0786162    -0.132397    -0.126931    -0.0252186    
-0.0786418    -0.132476    -0.126927    -0.0252033    -0.0786418    -0.132476    -0.126927    -0.0252033    
-0.0786746    -0.132576    -0.126923    -0.0251837    -0.0786746    -0.132576    -0.126923    -0.0251837    
0.0787146    0.132698    0.126917    0.0251599    0.0787146    0.132698    0.126917    0.0251599    
0.0787621    0.132841    0.126911    0.0251321    0.0787621    0.132841    0.126911    0.0251321    
0.0788155    0.133004    0.126903    0.0251006    0.0788155    0.133004    0.126903    0.0251006    
0.0788577    0.133227    0.126867    0.0250732    0.0788577    0.133227    0.126867    0.0250732    
-0.0789218    -0.13343    -0.126854    -0.0250359    -0.0789218    -0.13343    -0.126854    -0.0250359    
-0.0789921    -0.13365    -0.126841    -0.0249951    -0.0789921    -0.13365    -0.126841    -0.0249951    
0.0790675    0.133885    0.126827    0.0249515    0.0790675    0.133885    0.126827    0.0249515    
0.0791477    0.134134    0.126811    0.0249055    0.0791477    0.134134    0.126811    0.0249055    
0.0792322    0.134396    0.126795    0.0248574    0.0792322    0.134396    0.126795    0.0248574    
0.0793201    0.134669    0.126777    0.0248075    0.0793201    0.134669    0.126777    0.0248075    
-0.0794118    -0.134952    -0.126759    -0.024756    -0.0794118    -0.134952    -0.126759    -0.024756    
-0.0795064    -0.135242    -0.126739    -0.0247035    -0.0795064    -0.135242    -0.126739    -0.0247035    
0.079603    0.135539    0.126719    0.0246503    0.079603    0.135539    0.126719    0.0246503    
-0.0797014    -0.135839    -0.126698    -0.0245966    -0.0797014    -0.135839    -0.126698    -0.0245966    
0.0798007    0.136141    0.126676    0.0245429    0.0798007    0.136141    0.126676    0.0245429    
-0.0798934    -0.13646    -0.126642    -0.0244925    -0.0798934    -0.13646    -0.126642    -0.0244925    
0.0799928    0.13676    0.12662    0.0244397    0.0799928    0.13676    0.12662    0.0244397    
0.0800911    0.137055    0.126598    0.0243878    0.0800911    0.137055    0.126598    0.0243878    
0.0801861    0.137345    0.126575    0.0243374    0.0801861    0.137345    0.126575    0.0243374    
-0.0802802    -0.137625    -0.126553    -0.0242886    -0.0802802    -0.137625    -0.126553    -0.0242886    
-0.0804183    -0.137783    -0.126606    -0.0242209    -0.0804183    -0.137783    -0.126606    -0.0242209    
-0.0805062    -0.138038    -0.126587    -0.0241759    -0.0805062    -0.138038    -0.126587    -0.0241759    
-0.0805909    -0.138279    -0.126569    -0.0241336    -0.0805909    -0.138279    -0.126569    -0.0241336    
-0.0806687    -0.138504    -0.126551    -0.0240944    -0.0806687    -0.138504    -0.126551    -0.0240944    
-0.0807412    -0.13871    -0.126535    -0.0240584    -0.0807412    -0.13871    -0.126535    -0.0240584    
-0.0808065    -0.138897    -0.12652    -0.0240258    -0.0808065    -0.138897    -0.12652    -0.0240258    
-0.0808647    -0.139065    -0.126507    -0.0239969    -0.0808647    -0.139065    -0.126507    -0.0239969    
0.0809155    0.13921    0.126495    0.0239718    0.0809155    0.13921    0.126495    0.0239718    
-0.0809541    -0.139323    -0.126463    -0.0239607    -0.0809541    -0.139323    -0.126463    -0.0239607    
-0.0809885    -0.139421    -0.126455    -0.0239438    -0.0809885    -0.139421    -0.126455    -0.0239438    
0.0810143    0.139495    0.126449    0.0239311    0.0810143    0.139495    0.126449    0.0239311    
0.0810315    0.139544    0.126445    0.0239228    0.0810315    0.139544    0.126445    0.0239228    
-0.0810398    -0.139568    -0.126443    -0.0239187    -0.0810398    -0.139568    -0.126443    -0.0239187    
-0.0810394    -0.139567    -0.126443    -0.0239189    -0.0810394    -0.139567    -0.126443    -0.0239189    
-0.0810303    -0.139541    -0.126445    -0.0239233    -0.0810303    -0.139541    -0.126445    -0.0239233    
0.0810127    0.13949    0.126449    0.023932    0.0810127    0.13949    0.126449    0.023932    
0.0809868    0.139416    0.126455    0.0239446    0.0809868    0.139416    0.126455    0.0239446    
-0.080953    -0.13932    -0.126463    -0.0239612    -0.080953    -0.13932    -0.126463    -0.0239612    
0.0809159    0.139211    0.126495    0.0239717    0.0809159    0.139211    0.126495    0.0239717    
-0.0808675    -0.139072    -0.126506    -0.0239956    -0.0808675    -0.139072    -0.126506    -0.0239956    
-0.0808124    -0.138914    -0.126519    -0.0240229    -0.0808124    -0.138914    -0.126519    -0.0240229    
-0.0807516    -0.138739    -0.126533    -0.0240532    -0.0807516    -0.138739    -0.126533    -0.0240532    
-0.0806848    -0.13855    -0.126547    -0.0240863    -0.0806848    -0.13855    -0.126547    -0.0240863    
-0.0806139    -0.138345    -0.126563    -0.024122    -0.0806139    -0.138345    -0.126563    -0.024122    
0.080539    0.138128    0.12658    0.02416    0.080539    0.138128    0.12658    0.02416    
0.080459    0.137901    0.126597    0.0242    0.080459    0.137901    0.126597    0.0242    
0.0803324    0.137773    0.126542    0.0242622    0.0803324    0.137773    0.126542    0.0242622    
-0.0802489    -0.137532    -0.12656    -0.0243048    -0.0802489    -0.137532    -0.12656    -0.0243048    
0.0801654    0.137283    0.12658    0.0243482    0.0801654    0.137283    0.12658    0.0243482    
-0.0800827    -0.13703    -0.1266    -0.0243922    -0.0800827    -0.13703    -0.1266    -0.0243922    
0.0799985    0.136777    0.126619    0.0244366    0.0799985    0.136777    0.126619    0.0244366    
0.0799148    0.136525    0.126638    0.0244811    0.0799148    0.136525    0.126638    0.0244811    
-0.0798392    -0.136258    -0.126667    -0.0245222    -0.0798392    -0.136258    -0.126667    -0.0245222    
-0.0797584    -0.136013    -0.126685    -0.0245657    -0.0797584    -0.136013    -0.126685    -0.0245657    
-0.0796796    -0.135773    -0.126702    -0.0246084    -0.0796796    -0.135773    -0.126702    -0.0246084    
0.0796035    0.13554    0.126719    0.02465    0.0796035    0.13554    0.126719    0.02465    
-0.0795305    -0.135316    -0.126734    -0.0246902    -0.0795305    -0.135316    -0.126734    -0.0246902    
-0.0794608    -0.135103    -0.126749    -0.0247288    -0.0794608    -0.135103    -0.126749    -0.0247288    
0.0793949    0.1349    0.126762    0.0247655    0.0793949    0.1349    0.126762    0.0247655    
0.0793332    0.13471    0.126775    0.0248001    0.0793332    0.13471    0.126775    0.0248001    
0.0792764    0.134533    0.126786    0.0248324    0.0792764    0.134533    0.126786    0.0248324    
-0.0792237    -0.13437    -0.126796    -0.0248622    -0.0792237    -0.13437    -0.126796    -0.0248622    
0.0791759    0.134222    0.126806    0.0248894    0.0791759    0.134222    0.126806    0.0248894    
0.0791333    0.134089    0.126814    0.0249138    0.0791333    0.134089    0.126814    0.0249138    
0.0790958    0.133973    0.126821    0.0249352    0.0790958    0.133973    0.126821    0.0249352    
0.0790637    0.133873    0.126827    0.0249537    0.0790637    0.133873    0.126827    0.0249537    
-0.0790371    -0.13379    -0.126832    -0.024969    -0.0790371    -0.13379    -0.126832    -0.024969    
0.079016    0.133724    0.126836    0.0249812    0.079016    0.133724    0.126836    0.0249812    
-0.0790005    -0.133676    -0.126839    -0.0249902    -0.0790005    -0.133676    -0.126839    -0.0249902    
-0.0789905    -0.133645    -0.126841    -0.024996    -0.0789905    -0.133645    -0.126841    -0.024996    
-0.0789861    -0.133631    -0.126842    -0.0249986    -0.0789861    -0.133631    -0.126842    -0.0249986    
0.0789873    0.133635    0.126842    0.0249979    0.0789873    0.133635    0.126842    0.0249979    
0.0789939    0.133655    0.12684    0.0249941    0.0789939    0.133655    0.12684    0.0249941    
-0.0790059    -0.133693    -0.126838    -0.0249871    -0.0790059    -0.133693    -0.126838    -0.0249871    
0.0790232    0.133747    0.126835    0.0249771    0.0790232    0.133747    0.126835    0.0249771    
-0.0790456    -0.133817    -0.126831    -0.0249641    -0.0790456    -0.133817    -0.126831    -0.0249641    
-0.079073    -0.133902    -0.126826    -0.0249483    -0.079073    -0.133902    -0.126826    -0.0249483    
-0.0791053    -0.134002    -0.126819    -0.0249298    -0.0791053    -0.134002    -0.126819    -0.0249298    
-0.0791421    -0.134117    -0.126812    -0.0249087    -0.0791421    -0.134117    -0.126812    -0.0249087    
0.0791833    0.134245    0.126804    0.0248852    0.0791833    0.134245    0.126804    0.0248852    
0.0792286    0.134385    0.126796    0.0248594    0.0792286    0.134385    0.126796    0.0248594    
0.0792778    0.134537    0.126786    0.0248316    0.0792778    0.134537    0.126786    0.0248316    
0.0793301    0.1347    0.126775    0.0248019    0.0793301    0.1347    0.126775    0.0248019    
0.079386    0.134873    0.126764    0.0247705    0.079386    0.134873    0.126764    0.0247705    
-0.079445    -0.135054    -0.126752    -0.0247376    -0.079445    -0.135054    -0.126752    -0.0247376    
-0.0795064    -0.135242    -0.126739    -0.0247035    -0.0795064    -0.135242    -0.126739    -0.0247035    
0.0795699    0.135437    0.126726    0.0246685    0.0795699    0.135437    0.126726    0.0246685    
0.0796351    0.135637    0.126712    0.0246328    0.0796351    0.135637    0.126712    0.0246328    
0.0797017    0.13584    0.126697    0.0245965    0.0797017    0.13584    0.126697    0.0245965    
0.0797691    0.136045    0.126683    0.0245599    0.0797691    0.136045    0.126683    0.0245599    
-0.079837    -0.136252    -0.126668    -0.0245234    -0.079837    -0.136252    -0.126668    -0.0245234    
-0.0798979    -0.136474    -0.126641    -0.0244901    -0.0798979    -0.136474    -0.126641    -0.0244901    
-0.0799654    -0.136677    -0.126626    -0.0244542    -0.0799654    -0.136677    -0.126626    -0.0244542    
0.0800319    0.136877    0.126611    0.024419    0.0800319    0.136877    0.126611    0.024419    
0.080097    0.137073    0.126596    0.0243847    0.080097    0.137073    0.126596    0.0243847    
0.0801587    0.137263    0.126582    0.0243517    0.0801587    0.137263    0.126582    0.0243517    
0.0802195    0.137445    0.126567    0.02432    0.0802195    0.137445    0.126567    0.02432    
-0.0802776    -0.137618    -0.126554    -0.02429    -0.0802776    -0.137618    -0.126554    -0.02429    
0.0803338    0.137777    0.126542    0.0242615    0.0803338    0.137777    0.126542    0.0242615    
0.0804311    0.13782    0.126603    0.0242143    0.0804311    0.13782    0.126603    0.0242143    
-0.0804788    -0.137959    -0.126593    -0.0241899    -0.0804788    -0.137959    -0.126593    -0.0241899    
-0.0805221    -0.138084    -0.126583    -0.0241679    -0.0805221    -0.138084    -0.126583    -0.0241679    
-0.080562    -0.138195    -0.126575    -0.0241482    -0.080562    -0.138195    -0.126575    -0.0241482    
-0.0805955    -0.138292    -0.126568    -0.0241313    -0.0805955    -0.138292    -0.126568    -0.0241313    
0.0806237    0.138374    0.126561    0.024117    0.0806237    0.138374    0.126561    0.024117    
0.0806464    0.13844    0.126556    0.0241056    0.0806464    0.13844    0.126556    0.0241056    
0.0806636    0.138489    0.126552    0.0240969    0.0806636    0.138489    0.126552    0.0240969    
-0.080675    -0.138522    -0.12655    -0.0240912    -0.080675    -0.138522    -0.12655    -0.0240912    
-0.0806808    -0.138539    -0.126548    -0.0240883    -0.0806808    -0.138539    -0.126548    -0.0240883    
0.0806808    0.138539    0.126548    0.0240883    0.0806808    0.138539    0.126548    0.0240883    
0.0806751    0.138523    0.12655    0.0240911    0.0806751    0.138523    0.12655    0.0240911    
-0.0806639    -0.13849    -0.126552    -0.0240968    -0.0806639    -0.13849    -0.126552    -0.0240968    
0.0806472    0.138442    0.126556    0.0241052    0.0806472    0.138442    0.126556    0.0241052    
-0.0806254    -0.138379    -0.126561    -0.0241162    -0.0806254    -0.138379    -0.126561    -0.0241162    
-0.0805985    -0.138301    -0.126567    -0.0241298    -0.0805985    -0.138301    -0.126567    -0.0241298    
-0.080567    -0.13821    -0.126574    -0.0241457    -0.080567    -0.13821    -0.126574    -0.0241457    
-0.0805297    -0.138106    -0.126582    -0.024164    -0.0805297    -0.138106    -0.126582    -0.024164    
0.0804897    0.137991    0.12659    0.0241844    0.0804897    0.137991    0.12659    0.0241844    
0.0804461    0.137864    0.1266    0.0242066    0.0804461    0.137864    0.1266    0.0242066    
-0.0803535    -0.137836    -0.126537    -0.0242514    -0.0803535    -0.137836    -0.126537    -0.0242514    
0.0803044    0.13769    0.126549    0.0242767    0.0803044    0.13769    0.126549    0.0242767    
0.0802515    0.13754    0.12656    0.0243035    0.0802515    0.13754    0.12656    0.0243035    
0.080198    0.13738    0.126572    0.0243312    0.080198    0.13738    0.126572    0.0243312    
-0.0801445    -0.137215    -0.126585    -0.0243598    -0.0801445    -0.137215    -0.126585    -0.0243598    
-0.0800884    -0.137047    -0.126598    -0.0243892    -0.0800884    -0.137047    -0.126598    -0.0243892    
-0.0800316    -0.136877    -0.126611    -0.0244191    -0.0800316    -0.136877    -0.126611    -0.0244191    
0.0799746    0.136705    0.126624    0.0244493    0.0799746    0.136705    0.126624    0.0244493    
0.0799177    0.136533    0.126637    0.0244796    0.0799177    0.136533    0.126637    0.0244796    
-0.0798613    -0.136363    -0.12665    -0.0245097    -0.0798613    -0.136363    -0.12665    -0.0245097    
-0.0798129    -0.136178    -0.126673    -0.0245363    -0.0798129    -0.136178    -0.126673    -0.0245363    
-0.0797587    -0.136014    -0.126685    -0.0245655    -0.0797587    -0.136014    -0.126685    -0.0245655    
0.0797062    0.135854    0.126696    0.024594    0.0797062    0.135854    0.126696    0.024594    
-0.0796555    -0.135699    -0.126707    -0.0246216    -0.0796555    -0.135699    -0.126707    -0.0246216    
0.0796071    0.135551    0.126718    0.0246481    0.0796071    0.135551    0.126718    0.0246481    
0.0795612    0.135411    0.126728    0.0246733    0.0795612    0.135411    0.126728    0.0246733    
0.079518    0.135278    0.126737    0.0246971    0.079518    0.135278    0.126737    0.0246971    
-0.0794776    -0.135154    -0.126745    -0.0247194    -0.0794776    -0.135154    -0.126745    -0.0247194    
0.0794405    0.13504    0.126753    0.0247401    0.0794405    0.13504    0.126753    0.0247401    
0.0794067    0.134936    0.12676    0.0247589    0.0794067    0.134936    0.12676    0.0247589    
