1.2    -1.11796
1.20184    -1.11815
1.20548    -1.11851
1.21043    -1.11898
1.21541    -1.11945
1.22037    -1.11989
1.22535    -1.12032
1.23031    -1.12073
1.23526    -1.12112
1.24026    -1.1215
1.24525    -1.12186
1.25023    -1.12221
1.25522    -1.12254
1.26018    -1.12286
1.26515    -1.12316
1.27011    -1.12344
1.27511    -1.12372
1.28009    -1.12398
1.28508    -1.12422
1.29009    -1.12446
1.29505    -1.12467
1.30001    -1.12488
1.30501    -1.12507
1.31001    -1.12525
1.31497    -1.12541
1.31997    -1.12557
1.32495    -1.12571
1.32993    -1.12584
1.33493    -1.12596
1.3399    -1.12607
1.34487    -1.12616
1.34984    -1.12625
1.35484    -1.12632
1.35983    -1.12638
1.36481    -1.12644
1.36982    -1.12648
1.3748    -1.12651
1.37979    -1.12653
1.3848    -1.12654
1.38979    -1.12654
1.39479    -1.12654
1.39976    -1.12652
1.40467    -1.12649
1.40949    -1.12646
1.4142    -1.12642
1.41876    -1.12637
1.42315    -1.12631
1.42736    -1.12626
1.43135    -1.1262
1.4351    -1.12614
1.4386    -1.12607
1.44184    -1.12601
1.44479    -1.12596
1.44745    -1.1259
1.4498    -1.12585
1.45184    -1.12581
1.45355    -1.12577
1.45494    -1.12573
1.45599    -1.12571
1.45671    -1.12569
1.4571    -1.12568
1.45716    -1.12568
1.45688    -1.12569
1.45629    -1.1257
1.45537    -1.12572
1.45414    -1.12575
1.45262    -1.12579
1.4508    -1.12583
1.4487    -1.12587
1.44634    -1.12592
1.44373    -1.12598
1.44089    -1.12603
1.43782    -1.12609
1.43457    -1.12614
1.43113    -1.1262
1.42754    -1.12625
1.42381    -1.12631
1.41996    -1.12635
1.41603    -1.1264
1.41203    -1.12644
1.40798    -1.12647
1.40392    -1.1265
1.39986    -1.12652
1.39584    -1.12653
1.39187    -1.12654
1.38798    -1.12654
1.3842    -1.12654
1.38055    -1.12653
1.37705    -1.12652
1.37372    -1.1265
1.37058    -1.12648
1.36766    -1.12646
1.36498    -1.12644
1.36254    -1.12641
1.36036    -1.12639
1.35846    -1.12637
1.35685    -1.12635
1.35554    -1.12633
1.35452    -1.12632
1.35382    -1.12631
1.35342    -1.1263
1.35334    -1.1263
1.35356    -1.1263
1.35408    -1.12631
1.3549    -1.12632
1.356    -1.12634
1.35738    -1.12635
1.35902    -1.12637
1.36091    -1.1264
1.36303    -1.12642
1.36536    -1.12644
1.36789    -1.12646
1.3706    -1.12648
1.37346    -1.1265
1.37646    -1.12652
1.37956    -1.12653
1.38276    -1.12654
1.38602    -1.12654
1.38933    -1.12654
1.39267    -1.12654
1.39601    -1.12653
1.39932    -1.12652
1.4026    -1.1265
1.40582    -1.12648
1.40896    -1.12646
1.41201    -1.12644
1.41494    -1.12641
1.41774    -1.12638
1.42039    -1.12635
1.42289    -1.12632
1.42522    -1.12629
1.42736    -1.12626
1.42931    -1.12623
1.43106    -1.1262
1.4326    -1.12618
1.43393    -1.12616
1.43503    -1.12614
1.43591    -1.12612
1.43656    -1.12611
1.43698    -1.1261
1.43718    -1.1261
1.43715    -1.1261
1.43689    -1.1261
1.43641    -1.12611
1.43572    -1.12613
1.43481    -1.12614
1.43371    -1.12616
1.4324    -1.12618
1.43092    -1.1262
1.42925    -1.12623
1.42742    -1.12626
1.42544    -1.12628
1.42332    -1.12631
1.42107    -1.12634
1.4187    -1.12637
1.41624    -1.1264
1.4137    -1.12642
1.41109    -1.12644
1.40842    -1.12647
1.40572    -1.12649
1.40301    -1.1265
1.40029    -1.12652
1.39759    -1.12653
1.39492    -1.12654
1.3923    -1.12654
1.38974    -1.12654
1.38726    -1.12654
1.38488    -1.12654
1.38261    -1.12654
1.38046    -1.12653
1.37845    -1.12653
1.37659    -1.12652
1.37489    -1.12651
1.37336    -1.1265
1.37201    -1.12649
1.37084    -1.12649
1.36987    -1.12648
1.36909    -1.12647
1.36852    -1.12647
1.36814    -1.12647
1.36797    -1.12646
1.36801    -1.12646
1.36824    -1.12647
1.36867    -1.12647
1.36929    -1.12647
1.37009    -1.12648
1.37108    -1.12649
1.37223    -1.12649
1.37354    -1.1265
1.375    -1.12651
1.3766    -1.12652
1.37833    -1.12653
1.38016    -1.12653
1.3821    -1.12654
1.38412    -1.12654
1.38621    -1.12654
1.38835    -1.12654
1.39054    -1.12654
1.39276    -1.12654
1.39499    -1.12654
1.39722    -1.12653
1.39943    -1.12652
1.40161    -1.12651
1.40375    -1.1265
1.40584    -1.12648
1.40786    -1.12647
1.4098    -1.12646
1.41165    -1.12644
1.41341    -1.12642
1.41505    -1.12641
1.41657    -1.12639
1.41797    -1.12638
1.41924    -1.12636
1.42037    -1.12635
1.42136    -1.12634
1.4222    -1.12633
1.42289    -1.12632
1.42343    -1.12631
1.42381    -1.12631
1.42404    -1.1263
1.42411    -1.1263
1.42403    -1.1263
1.42379    -1.12631
1.42341    -1.12631
1.42288    -1.12632
1.42222    -1.12633
1.42141    -1.12634
1.42048    -1.12635
1.41942    -1.12636
1.41825    -1.12637
1.41697    -1.12639
1.41559    -1.1264
1.41413    -1.12642
1.41258    -1.12643
1.41096    -1.12645
1.40928    -1.12646
1.40754    -1.12647
1.40578    -1.12649
1.40398    -1.1265
1.40217    -1.12651
1.40035    -1.12652
1.39853    -1.12652
1.39674    -1.12653
1.39497    -1.12654
1.39324    -1.12654
1.39156    -1.12654
1.38994    -1.12654
1.38839    -1.12654
1.38692    -1.12654
1.38554    -1.12654
1.38425    -1.12654
1.38307    -1.12654
1.38199    -1.12654
1.38103    -1.12654
1.3802    -1.12653
1.37949    -1.12653
1.3789    -1.12653
1.37845    -1.12653
1.37813    -1.12653
1.37795    -1.12652
1.3779    -1.12652
1.37799    -1.12652
1.3782    -1.12653
1.37854    -1.12653
1.37901    -1.12653
1.3796    -1.12653
1.3803    -1.12653
1.38112    -1.12654
1.38203    -1.12654
1.38304    -1.12654
1.38414    -1.12654
1.38532    -1.12654
1.38657    -1.12654
1.38789    -1.12654
1.38925    -1.12654
1.39066    -1.12654
1.39211    -1.12654
1.39358    -1.12654
1.39506    -1.12654
1.39655    -1.12653
1.39804    -1.12653
1.39951    -1.12652
1.40097    -1.12651
1.40239    -1.12651
1.40377    -1.1265
1.4051    -1.12649
1.40638    -1.12648
1.4076    -1.12647
1.40875    -1.12646
1.40982    -1.12646
1.41081    -1.12645
1.41172    -1.12644
1.41254    -1.12643
1.41326    -1.12642
1.41388    -1.12642
1.41441    -1.12641
1.41483    -1.12641
1.41515    -1.12641
1.41536    -1.1264
1.41547    -1.1264
1.41547    -1.1264
1.41537    -1.1264
1.41517    -1.12641
1.41487    -1.12641
1.41447    -1.12641
1.41398    -1.12642
1.4134    -1.12642
1.41273    -1.12643
1.41199    -1.12644
1.41117    -1.12644
1.41027    -1.12645
1.40932    -1.12646
1.40831    -1.12647
1.40724    -1.12647
1.40614    -1.12648
1.40499    -1.12649
1.40382    -1.1265
1.40262    -1.1265
1.40141    -1.12651
1.4002    -1.12652
1.39898    -1.12652
1.39778    -1.12653
1.39658    -1.12653
1.39542    -1.12653
1.39428    -1.12654
1.39318    -1.12654
1.39212    -1.12654
1.39111    -1.12654
1.39016    -1.12654
1.38927    -1.12654
1.38845    -1.12654
1.38769    -1.12654
1.38702    -1.12654
1.38642    -1.12654
1.3859    -1.12654
1.38547    -1.12654
1.38513    -1.12654
1.38487    -1.12654
1.3847    -1.12654
1.38462    -1.12654
1.38463    -1.12654
1.38473    -1.12654
1.38492    -1.12654
1.38518    -1.12654
1.38553    -1.12654
1.38596    -1.12654
1.38646    -1.12654
1.38703    -1.12654
1.38767    -1.12654
1.38837    -1.12654
1.38913    -1.12654
1.38994    -1.12654
1.39079    -1.12654
1.39168    -1.12654
1.39261    -1.12654
1.39356    -1.12654
1.39454    -1.12654
1.39552    -1.12653
1.39652    -1.12653
1.39751    -1.12653
1.3985    -1.12652
1.39949    -1.12652
1.40045    -1.12652
1.40139    -1.12651
1.4023    -1.12651
1.40318    -1.1265
1.40402    -1.1265
1.40482    -1.12649
1.40557    -1.12649
1.40626    -1.12648
1.40691    -1.12648
1.40749    -1.12647
1.40801    -1.12647
1.40847    -1.12647
1.40886    -1.12646
1.40918    -1.12646
1.40943    -1.12646
1.40961    -1.12646
1.40972    -1.12646
1.40976    -1.12646
1.40974    -1.12646
1.40964    -1.12646
1.40947    -1.12646
1.40924    -1.12646
1.40894    -1.12646
1.40859    -1.12646
1.40817    -1.12647
1.4077    -1.12647
1.40717    -1.12648
1.4066    -1.12648
1.40598    -1.12648
1.40532    -1.12649
1.40462    -1.12649
1.4039    -1.1265
1.40314    -1.1265
1.40237    -1.12651
1.40157    -1.12651
1.40077    -1.12651
1.39995    -1.12652
1.39914    -1.12652
1.39833    -1.12652
1.39753    -1.12653
1.39674    -1.12653
1.39597    -1.12653
1.39522    -1.12653
1.3945    -1.12654
1.39381    -1.12654
1.39316    -1.12654
1.39254    -1.12654
1.39197    -1.12654
1.39144    -1.12654
1.39097    -1.12654
1.39054    -1.12654
1.39017    -1.12654
1.38985    -1.12654
1.38959    -1.12654
1.38939    -1.12654
1.38925    -1.12654
1.38917    -1.12654
1.38914    -1.12654
1.38918    -1.12654
1.38927    -1.12654
1.38942    -1.12654
1.38962    -1.12654
1.38988    -1.12654
1.39019    -1.12654
1.39055    -1.12654
1.39095    -1.12654
1.39139    -1.12654
1.39188    -1.12654
1.3924    -1.12654
1.39295    -1.12654
1.39354    -1.12654
1.39414    -1.12654
1.39477    -1.12654
1.39541    -1.12653
1.39607    -1.12653
1.39673    -1.12653
1.39739    -1.12653
1.39806    -1.12653
1.39872    -1.12652
1.39937    -1.12652
1.40001    -1.12652
1.40063    -1.12651
1.40123    -1.12651
1.40181    -1.12651
1.40236    -1.12651
1.40288    -1.1265
1.40337    -1.1265
1.40382    -1.1265
1.40423    -1.12649
1.4046    -1.12649
1.40493    -1.12649
1.40522    -1.12649
1.40546    -1.12649
1.40565    -1.12649
1.4058    -1.12648
1.4059    -1.12648
1.40596    -1.12648
1.40596    -1.12648
1.40592    -1.12648
1.40583    -1.12648
1.4057    -1.12649
1.40553    -1.12649
1.40531    -1.12649
1.40505    -1.12649
1.40475    -1.12649
1.40442    -1.12649
1.40405    -1.1265
1.40365    -1.1265
1.40322    -1.1265
1.40277    -1.1265
1.40229    -1.12651
1.4018    -1.12651
1.40128    -1.12651
1.40076    -1.12651
1.40022    -1.12652
1.39968    -1.12652
1.39914    -1.12652
1.39859    -1.12652
1.39805    -1.12653
1.39752    -1.12653
1.397    -1.12653
1.39649    -1.12653
1.396    -1.12653
1.39553    -1.12653
1.39508    -1.12654
1.39466    -1.12654
1.39426    -1.12654
1.39389    -1.12654
1.39356    -1.12654
1.39326    -1.12654
1.39299    -1.12654
1.39276    -1.12654
1.39257    -1.12654
1.39241    -1.12654
1.3923    -1.12654
1.39222    -1.12654
1.39218    -1.12654
1.39219    -1.12654
1.39223    -1.12654
1.39231    -1.12654
1.39243    -1.12654
1.39258    -1.12654
1.39277    -1.12654
1.39299    -1.12654
1.39324    -1.12654
1.39352    -1.12654
1.39383    -1.12654
1.39417    -1.12654
1.39453    -1.12654
1.39491    -1.12654
1.3953    -1.12653
1.39572    -1.12653
1.39614    -1.12653
1.39657    -1.12653
1.39701    -1.12653
1.39746    -1.12653
1.3979    -1.12653
1.39835    -1.12652
1.39879    -1.12652
1.39922    -1.12652
1.39964    -1.12652
1.40005    -1.12652
1.40045    -1.12652
1.40082    -1.12651
1.40118    -1.12651
1.40152    -1.12651
1.40184    -1.12651
1.40213    -1.12651
1.40239    -1.12651
1.40263    -1.1265
1.40284    -1.1265
1.40301    -1.1265
1.40316    -1.1265
1.40328    -1.1265
1.40336    -1.1265
1.40341    -1.1265
1.40343    -1.1265
1.40342    -1.1265
1.40338    -1.1265
1.40331    -1.1265
1.40321    -1.1265
1.40308    -1.1265
1.40292    -1.1265
1.40273    -1.1265
1.40252    -1.1265
1.40228    -1.12651
1.40203    -1.12651
1.40175    -1.12651
1.40146    -1.12651
1.40114    -1.12651
1.40082    -1.12651
1.40048    -1.12652
1.40013    -1.12652
1.39978    -1.12652
1.39942    -1.12652
1.39906    -1.12652
1.39869    -1.12652
1.39833    -1.12652
1.39797    -1.12653
1.39762    -1.12653
1.39727    -1.12653
1.39694    -1.12653
1.39662    -1.12653
1.39631    -1.12653
1.39602    -1.12653
1.39574    -1.12653
1.39549    -1.12653
1.39525    -1.12653
1.39504    -1.12654
1.39485    -1.12654
1.39468    -1.12654
1.39454    -1.12654
1.39442    -1.12654
1.39433    -1.12654
1.39427    -1.12654
1.39423    -1.12654
1.39422    -1.12654
1.39423    -1.12654
1.39427    -1.12654
1.39434    -1.12654
1.39443    -1.12654
1.39454    -1.12654
1.39468    -1.12654
1.39484    -1.12654
1.39502    -1.12654
1.39521    -1.12654
1.39543    -1.12653
1.39566    -1.12653
1.39591    -1.12653
1.39617    -1.12653
1.39644    -1.12653
1.39671    -1.12653
1.397    -1.12653
1.39729    -1.12653
1.39759    -1.12653
1.39789    -1.12653
1.39818    -1.12653
1.39848    -1.12652
1.39877    -1.12652
1.39906    -1.12652
1.39934    -1.12652
1.39961    -1.12652
1.39987    -1.12652
1.40011    -1.12652
1.40035    -1.12652
1.40057    -1.12651
1.40077    -1.12651
1.40096    -1.12651
1.40113    -1.12651
1.40127    -1.12651
1.4014    -1.12651
1.40151    -1.12651
1.4016    -1.12651
1.40167    -1.12651
1.40172    -1.12651
1.40174    -1.12651
1.40175    -1.12651
1.40173    -1.12651
1.40169    -1.12651
1.40163    -1.12651
1.40156    -1.12651
1.40146    -1.12651
1.40134    -1.12651
1.40121    -1.12651
1.40106    -1.12651
1.4009    -1.12651
1.40072    -1.12651
1.40053    -1.12652
1.40033    -1.12652
1.40011    -1.12652
1.39989    -1.12652
1.39966    -1.12652
1.39943    -1.12652
1.39919    -1.12652
1.39894    -1.12652
1.3987    -1.12652
1.39846    -1.12652
1.39822    -1.12653
1.39798    -1.12653
1.39775    -1.12653
1.39752    -1.12653
1.3973    -1.12653
1.39709    -1.12653
1.39689    -1.12653
1.3967    -1.12653
1.39652    -1.12653
1.39636    -1.12653
1.39621    -1.12653
1.39607    -1.12653
1.39595    -1.12653
1.39585    -1.12653
1.39576    -1.12653
1.39569    -1.12653
1.39564    -1.12653
1.39561    -1.12653
1.39559    -1.12653
1.39559    -1.12653
1.39561    -1.12653
1.39564    -1.12653
1.39569    -1.12653
1.39576    -1.12653
1.39584    -1.12653
1.39594    -1.12653
1.39605    -1.12653
1.39618    -1.12653
1.39632    -1.12653
1.39647    -1.12653
1.39663    -1.12653
1.39679    -1.12653
1.39697    -1.12653
1.39715    -1.12653
1.39734    -1.12653
1.39754    -1.12653
1.39773    -1.12653
1.39793    -1.12653
1.39813    -1.12653
1.39833    -1.12652
1.39853    -1.12652
1.39872    -1.12652
1.39891    -1.12652
1.39909    -1.12652
1.39927    -1.12652
1.39944    -1.12652
1.3996    -1.12652
1.39975    -1.12652
1.3999    -1.12652
1.40003    -1.12652
1.40015    -1.12652
1.40025    -1.12652
1.40035    -1.12652
1.40043    -1.12652
1.40049    -1.12652
1.40055    -1.12652
1.40059    -1.12651
1.40061    -1.12651
1.40062    -1.12651
1.40062    -1.12651
1.4006    -1.12651
1.40057    -1.12651
1.40052    -1.12652
1.40046    -1.12652
1.40039    -1.12652
1.40031    -1.12652
1.40022    -1.12652
1.40011    -1.12652
1.4    -1.12652
1.39987    -1.12652
1.39974    -1.12652
1.3996    -1.12652
1.39946    -1.12652
1.39931    -1.12652
1.39915    -1.12652
1.39899    -1.12652
1.39883    -1.12652
1.39867    -1.12652
1.39851    -1.12652
1.39834    -1.12652
1.39818    -1.12653
1.39803    -1.12653
1.39787    -1.12653
1.39772    -1.12653
1.39758    -1.12653
1.39744    -1.12653
1.39731    -1.12653
1.39719    -1.12653
1.39707    -1.12653
1.39697    -1.12653
1.39687    -1.12653
1.39679    -1.12653
1.39671    -1.12653
1.39665    -1.12653
1.39659    -1.12653
1.39655    -1.12653
1.39652    -1.12653
1.39651    -1.12653
1.3965    -1.12653
1.39651    -1.12653
1.39653    -1.12653
1.39655    -1.12653
1.39659    -1.12653
1.39664    -1.12653
1.3967    -1.12653
1.39677    -1.12653
1.39685    -1.12653
1.39694    -1.12653
1.39704    -1.12653
1.39714    -1.12653
1.39725    -1.12653
1.39736    -1.12653
1.39748    -1.12653
1.39761    -1.12653
1.39774    -1.12653
1.39787    -1.12653
1.398    -1.12653
1.39813    -1.12653
1.39827    -1.12652
1.3984    -1.12652
1.39853    -1.12652
1.39866    -1.12652
1.39878    -1.12652
1.3989    -1.12652
1.39902    -1.12652
1.39913    -1.12652
1.39924    -1.12652
1.39933    -1.12652
1.39943    -1.12652
1.39951    -1.12652
1.39959    -1.12652
1.39965    -1.12652
1.39971    -1.12652
1.39976    -1.12652
1.3998    -1.12652
1.39983    -1.12652
1.39985    -1.12652
1.39987    -1.12652
1.39987    -1.12652
1.39986    -1.12652
1.39984    -1.12652
1.39982    -1.12652
1.39978    -1.12652
1.39974    -1.12652
1.39969    -1.12652
1.39963    -1.12652
1.39957    -1.12652
1.39949    -1.12652
1.39941    -1.12652
1.39933    -1.12652
1.39924    -1.12652
1.39914    -1.12652
1.39904    -1.12652
1.39894    -1.12652
1.39883    -1.12652
1.39873    -1.12652
1.39862    -1.12652
1.39851    -1.12652
1.3984    -1.12652
