-0.0844662    -0.147752    -0.12201    -0.0238609    -0.0844662    -0.147752    -0.12201    -0.0238609    
-0.0844013    -0.147593    -0.122022    -0.0238871    -0.0844013    -0.147593    -0.122022    -0.0238871    
0.0842751    0.147287    0.12205    0.0239364    0.0842751    0.147287    0.12205    0.0239364    
0.0841044    0.14687    0.122087    0.0240036    0.0841044    0.14687    0.122087    0.0240036    
-0.0839342    -0.146453    -0.122124    -0.0240711    -0.0839342    -0.146453    -0.122124    -0.0240711    
0.0837662    0.146039    0.122161    0.0241382    0.0837662    0.146039    0.122161    0.0241382    
0.0835985    0.145624    0.122197    0.0242059    0.0835985    0.145624    0.122197    0.0242059    
-0.0834327    -0.145212    -0.122232    -0.0242733    -0.0834327    -0.145212    -0.122232    -0.0242733    
-0.0832687    -0.144803    -0.122267    -0.0243405    -0.0832687    -0.144803    -0.122267    -0.0243405    
0.0831045    0.14439    0.122301    0.0244084    0.0831045    0.14439    0.122301    0.0244084    
0.0829419    0.14398    0.122334    0.0244763    0.0829419    0.14398    0.122334    0.0244763    
-0.0827806    -0.143572    -0.122367    -0.0245442    -0.0827806    -0.143572    -0.122367    -0.0245442    
-0.0826205    -0.143164    -0.122399    -0.0246121    -0.0826205    -0.143164    -0.122399    -0.0246121    
0.0824629    0.142762    0.122431    0.0246796    0.0824629    0.142762    0.122431    0.0246796    
0.0823059    0.142358    0.122461    0.0247475    0.0823059    0.142358    0.122461    0.0247475    
-0.0821508    -0.141958    -0.122491    -0.0248151    -0.0821508    -0.141958    -0.122491    -0.0248151    
-0.0819958    -0.141556    -0.122521    -0.0248834    -0.0819958    -0.141556    -0.122521    -0.0248834    
-0.0818423    -0.141157    -0.12255    -0.0249516    -0.0818423    -0.141157    -0.12255    -0.0249516    
0.0816901    0.140758    0.122578    0.0250198    0.0816901    0.140758    0.122578    0.0250198    
-0.0815388    -0.140361    -0.122605    -0.0250883    -0.0815388    -0.140361    -0.122605    -0.0250883    
0.0813898    0.139968    0.122631    0.0251564    0.0813898    0.139968    0.122631    0.0251564    
0.0812426    0.139578    0.122657    0.0252243    0.0812426    0.139578    0.122657    0.0252243    
0.0810953    0.139185    0.122682    0.0252929    0.0810953    0.139185    0.122682    0.0252929    
-0.0809492    -0.138795    -0.122706    -0.0253616    -0.0809492    -0.138795    -0.122706    -0.0253616    
0.0808055    0.138409    0.12273    0.0254299    0.0808055    0.138409    0.12273    0.0254299    
-0.0806622    -0.138023    -0.122753    -0.0254986    -0.0806622    -0.138023    -0.122753    -0.0254986    
-0.0805206    -0.137639    -0.122775    -0.0255672    -0.0805206    -0.137639    -0.122775    -0.0255672    
-0.0803801    -0.137257    -0.122796    -0.0256359    -0.0803801    -0.137257    -0.122796    -0.0256359    
0.0802405    0.136876    0.122816    0.0257049    0.0802405    0.136876    0.122816    0.0257049    
-0.0801028    -0.136498    -0.122836    -0.0257736    -0.0801028    -0.136498    -0.122836    -0.0257736    
-0.0799666    -0.136123    -0.122854    -0.0258423    -0.0799666    -0.136123    -0.122854    -0.0258423    
-0.0798314    -0.135749    -0.122872    -0.0259112    -0.0798314    -0.135749    -0.122872    -0.0259112    
-0.0796968    -0.135376    -0.12289    -0.0259805    -0.0796968    -0.135376    -0.12289    -0.0259805    
-0.0795638    -0.135005    -0.122906    -0.0260496    -0.0795638    -0.135005    -0.122906    -0.0260496    
0.079432    0.134636    0.122921    0.0261189    0.079432    0.134636    0.122921    0.0261189    
-0.0793009    -0.134268    -0.122936    -0.0261884    -0.0793009    -0.134268    -0.122936    -0.0261884    
0.0791714    0.133903    0.12295    0.0262579    0.0791714    0.133903    0.12295    0.0262579    
0.0790432    0.13354    0.122963    0.0263274    0.0790432    0.13354    0.122963    0.0263274    
-0.0789156    -0.133178    -0.122975    -0.0263972    -0.0789156    -0.133178    -0.122975    -0.0263972    
0.0787896    0.132818    0.122986    0.026467    0.0787896    0.132818    0.122986    0.026467    
0.0786647    0.132461    0.122997    0.0265368    0.0786647    0.132461    0.122997    0.0265368    
-0.0785416    -0.132108    -0.123006    -0.0266064    -0.0785416    -0.132108    -0.123006    -0.0266064    
0.0784212    0.13176    0.123015    0.0266752    0.0784212    0.13176    0.123015    0.0266752    
0.078304    0.131421    0.123022    0.0267428    0.078304    0.131421    0.123022    0.0267428    
-0.0781906    -0.131093    -0.123029    -0.0268089    -0.0781906    -0.131093    -0.123029    -0.0268089    
0.0780816    0.130776    0.123035    0.0268731    0.0780816    0.130776    0.123035    0.0268731    
-0.0779776    -0.130472    -0.123039    -0.0269349    -0.0779776    -0.130472    -0.123039    -0.0269349    
0.0778789    0.130183    0.123043    0.0269941    0.0778789    0.130183    0.123043    0.0269941    
0.0777859    0.129911    0.123046    0.0270504    0.0777859    0.129911    0.123046    0.0270504    
0.077699    0.129655    0.123049    0.0271034    0.077699    0.129655    0.123049    0.0271034    
-0.0776185    -0.129418    -0.123051    -0.0271529    -0.0776185    -0.129418    -0.123051    -0.0271529    
0.0775446    0.1292    0.123052    0.0271986    0.0775446    0.1292    0.123052    0.0271986    
0.0774776    0.129001    0.123053    0.0272404    0.0774776    0.129001    0.123053    0.0272404    
0.0774176    0.128824    0.123053    0.0272781    0.0774176    0.128824    0.123053    0.0272781    
0.0773647    0.128667    0.123053    0.0273114    0.0773647    0.128667    0.123053    0.0273114    
-0.0773191    -0.128531    -0.123053    -0.0273403    -0.0773191    -0.128531    -0.123053    -0.0273403    
0.0772809    0.128418    0.123053    0.0273646    0.0772809    0.128418    0.123053    0.0273646    
-0.0772501    -0.128326    -0.123053    -0.0273843    -0.0772501    -0.128326    -0.123053    -0.0273843    
0.0772266    0.128256    0.123053    0.0273992    0.0772266    0.128256    0.123053    0.0273992    
-0.0772107    -0.128208    -0.123053    -0.0274095    -0.0772107    -0.128208    -0.123053    -0.0274095    
0.0772021    0.128183    0.123053    0.027415    0.0772021    0.128183    0.123053    0.027415    
0.0772008    0.128179    0.123053    0.0274158    0.0772008    0.128179    0.123053    0.0274158    
-0.0772069    -0.128197    -0.123053    -0.0274119    -0.0772069    -0.128197    -0.123053    -0.0274119    
0.0772201    0.128237    0.123053    0.0274034    0.0772201    0.128237    0.123053    0.0274034    
0.0772404    0.128297    0.123053    0.0273905    0.0772404    0.128297    0.123053    0.0273905    
-0.0772677    -0.128378    -0.123053    -0.0273731    -0.0772677    -0.128378    -0.123053    -0.0273731    
0.0773017    0.128479    0.123053    0.0273514    0.0773017    0.128479    0.123053    0.0273514    
0.0773423    0.1286    0.123053    0.0273256    0.0773423    0.1286    0.123053    0.0273256    
-0.0773893    -0.12874    -0.123053    -0.0272959    -0.0773893    -0.12874    -0.123053    -0.0272959    
0.0774425    0.128897    0.123053    0.0272625    0.0774425    0.128897    0.123053    0.0272625    
0.0775016    0.129072    0.123052    0.0272255    0.0775016    0.129072    0.123052    0.0272255    
-0.0775663    -0.129264    -0.123051    -0.0271853    -0.0775663    -0.129264    -0.123051    -0.0271853    
-0.0776363    -0.12947    -0.12305    -0.027142    -0.0776363    -0.12947    -0.12305    -0.027142    
0.0777113    0.129691    0.123048    0.027096    0.0777113    0.129691    0.123048    0.027096    
0.0777908    0.129925    0.123046    0.0270475    0.0777908    0.129925    0.123046    0.0270475    
-0.0778746    -0.130171    -0.123043    -0.0269968    -0.0778746    -0.130171    -0.123043    -0.0269968    
0.0779621    0.130427    0.12304    0.0269443    0.0779621    0.130427    0.12304    0.0269443    
-0.078053    -0.130692    -0.123036    -0.0268901    -0.078053    -0.130692    -0.123036    -0.0268901    
0.0781467    0.130965    0.123031    0.0268348    0.0781467    0.130965    0.123031    0.0268348    
0.0782427    0.131244    0.123026    0.0267786    0.0782427    0.131244    0.123026    0.0267786    
0.0783405    0.131527    0.12302    0.0267218    0.0783405    0.131527    0.12302    0.0267218    
0.0784394    0.131813    0.123013    0.0266648    0.0784394    0.131813    0.123013    0.0266648    
-0.078539    -0.1321    -0.123006    -0.026608    -0.078539    -0.1321    -0.123006    -0.026608    
0.0786386    0.132386    0.122999    0.0265517    0.0786386    0.132386    0.122999    0.0265517    
0.0787375    0.132669    0.122991    0.0264961    0.0787375    0.132669    0.122991    0.0264961    
-0.0788351    -0.132948    -0.122982    -0.0264418    -0.0788351    -0.132948    -0.122982    -0.0264418    
0.0789307    0.133221    0.122973    0.026389    0.0789307    0.133221    0.122973    0.026389    
0.0790238    0.133485    0.122965    0.026338    0.0790238    0.133485    0.122965    0.026338    
-0.0791136    -0.133739    -0.122956    -0.0262892    -0.0791136    -0.133739    -0.122956    -0.0262892    
0.0791994    0.133982    0.122947    0.0262429    0.0791994    0.133982    0.122947    0.0262429    
0.0792808    0.134211    0.122938    0.0261992    0.0792808    0.134211    0.122938    0.0261992    
-0.079357    -0.134426    -0.12293    -0.0261586    -0.079357    -0.134426    -0.12293    -0.0261586    
-0.0794276    -0.134624    -0.122922    -0.0261213    -0.0794276    -0.134624    -0.122922    -0.0261213    
-0.0794919    -0.134804    -0.122914    -0.0260874    -0.0794919    -0.134804    -0.122914    -0.0260874    
-0.0795495    -0.134965    -0.122907    -0.0260572    -0.0795495    -0.134965    -0.122907    -0.0260572    
-0.0796    -0.135106    -0.122901    -0.0260308    -0.0796    -0.135106    -0.122901    -0.0260308    
0.0796429    0.135226    0.122896    0.0260084    0.0796429    0.135226    0.122896    0.0260084    
0.0796781    0.135324    0.122892    0.0259902    0.0796781    0.135324    0.122892    0.0259902    
-0.0797052    -0.135399    -0.122888    -0.0259761    -0.0797052    -0.135399    -0.122888    -0.0259761    
0.0797242    0.135452    0.122886    0.0259664    0.0797242    0.135452    0.122886    0.0259664    
-0.0797348    -0.135481    -0.122885    -0.0259609    -0.0797348    -0.135481    -0.122885    -0.0259609    
-0.0797371    -0.135488    -0.122884    -0.0259597    -0.0797371    -0.135488    -0.122884    -0.0259597    
0.0797312    0.135471    0.122885    0.0259627    0.0797312    0.135471    0.122885    0.0259627    
0.0797172    0.135432    0.122887    0.02597    0.0797172    0.135432    0.122887    0.02597    
0.0796952    0.135371    0.12289    0.0259813    0.0796952    0.135371    0.12289    0.0259813    
0.0796657    0.135289    0.122893    0.0259966    0.0796657    0.135289    0.122893    0.0259966    
-0.0796289    -0.135187    -0.122898    -0.0260157    -0.0796289    -0.135187    -0.122898    -0.0260157    
-0.0795852    -0.135065    -0.122903    -0.0260385    -0.0795852    -0.135065    -0.122903    -0.0260385    
-0.079535    -0.134925    -0.122909    -0.0260647    -0.079535    -0.134925    -0.122909    -0.0260647    
0.0794789    0.134768    0.122916    0.0260941    0.0794789    0.134768    0.122916    0.0260941    
-0.0794174    -0.134595    -0.122923    -0.0261266    -0.0794174    -0.134595    -0.122923    -0.0261266    
-0.079351    -0.134409    -0.122931    -0.0261617    -0.079351    -0.134409    -0.122931    -0.0261617    
-0.0792804    -0.13421    -0.122938    -0.0261994    -0.0792804    -0.13421    -0.122938    -0.0261994    
-0.0792061    -0.134001    -0.122946    -0.0262392    -0.0792061    -0.134001    -0.122946    -0.0262392    
-0.0791288    -0.133783    -0.122954    -0.0262809    -0.0791288    -0.133783    -0.122954    -0.0262809    
0.079049    0.133557    0.122962    0.0263242    0.079049    0.133557    0.122962    0.0263242    
-0.0789674    -0.133325    -0.12297    -0.0263688    -0.0789674    -0.133325    -0.12297    -0.0263688    
-0.0788846    -0.133089    -0.122978    -0.0264143    -0.0788846    -0.133089    -0.122978    -0.0264143    
0.0788011    0.132851    0.122985    0.0264606    0.0788011    0.132851    0.122985    0.0264606    
0.0787176    0.132612    0.122992    0.0265072    0.0787176    0.132612    0.122992    0.0265072    
-0.0786345    -0.132374    -0.122999    -0.0265539    -0.0786345    -0.132374    -0.122999    -0.0265539    
0.0785524    0.132138    0.123005    0.0266003    0.0785524    0.132138    0.123005    0.0266003    
0.0784718    0.131906    0.123011    0.0266462    0.0784718    0.131906    0.123011    0.0266462    
-0.0783931    -0.131679    -0.123017    -0.0266914    -0.0783931    -0.131679    -0.123017    -0.0266914    
0.0783168    0.131459    0.123022    0.0267354    0.0783168    0.131459    0.123022    0.0267354    
0.0782433    0.131245    0.123026    0.0267782    0.0782433    0.131245    0.123026    0.0267782    
-0.0781729    -0.131041    -0.12303    -0.0268193    -0.0781729    -0.131041    -0.12303    -0.0268193    
0.078106    0.130846    0.123033    0.0268587    0.078106    0.130846    0.123033    0.0268587    
-0.0780428    -0.130662    -0.123036    -0.0268961    -0.0780428    -0.130662    -0.123036    -0.0268961    
0.0779838    0.13049    0.123039    0.0269313    0.0779838    0.13049    0.123039    0.0269313    
0.077929    0.13033    0.123041    0.026964    0.077929    0.13033    0.123041    0.026964    
0.0778787    0.130183    0.123043    0.0269942    0.0778787    0.130183    0.123043    0.0269942    
0.0778332    0.130049    0.123045    0.0270218    0.0778332    0.130049    0.123045    0.0270218    
-0.0777925    -0.12993    -0.123046    -0.0270464    -0.0777925    -0.12993    -0.123046    -0.0270464    
0.0777567    0.129825    0.123047    0.0270682    0.0777567    0.129825    0.123047    0.0270682    
-0.0777261    -0.129735    -0.123048    -0.0270869    -0.0777261    -0.129735    -0.123048    -0.0270869    
0.0777006    0.12966    0.123049    0.0271024    0.0777006    0.12966    0.123049    0.0271024    
-0.0776804    -0.1296    -0.123049    -0.0271149    -0.0776804    -0.1296    -0.123049    -0.0271149    
0.0776654    0.129556    0.12305    0.0271241    0.0776654    0.129556    0.12305    0.0271241    
0.0776557    0.129527    0.12305    0.02713    0.0776557    0.129527    0.12305    0.02713    
-0.0776512    -0.129514    -0.12305    -0.0271328    -0.0776512    -0.129514    -0.12305    -0.0271328    
-0.0776519    -0.129516    -0.12305    -0.0271324    -0.0776519    -0.129516    -0.12305    -0.0271324    
-0.0776578    -0.129534    -0.12305    -0.0271287    -0.0776578    -0.129534    -0.12305    -0.0271287    
0.0776688    0.129566    0.123049    0.027122    0.0776688    0.129566    0.123049    0.027122    
0.0776848    0.129613    0.123049    0.0271122    0.0776848    0.129613    0.123049    0.0271122    
0.0777056    0.129674    0.123049    0.0270994    0.0777056    0.129674    0.123049    0.0270994    
-0.0777311    -0.129749    -0.123048    -0.0270838    -0.0777311    -0.129749    -0.123048    -0.0270838    
0.0777613    0.129838    0.123047    0.0270654    0.0777613    0.129838    0.123047    0.0270654    
0.0777958    0.12994    0.123046    0.0270444    0.0777958    0.12994    0.123046    0.0270444    
0.0778346    0.130053    0.123045    0.027021    0.0778346    0.130053    0.123045    0.027021    
0.0778773    0.130178    0.123043    0.0269952    0.0778773    0.130178    0.123043    0.0269952    
0.0779237    0.130314    0.123041    0.0269672    0.0779237    0.130314    0.123041    0.0269672    
-0.0779737    -0.130461    -0.123039    -0.0269373    -0.0779737    -0.130461    -0.123039    -0.0269373    
0.0780268    0.130616    0.123037    0.0269057    0.0780268    0.130616    0.123037    0.0269057    
0.0780829    0.130779    0.123034    0.0268724    0.0780829    0.130779    0.123034    0.0268724    
0.0781416    0.13095    0.123031    0.0268378    0.0781416    0.13095    0.123031    0.0268378    
-0.0782025    -0.131127    -0.123028    -0.026802    -0.0782025    -0.131127    -0.123028    -0.026802    
-0.0782654    -0.13131    -0.123024    -0.0267653    -0.0782654    -0.13131    -0.123024    -0.0267653    
-0.0783298    -0.131496    -0.123021    -0.026728    -0.0783298    -0.131496    -0.123021    -0.026728    
0.0783954    0.131686    0.123016    0.0266901    0.0783954    0.131686    0.123016    0.0266901    
0.0784617    0.131877    0.123012    0.026652    0.0784617    0.131877    0.123012    0.026652    
-0.0785285    -0.13207    -0.123007    -0.026614    -0.0785285    -0.13207    -0.123007    -0.026614    
-0.0785952    -0.132261    -0.123002    -0.0265761    -0.0785952    -0.132261    -0.123002    -0.0265761    
0.0786614    0.132451    0.122997    0.0265388    0.0786614    0.132451    0.122997    0.0265388    
0.0787268    0.132639    0.122991    0.0265021    0.0787268    0.132639    0.122991    0.0265021    
-0.0787909    -0.132822    -0.122986    -0.0264664    -0.0787909    -0.132822    -0.122986    -0.0264664    
0.0788532    0.133    0.122981    0.0264317    0.0788532    0.133    0.122981    0.0264317    
0.0789135    0.133171    0.122975    0.0263985    0.0789135    0.133171    0.122975    0.0263985    
0.0789711    0.133335    0.12297    0.0263668    0.0789711    0.133335    0.12297    0.0263668    
-0.0790259    -0.133491    -0.122964    -0.0263369    -0.0790259    -0.133491    -0.122964    -0.0263369    
0.0790774    0.133637    0.122959    0.0263088    0.0790774    0.133637    0.122959    0.0263088    
-0.0791252    -0.133772    -0.122954    -0.0262829    -0.0791252    -0.133772    -0.122954    -0.0262829    
-0.0791691    -0.133896    -0.12295    -0.0262592    -0.0791691    -0.133896    -0.12295    -0.0262592    
-0.0792087    -0.134008    -0.122946    -0.0262379    -0.0792087    -0.134008    -0.122946    -0.0262379    
0.0792438    0.134107    0.122942    0.026219    0.0792438    0.134107    0.122942    0.026219    
-0.0792741    -0.134192    -0.122939    -0.0262028    -0.0792741    -0.134192    -0.122939    -0.0262028    
0.0792994    0.134264    0.122936    0.0261893    0.0792994    0.134264    0.122936    0.0261893    
-0.0793197    -0.134321    -0.122934    -0.0261785    -0.0793197    -0.134321    -0.122934    -0.0261785    
-0.0793347    -0.134363    -0.122932    -0.0261705    -0.0793347    -0.134363    -0.122932    -0.0261705    
-0.0793445    -0.134391    -0.122931    -0.0261653    -0.0793445    -0.134391    -0.122931    -0.0261653    
0.0793489    0.134403    0.122931    0.0261629    0.0793489    0.134403    0.122931    0.0261629    
0.0793481    0.134401    0.122931    0.0261633    0.0793481    0.134401    0.122931    0.0261633    
0.079342    0.134384    0.122931    0.0261666    0.079342    0.134384    0.122931    0.0261666    
0.0793308    0.134352    0.122933    0.0261725    0.0793308    0.134352    0.122933    0.0261725    
-0.0793146    -0.134307    -0.122934    -0.0261812    -0.0793146    -0.134307    -0.122934    -0.0261812    
0.0792936    0.134247    0.122937    0.0261924    0.0792936    0.134247    0.122937    0.0261924    
0.079268    0.134175    0.12294    0.0262061    0.079268    0.134175    0.12294    0.0262061    
-0.079238    -0.134091    -0.122943    -0.0262221    -0.079238    -0.134091    -0.122943    -0.0262221    
0.079204    0.133995    0.122946    0.0262404    0.079204    0.133995    0.122946    0.0262404    
-0.0791662    -0.133888    -0.12295    -0.0262607    -0.0791662    -0.133888    -0.12295    -0.0262607    
-0.079125    -0.133772    -0.122955    -0.026283    -0.079125    -0.133772    -0.122955    -0.026283    
0.0790807    0.133646    0.122959    0.026307    0.0790807    0.133646    0.122959    0.026307    
-0.0790337    -0.133513    -0.122964    -0.0263326    -0.0790337    -0.133513    -0.122964    -0.0263326    
0.0789843    0.133373    0.122969    0.0263596    0.0789843    0.133373    0.122969    0.0263596    
-0.0789329    -0.133227    -0.122973    -0.0263877    -0.0789329    -0.133227    -0.122973    -0.0263877    
0.07888    0.133076    0.122978    0.0264169    0.07888    0.133076    0.122978    0.0264169    
0.0788258    0.132922    0.122983    0.0264469    0.0788258    0.132922    0.122983    0.0264469    
0.0787708    0.132764    0.122988    0.0264775    0.0787708    0.132764    0.122988    0.0264775    
-0.0787153    -0.132606    -0.122993    -0.0265085    -0.0787153    -0.132606    -0.122993    -0.0265085    
0.0786597    0.132447    0.122997    0.0265397    0.0786597    0.132447    0.122997    0.0265397    
0.0786044    0.132288    0.123001    0.0265708    0.0786044    0.132288    0.123001    0.0265708    
0.0785498    0.132131    0.123006    0.0266018    0.0785498    0.132131    0.123006    0.0266018    
-0.078496    -0.131976    -0.12301    -0.0266324    -0.078496    -0.131976    -0.12301    -0.0266324    
0.0784435    0.131825    0.123013    0.0266624    0.0784435    0.131825    0.123013    0.0266624    
0.0783926    0.131678    0.123017    0.0266917    0.0783926    0.131678    0.123017    0.0266917    
0.0783435    0.131536    0.12302    0.02672    0.0783435    0.131536    0.12302    0.02672    
0.0782965    0.1314    0.123023    0.0267472    0.0782965    0.1314    0.123023    0.0267472    
-0.0782518    -0.13127    -0.123025    -0.0267732    -0.0782518    -0.13127    -0.123025    -0.0267732    
0.0782096    0.131148    0.123028    0.0267978    0.0782096    0.131148    0.123028    0.0267978    
-0.0781702    -0.131033    -0.12303    -0.0268209    -0.0781702    -0.131033    -0.12303    -0.0268209    
-0.0781337    -0.130927    -0.123032    -0.0268424    -0.0781337    -0.130927    -0.123032    -0.0268424    
-0.0781003    -0.13083    -0.123034    -0.0268621    -0.0781003    -0.13083    -0.123034    -0.0268621    
0.0780701    0.130742    0.123035    0.0268799    0.0780701    0.130742    0.123035    0.0268799    
0.0780433    0.130664    0.123036    0.0268958    0.0780433    0.130664    0.123036    0.0268958    
-0.0780199    -0.130596    -0.123037    -0.0269097    -0.0780199    -0.130596    -0.123037    -0.0269097    
0.078    0.130538    0.123038    0.0269216    0.078    0.130538    0.123038    0.0269216    
0.0779838    0.13049    0.123039    0.0269313    0.0779838    0.13049    0.123039    0.0269313    
-0.0779711    -0.130453    -0.12304    -0.0269388    -0.0779711    -0.130453    -0.12304    -0.0269388    
0.0779621    0.130427    0.12304    0.0269442    0.0779621    0.130427    0.12304    0.0269442    
-0.0779567    -0.130411    -0.12304    -0.0269474    -0.0779567    -0.130411    -0.12304    -0.0269474    
0.077955    0.130406    0.12304    0.0269485    0.077955    0.130406    0.12304    0.0269485    
-0.077957    -0.130412    -0.12304    -0.0269473    -0.077957    -0.130412    -0.12304    -0.0269473    
0.0779625    0.130428    0.12304    0.026944    0.0779625    0.130428    0.12304    0.026944    
0.0779715    0.130454    0.12304    0.0269386    0.0779715    0.130454    0.12304    0.0269386    
0.0779839    0.13049    0.123039    0.0269312    0.0779839    0.13049    0.123039    0.0269312    
0.0779997    0.130536    0.123038    0.0269218    0.0779997    0.130536    0.123038    0.0269218    
-0.0780187    -0.130592    -0.123037    -0.0269105    -0.0780187    -0.130592    -0.123037    -0.0269105    
0.0780408    0.130656    0.123036    0.0268974    0.0780408    0.130656    0.123036    0.0268974    
-0.0780658    -0.130729    -0.123035    -0.0268825    -0.0780658    -0.130729    -0.123035    -0.0268825    
0.0780937    0.130811    0.123034    0.026866    0.0780937    0.130811    0.123034    0.026866    
-0.0781242    -0.130899    -0.123032    -0.026848    -0.0781242    -0.130899    -0.123032    -0.026848    
0.0781571    0.130995    0.123031    0.0268287    0.0781571    0.130995    0.123031    0.0268287    
-0.0781923    -0.131097    -0.123029    -0.026808    -0.0781923    -0.131097    -0.123029    -0.026808    
0.0782295    0.131206    0.123027    0.0267863    0.0782295    0.131206    0.123027    0.0267863    
0.0782685    0.131319    0.123024    0.0267635    0.0782685    0.131319    0.123024    0.0267635    
-0.0783092    -0.131436    -0.123022    -0.0267399    -0.0783092    -0.131436    -0.123022    -0.0267399    
0.0783511    0.131558    0.123019    0.0267156    0.0783511    0.131558    0.123019    0.0267156    
0.0783942    0.131682    0.123016    0.0266908    0.0783942    0.131682    0.123016    0.0266908    
-0.078438    -0.131809    -0.123013    -0.0266656    -0.078438    -0.131809    -0.123013    -0.0266656    
-0.0784824    -0.131937    -0.12301    -0.0266402    -0.0784824    -0.131937    -0.12301    -0.0266402    
0.0785271    0.132066    0.123007    0.0266147    0.0785271    0.132066    0.123007    0.0266147    
-0.0785719    -0.132194    -0.123004    -0.0265893    -0.0785719    -0.132194    -0.123004    -0.0265893    
0.0786163    0.132322    0.123    0.0265642    0.0786163    0.132322    0.123    0.0265642    
0.0786602    0.132448    0.122997    0.0265394    0.0786602    0.132448    0.122997    0.0265394    
0.0787033    0.132571    0.122993    0.0265153    0.0787033    0.132571    0.122993    0.0265153    
-0.0787452    -0.132691    -0.12299    -0.0264918    -0.0787452    -0.132691    -0.12299    -0.0264918    
0.0787858    0.132807    0.122986    0.0264692    0.0787858    0.132807    0.122986    0.0264692    
0.0788248    0.132919    0.122983    0.0264475    0.0788248    0.132919    0.122983    0.0264475    
0.0788619    0.133025    0.12298    0.026427    0.0788619    0.133025    0.12298    0.026427    
0.0788969    0.133124    0.122977    0.0264076    0.0788969    0.133124    0.122977    0.0264076    
0.0789295    0.133217    0.122974    0.0263897    0.0789295    0.133217    0.122974    0.0263897    
-0.0789596    -0.133303    -0.122971    -0.0263731    -0.0789596    -0.133303    -0.122971    -0.0263731    
-0.0789869    -0.13338    -0.122968    -0.0263581    -0.0789869    -0.13338    -0.122968    -0.0263581    
0.0790114    0.13345    0.122966    0.0263448    0.0790114    0.13345    0.122966    0.0263448    
-0.0790328    -0.13351    -0.122964    -0.0263331    -0.0790328    -0.13351    -0.122964    -0.0263331    
-0.079051    -0.133562    -0.122962    -0.0263232    -0.079051    -0.133562    -0.122962    -0.0263232    
0.0790659    0.133604    0.122961    0.0263151    0.0790659    0.133604    0.122961    0.0263151    
0.0790775    0.133637    0.122959    0.0263088    0.0790775    0.133637    0.122959    0.0263088    
0.0790856    0.13366    0.122959    0.0263044    0.0790856    0.13366    0.122959    0.0263044    
0.0790903    0.133674    0.122958    0.0263018    0.0790903    0.133674    0.122958    0.0263018    
-0.0790916    -0.133677    -0.122958    -0.0263011    -0.0790916    -0.133677    -0.122958    -0.0263011    
0.0790894    0.133671    0.122958    0.0263023    0.0790894    0.133671    0.122958    0.0263023    
0.0790839    0.133655    0.122959    0.0263053    0.0790839    0.133655    0.122959    0.0263053    
0.0790751    0.13363    0.12296    0.02631    0.0790751    0.13363    0.12296    0.02631    
0.0790631    0.133596    0.122961    0.0263166    0.0790631    0.133596    0.122961    0.0263166    
0.079048    0.133554    0.122962    0.0263248    0.079048    0.133554    0.122962    0.0263248    
0.07903    0.133503    0.122964    0.0263346    0.07903    0.133503    0.122964    0.0263346    
0.0790093    0.133444    0.122966    0.0263459    0.0790093    0.133444    0.122966    0.0263459    
0.0789859    0.133377    0.122968    0.0263587    0.0789859    0.133377    0.122968    0.0263587    
-0.0789602    -0.133304    -0.122971    -0.0263728    -0.0789602    -0.133304    -0.122971    -0.0263728    
0.0789322    0.133225    0.122973    0.0263881    0.0789322    0.133225    0.122973    0.0263881    
0.0789023    0.13314    0.122976    0.0264046    0.0789023    0.13314    0.122976    0.0264046    
0.0788707    0.13305    0.122979    0.026422    0.0788707    0.13305    0.122979    0.026422    
-0.0788376    -0.132955    -0.122982    -0.0264404    -0.0788376    -0.132955    -0.122982    -0.0264404    
0.0788032    0.132857    0.122985    0.0264595    0.0788032    0.132857    0.122985    0.0264595    
0.0787678    0.132756    0.122988    0.0264792    0.0787678    0.132756    0.122988    0.0264792    
-0.0787316    -0.132652    -0.122991    -0.0264994    -0.0787316    -0.132652    -0.122991    -0.0264994    
-0.0786949    -0.132547    -0.122994    -0.0265199    -0.0786949    -0.132547    -0.122994    -0.0265199    
0.0786579    0.132441    0.122997    0.0265407    0.0786579    0.132441    0.122997    0.0265407    
0.0786209    0.132335    0.123    0.0265616    0.0786209    0.132335    0.123    0.0265616    
-0.0785841    -0.132229    -0.123003    -0.0265824    -0.0785841    -0.132229    -0.123003    -0.0265824    
0.0785477    0.132125    0.123006    0.026603    0.0785477    0.132125    0.123006    0.026603    
-0.0785119    -0.132022    -0.123008    -0.0266233    -0.0785119    -0.132022    -0.123008    -0.0266233    
0.078477    0.131921    0.123011    0.0266432    0.078477    0.131921    0.123011    0.0266432    
0.0784432    0.131824    0.123013    0.0266626    0.0784432    0.131824    0.123013    0.0266626    
0.0784106    0.13173    0.123015    0.0266813    0.0784106    0.13173    0.123015    0.0266813    
0.0783794    0.13164    0.123018    0.0266993    0.0783794    0.13164    0.123018    0.0266993    
0.0783498    0.131554    0.123019    0.0267163    0.0783498    0.131554    0.123019    0.0267163    
-0.078322    -0.131474    -0.123021    -0.0267325    -0.078322    -0.131474    -0.123021    -0.0267325    
0.078296    0.131398    0.123023    0.0267475    0.078296    0.131398    0.123023    0.0267475    
0.078272    0.131329    0.123024    0.0267614    0.078272    0.131329    0.123024    0.0267614    
-0.0782501    -0.131265    -0.123026    -0.0267742    -0.0782501    -0.131265    -0.123026    -0.0267742    
0.0782305    0.131208    0.123027    0.0267856    0.0782305    0.131208    0.123027    0.0267856    
0.0782131    0.131158    0.123028    0.0267958    0.0782131    0.131158    0.123028    0.0267958    
0.0781981    0.131115    0.123028    0.0268046    0.0781981    0.131115    0.123028    0.0268046    
0.0781856    0.131078    0.123029    0.0268119    0.0781856    0.131078    0.123029    0.0268119    
-0.0781755    -0.131049    -0.12303    -0.0268179    -0.0781755    -0.131049    -0.12303    -0.0268179    
0.0781679    0.131027    0.12303    0.0268223    0.0781679    0.131027    0.12303    0.0268223    
0.0781628    0.131012    0.12303    0.0268253    0.0781628    0.131012    0.12303    0.0268253    
-0.0781602    -0.131004    -0.123031    -0.0268268    -0.0781602    -0.131004    -0.123031    -0.0268268    
-0.0781601    -0.131004    -0.123031    -0.0268269    -0.0781601    -0.131004    -0.123031    -0.0268269    
0.0781624    0.131011    0.12303    0.0268255    0.0781624    0.131011    0.12303    0.0268255    
0.0781673    0.131025    0.12303    0.0268227    0.0781673    0.131025    0.12303    0.0268227    
0.0781745    0.131046    0.12303    0.0268185    0.0781745    0.131046    0.12303    0.0268185    
0.078184    0.131073    0.123029    0.0268129    0.078184    0.131073    0.123029    0.0268129    
0.0781958    0.131108    0.123029    0.026806    0.0781958    0.131108    0.123029    0.026806    
-0.0782097    -0.131148    -0.123028    -0.0267978    -0.0782097    -0.131148    -0.123028    -0.0267978    
-0.0782257    -0.131195    -0.123027    -0.0267885    -0.0782257    -0.131195    -0.123027    -0.0267885    
0.0782437    0.131247    0.123026    0.026778    0.0782437    0.131247    0.123026    0.026778    
0.0782635    0.131304    0.123025    0.0267664    0.0782635    0.131304    0.123025    0.0267664    
0.078285    0.131366    0.123023    0.0267539    0.078285    0.131366    0.123023    0.0267539    
-0.0783081    -0.131433    -0.123022    -0.0267405    -0.0783081    -0.131433    -0.123022    -0.0267405    
-0.0783326    -0.131504    -0.12302    -0.0267263    -0.0783326    -0.131504    -0.12302    -0.0267263    
-0.0783585    -0.131579    -0.123019    -0.0267114    -0.0783585    -0.131579    -0.123019    -0.0267114    
-0.0783854    -0.131657    -0.123017    -0.0266959    -0.0783854    -0.131657    -0.123017    -0.0266959    
0.0784133    0.131737    0.123015    0.0266798    0.0784133    0.131737    0.123015    0.0266798    
0.0784419    0.13182    0.123013    0.0266634    0.0784419    0.13182    0.123013    0.0266634    
0.0784712    0.131905    0.123011    0.0266466    0.0784712    0.131905    0.123011    0.0266466    
-0.0785009    -0.13199    -0.123009    -0.0266297    -0.0785009    -0.13199    -0.123009    -0.0266297    
-0.0785308    -0.132076    -0.123007    -0.0266126    -0.0785308    -0.132076    -0.123007    -0.0266126    
0.0785608    0.132162    0.123005    0.0265956    0.0785608    0.132162    0.123005    0.0265956    
-0.0785906    -0.132248    -0.123002    -0.0265787    -0.0785906    -0.132248    -0.123002    -0.0265787    
0.0786201    0.132333    0.123    0.026562    0.0786201    0.132333    0.123    0.026562    
0.0786491    0.132416    0.122998    0.0265457    0.0786491    0.132416    0.122998    0.0265457    
-0.0786774    -0.132497    -0.122996    -0.0265298    -0.0786774    -0.132497    -0.122996    -0.0265298    
-0.0787049    -0.132576    -0.122993    -0.0265144    -0.0787049    -0.132576    -0.122993    -0.0265144    
0.0787313    0.132652    0.122991    0.0264996    0.0787313    0.132652    0.122991    0.0264996    
-0.0787565    -0.132724    -0.122989    -0.0264855    -0.0787565    -0.132724    -0.122989    -0.0264855    
-0.0787803    -0.132792    -0.122987    -0.0264722    -0.0787803    -0.132792    -0.122987    -0.0264722    
-0.0788027    -0.132856    -0.122985    -0.0264598    -0.0788027    -0.132856    -0.122985    -0.0264598    
0.0788234    0.132915    0.122983    0.0264482    0.0788234    0.132915    0.122983    0.0264482    
0.0788424    0.132969    0.122982    0.0264377    0.0788424    0.132969    0.122982    0.0264377    
0.0788595    0.133018    0.12298    0.0264283    0.0788595    0.133018    0.12298    0.0264283    
-0.0788746    -0.133061    -0.122979    -0.0264199    -0.0788746    -0.133061    -0.122979    -0.0264199    
0.0788876    0.133098    0.122977    0.0264127    0.0788876    0.133098    0.122977    0.0264127    
0.0788985    0.133129    0.122976    0.0264067    0.0788985    0.133129    0.122976    0.0264067    
-0.0789073    -0.133154    -0.122976    -0.0264019    -0.0789073    -0.133154    -0.122976    -0.0264019    
0.0789138    0.133172    0.122975    0.0263983    0.0789138    0.133172    0.122975    0.0263983    
-0.078918    -0.133184    -0.122975    -0.026396    -0.078918    -0.133184    -0.122975    -0.026396    
-0.07892    -0.13319    -0.122975    -0.0263949    -0.07892    -0.13319    -0.122975    -0.0263949    
-0.0789198    -0.133189    -0.122975    -0.026395    -0.0789198    -0.133189    -0.122975    -0.026395    
0.0789173    0.133182    0.122975    0.0263964    0.0789173    0.133182    0.122975    0.0263964    
-0.0789127    -0.133169    -0.122975    -0.0263989    -0.0789127    -0.133169    -0.122975    -0.0263989    
0.0789059    0.13315    0.122976    0.0264026    0.0789059    0.13315    0.122976    0.0264026    
-0.078897    -0.133125    -0.122977    -0.0264075    -0.078897    -0.133125    -0.122977    -0.0264075    
-0.0788862    -0.133094    -0.122978    -0.0264135    -0.0788862    -0.133094    -0.122978    -0.0264135    
0.0788735    0.133058    0.122979    0.0264205    0.0788735    0.133058    0.122979    0.0264205    
0.0788591    0.133016    0.12298    0.0264285    0.0788591    0.133016    0.12298    0.0264285    
0.0788429    0.13297    0.122982    0.0264374    0.0788429    0.13297    0.122982    0.0264374    
0.0788253    0.13292    0.122983    0.0264472    0.0788253    0.13292    0.122983    0.0264472    
0.0788062    0.132866    0.122985    0.0264578    0.0788062    0.132866    0.122985    0.0264578    
0.0787859    0.132808    0.122987    0.0264691    0.0787859    0.132808    0.122987    0.0264691    
0.0787645    0.132747    0.122988    0.026481    0.0787645    0.132747    0.122988    0.026481    
-0.0787422    -0.132683    -0.12299    -0.0264935    -0.0787422    -0.132683    -0.12299    -0.0264935    
-0.078719    -0.132616    -0.122992    -0.0265064    -0.078719    -0.132616    -0.122992    -0.0265064    
-0.0786953    -0.132548    -0.122994    -0.0265197    -0.0786953    -0.132548    -0.122994    -0.0265197    
0.078671    0.132479    0.122996    0.0265333    0.078671    0.132479    0.122996    0.0265333    
-0.0786465    -0.132409    -0.122998    -0.0265471    -0.0786465    -0.132409    -0.122998    -0.0265471    
0.0786218    0.132338    0.123    0.026561    0.0786218    0.132338    0.123    0.026561    
0.0785971    0.132267    0.123002    0.026575    0.0785971    0.132267    0.123002    0.026575    
-0.0785726    -0.132196    -0.123004    -0.0265889    -0.0785726    -0.132196    -0.123004    -0.0265889    
-0.0785484    -0.132127    -0.123006    -0.0266026    -0.0785484    -0.132127    -0.123006    -0.0266026    
-0.0785246    -0.132059    -0.123007    -0.0266161    -0.0785246    -0.132059    -0.123007    -0.0266161    
0.0785015    0.131992    0.123009    0.0266293    0.0785015    0.131992    0.123009    0.0266293    
0.0784791    0.131927    0.123011    0.0266421    0.0784791    0.131927    0.123011    0.0266421    
-0.0784576    -0.131865    -0.123012    -0.0266544    -0.0784576    -0.131865    -0.123012    -0.0266544    
0.078437    0.131806    0.123014    0.0266662    0.078437    0.131806    0.123014    0.0266662    
-0.0784175    -0.13175    -0.123015    -0.0266773    -0.0784175    -0.13175    -0.123015    -0.0266773    
-0.0783993    -0.131697    -0.123016    -0.0266878    -0.0783993    -0.131697    -0.123016    -0.0266878    
0.0783823    0.131648    0.123017    0.0266976    0.0783823    0.131648    0.123017    0.0266976    
-0.0783667    -0.131603    -0.123018    -0.0267066    -0.0783667    -0.131603    -0.123018    -0.0267066    
-0.0783525    -0.131562    -0.123019    -0.0267148    -0.0783525    -0.131562    -0.123019    -0.0267148    
0.0783399    0.131525    0.12302    0.0267221    0.0783399    0.131525    0.12302    0.0267221    
0.0783288    0.131493    0.123021    0.0267285    0.0783288    0.131493    0.123021    0.0267285    
0.0783193    0.131466    0.123021    0.026734    0.0783193    0.131466    0.123021    0.026734    
0.0783116    0.131443    0.123022    0.0267385    0.0783116    0.131443    0.123022    0.0267385    
-0.0783054    -0.131426    -0.123022    -0.026742    -0.0783054    -0.131426    -0.123022    -0.026742    
0.078301    0.131413    0.123022    0.0267446    0.078301    0.131413    0.123022    0.0267446    
-0.0782983    -0.131405    -0.123023    -0.0267462    -0.0782983    -0.131405    -0.123023    -0.0267462    
-0.0782973    -0.131402    -0.123023    -0.0267467    -0.0782973    -0.131402    -0.123023    -0.0267467    
0.078298    0.131404    0.123023    0.0267463    0.078298    0.131404    0.123023    0.0267463    
0.0783004    0.131411    0.123022    0.026745    0.0783004    0.131411    0.123022    0.026745    
0.0783044    0.131423    0.123022    0.0267426    0.0783044    0.131423    0.123022    0.0267426    
0.07831    0.131439    0.123022    0.0267394    0.07831    0.131439    0.123022    0.0267394    
0.0783172    0.13146    0.123021    0.0267352    0.0783172    0.13146    0.123021    0.0267352    
0.0783259    0.131485    0.123021    0.0267302    0.0783259    0.131485    0.123021    0.0267302    
-0.078336    -0.131514    -0.12302    -0.0267244    -0.078336    -0.131514    -0.12302    -0.0267244    
-0.0783475    -0.131547    -0.12302    -0.0267177    -0.0783475    -0.131547    -0.12302    -0.0267177    
0.0783602    0.131584    0.123019    0.0267104    0.0783602    0.131584    0.123019    0.0267104    
-0.0783742    -0.131625    -0.123018    -0.0267023    -0.0783742    -0.131625    -0.123018    -0.0267023    
0.0783892    0.131668    0.123017    0.0266936    0.0783892    0.131668    0.123017    0.0266936    
-0.0784053    -0.131715    -0.123016    -0.0266844    -0.0784053    -0.131715    -0.123016    -0.0266844    
0.0784223    0.131764    0.123015    0.0266746    0.0784223    0.131764    0.123015    0.0266746    
0.0784401    0.131815    0.123013    0.0266644    0.0784401    0.131815    0.123013    0.0266644    
0.0784585    0.131868    0.123012    0.0266539    0.0784585    0.131868    0.123012    0.0266539    
-0.0784775    -0.131923    -0.123011    -0.026643    -0.0784775    -0.131923    -0.123011    -0.026643    
0.078497    0.131979    0.123009    0.0266319    0.078497    0.131979    0.123009    0.0266319    
0.0785168    0.132036    0.123008    0.0266206    0.0785168    0.132036    0.123008    0.0266206    
-0.0785368    -0.132094    -0.123006    -0.0266092    -0.0785368    -0.132094    -0.123006    -0.0266092    
0.0785569    0.132151    0.123005    0.0265978    0.0785569    0.132151    0.123005    0.0265978    
-0.0785769    -0.132209    -0.123003    -0.0265865    -0.0785769    -0.132209    -0.123003    -0.0265865    
0.0785967    0.132266    0.123002    0.0265752    0.0785967    0.132266    0.123002    0.0265752    
-0.0786163    -0.132322    -0.123    -0.0265642    -0.0786163    -0.132322    -0.123    -0.0265642    
0.0786354    0.132377    0.122999    0.0265534    0.0786354    0.132377    0.122999    0.0265534    
-0.078654    -0.13243    -0.122997    -0.0265429    -0.078654    -0.13243    -0.122997    -0.0265429    
0.0786719    0.132482    0.122996    0.0265328    0.0786719    0.132482    0.122996    0.0265328    
0.0786891    0.132531    0.122995    0.0265232    0.0786891    0.132531    0.122995    0.0265232    
0.0787054    0.132577    0.122993    0.026514    0.0787054    0.132577    0.122993    0.026514    
-0.0787208    -0.132621    -0.122992    -0.0265054    -0.0787208    -0.132621    -0.122992    -0.0265054    
0.0787351    0.132662    0.122991    0.0264974    0.0787351    0.132662    0.122991    0.0264974    
-0.0787482    -0.1327    -0.12299    -0.0264901    -0.0787482    -0.1327    -0.12299    -0.0264901    
-0.0787602    -0.132734    -0.122989    -0.0264834    -0.0787602    -0.132734    -0.122989    -0.0264834    
0.0787708    0.132765    0.122988    0.0264775    0.0787708    0.132765    0.122988    0.0264775    
0.0787802    0.132791    0.122987    0.0264723    0.0787802    0.132791    0.122987    0.0264723    
0.0787881    0.132814    0.122986    0.0264679    0.0787881    0.132814    0.122986    0.0264679    
-0.0787946    -0.132833    -0.122986    -0.0264642    -0.0787946    -0.132833    -0.122986    -0.0264642    
0.0787997    0.132847    0.122985    0.0264614    0.0787997    0.132847    0.122985    0.0264614    
-0.0788033    -0.132857    -0.122985    -0.0264594    -0.0788033    -0.132857    -0.122985    -0.0264594    
0.0788054    0.132863    0.122985    0.0264583    0.0788054    0.132863    0.122985    0.0264583    
0.078806    0.132865    0.122985    0.0264579    0.078806    0.132865    0.122985    0.0264579    
0.0788051    0.132863    0.122985    0.0264584    0.0788051    0.132863    0.122985    0.0264584    
0.0788028    0.132856    0.122985    0.0264597    0.0788028    0.132856    0.122985    0.0264597    
0.078799    0.132845    0.122985    0.0264618    0.078799    0.132845    0.122985    0.0264618    
0.0787939    0.132831    0.122986    0.0264646    0.0787939    0.132831    0.122986    0.0264646    
-0.0787874    -0.132812    -0.122986    -0.0264682    -0.0787874    -0.132812    -0.122986    -0.0264682    
0.0787797    0.13279    0.122987    0.0264726    0.0787797    0.13279    0.122987    0.0264726    
0.0787707    0.132764    0.122988    0.0264775    0.0787707    0.132764    0.122988    0.0264775    
0.0787606    0.132735    0.122989    0.0264832    0.0787606    0.132735    0.122989    0.0264832    
-0.0787494    -0.132703    -0.12299    -0.0264894    -0.0787494    -0.132703    -0.12299    -0.0264894    
-0.0787373    -0.132669    -0.122991    -0.0264962    -0.0787373    -0.132669    -0.122991    -0.0264962    
-0.0787243    -0.132631    -0.122992    -0.0265035    -0.0787243    -0.132631    -0.122992    -0.0265035    
0.0787104    0.132592    0.122993    0.0265112    0.0787104    0.132592    0.122993    0.0265112    
-0.0786959    -0.13255    -0.122994    -0.0265193    -0.0786959    -0.13255    -0.122994    -0.0265193    
-0.0786808    -0.132507    -0.122995    -0.0265278    -0.0786808    -0.132507    -0.122995    -0.0265278    
-0.0786652    -0.132462    -0.122997    -0.0265366    -0.0786652    -0.132462    -0.122997    -0.0265366    
-0.0786492    -0.132417    -0.122998    -0.0265456    -0.0786492    -0.132417    -0.122998    -0.0265456    
0.078633    0.13237    0.122999    0.0265547    0.078633    0.13237    0.122999    0.0265547    
-0.0786165    -0.132323    -0.123    -0.026564    -0.0786165    -0.132323    -0.123    -0.026564    
-0.0786    -0.132275    -0.123002    -0.0265733    -0.0786    -0.132275    -0.123002    -0.0265733    
-0.0785836    -0.132228    -0.123003    -0.0265827    -0.0785836    -0.132228    -0.123003    -0.0265827    
-0.0785673    -0.132181    -0.123004    -0.0265919    -0.0785673    -0.132181    -0.123004    -0.0265919    
0.0785512    0.132135    0.123005    0.026601    0.0785512    0.132135    0.123005    0.026601    
-0.0785354    -0.13209    -0.123007    -0.02661    -0.0785354    -0.13209    -0.123007    -0.02661    
0.0785201    0.132046    0.123008    0.0266187    0.0785201    0.132046    0.123008    0.0266187    
-0.0785053    -0.132003    -0.123009    -0.0266271    -0.0785053    -0.132003    -0.123009    -0.0266271    
0.0784912    0.131962    0.12301    0.0266352    0.0784912    0.131962    0.12301    0.0266352    
-0.0784777    -0.131923    -0.123011    -0.0266429    -0.0784777    -0.131923    -0.123011    -0.0266429    
-0.0784649    -0.131887    -0.123012    -0.0266502    -0.0784649    -0.131887    -0.123012    -0.0266502    
0.078453    0.131852    0.123013    0.026657    0.078453    0.131852    0.123013    0.026657    
0.078442    0.13182    0.123013    0.0266633    0.078442    0.13182    0.123013    0.0266633    
-0.0784319    -0.131791    -0.123014    -0.0266691    -0.0784319    -0.131791    -0.123014    -0.0266691    
0.0784228    0.131765    0.123015    0.0266743    0.0784228    0.131765    0.123015    0.0266743    
0.0784147    0.131742    0.123015    0.026679    0.0784147    0.131742    0.123015    0.026679    
-0.0784078    -0.131722    -0.123016    -0.026683    -0.0784078    -0.131722    -0.123016    -0.026683    
-0.0784019    -0.131705    -0.123016    -0.0266863    -0.0784019    -0.131705    -0.123016    -0.0266863    
-0.0783971    -0.131691    -0.123016    -0.0266891    -0.0783971    -0.131691    -0.123016    -0.0266891    
0.0783935    0.13168    0.123017    0.0266911    0.0783935    0.13168    0.123017    0.0266911    
-0.0783911    -0.131673    -0.123017    -0.0266926    -0.0783911    -0.131673    -0.123017    -0.0266926    
0.0783898    0.13167    0.123017    0.0266933    0.0783898    0.13167    0.123017    0.0266933    
-0.0783896    -0.131669    -0.123017    -0.0266934    -0.0783896    -0.131669    -0.123017    -0.0266934    
-0.0783906    -0.131672    -0.123017    -0.0266928    -0.0783906    -0.131672    -0.123017    -0.0266928    
-0.0783927    -0.131678    -0.123017    -0.0266916    -0.0783927    -0.131678    -0.123017    -0.0266916    
0.078396    0.131688    0.123016    0.0266897    0.078396    0.131688    0.123016    0.0266897    
0.0784002    0.1317    0.123016    0.0266873    0.0784002    0.1317    0.123016    0.0266873    
-0.0784056    -0.131715    -0.123016    -0.0266842    -0.0784056    -0.131715    -0.123016    -0.0266842    
-0.0784119    -0.131734    -0.123015    -0.0266806    -0.0784119    -0.131734    -0.123015    -0.0266806    
0.0784191    0.131754    0.123015    0.0266764    0.0784191    0.131754    0.123015    0.0266764    
0.0784273    0.131778    0.123014    0.0266717    0.0784273    0.131778    0.123014    0.0266717    
0.0784363    0.131804    0.123014    0.0266666    0.0784363    0.131804    0.123014    0.0266666    
-0.0784461    -0.131832    -0.123013    -0.026661    -0.0784461    -0.131832    -0.123013    -0.026661    
0.0784565    0.131862    0.123012    0.026655    0.0784565    0.131862    0.123012    0.026655    
0.0784677    0.131894    0.123011    0.0266486    0.0784677    0.131894    0.123011    0.0266486    
0.0784793    0.131928    0.123011    0.0266419    0.0784793    0.131928    0.123011    0.0266419    
-0.0784915    -0.131963    -0.12301    -0.026635    -0.0784915    -0.131963    -0.12301    -0.026635    
-0.0785041    -0.131999    -0.123009    -0.0266278    -0.0785041    -0.131999    -0.123009    -0.0266278    
0.078517    0.132037    0.123008    0.0266205    0.078517    0.132037    0.123008    0.0266205    
-0.0785302    -0.132075    -0.123007    -0.026613    -0.0785302    -0.132075    -0.123007    -0.026613    
-0.0785435    -0.132113    -0.123006    -0.0266054    -0.0785435    -0.132113    -0.123006    -0.0266054    
-0.0785569    -0.132151    -0.123005    -0.0265978    -0.0785569    -0.132151    -0.123005    -0.0265978    
-0.0785704    -0.13219    -0.123004    -0.0265901    -0.0785704    -0.13219    -0.123004    -0.0265901    
0.0785837    0.132228    0.123003    0.0265826    0.0785837    0.132228    0.123003    0.0265826    
0.0785969    0.132266    0.123002    0.0265751    0.0785969    0.132266    0.123002    0.0265751    
0.0786098    0.132303    0.123001    0.0265678    0.0786098    0.132303    0.123001    0.0265678    
0.0786224    0.132339    0.123    0.0265607    0.0786224    0.132339    0.123    0.0265607    
-0.0786346    -0.132374    -0.122999    -0.0265539    -0.0786346    -0.132374    -0.122999    -0.0265539    
-0.0786463    -0.132408    -0.122998    -0.0265473    -0.0786463    -0.132408    -0.122998    -0.0265473    
0.0786575    0.13244    0.122997    0.026541    0.0786575    0.13244    0.122997    0.026541    
-0.078668    -0.13247    -0.122996    -0.026535    -0.078668    -0.13247    -0.122996    -0.026535    
0.0786779    0.132499    0.122996    0.0265295    0.0786779    0.132499    0.122996    0.0265295    
-0.078687    -0.132525    -0.122995    -0.0265244    -0.078687    -0.132525    -0.122995    -0.0265244    
0.0786954    0.132549    0.122994    0.0265197    0.0786954    0.132549    0.122994    0.0265197    
0.0787029    0.13257    0.122994    0.0265154    0.0787029    0.13257    0.122994    0.0265154    
0.0787096    0.132589    0.122993    0.0265117    0.0787096    0.132589    0.122993    0.0265117    
-0.0787153    -0.132606    -0.122992    -0.0265085    -0.0787153    -0.132606    -0.122992    -0.0265085    
0.0787201    0.13262    0.122992    0.0265058    0.0787201    0.13262    0.122992    0.0265058    
0.078724    0.132631    0.122992    0.0265036    0.078724    0.132631    0.122992    0.0265036    
-0.0787269    -0.132639    -0.122992    -0.026502    -0.0787269    -0.132639    -0.122992    -0.026502    
0.0787287    0.132644    0.122991    0.026501    0.0787287    0.132644    0.122991    0.026501    
-0.0787297    -0.132647    -0.122991    -0.0265005    -0.0787297    -0.132647    -0.122991    -0.0265005    
0.0787296    0.132647    0.122991    0.0265005    0.0787296    0.132647    0.122991    0.0265005    
-0.0787285    -0.132644    -0.122991    -0.0265011    -0.0787285    -0.132644    -0.122991    -0.0265011    
-0.0787266    -0.132638    -0.122992    -0.0265022    -0.0787266    -0.132638    -0.122992    -0.0265022    
-0.0787236    -0.13263    -0.122992    -0.0265038    -0.0787236    -0.13263    -0.122992    -0.0265038    
-0.0787198    -0.132619    -0.122992    -0.026506    -0.0787198    -0.132619    -0.122992    -0.026506    
-0.0787151    -0.132605    -0.122993    -0.0265086    -0.0787151    -0.132605    -0.122993    -0.0265086    
-0.0787096    -0.132589    -0.122993    -0.0265117    -0.0787096    -0.132589    -0.122993    -0.0265117    
-0.0787032    -0.132571    -0.122994    -0.0265152    -0.0787032    -0.132571    -0.122994    -0.0265152    
-0.0786962    -0.132551    -0.122994    -0.0265192    -0.0786962    -0.132551    -0.122994    -0.0265192    
-0.0786885    -0.132529    -0.122995    -0.0265235    -0.0786885    -0.132529    -0.122995    -0.0265235    
0.0786801    0.132505    0.122995    0.0265282    0.0786801    0.132505    0.122995    0.0265282    
-0.0786712    -0.132479    -0.122996    -0.0265332    -0.0786712    -0.132479    -0.122996    -0.0265332    
0.0786618    0.132452    0.122997    0.0265385    0.0786618    0.132452    0.122997    0.0265385    
-0.0786519    -0.132424    -0.122998    -0.0265441    -0.0786519    -0.132424    -0.122998    -0.0265441    
0.0786417    0.132395    0.122998    0.0265498    0.0786417    0.132395    0.122998    0.0265498    
0.0786311    0.132365    0.122999    0.0265558    0.0786311    0.132365    0.122999    0.0265558    
0.0786204    0.132334    0.123    0.0265618    0.0786204    0.132334    0.123    0.0265618    
-0.0786095    -0.132302    -0.123001    -0.026568    -0.0786095    -0.132302    -0.123001    -0.026568    
0.0785985    0.132271    0.123002    0.0265742    0.0785985    0.132271    0.123002    0.0265742    
0.0785875    0.132239    0.123003    0.0265805    0.0785875    0.132239    0.123003    0.0265805    
0.0785765    0.132208    0.123004    0.0265867    0.0785765    0.132208    0.123004    0.0265867    
0.0785656    0.132176    0.123004    0.0265928    0.0785656    0.132176    0.123004    0.0265928    
0.078555    0.132146    0.123005    0.0265989    0.078555    0.132146    0.123005    0.0265989    
-0.0785446    -0.132116    -0.123006    -0.0266048    -0.0785446    -0.132116    -0.123006    -0.0266048    
0.0785344    0.132087    0.123007    0.0266105    0.0785344    0.132087    0.123007    0.0266105    
0.0785247    0.132059    0.123007    0.0266161    0.0785247    0.132059    0.123007    0.0266161    
0.0785154    0.132032    0.123008    0.0266214    0.0785154    0.132032    0.123008    0.0266214    
-0.0785066    -0.132006    -0.123009    -0.0266264    -0.0785066    -0.132006    -0.123009    -0.0266264    
-0.0784982    -0.131983    -0.123009    -0.0266311    -0.0784982    -0.131983    -0.123009    -0.0266311    
0.0784905    0.13196    0.12301    0.0266356    0.0784905    0.13196    0.12301    0.0266356    
0.0784834    0.13194    0.12301    0.0266396    0.0784834    0.13194    0.12301    0.0266396    
-0.0784769    -0.131921    -0.123011    -0.0266433    -0.0784769    -0.131921    -0.123011    -0.0266433    
-0.0784711    -0.131904    -0.123011    -0.0266466    -0.0784711    -0.131904    -0.123011    -0.0266466    
0.078466    0.13189    0.123012    0.0266496    0.078466    0.13189    0.123012    0.0266496    
0.0784617    0.131877    0.123012    0.026652    0.0784617    0.131877    0.123012    0.026652    
0.0784581    0.131867    0.123012    0.0266541    0.0784581    0.131867    0.123012    0.0266541    
0.0784552    0.131859    0.123012    0.0266557    0.0784552    0.131859    0.123012    0.0266557    
-0.0784532    -0.131853    -0.123012    -0.0266569    -0.0784532    -0.131853    -0.123012    -0.0266569    
0.0784519    0.131849    0.123013    0.0266577    0.0784519    0.131849    0.123013    0.0266577    
-0.0784514    -0.131847    -0.123013    -0.026658    -0.0784514    -0.131847    -0.123013    -0.026658    
0.0784516    0.131848    0.123013    0.0266578    0.0784516    0.131848    0.123013    0.0266578    
0.0784526    0.131851    0.123013    0.0266572    0.0784526    0.131851    0.123013    0.0266572    
0.0784544    0.131856    0.123012    0.0266562    0.0784544    0.131856    0.123012    0.0266562    
-0.0784569    -0.131863    -0.123012    -0.0266548    -0.0784569    -0.131863    -0.123012    -0.0266548    
0.0784601    0.131873    0.123012    0.0266529    0.0784601    0.131873    0.123012    0.0266529    
-0.078464    -0.131884    -0.123012    -0.0266507    -0.078464    -0.131884    -0.123012    -0.0266507    
0.0784686    0.131897    0.123011    0.0266481    0.0784686    0.131897    0.123011    0.0266481    
-0.0784738    -0.131912    -0.123011    -0.0266451    -0.0784738    -0.131912    -0.123011    -0.0266451    
0.0784795    0.131929    0.123011    0.0266418    0.0784795    0.131929    0.123011    0.0266418    
-0.0784858    -0.131947    -0.12301    -0.0266382    -0.0784858    -0.131947    -0.12301    -0.0266382    
0.0784926    0.131966    0.12301    0.0266344    0.0784926    0.131966    0.12301    0.0266344    
0.0784999    0.131987    0.123009    0.0266302    0.0784999    0.131987    0.123009    0.0266302    
-0.0785075    -0.132009    -0.123009    -0.0266259    -0.0785075    -0.132009    -0.123009    -0.0266259    
0.0785155    0.132032    0.123008    0.0266213    0.0785155    0.132032    0.123008    0.0266213    
0.0785238    0.132056    0.123007    0.0266166    0.0785238    0.132056    0.123007    0.0266166    
-0.0785324    -0.132081    -0.123007    -0.0266117    -0.0785324    -0.132081    -0.123007    -0.0266117    
-0.0785411    -0.132106    -0.123006    -0.0266067    -0.0785411    -0.132106    -0.123006    -0.0266067    
0.07855    0.132132    0.123006    0.0266017    0.07855    0.132132    0.123006    0.0266017    
0.078559    0.132157    0.123005    0.0265966    0.078559    0.132157    0.123005    0.0265966    
-0.078568    -0.132183    -0.123004    -0.0265915    -0.078568    -0.132183    -0.123004    -0.0265915    
0.0785769    0.132209    0.123003    0.0265864    0.0785769    0.132209    0.123003    0.0265864    
0.0785858    0.132234    0.123003    0.0265814    0.0785858    0.132234    0.123003    0.0265814    
-0.0785945    -0.132259    -0.123002    -0.0265765    -0.0785945    -0.132259    -0.123002    -0.0265765    
-0.078603    -0.132284    -0.123001    -0.0265717    -0.078603    -0.132284    -0.123001    -0.0265717    
0.0786113    0.132308    0.123001    0.026567    0.0786113    0.132308    0.123001    0.026567    
-0.0786193    -0.132331    -0.123    -0.0265625    -0.0786193    -0.132331    -0.123    -0.0265625    
0.0786269    0.132353    0.123    0.0265582    0.0786269    0.132353    0.123    0.0265582    
-0.0786342    -0.132373    -0.122999    -0.0265541    -0.0786342    -0.132373    -0.122999    -0.0265541    
-0.078641    -0.132393    -0.122999    -0.0265502    -0.078641    -0.132393    -0.122999    -0.0265502    
-0.0786473    -0.132411    -0.122998    -0.0265467    -0.0786473    -0.132411    -0.122998    -0.0265467    
0.0786532    0.132428    0.122998    0.0265434    0.0786532    0.132428    0.122998    0.0265434    
0.0786585    0.132443    0.122997    0.0265404    0.0786585    0.132443    0.122997    0.0265404    
-0.0786632    -0.132457    -0.122997    -0.0265377    -0.0786632    -0.132457    -0.122997    -0.0265377    
0.0786674    0.132468    0.122996    0.0265354    0.0786674    0.132468    0.122996    0.0265354    
0.0786709    0.132479    0.122996    0.0265334    0.0786709    0.132479    0.122996    0.0265334    
0.0786738    0.132487    0.122996    0.0265318    0.0786738    0.132487    0.122996    0.0265318    
-0.078676    -0.132493    -0.122996    -0.0265305    -0.078676    -0.132493    -0.122996    -0.0265305    
-0.0786776    -0.132498    -0.122996    -0.0265296    -0.0786776    -0.132498    -0.122996    -0.0265296    
0.0786786    0.132501    0.122996    0.0265291    0.0786786    0.132501    0.122996    0.0265291    
-0.0786789    -0.132501    -0.122995    -0.0265289    -0.0786789    -0.132501    -0.122995    -0.0265289    
0.0786785    0.1325    0.122996    0.0265291    0.0786785    0.1325    0.122996    0.0265291    
0.0786775    0.132498    0.122996    0.0265297    0.0786775    0.132498    0.122996    0.0265297    
0.0786759    0.132493    0.122996    0.0265306    0.0786759    0.132493    0.122996    0.0265306    
-0.0786736    -0.132487    -0.122996    -0.0265319    -0.0786736    -0.132487    -0.122996    -0.0265319    
0.0786708    0.132478    0.122996    0.0265334    0.0786708    0.132478    0.122996    0.0265334    
0.0786674    0.132469    0.122996    0.0265354    0.0786674    0.132469    0.122996    0.0265354    
-0.0786635    -0.132457    -0.122997    -0.0265376    -0.0786635    -0.132457    -0.122997    -0.0265376    
-0.0786591    -0.132445    -0.122997    -0.0265401    -0.0786591    -0.132445    -0.122997    -0.0265401    
-0.0786541    -0.132431    -0.122997    -0.0265428    -0.0786541    -0.132431    -0.122997    -0.0265428    
-0.0786488    -0.132415    -0.122998    -0.0265458    -0.0786488    -0.132415    -0.122998    -0.0265458    
0.078643    0.132399    0.122998    0.0265491    0.078643    0.132399    0.122998    0.0265491    
0.0786369    0.132381    0.122999    0.0265525    0.0786369    0.132381    0.122999    0.0265525    
-0.0786305    -0.132363    -0.122999    -0.0265561    -0.0786305    -0.132363    -0.122999    -0.0265561    
-0.0786238    -0.132344    -0.123    -0.0265599    -0.0786238    -0.132344    -0.123    -0.0265599    
0.0786169    0.132324    0.123    0.0265638    0.0786169    0.132324    0.123    0.0265638    
0.0786098    0.132303    0.123001    0.0265678    0.0786098    0.132303    0.123001    0.0265678    
0.0786025    0.132283    0.123002    0.0265719    0.0786025    0.132283    0.123002    0.0265719    
-0.0785952    -0.132262    -0.123002    -0.0265761    -0.0785952    -0.132262    -0.123002    -0.0265761    
0.0785879    0.13224    0.123003    0.0265802    0.0785879    0.13224    0.123003    0.0265802    
0.0785805    0.132219    0.123003    0.0265844    0.0785805    0.132219    0.123003    0.0265844    
0.0785732    0.132198    0.123004    0.0265885    0.0785732    0.132198    0.123004    0.0265885    
0.078566    0.132177    0.123004    0.0265926    0.078566    0.132177    0.123004    0.0265926    
-0.0785589    -0.132157    -0.123005    -0.0265966    -0.0785589    -0.132157    -0.123005    -0.0265966    
0.078552    0.132137    0.123005    0.0266005    0.078552    0.132137    0.123005    0.0266005    
-0.0785454    -0.132118    -0.123006    -0.0266043    -0.0785454    -0.132118    -0.123006    -0.0266043    
-0.078539    -0.1321    -0.123006    -0.026608    -0.078539    -0.1321    -0.123006    -0.026608    
-0.0785329    -0.132082    -0.123007    -0.0266114    -0.0785329    -0.132082    -0.123007    -0.0266114    
-0.0785271    -0.132066    -0.123007    -0.0266147    -0.0785271    -0.132066    -0.123007    -0.0266147    
0.0785217    0.13205    0.123008    0.0266178    0.0785217    0.13205    0.123008    0.0266178    
-0.0785167    -0.132036    -0.123008    -0.0266206    -0.0785167    -0.132036    -0.123008    -0.0266206    
-0.0785121    -0.132023    -0.123008    -0.0266232    -0.0785121    -0.132023    -0.123008    -0.0266232    
0.078508    0.132011    0.123009    0.0266256    0.078508    0.132011    0.123009    0.0266256    
-0.0785043    -0.132    -0.123009    -0.0266277    -0.0785043    -0.132    -0.123009    -0.0266277    
-0.0785011    -0.131991    -0.123009    -0.0266295    -0.0785011    -0.131991    -0.123009    -0.0266295    
-0.0784984    -0.131983    -0.123009    -0.026631    -0.0784984    -0.131983    -0.123009    -0.026631    
0.0784963    0.131977    0.123009    0.0266323    0.0784963    0.131977    0.123009    0.0266323    
-0.0784946    -0.131972    -0.12301    -0.0266332    -0.0784946    -0.131972    -0.12301    -0.0266332    
0.0784935    0.131969    0.12301    0.0266339    0.0784935    0.131969    0.12301    0.0266339    
-0.0784928    -0.131967    -0.12301    -0.0266342    -0.0784928    -0.131967    -0.12301    -0.0266342    
0.0784927    0.131967    0.12301    0.0266343    0.0784927    0.131967    0.12301    0.0266343    
-0.0784932    -0.131968    -0.12301    -0.0266341    -0.0784932    -0.131968    -0.12301    -0.0266341    
0.0784941    0.131971    0.12301    0.0266335    0.0784941    0.131971    0.12301    0.0266335    
0.0784955    0.131975    0.12301    0.0266327    0.0784955    0.131975    0.12301    0.0266327    
0.0784974    0.13198    0.123009    0.0266316    0.0784974    0.13198    0.123009    0.0266316    
-0.0784998    -0.131987    -0.123009    -0.0266303    -0.0784998    -0.131987    -0.123009    -0.0266303    
-0.0785026    -0.131995    -0.123009    -0.0266286    -0.0785026    -0.131995    -0.123009    -0.0266286    
-0.0785059    -0.132005    -0.123009    -0.0266268    -0.0785059    -0.132005    -0.123009    -0.0266268    
0.0785096    0.132015    0.123008    0.0266247    0.0785096    0.132015    0.123008    0.0266247    
-0.0785136    -0.132027    -0.123008    -0.0266224    -0.0785136    -0.132027    -0.123008    -0.0266224    
-0.078518    -0.132039    -0.123008    -0.0266199    -0.078518    -0.132039    -0.123008    -0.0266199    
0.0785227    0.132053    0.123008    0.0266172    0.0785227    0.132053    0.123008    0.0266172    
-0.0785277    -0.132067    -0.123007    -0.0266144    -0.0785277    -0.132067    -0.123007    -0.0266144    
0.0785329    0.132082    0.123007    0.0266114    0.0785329    0.132082    0.123007    0.0266114    
0.0785384    0.132098    0.123006    0.0266083    0.0785384    0.132098    0.123006    0.0266083    
-0.078544    -0.132114    -0.123006    -0.0266051    -0.078544    -0.132114    -0.123006    -0.0266051    
-0.0785498    -0.132131    -0.123006    -0.0266018    -0.0785498    -0.132131    -0.123006    -0.0266018    
-0.0785557    -0.132148    -0.123005    -0.0265984    -0.0785557    -0.132148    -0.123005    -0.0265984    
-0.0785617    -0.132165    -0.123005    -0.0265951    -0.0785617    -0.132165    -0.123005    -0.0265951    
0.0785677    0.132182    0.123004    0.0265916    0.0785677    0.132182    0.123004    0.0265916    
-0.0785737    -0.1322    -0.123004    -0.0265882    -0.0785737    -0.1322    -0.123004    -0.0265882    
-0.0785797    -0.132217    -0.123003    -0.0265849    -0.0785797    -0.132217    -0.123003    -0.0265849    
0.0785856    0.132234    0.123003    0.0265815    0.0785856    0.132234    0.123003    0.0265815    
-0.0785914    -0.13225    -0.123002    -0.0265783    -0.0785914    -0.13225    -0.123002    -0.0265783    
-0.078597    -0.132267    -0.123002    -0.0265751    -0.078597    -0.132267    -0.123002    -0.0265751    
0.0786024    0.132282    0.123002    0.026572    0.0786024    0.132282    0.123002    0.026572    
-0.0786076    -0.132297    -0.123001    -0.0265691    -0.0786076    -0.132297    -0.123001    -0.0265691    
0.0786126    0.132311    0.123001    0.0265662    0.0786126    0.132311    0.123001    0.0265662    
-0.0786173    -0.132325    -0.123    -0.0265636    -0.0786173    -0.132325    -0.123    -0.0265636    
0.0786217    0.132338    0.123    0.0265611    0.0786217    0.132338    0.123    0.0265611    
0.0786258    0.132349    0.123    0.0265588    0.0786258    0.132349    0.123    0.0265588    
-0.0786295    -0.13236    -0.122999    -0.0265567    -0.0786295    -0.13236    -0.122999    -0.0265567    
-0.0786329    -0.13237    -0.122999    -0.0265548    -0.0786329    -0.13237    -0.122999    -0.0265548    
0.0786358    0.132378    0.122999    0.0265531    0.0786358    0.132378    0.122999    0.0265531    
0.0786384    0.132385    0.122999    0.0265517    0.0786384    0.132385    0.122999    0.0265517    
0.0786405    0.132392    0.122999    0.0265505    0.0786405    0.132392    0.122999    0.0265505    
0.0786423    0.132396    0.122998    0.0265495    0.0786423    0.132396    0.122998    0.0265495    
0.0786435    0.1324    0.122998    0.0265488    0.0786435    0.1324    0.122998    0.0265488    
-0.0786444    -0.132403    -0.122998    -0.0265483    -0.0786444    -0.132403    -0.122998    -0.0265483    
-0.0786448    -0.132404    -0.122998    -0.0265481    -0.0786448    -0.132404    -0.122998    -0.0265481    
-0.0786448    -0.132404    -0.122998    -0.0265481    -0.0786448    -0.132404    -0.122998    -0.0265481    
0.0786444    0.132403    0.122998    0.0265483    0.0786444    0.132403    0.122998    0.0265483    
0.0786435    0.1324    0.122998    0.0265488    0.0786435    0.1324    0.122998    0.0265488    
-0.0786422    -0.132396    -0.122998    -0.0265495    -0.0786422    -0.132396    -0.122998    -0.0265495    
-0.0786405    -0.132392    -0.122999    -0.0265505    -0.0786405    -0.132392    -0.122999    -0.0265505    
0.0786385    0.132386    0.122999    0.0265516    0.0786385    0.132386    0.122999    0.0265516    
-0.078636    -0.132379    -0.122999    -0.026553    -0.078636    -0.132379    -0.122999    -0.026553    
0.0786333    0.132371    0.122999    0.0265546    0.0786333    0.132371    0.122999    0.0265546    
0.0786301    0.132362    0.122999    0.0265563    0.0786301    0.132362    0.122999    0.0265563    
0.0786267    0.132352    0.123    0.0265583    0.0786267    0.132352    0.123    0.0265583    
0.078623    0.132341    0.123    0.0265604    0.078623    0.132341    0.123    0.0265604    
-0.0786191    -0.13233    -0.123    -0.0265626    -0.0786191    -0.13233    -0.123    -0.0265626    
-0.0786149    -0.132318    -0.123001    -0.0265649    -0.0786149    -0.132318    -0.123001    -0.0265649    
0.0786105    0.132305    0.123001    0.0265674    0.0786105    0.132305    0.123001    0.0265674    
0.078606    0.132292    0.123001    0.02657    0.078606    0.132292    0.123001    0.02657    
0.0786013    0.132279    0.123002    0.0265726    0.0786013    0.132279    0.123002    0.0265726    
0.0785965    0.132265    0.123002    0.0265753    0.0785965    0.132265    0.123002    0.0265753    
0.0785916    0.132251    0.123002    0.0265781    0.0785916    0.132251    0.123002    0.0265781    
0.0785867    0.132237    0.123003    0.0265809    0.0785867    0.132237    0.123003    0.0265809    
0.0785818    0.132223    0.123003    0.0265837    0.0785818    0.132223    0.123003    0.0265837    
-0.0785769    -0.132209    -0.123004    -0.0265864    -0.0785769    -0.132209    -0.123004    -0.0265864    
-0.078572    -0.132195    -0.123004    -0.0265892    -0.078572    -0.132195    -0.123004    -0.0265892    
0.0785673    0.132181    0.123004    0.0265919    0.0785673    0.132181    0.123004    0.0265919    
0.0785626    0.132168    0.123005    0.0265946    0.0785626    0.132168    0.123005    0.0265946    
0.078558    0.132155    0.123005    0.0265971    0.078558    0.132155    0.123005    0.0265971    
0.0785537    0.132142    0.123005    0.0265996    0.0785537    0.132142    0.123005    0.0265996    
0.0785495    0.13213    0.123006    0.026602    0.0785495    0.13213    0.123006    0.026602    
-0.0785455    -0.132119    -0.123006    -0.0266043    -0.0785455    -0.132119    -0.123006    -0.0266043    
0.0785417    0.132108    0.123006    0.0266064    0.0785417    0.132108    0.123006    0.0266064    
0.0785382    0.132098    0.123006    0.0266084    0.0785382    0.132098    0.123006    0.0266084    
0.078535    0.132088    0.123007    0.0266102    0.078535    0.132088    0.123007    0.0266102    
-0.0785321    -0.13208    -0.123007    -0.0266119    -0.0785321    -0.13208    -0.123007    -0.0266119    
-0.0785295    -0.132072    -0.123007    -0.0266134    -0.0785295    -0.132072    -0.123007    -0.0266134    
0.0785271    0.132066    0.123007    0.0266147    0.0785271    0.132066    0.123007    0.0266147    
0.0785252    0.13206    0.123007    0.0266158    0.0785252    0.13206    0.123007    0.0266158    
0.0785235    0.132055    0.123007    0.0266168    0.0785235    0.132055    0.123007    0.0266168    
-0.0785222    -0.132052    -0.123008    -0.0266175    -0.0785222    -0.132052    -0.123008    -0.0266175    
0.0785213    0.132049    0.123008    0.026618    0.0785213    0.132049    0.123008    0.026618    
0.0785207    0.132047    0.123008    0.0266184    0.0785207    0.132047    0.123008    0.0266184    
0.0785204    0.132046    0.123008    0.0266185    0.0785204    0.132046    0.123008    0.0266185    
0.0785205    0.132047    0.123008    0.0266185    0.0785205    0.132047    0.123008    0.0266185    
0.078521    0.132048    0.123008    0.0266182    0.078521    0.132048    0.123008    0.0266182    
0.0785217    0.13205    0.123008    0.0266178    0.0785217    0.13205    0.123008    0.0266178    
-0.0785228    -0.132053    -0.123008    -0.0266171    -0.0785228    -0.132053    -0.123008    -0.0266171    
-0.0785243    -0.132058    -0.123007    -0.0266163    -0.0785243    -0.132058    -0.123007    -0.0266163    
0.078526    0.132063    0.123007    0.0266153    0.078526    0.132063    0.123007    0.0266153    
-0.0785281    -0.132068    -0.123007    -0.0266142    -0.0785281    -0.132068    -0.123007    -0.0266142    
0.0785304    0.132075    0.123007    0.0266129    0.0785304    0.132075    0.123007    0.0266129    
0.0785329    0.132082    0.123007    0.0266114    0.0785329    0.132082    0.123007    0.0266114    
0.0785358    0.132091    0.123007    0.0266098    0.0785358    0.132091    0.123007    0.0266098    
0.0785388    0.132099    0.123006    0.0266081    0.0785388    0.132099    0.123006    0.0266081    
0.0785421    0.132109    0.123006    0.0266062    0.0785421    0.132109    0.123006    0.0266062    
0.0785455    0.132119    0.123006    0.0266043    0.0785455    0.132119    0.123006    0.0266043    
-0.0785491    -0.132129    -0.123006    -0.0266022    -0.0785491    -0.132129    -0.123006    -0.0266022    
-0.0785528    -0.13214    -0.123005    -0.0266001    -0.0785528    -0.13214    -0.123005    -0.0266001    
0.0785566    0.132151    0.123005    0.0265979    0.0785566    0.132151    0.123005    0.0265979    
0.0785605    0.132162    0.123005    0.0265957    0.0785605    0.132162    0.123005    0.0265957    
-0.0785645    -0.132173    -0.123004    -0.0265935    -0.0785645    -0.132173    -0.123004    -0.0265935    
0.0785685    0.132185    0.123004    0.0265912    0.0785685    0.132185    0.123004    0.0265912    
-0.0785726    -0.132196    -0.123004    -0.0265889    -0.0785726    -0.132196    -0.123004    -0.0265889    
-0.0785766    -0.132208    -0.123004    -0.0265866    -0.0785766    -0.132208    -0.123004    -0.0265866    
0.0785805    0.132219    0.123003    0.0265844    0.0785805    0.132219    0.123003    0.0265844    
-0.0785844    -0.13223    -0.123003    -0.0265822    -0.0785844    -0.13223    -0.123003    -0.0265822    
-0.0785882    -0.132241    -0.123003    -0.02658    -0.0785882    -0.132241    -0.123003    -0.02658    
0.0785919    0.132252    0.123002    0.0265779    0.0785919    0.132252    0.123002    0.0265779    
0.0785955    0.132262    0.123002    0.0265759    0.0785955    0.132262    0.123002    0.0265759    
-0.0785989    -0.132272    -0.123002    -0.026574    -0.0785989    -0.132272    -0.123002    -0.026574    
-0.0786022    -0.132281    -0.123002    -0.0265722    -0.0786022    -0.132281    -0.123002    -0.0265722    
-0.0786052    -0.13229    -0.123001    -0.0265704    -0.0786052    -0.13229    -0.123001    -0.0265704    
0.078608    0.132298    0.123001    0.0265688    0.078608    0.132298    0.123001    0.0265688    
0.0786106    0.132306    0.123001    0.0265674    0.0786106    0.132306    0.123001    0.0265674    
-0.078613    -0.132313    -0.123001    -0.026566    -0.078613    -0.132313    -0.123001    -0.026566    
0.0786151    0.132319    0.123001    0.0265648    0.0786151    0.132319    0.123001    0.0265648    
0.078617    0.132324    0.123    0.0265638    0.078617    0.132324    0.123    0.0265638    
0.0786186    0.132328    0.123    0.0265629    0.0786186    0.132328    0.123    0.0265629    
-0.0786198    -0.132332    -0.123    -0.0265622    -0.0786198    -0.132332    -0.123    -0.0265622    
0.0786209    0.132335    0.123    0.0265616    0.0786209    0.132335    0.123    0.0265616    
-0.0786216    -0.132337    -0.123    -0.0265612    -0.0786216    -0.132337    -0.123    -0.0265612    
0.078622    0.132338    0.123    0.0265609    0.078622    0.132338    0.123    0.0265609    
0.0786222    0.132339    0.123    0.0265609    0.0786222    0.132339    0.123    0.0265609    
0.078622    0.132338    0.123    0.0265609    0.078622    0.132338    0.123    0.0265609    
0.0786216    0.132337    0.123    0.0265612    0.0786216    0.132337    0.123    0.0265612    
-0.0786209    -0.132335    -0.123    -0.0265616    -0.0786209    -0.132335    -0.123    -0.0265616    
0.0786199    0.132332    0.123    0.0265621    0.0786199    0.132332    0.123    0.0265621    
0.0786186    0.132329    0.123    0.0265628    0.0786186    0.132329    0.123    0.0265628    
0.0786171    0.132324    0.123    0.0265637    0.0786171    0.132324    0.123    0.0265637    
-0.0786154    -0.132319    -0.123001    -0.0265647    -0.0786154    -0.132319    -0.123001    -0.0265647    
0.0786134    0.132314    0.123001    0.0265658    0.0786134    0.132314    0.123001    0.0265658    
0.0786113    0.132308    0.123001    0.026567    0.0786113    0.132308    0.123001    0.026567    
-0.0786089    -0.132301    -0.123001    -0.0265683    -0.0786089    -0.132301    -0.123001    -0.0265683    
0.0786063    0.132293    0.123001    0.0265698    0.0786063    0.132293    0.123001    0.0265698    
-0.0786036    -0.132286    -0.123001    -0.0265713    -0.0786036    -0.132286    -0.123001    -0.0265713    
0.0786008    0.132277    0.123002    0.0265729    0.0786008    0.132277    0.123002    0.0265729    
-0.0785978    -0.132269    -0.123002    -0.0265746    -0.0785978    -0.132269    -0.123002    -0.0265746    
-0.0785947    -0.13226    -0.123002    -0.0265764    -0.0785947    -0.13226    -0.123002    -0.0265764    
0.0785916    0.132251    0.123002    0.0265781    0.0785916    0.132251    0.123002    0.0265781    
0.0785883    0.132242    0.123003    0.02658    0.0785883    0.132242    0.123003    0.02658    
-0.0785851    -0.132232    -0.123003    -0.0265818    -0.0785851    -0.132232    -0.123003    -0.0265818    
-0.0785818    -0.132223    -0.123003    -0.0265837    -0.0785818    -0.132223    -0.123003    -0.0265837    
0.0785785    0.132213    0.123003    0.0265855    0.0785785    0.132213    0.123003    0.0265855    
0.0785752    0.132204    0.123004    0.0265874    0.0785752    0.132204    0.123004    0.0265874    
-0.078572    -0.132195    -0.123004    -0.0265892    -0.078572    -0.132195    -0.123004    -0.0265892    
-0.0785688    -0.132186    -0.123004    -0.026591    -0.0785688    -0.132186    -0.123004    -0.026591    
0.0785657    0.132177    0.123004    0.0265928    0.0785657    0.132177    0.123004    0.0265928    
0.0785627    0.132168    0.123005    0.0265945    0.0785627    0.132168    0.123005    0.0265945    
0.0785599    0.13216    0.123005    0.0265961    0.0785599    0.13216    0.123005    0.0265961    
0.0785571    0.132152    0.123005    0.0265977    0.0785571    0.132152    0.123005    0.0265977    
-0.0785545    -0.132145    -0.123005    -0.0265991    -0.0785545    -0.132145    -0.123005    -0.0265991    
0.0785521    0.132138    0.123005    0.0266005    0.0785521    0.132138    0.123005    0.0266005    
0.0785498    0.132131    0.123006    0.0266018    0.0785498    0.132131    0.123006    0.0266018    
-0.0785478    -0.132125    -0.123006    -0.026603    -0.0785478    -0.132125    -0.123006    -0.026603    
-0.0785459    -0.13212    -0.123006    -0.026604    -0.0785459    -0.13212    -0.123006    -0.026604    
-0.0785442    -0.132115    -0.123006    -0.026605    -0.0785442    -0.132115    -0.123006    -0.026605    
0.0785428    0.132111    0.123006    0.0266058    0.0785428    0.132111    0.123006    0.0266058    
0.0785416    0.132107    0.123006    0.0266065    0.0785416    0.132107    0.123006    0.0266065    
0.0785406    0.132104    0.123006    0.0266071    0.0785406    0.132104    0.123006    0.0266071    
0.0785398    0.132102    0.123006    0.0266075    0.0785398    0.132102    0.123006    0.0266075    
0.0785393    0.132101    0.123006    0.0266078    0.0785393    0.132101    0.123006    0.0266078    
0.078539    0.1321    0.123006    0.026608    0.078539    0.1321    0.123006    0.026608    
-0.0785389    -0.1321    -0.123006    -0.026608    -0.0785389    -0.1321    -0.123006    -0.026608    
0.0785391    0.1321    0.123006    0.0266079    0.0785391    0.1321    0.123006    0.0266079    
-0.0785395    -0.132101    -0.123006    -0.0266077    -0.0785395    -0.132101    -0.123006    -0.0266077    
-0.0785401    -0.132103    -0.123006    -0.0266073    -0.0785401    -0.132103    -0.123006    -0.0266073    
0.078541    0.132106    0.123006    0.0266068    0.078541    0.132106    0.123006    0.0266068    
0.0785421    0.132109    0.123006    0.0266062    0.0785421    0.132109    0.123006    0.0266062    
0.0785433    0.132112    0.123006    0.0266055    0.0785433    0.132112    0.123006    0.0266055    
0.0785448    0.132116    0.123006    0.0266047    0.0785448    0.132116    0.123006    0.0266047    
0.0785464    0.132121    0.123006    0.0266037    0.0785464    0.132121    0.123006    0.0266037    
0.0785482    0.132126    0.123006    0.0266027    0.0785482    0.132126    0.123006    0.0266027    
-0.0785502    -0.132132    -0.123006    -0.0266016    -0.0785502    -0.132132    -0.123006    -0.0266016    
-0.0785523    -0.132138    -0.123005    -0.0266004    -0.0785523    -0.132138    -0.123005    -0.0266004    
0.0785545    0.132144    0.123005    0.0265991    0.0785545    0.132144    0.123005    0.0265991    
-0.0785569    -0.132151    -0.123005    -0.0265978    -0.0785569    -0.132151    -0.123005    -0.0265978    
-0.0785593    -0.132158    -0.123005    -0.0265964    -0.0785593    -0.132158    -0.123005    -0.0265964    
-0.0785618    -0.132166    -0.123005    -0.026595    -0.0785618    -0.132166    -0.123005    -0.026595    
0.0785644    0.132173    0.123004    0.0265935    0.0785644    0.132173    0.123004    0.0265935    
0.0785671    0.132181    0.123004    0.026592    0.0785671    0.132181    0.123004    0.026592    
0.0785697    0.132188    0.123004    0.0265905    0.0785697    0.132188    0.123004    0.0265905    
0.0785724    0.132196    0.123004    0.026589    0.0785724    0.132196    0.123004    0.026589    
-0.0785751    -0.132204    -0.123004    -0.0265875    -0.0785751    -0.132204    -0.123004    -0.0265875    
