1.2    -1.17956    6.6498e-05    -0.686811    -2.65217    -0.123995
1.20164    -1.17972    0.000259879    -0.686496    -2.65084    -0.123969
1.20487    -1.18001    0.000566362    -0.685873    -2.64821    -0.123918
1.20965    -1.18044    0.000583046    -0.684957    -2.64434    -0.123843
1.21449    -1.18085    0.00058465    -0.684031    -2.64042    -0.123767
1.21935    -1.18125    0.000586541    -0.683106    -2.63651    -0.123691
1.22421    -1.18163    0.000588768    -0.682183    -2.63261    -0.123614
1.22908    -1.182    0.00057953    -0.681261    -2.62872    -0.123538
1.23391    -1.18235    0.000585004    -0.68035    -2.62487    -0.123463
1.23876    -1.18269    0.000590477    -0.679438    -2.62102    -0.123387
1.24364    -1.18301    0.000584141    -0.678522    -2.61716    -0.123312
1.24849    -1.18331    0.000580314    -0.677618    -2.61333    -0.123237
1.25332    -1.1836    0.000590384    -0.676718    -2.60953    -0.123162
1.2582    -1.18388    0.000588317    -0.675814    -2.60571    -0.123087
1.26306    -1.18415    0.000588171    -0.674914    -2.60191    -0.123012
1.26793    -1.18439    0.000589977    -0.67396    -2.59823    -0.12295
1.27281    -1.18463    0.000581421    -0.673077    -2.59443    -0.122873
1.27764    -1.18485    0.000587796    -0.672197    -2.59069    -0.122798
1.28251    -1.18506    0.000583415    -0.671314    -2.58693    -0.122722
1.28736    -1.18526    0.000581667    -0.670439    -2.5832    -0.122648
1.2922    -1.18544    0.000582277    -0.669566    -2.57949    -0.122573
1.29704    -1.18561    0.000585071    -0.668697    -2.5758    -0.122499
1.30189    -1.18577    0.000589948    -0.667829    -2.5721    -0.122424
1.30677    -1.18591    0.000584901    -0.666959    -2.5684    -0.12235
1.31162    -1.18605    0.000582902    -0.666098    -2.56473    -0.122276
1.31647    -1.18617    0.000583691    -0.665245    -2.56107    -0.122201
1.32131    -1.18628    0.000587195    -0.664384    -2.55744    -0.122128
1.32618    -1.18638    0.000581481    -0.663523    -2.55381    -0.122056
1.33102    -1.18647    0.000590953    -0.662669    -2.55021    -0.121984
1.3359    -1.18654    0.000590943    -0.661784    -2.54664    -0.121916
1.34077    -1.18661    0.000582222    -0.660929    -2.54304    -0.121844
1.34562    -1.18667    0.000588997    -0.660083    -2.53947    -0.121772
1.35049    -1.18671    0.00058703    -0.659236    -2.5359    -0.1217
1.35535    -1.18675    0.000588435    -0.658418    -2.5323    -0.121623
1.36022    -1.18677    0.0005934    -0.657575    -2.52875    -0.121552
1.36511    -1.18679    0.000590012    -0.656732    -2.5252    -0.12148
1.36998    -1.18679    0.000578599    -0.655893    -2.52167    -0.121409
1.37481    -1.18679    0.000559718    -0.655062    -2.5182    -0.12134
1.37955    -1.18677    0.000534061    -0.654251    -2.51479    -0.121271
1.38419    -1.18675    0.000502484    -0.653461    -2.51147    -0.121204
1.38869    -1.18672    0.000465959    -0.652697    -2.50825    -0.121139
1.39302    -1.18669    0.000425537    -0.651965    -2.50517    -0.121077
1.39716    -1.18664    0.000382317    -0.651266    -2.50223    -0.121017
1.40109    -1.1866    0.000337418    -0.650605    -2.49945    -0.120961
1.40477    -1.18655    0.000291949    -0.649987    -2.49685    -0.120908
1.4082    -1.1865    0.000246985    -0.649413    -2.49443    -0.120859
1.41136    -1.18646    0.000203539    -0.648884    -2.49222    -0.120814
1.41422    -1.18641    0.000162556    -0.648407    -2.49021    -0.120773
1.41678    -1.18636    0.000124904    -0.647972    -2.48844    -0.120738
1.41902    -1.18632    9.12935e-05    -0.6476    -2.48687    -0.120706
1.42094    -1.18629    6.23468e-05    -0.647282    -2.48553    -0.120679
1.42252    -1.18626    3.85612e-05    -0.64702    -2.48442    -0.120656
1.42377    -1.18623    2.03036e-05    -0.646814    -2.48356    -0.120639
1.42467    -1.18621    7.80824e-06    -0.646665    -2.48293    -0.120626
1.42523    -1.1862    1.17612e-06    -0.646572    -2.48254    -0.120618
1.42545    -1.1862    3.77139e-07    -0.646536    -2.48239    -0.120615
1.42533    -1.1862    5.25432e-06    -0.646557    -2.48247    -0.120616
1.42487    -1.18621    1.55299e-05    -0.646632    -2.48279    -0.120623
1.42408    -1.18622    3.0813e-05    -0.646763    -2.48334    -0.120634
1.42296    -1.18625    5.06097e-05    -0.646947    -2.48412    -0.12065
1.42153    -1.18627    7.43336e-05    -0.647183    -2.48511    -0.12067
1.4198    -1.18631    0.000101319    -0.64747    -2.48632    -0.120695
1.41778    -1.18635    0.000130835    -0.647805    -2.48773    -0.120724
1.41549    -1.18639    0.000162098    -0.648186    -2.48934    -0.120757
1.41293    -1.18643    0.000194324    -0.648621    -2.49111    -0.120791
1.41014    -1.18647    0.000226652    -0.649089    -2.49307    -0.120831
1.40712    -1.18652    0.000258252    -0.649594    -2.4952    -0.120874
1.40389    -1.18656    0.000288308    -0.650135    -2.49747    -0.12092
1.40048    -1.18661    0.000316043    -0.650707    -2.49988    -0.120969
1.39692    -1.18665    0.000340734    -0.651308    -2.50241    -0.121021
1.39321    -1.18668    0.00036173    -0.651933    -2.50503    -0.121074
1.38939    -1.18672    0.00037847    -0.652578    -2.50775    -0.121129
1.38549    -1.18674    0.000390497    -0.653241    -2.51054    -0.121185
1.38152    -1.18677    0.000397472    -0.653915    -2.51338    -0.121243
1.37752    -1.18678    0.000399186    -0.654598    -2.51625    -0.121301
1.37351    -1.18679    0.000395564    -0.655283    -2.51913    -0.121359
1.36952    -1.18679    0.000386694    -0.655972    -2.522    -0.121416
1.36558    -1.18679    0.000372769    -0.65665    -2.52486    -0.121474
1.3617    -1.18678    0.000354143    -0.657318    -2.52767    -0.12153
1.35793    -1.18676    0.000331302    -0.657971    -2.53042    -0.121585
1.35427    -1.18674    0.000304854    -0.658604    -2.53308    -0.121639
1.35077    -1.18671    0.00027541    -0.659187    -2.53569    -0.121696
1.34744    -1.18668    0.000243891    -0.659766    -2.53814    -0.121745
1.3443    -1.18665    0.000211167    -0.660312    -2.54044    -0.121792
1.34139    -1.18662    0.000178146    -0.660822    -2.54259    -0.121835
1.33871    -1.18658    0.000145744    -0.661291    -2.54456    -0.121874
1.33629    -1.18655    0.000114861    -0.661716    -2.54635    -0.12191
1.33414    -1.18652    8.63479e-05    -0.662093    -2.54795    -0.121942
1.33227    -1.18649    6.09773e-05    -0.662421    -2.54933    -0.12197
1.3307    -1.18646    3.93789e-05    -0.662724    -2.55044    -0.121988
1.32945    -1.18644    2.21588e-05    -0.662946    -2.55138    -0.122007
1.3285    -1.18642    9.71941e-06    -0.663113    -2.55208    -0.122021
1.32787    -1.18641    2.30716e-06    -0.663223    -2.55255    -0.12203
1.32757    -1.18641    5.748e-09    -0.663277    -2.55277    -0.122035
1.32759    -1.18641    2.73537e-06    -0.663274    -2.55276    -0.122035
1.32792    -1.18641    1.02581e-05    -0.663216    -2.55251    -0.12203
1.32856    -1.18643    2.21892e-05    -0.663102    -2.55204    -0.12202
1.32951    -1.18644    3.80135e-05    -0.662936    -2.55133    -0.122006
1.33074    -1.18646    5.71059e-05    -0.662718    -2.55041    -0.121988
1.33226    -1.18649    7.86993e-05    -0.662423    -2.54934    -0.12197
1.33404    -1.18652    0.000102067    -0.66211    -2.54802    -0.121944
1.33607    -1.18655    0.000126409    -0.661754    -2.54652    -0.121914
1.33832    -1.18658    0.000150925    -0.661359    -2.54485    -0.12188
1.34079    -1.18661    0.000174831    -0.660927    -2.54303    -0.121844
1.34344    -1.18664    0.000197398    -0.660463    -2.54107    -0.121804
1.34626    -1.18667    0.00021796    -0.659971    -2.539    -0.121763
1.34922    -1.1867    0.000235939    -0.659455    -2.53683    -0.121719
1.35231    -1.18673    0.000250761    -0.658946    -2.53452    -0.121668
1.35548    -1.18675    0.000262141    -0.658394    -2.5322    -0.121621
1.35873    -1.18677    0.000269833    -0.657831    -2.52983    -0.121574
1.36203    -1.18678    0.000273699    -0.657262    -2.52743    -0.121525
1.36535    -1.18679    0.000273718    -0.656689    -2.52502    -0.121477
1.36867    -1.18679    0.000269975    -0.656118    -2.52262    -0.121428
1.37197    -1.18679    0.000262672    -0.655548    -2.52025    -0.121381
1.37522    -1.18679    0.00025207    -0.654991    -2.5179    -0.121334
1.37841    -1.18678    0.000238521    -0.654447    -2.51561    -0.121288
1.38151    -1.18677    0.000222445    -0.653918    -2.51339    -0.121243
1.3845    -1.18675    0.000204309    -0.653409    -2.51125    -0.1212
1.38737    -1.18673    0.000184616    -0.652922    -2.5092    -0.121158
1.39009    -1.18671    0.000163889    -0.65246    -2.50725    -0.121119
1.39266    -1.18669    0.00014266    -0.652025    -2.50542    -0.121082
1.39506    -1.18667    0.000121451    -0.65162    -2.50372    -0.121047
1.39727    -1.18664    0.000100767    -0.651248    -2.50215    -0.121015
1.39929    -1.18662    8.10824e-05    -0.650908    -2.50073    -0.120986
1.40109    -1.1866    6.28311e-05    -0.650604    -2.49945    -0.12096
1.40268    -1.18658    4.6399e-05    -0.650337    -2.49832    -0.120938
1.40405    -1.18656    3.21163e-05    -0.650108    -2.49736    -0.120918
1.40519    -1.18655    2.02524e-05    -0.649917    -2.49656    -0.120902
1.40609    -1.18653    1.10117e-05    -0.649766    -2.49592    -0.120889
1.40676    -1.18652    4.53158e-06    -0.649654    -2.49545    -0.120879
1.40718    -1.18652    8.80769e-07    -0.649583    -2.49515    -0.120873
1.40737    -1.18652    6.0187e-08    -0.649551    -2.49502    -0.120871
1.40732    -1.18652    2.00444e-06    -0.649559    -2.49505    -0.120871
1.40704    -1.18652    6.58476e-06    -0.649607    -2.49525    -0.120875
1.40652    -1.18653    1.36132e-05    -0.649693    -2.49561    -0.120883
1.40578    -1.18654    2.28478e-05    -0.649817    -2.49614    -0.120893
1.40482    -1.18655    3.39986e-05    -0.649978    -2.49681    -0.120907
1.40365    -1.18657    4.67348e-05    -0.650174    -2.49764    -0.120924
1.40228    -1.18658    6.06928e-05    -0.650404    -2.49861    -0.120943
1.40072    -1.1866    7.54842e-05    -0.650667    -2.49971    -0.120966
1.39898    -1.18662    9.07049e-05    -0.65096    -2.50095    -0.120991
1.39706    -1.18665    0.000105945    -0.651282    -2.5023    -0.121018
1.395    -1.18667    0.000120796    -0.651631    -2.50377    -0.121048
1.39279    -1.18669    0.000134865    -0.652003    -2.50533    -0.12108
1.39046    -1.18671    0.000147778    -0.652398    -2.50699    -0.121113
1.38802    -1.18673    0.000159195    -0.652811    -2.50873    -0.121149
1.38549    -1.18674    0.000168813    -0.65324    -2.51054    -0.121185
1.38288    -1.18676    0.000176377    -0.653684    -2.5124    -0.121223
1.38022    -1.18677    0.000181686    -0.654138    -2.51431    -0.121262
1.37751    -1.18678    0.000184598    -0.654599    -2.51625    -0.121301
1.37479    -1.18679    0.000185035    -0.655066    -2.51822    -0.12134
1.37206    -1.18679    0.000182983    -0.655533    -2.52018    -0.12138
1.36934    -1.18679    0.000178511    -0.656003    -2.52214    -0.121419
1.36666    -1.18679    0.000171724    -0.656464    -2.52407    -0.121458
1.36403    -1.18679    0.000162806    -0.656917    -2.52598    -0.121496
1.36147    -1.18678    0.000152    -0.657358    -2.52784    -0.121534
1.359    -1.18677    0.000139599    -0.657786    -2.52964    -0.12157
1.35663    -1.18676    0.000125941    -0.658196    -2.53137    -0.121604
1.35437    -1.18674    0.0001114    -0.658587    -2.53301    -0.121637
1.35226    -1.18673    9.63676e-05    -0.658955    -2.53456    -0.121669
1.35029    -1.18671    8.12045e-05    -0.659271    -2.53605    -0.121703
1.34848    -1.18669    6.63838e-05    -0.659585    -2.53737    -0.12173
1.34684    -1.18668    5.23029e-05    -0.65987    -2.53857    -0.121754
1.34539    -1.18666    3.93345e-05    -0.660123    -2.53964    -0.121776
1.34413    -1.18665    2.78143e-05    -0.660342    -2.54057    -0.121794
1.34307    -1.18664    1.80319e-05    -0.660527    -2.54135    -0.12181
1.34222    -1.18663    1.02211e-05    -0.660676    -2.54197    -0.121822
1.34158    -1.18662    4.55393e-06    -0.660788    -2.54245    -0.121832
1.34115    -1.18662    1.13507e-06    -0.660863    -2.54276    -0.121838
1.34094    -1.18661    3.11395e-13    -0.6609    -2.54292    -0.121841
1.34094    -1.18661    1.11466e-06    -0.6609    -2.54292    -0.121841
1.34115    -1.18662    4.37779e-06    -0.660863    -2.54276    -0.121838
1.34157    -1.18662    9.62552e-06    -0.66079    -2.54245    -0.121832
1.34219    -1.18663    1.66379e-05    -0.660681    -2.54199    -0.121823
1.34301    -1.18664    2.51472e-05    -0.660538    -2.54139    -0.121811
1.34402    -1.18665    3.48475e-05    -0.660362    -2.54065    -0.121796
1.3452    -1.18666    4.54052e-05    -0.660156    -2.53978    -0.121778
1.34655    -1.18668    5.6471e-05    -0.65992    -2.53878    -0.121758
1.34806    -1.18669    6.76899e-05    -0.659657    -2.53768    -0.121736
1.34971    -1.18671    7.87135e-05    -0.65937    -2.53647    -0.121712
1.35149    -1.18672    8.91537e-05    -0.659087    -2.53511    -0.12168
1.35339    -1.18674    9.87564e-05    -0.658758    -2.53373    -0.121652
1.35538    -1.18675    0.000107247    -0.658412    -2.53227    -0.121623
1.35746    -1.18676    0.000114401    -0.658052    -2.53076    -0.121592
1.35961    -1.18677    0.000120034    -0.65768    -2.52919    -0.121561
1.36181    -1.18678    0.000124016    -0.6573    -2.5276    -0.121529
1.36404    -1.18679    0.000126262    -0.656915    -2.52597    -0.121496
1.3663    -1.18679    0.000126743    -0.656527    -2.52434    -0.121463
1.36856    -1.18679    0.000125478    -0.656138    -2.5227    -0.12143
1.3708    -1.18679    0.000122533    -0.655752    -2.52108    -0.121397
1.37302    -1.18679    0.00011803    -0.655367    -2.51948    -0.121366
1.3752    -1.18679    0.000112106    -0.654994    -2.51791    -0.121334
1.37733    -1.18678    0.000104943    -0.654631    -2.51639    -0.121303
1.37939    -1.18677    9.67508e-05    -0.65428    -2.51491    -0.121274
1.38136    -1.18677    8.77575e-05    -0.653943    -2.51349    -0.121245
1.38324    -1.18676    7.82054e-05    -0.653623    -2.51215    -0.121218
1.38501    -1.18675    6.83441e-05    -0.653321    -2.51088    -0.121192
1.38667    -1.18674    5.8423e-05    -0.65304    -2.50969    -0.121168
1.38821    -1.18673    4.86853e-05    -0.65278    -2.5086    -0.121146
1.38961    -1.18671    3.93623e-05    -0.652542    -2.5076    -0.121126
1.39087
