0.0843215    0.149849    0.125344    0.0236009    0.0843215    0.149849    0.125344    0.0236009    
0.079494    0.137759    0.125855    0.0249135    0.079494    0.137759    0.125855    0.0249135    
0.0779459    0.133658    0.126053    0.0254395    0.0779459    0.133658    0.126053    0.0254395    
0.0773046    0.131643    0.126158    0.0257363    0.0773046    0.131643    0.126158    0.0257363    
0.0769657    0.130153    0.126185    0.0260013    0.0769657    0.130153    0.126185    0.0260013    
0.0765198    0.129227    0.126208    0.0262022    0.0765198    0.129227    0.126208    0.0262022    
0.076217    0.128252    0.126221    0.0264108    0.076217    0.128252    0.126221    0.0264108    
0.0759268    0.127325    0.126218    0.0266049    0.0759268    0.127325    0.126218    0.0266049    
0.0756657    0.126468    0.126224    0.0267935    0.0756657    0.126468    0.126224    0.0267935    
0.0754186    0.12565    0.126209    0.0269706    0.0754186    0.12565    0.126209    0.0269706    
0.0751796    0.124923    0.126195    0.0271412    0.0751796    0.124923    0.126195    0.0271412    
0.0749804    0.124235    0.12617    0.0272965    0.0749804    0.124235    0.12617    0.0272965    
0.0747648    0.123702    0.126152    0.0274351    0.0747648    0.123702    0.126152    0.0274351    
0.074596    0.123134    0.126123    0.0275715    0.074596    0.123134    0.126123    0.0275715    
0.0744673    0.122555    0.126081    0.0277061    0.0744673    0.122555    0.126081    0.0277061    
0.0743057    0.122125    0.126048    0.02781    0.0743057    0.122125    0.126048    0.02781    
0.0741846    0.121754    0.126029    0.0279062    0.0741846    0.121754    0.126029    0.0279062    
0.0740809    0.121422    0.125997    0.0279843    0.0740809    0.121422    0.125997    0.0279843    
0.0740044    0.121161    0.125984    0.0280518    0.0740044    0.121161    0.125984    0.0280518    
0.0739392    0.12094    0.125959    0.0281017    0.0739392    0.12094    0.125959    0.0281017    
0.0739226    0.120863    0.125909    0.0281516    0.0739226    0.120863    0.125909    0.0281516    
0.0738857    0.120743    0.125874    0.0281768    0.0738857    0.120743    0.125874    0.0281768    
0.0738612    0.12069    0.125942    0.0281668    0.0738612    0.12069    0.125942    0.0281668    
0.0738572    0.12066    0.125905    0.0281674    0.0738572    0.12066    0.125905    0.0281674    
0.0738629    0.120683    0.12594    0.0281415    0.0738629    0.120683    0.12594    0.0281415    
0.0738853    0.12075    0.125968    0.0280967    0.0738853    0.12075    0.125968    0.0280967    
0.073929    0.120882    0.126016    0.0280399    0.073929    0.120882    0.126016    0.0280399    
0.0740449    0.121182    0.125952    0.027995    0.0740449    0.121182    0.125952    0.027995    
0.0741302    0.12146    0.125972    0.0279175    0.0741302    0.12146    0.125972    0.0279175    
0.074231    0.121785    0.125986    0.0278268    0.074231    0.121785    0.125986    0.0278268    
0.0743513    0.122169    0.126007    0.0277239    0.0743513    0.122169    0.126007    0.0277239    
0.074483    0.122672    0.12604    0.027593    0.074483    0.122672    0.12604    0.027593    
0.0745725    0.123203    0.126057    0.0274706    0.0745725    0.123203    0.126057    0.0274706    
0.0747288    0.123752    0.126065    0.027328    0.0747288    0.123752    0.126065    0.027328    
0.0749475    0.124289    0.12609    0.0271887    0.0749475    0.124289    0.12609    0.0271887    
0.0751251    0.124942    0.126088    0.0270237    0.0751251    0.124942    0.126088    0.0270237    
0.0753673    0.12567    0.126116    0.0268562    0.0753673    0.12567    0.126116    0.0268562    
0.0755876    0.126435    0.126103    0.026677    0.0755876    0.126435    0.126103    0.026677    
0.0758451    0.127272    0.12611    0.0264959    0.0758451    0.127272    0.12611    0.0264959    
0.0761017    0.128115    0.126093    0.0263077    0.0761017    0.128115    0.126093    0.0263077    
0.0763839    0.129024    0.126085    0.0261158    0.0763839    0.129024    0.126085    0.0261158    
0.076747    0.129759    0.12606    0.0259413    0.076747    0.129759    0.12606    0.0259413    
0.0769706    0.130893    0.12604    0.0257182    0.0769706    0.130893    0.12604    0.0257182    
0.0772841    0.131917    0.126003    0.0255377    0.0772841    0.131917    0.126003    0.0255377    
0.0775659    0.132872    0.125928    0.0253592    0.0775659    0.132872    0.125928    0.0253592    
0.0778817    0.133859    0.125886    0.0251763    0.0778817    0.133859    0.125886    0.0251763    
0.0781964    0.134847    0.12582    0.0249913    0.0781964    0.134847    0.12582    0.0249913    
0.0785274    0.135864    0.125764    0.0248101    0.0785274    0.135864    0.125764    0.0248101    
0.0788565    0.136871    0.125688    0.0246295    0.0788565    0.136871    0.125688    0.0246295    
0.079236    0.137794    0.125683    0.0244358    0.079236    0.137794    0.125683    0.0244358    
0.0795777    0.138779    0.125611    0.0242644    0.0795777    0.138779    0.125611    0.0242644    
0.0799176    0.13973    0.12553    0.0241053    0.0799176    0.13973    0.12553    0.0241053    
0.0802621    0.140628    0.12548    0.0239376    0.0802621    0.140628    0.12548    0.0239376    
0.0806018    0.141497    0.125438    0.0237827    0.0806018    0.141497    0.125438    0.0237827    
0.0809198    0.142309    0.125385    0.0236368    0.0809198    0.142309    0.125385    0.0236368    
0.0812234    0.143076    0.125343    0.0235048    0.0812234    0.143076    0.125343    0.0235048    
0.081482    0.143769    0.125296    0.0233837    0.081482    0.143769    0.125296    0.0233837    
0.0816606    0.144608    0.125115    0.0233261    0.0816606    0.144608    0.125115    0.0233261    
0.0818607    0.145153    0.125054    0.0232361    0.0818607    0.145153    0.125054    0.023236    
0.0820467    0.145639    0.125029    0.0231693    0.0820467    0.145639    0.125029    0.0231693    
0.0821917    0.145984    0.124986    0.0231132    0.0821917    0.145984    0.124986    0.0231132    
0.0823043    0.146247    0.125022    0.0230595    0.0823043    0.146247    0.125022    0.0230595    
0.0823297    0.146321    0.125053    0.0230285    0.0823297    0.146321    0.125053    0.0230285    
0.0823297    0.146321    0.125053    0.0230285    0.0823297    0.146321    0.125053    0.0230285    
0.0823624    0.146377    0.125019    0.0230578    0.0823624    0.146377    0.125018    0.0230578    
0.0823352    0.146297    0.124993    0.0230993    0.0823352    0.146297    0.124993    0.0230993    
0.0821912    0.145979    0.125035    0.0231551    0.0821912    0.145979    0.125035    0.0231551    
0.0820501    0.145598    0.125071    0.0232157    0.0820501    0.145598    0.125071    0.0232157    
0.0818942    0.145138    0.125135    0.0232984    0.0818942    0.145138    0.125135    0.0232984    
0.0816843    0.144568    0.125183    0.0233905    0.0816843    0.144568    0.125183    0.0233905    
0.0815211    0.143759    0.125387    0.0234596    0.0815211    0.143759    0.125388    0.0234596    
0.0812721    0.14307    0.125434    0.0235886    0.0812721    0.14307    0.125434    0.0235888    
0.0809816    0.142324    0.125486    0.0237248    0.0809816    0.142324    0.125486    0.0237252    
0.0806188    0.141551    0.125531    0.0238759    0.0806188    0.141551    0.125531    0.0238767    
0.0803495    0.140694    0.125589    0.024028    0.0803494    0.140695    0.12559    0.0240299    
0.0800184    0.13983    0.125641    0.0241922    0.0800182    0.139831    0.125644    0.0241959    
0.0796884    0.138916    0.125716    0.0243459    0.0796881    0.138917    0.125721    0.0243525    
0.0793635    0.137981    0.125791    0.0245144    0.079363    0.137983    0.125798    0.024524    
0.0789931    0.137109    0.125792    0.024703    0.0789925    0.137109    0.125795    0.0247086    
0.0786877    0.136148    0.125866    0.0248727    0.0786873    0.136148    0.12587    0.0248795    
0.0783764    0.13519    0.125924    0.025044    0.0783759    0.13519    0.125928    0.0250508    
0.0780762    0.134254    0.125983    0.0252168    0.0780757    0.134255    0.125986    0.0252221    
0.0777829    0.133335    0.12603    0.0253877    0.0777825    0.133335    0.126032    0.0253906    
0.0775033    0.132446    0.12608    0.0255551    0.0775031    0.132446    0.12608    0.0255561    
0.0772497    0.131546    0.12614    0.0257119    0.0772496    0.131545    0.126139    0.0257123    
0.0769918    0.130735    0.126166    0.0258746    0.0769917    0.130735    0.126166    0.025875    
0.0768128    0.129773    0.126174    0.0260546    0.0768127    0.129773    0.126173    0.0260549    
0.0765025    0.129222    0.126179    0.0261754    0.0765024    0.129222    0.126179    0.0261758    
0.0763047    0.128557    0.126212    0.0263312    0.0763046    0.128557    0.126212    0.0263316    
0.0760823    0.127877    0.126182    0.0264588    0.0760823    0.127877    0.126181    0.0264592    
0.0759167    0.127315    0.126217    0.0265926    0.0759166    0.127315    0.126217    0.0265929    
0.0757279    0.126729    0.126185    0.0267033    0.0757278    0.126729    0.126185    0.0267038    
0.075591    0.126261    0.12621    0.0268192    0.0755909    0.12626    0.12621    0.0268192    
0.0754377    0.125768    0.126176    0.0269117    0.0754376    0.125767    0.126176    0.0269131    
0.0752952    0.125408    0.126189    0.0270084    0.0752952    0.125408    0.126189    0.0270087    
0.0751636    0.125032    0.126151    0.0270821    0.0751636    0.125032    0.126151    0.0270822    
0.0750785    0.124756    0.126166    0.027155    0.0750785    0.124756    0.126166    0.027155    
0.0749994    0.124474    0.126135    0.0272058    0.0749994    0.124474    0.126135    0.0272059    
0.074979    0.124379    0.126093    0.0272704    0.074979    0.124379    0.126093    0.0272704    
0.0748892    0.124112    0.126118    0.0272837    0.0748892    0.124112    0.126118    0.0272837    
