1.2    -1.20715    0.491517    -0.678029    -2.72492    -0.10436
1.34069    -1.18896    0.0812141    -0.651907    -2.56588    -0.100669
1.39788    -1.18146    0.0189382    -0.641687    -2.51028    -0.0994439
1.4255    -1.1788    0.00861946    -0.636978    -2.48666    -0.0989682
1.44413    -1.17795    0.00713368    -0.634014    -2.47278    -0.0987234
1.46108    -1.17692    0.00543082    -0.63117    -2.46036    -0.0985129
1.47587    -1.17647    0.0050053    -0.628821    -2.45043    -0.0983618
1.49007    -1.17568    0.00455161    -0.62658    -2.44041    -0.0981915
1.50361    -1.17514    0.00408794    -0.624461    -2.4315    -0.0980554
1.51644    -1.17432    0.00361661    -0.622476    -2.42256    -0.0979007
1.52851    -1.17373    0.00315245    -0.620623    -2.41468    -0.0977773
1.53977    -1.1729    0.00269768    -0.618904    -2.40688    -0.09764
1.5502    -1.17225    0.00226281    -0.617292    -2.40008    -0.0975318
1.55974    -1.17161    0.00185432    -0.615864    -2.39376    -0.0974246
1.56838    -1.17102    0.00147823    -0.614618    -2.38799    -0.0973228
1.5761    -1.17026    0.00113553    -0.613464    -2.38255    -0.0972193
1.58286    -1.16985    0.000834879    -0.612461    -2.37832    -0.0971531
1.58866    -1.16919    0.000575572    -0.611605    -2.37409    -0.0970678
1.59347    -1.16888    0.000363503    -0.610895    -2.37109    -0.0970201
1.5973    -1.16834    0.000198119    -0.610332    -2.36814    -0.0969557
1.60013    -1.16816    8.26691e-05    -0.609926    -2.36638    -0.0969267
1.60195    -1.16768    1.64803e-05    -0.60967    -2.3645    -0.0968734
1.60276    -1.16775    8.30251e-07    -0.609501    -2.36434    -0.0968844
1.60258    -1.16737    3.48989e-05    -0.609551    -2.36363    -0.0968464
1.6014    -1.16744    0.000117462    -0.609712    -2.36436    -0.0968591
1.59922    -1.16731    0.000247848    -0.610013    -2.3652    -0.0968581
1.59606    -1.16751    0.00042251    -0.610456    -2.36719    -0.0968917
1.59194    -1.16751    0.000640963    -0.611083    -2.36918    -0.0969042
1.58686    -1.16773    0.000898647    -0.61182    -2.37218    -0.0969472
1.58084    -1.16791    0.00119303    -0.612702    -2.37557    -0.09699
1.57391    -1.16823    0.00151881    -0.613722    -2.37973    -0.0970505
1.56609    -1.16842    0.00187453    -0.614834    -2.38424    -0.0971118
1.5574    -1.16897    0.00224893    -0.61613    -2.38987    -0.0972044
1.54788    -1.16916    0.00264353    -0.617553    -2.3953    -0.0972706
1.53756    -1.16983    0.00304181    -0.619143    -2.40214    -0.0973835
1.5265    -1.16994    0.00345014    -0.620823    -2.40842    -0.0974561
1.51471    -1.17068    0.00378474    -0.622626    -2.4165    -0.097595
1.50236    -1.17085    0.00417334    -0.624534    -2.42387    -0.0976882
1.4894    -1.17152    0.00433141    -0.626555    -2.43276    -0.0978357
1.47619    -1.17177    0.0046647    -0.628635    -2.44111    -0.0979513
1.46249    -1.17227    0.00481881    -0.630811    -2.45044    -0.0980987
1.44856    -1.1727    0.00473572    -0.633133    -2.45982    -0.0982362
1.43475    -1.17265    0.00494247    -0.635262    -2.46875    -0.0983619
1.42064    -1.17341    0.00440624    -0.637585    -2.47947    -0.0985529
1.40732    -1.17336    0.0044978    -0.639798    -2.48828    -0.0986711
1.39386    -1.17363    0.00453031    -0.642037    -2.49806    -0.0988283
1.38035    -1.17354    0.00450819    -0.64431    -2.50736    -0.0989593
1.36688    -1.17367    0.00442191    -0.646595    -2.51734    -0.0991184
1.35353    -1.17348    0.00427756    -0.648883    -2.52681    -0.099254
1.34041    -1.17343    0.00407117    -0.651128    -2.53669    -0.0994117
1.3276    -1.17324    0.00380848    -0.653364    -2.54622    -0.0995559
1.31522    -1.17306    0.00349329    -0.655564    -2.55566    -0.0997015
1.30336    -1.17269    0.00313725    -0.657656    -2.56457    -0.0998342
1.29212    -1.17251    0.00274576    -0.659657    -2.57356    -0.0999814
1.2816    -1.1721    0.00233521    -0.661547    -2.58166    -0.100103
1.2719    -1.17189    0.00191573    -0.6633    -2.58963    -0.100236
1.26312    -1.1715    0.00150549    -0.6649    -2.59659    -0.100343
1.25533    -1.17146    0.00111607    -0.66639    -2.60335    -0.100457
1.24863    -1.17092    0.000769006    -0.66763    -2.60834    -0.100523
1.24306    -1.17108    0.000471386    -0.668664    -2.61377    -0.100632
1.23871    -1.17072    0.000240844    -0.669485    -2.61705    -0.100675
1.23559    -1.17091    8.35723e-05    -0.670026    -2.62042    -0.100752
1.23376    -1.17093    7.22442e-06    -0.670371    -2.62219    -0.100787
1.23322    -1.17104    1.41692e-05    -0.670501    -2.62285    -0.100802
1.23397    -1.17148    0.000103419    -0.670368    -2.62301    -0.100826
1.23601    -1.17177    0.000269361    -0.669996    -2.62165    -0.100812
1.23931    -1.17241    0.000505666    -0.669419    -2.61979    -0.100805
1.24382    -1.17268    0.000797716    -0.668583    -2.61615    -0.10075
1.24949    -1.1735    0.00113669    -0.66754    -2.61259    -0.100724
1.25625    -1.17386    0.00150245    -0.666301    -2.60716    -0.10064
1.26403    -1.17459    0.00188443    -0.664822    -2.60177    -0.100585
1.27274    -1.17522    0.00226648    -0.663254    -2.59534    -0.100499
1.2823    -1.17575    0.00263318    -0.661534    -2.58813    -0.100397
1.2926    -1.17635    0.00297406    -0.659698    -2.58057    -0.100294
1.30354    -1.17675    0.00327572    -0.65775    -2.57229    -0.100171
1.31503    -1.17725    0.0035332    -0.655725    -2.56394    -0.100055
1.32695    -1.17745    0.00373521    -0.653608    -2.55489    -0.0999175
1.33922    -1.17788    0.0038855    -0.65147    -2.54623    -0.0998006
1.35173    -1.17793    0.0039752    -0.649333    -2.53679    -0.0996508
1.36438    -1.17809    0.00400932    -0.647157    -2.52773    -0.0995199
1.37709    -1.17804    0.00398691    -0.644996    -2.51843    -0.0993763
1.38976    -1.17802    0.00391394    -0.642858    -2.50942    -0.099243
1.40231    -1.17783    0.00379244    -0.640758    -2.50035    -0.0991014
1.41467    -1.17765    0.0036298    -0.638703    -2.49165    -0.0989701
1.42676    -1.17733    0.00343007    -0.636704    -2.48303    -0.0988342
1.43852    -1.17708    0.00320205    -0.634788    -2.4749    -0.0987101
1.44987    -1.17683    0.00295496    -0.633043    -2.46701    -0.0985821
1.46078    -1.17593    0.00267854    -0.631192    -2.45861    -0.0984288
1.47117    -1.17619    0.00240575    -0.629545    -2.45276    -0.0983738
1.48101    -1.17506    0.00211521    -0.627988    -2.44457    -0.0982
1.49024    -1.17525    0.00183777    -0.626527    -2.43952    -0.0981556
1.49884    -1.17418    0.00155654    -0.625183    -2.43236    -0.0980008
1.50676    -1.17432    0.00129614    -0.623945    -2.42809    -0.0979639
1.51398    -1.17332    0.00104387    -0.62283    -2.42201    -0.0978279
1.52047    -1.17342    0.000818334    -0.621827    -2.41857    -0.0977993
1.52621    -1.17253    0.000610537    -0.620947    -2.4136    -0.097684
1.53117    -1.17263    0.000433749    -0.620183    -2.41108    -0.097666
1.53535    -1.17184    0.000281972    -0.619545    -2.40724    -0.0975713
1.53872    -1.17198    0.000163723    -0.619043    -2.40566    -0.0975637
1.54128    -1.17126    7.53218e-05    -0.618636    -2.40287    -0.0974868
1.54303
