0.08539    0.149316    0.117236    0.0256952    0.08539    0.149316    0.117236    0.0256952    
0.0835441    0.149331    0.124785    0.02258    0.0835441    0.149331    0.124785    0.02258    
0.083179    0.148616    0.124926    0.0226299    0.083179    0.148616    0.124926    0.0226299    
0.0830056    0.148107    0.12487    0.0227604    0.0830056    0.148107    0.12487    0.0227604    
0.0827237    0.147389    0.124935    0.0228764    0.0827237    0.147389    0.124935    0.0228764    
0.0824007    0.146541    0.125029    0.023007    0.0824007    0.146541    0.125029    0.023007    
0.0820261    0.145603    0.125092    0.0231726    0.0820261    0.145603    0.125092    0.0231726    
0.0816285    0.144541    0.125201    0.0233407    0.0816285    0.144541    0.125201    0.0233407    
0.0812677    0.143234    0.125427    0.0234913    0.0812677    0.143234    0.125427    0.0234913    
0.0808337    0.14209    0.125514    0.0236926    0.0808337    0.14209    0.125514    0.0236926    
0.0803736    0.140906    0.125592    0.0239068    0.0803736    0.140906    0.125592    0.0239068    
0.0799101    0.139704    0.125662    0.0241292    0.0799101    0.139704    0.125662    0.0241292    
0.0794656    0.138464    0.125766    0.0243429    0.0794656    0.138464    0.125766    0.0243429    
0.0790049    0.137301    0.125799    0.0245796    0.0790049    0.137301    0.125799    0.0245796    
0.0785858    0.136056    0.125884    0.0248013    0.0785858    0.136056    0.125884    0.0248013    
0.0781932    0.134842    0.12596    0.0250212    0.0781932    0.134842    0.12596    0.0250212    
0.0778187    0.133671    0.126024    0.025239    0.0778187    0.133671    0.126024    0.025239    
0.0774637    0.132548    0.126077    0.0254529    0.0774637    0.132548    0.126077    0.0254529    
0.0771459    0.131437    0.126148    0.025653    0.0771459    0.131437    0.126148    0.025653    
0.0768993    0.130221    0.126175    0.0258737    0.0768993    0.130221    0.126175    0.0258737    
0.0765554    0.129503    0.126178    0.0260567    0.0765554    0.129503    0.126178    0.0260567    
0.0762703    0.128632    0.126194    0.0262398    0.0762703    0.128632    0.126194    0.0262398    
0.0760222    0.127821    0.1262    0.0264144    0.0760222    0.127821    0.1262    0.0264144    
0.0757945    0.127081    0.126197    0.0265792    0.0757945    0.127081    0.126197    0.0265792    
0.0755897    0.1264    0.126194    0.0267309    0.0755897    0.1264    0.126194    0.0267309    
0.0754084    0.125777    0.126188    0.0268712    0.0754084    0.125777    0.126188    0.0268712    
0.0752304    0.125235    0.126173    0.0270001    0.0752304    0.125235    0.126173    0.0270001    
0.0750817    0.124751    0.126159    0.0271158    0.0750817    0.124751    0.126159    0.0271158    
0.0749681    0.124324    0.126147    0.0272174    0.0749681    0.124324    0.126147    0.0272174    
0.0748602    0.123958    0.126133    0.0273065    0.0748602    0.123958    0.126133    0.0273065    
0.0747454    0.12373    0.12612    0.0273766    0.0747454    0.12373    0.12612    0.0273766    
0.0746659    0.123475    0.12611    0.0274392    0.0746659    0.123475    0.12611    0.0274392    
0.0746083    0.123274    0.1261    0.0274894    0.0746083    0.123274    0.1261    0.0274894    
0.0745668    0.123127    0.126092    0.0275267    0.0745668    0.123127    0.126092    0.0275267    
0.07454    0.12303    0.126086    0.0275515    0.07454    0.12303    0.126086    0.0275515    
0.0745277    0.122984    0.126082    0.027564    0.0745277    0.122984    0.126082    0.027564    
0.0745293    0.122984    0.126081    0.0275646    0.0745293    0.122984    0.126081    0.0275646    
0.0745444    0.123031    0.126082    0.0275539    0.0745444    0.123031    0.126082    0.0275539    
0.0745725    0.123122    0.126084    0.0275321    0.0745725    0.123122    0.126084    0.0275321    
0.0746129    0.123256    0.126088    0.0274999    0.0746129    0.123256    0.126088    0.0274999    
0.0746656    0.123432    0.126094    0.0274577    0.0746656    0.123432    0.126094    0.0274577    
0.0747302    0.123646    0.126101    0.0274062    0.0747302    0.123646    0.126101    0.0274062    
0.0748296    0.123817    0.126109    0.0273519    0.0748296    0.123817    0.126109    0.0273519    
0.0749227    0.124101    0.126115    0.0272843    0.0749227    0.124101    0.126115    0.0272843    
0.0750207    0.124421    0.126123    0.0272085    0.0750207    0.124421    0.126123    0.0272085
0.0831995    0.127723    0.102226    0.0360273    0.0831995    0.127723    0.102226    0.0360273    
0.0740239    0.121437    0.124872    0.0279415    0.0740239    0.121437    0.124872    0.0279415    
0.0751303    0.124656    0.126185    0.027153    0.0751303    0.124656    0.126185    0.027153    
0.075056    0.124611    0.126166    0.0271507    0.075056    0.124611    0.126166    0.0271507    
0.0750894    0.124721    0.126137    0.027134    0.0750894    0.124721    0.126137    0.027134    
0.0751449    0.124891    0.126137    0.027096    0.0751449    0.124891    0.126137    0.027096    
