1    -1.07743    0.0443878    0.0117982
0.95772    -1.06365    0.027277    0.0135438
0.924576    -1.04975    0.0132071    0.0131852
0.901514    -1.03877    0.00378822    0.0127352
0.889162    -1.0324    5.18361e-05    0.0125344
0.887717    -1.03163    0.00208156    0.012506
0.896873    -1.03642    0.00893733    0.0126556
0.915845    -1.04573    0.0189497    0.0129697
0.94347    -1.05793    0.030217    0.0134296
0.978354    -1.07129    0.0410644    0.0140118
1.01902    -1.08433    0.050307    0.0146916
1.06403    -1.09602    0.0573011    0.0154454
1.11207    -1.10581    0.0618558    0.016254
1.16198    -1.11352    0.0640925    0.0171034
1.21279    -1.1192    0.0643094    0.0179854
1.26368    -1.12307    0.0628794    0.0188959
1.314    -1.12538    0.0601825    0.0198317
1.36323    -1.12642    0.0565687    0.0207871
1.41096    -1.12644    0.0523409    0.0217521
1.45687    -1.12569    0.0477498    0.0227131
1.50072    -1.12435    0.0429965    0.0236562
1.54233    -1.1226    0.0382381    0.0245695
1.58158    -1.12057    0.033594    0.0254449
1.61836    -1.11838    0.0291526    0.0262766
1.65262    -1.11611    0.0249768    0.0270608
1.68434    -1.11384    0.0211091    0.0277945
1.71349    -1.11162    0.0175759    0.0284758
1.7401    -1.10949    0.0143907    0.0291031
1.76417    -1.1075    0.0115574    0.0296753
1.78575    -1.10565    0.00907259    0.0301921
1.80486    -1.10397    0.00692701    0.0306532
1.82156    -1.10248    0.00510762    0.0310589
1.83591    -1.10118    0.00359849    0.0314096
1.84794    -1.10007    0.00238178    0.0317061
1.85774    -1.09916    0.00143851    0.0319493
1.86535    -1.09845    0.000749037    0.0321402
1.87084    -1.09793    0.000293524    0.0322801
1.87428    -1.09761    5.21888e-05    0.0323704
1.87573    -1.09747    5.53757e-06    0.0324125
1.87526    -1.09752    0.000134494    0.0324079
1.87293    -1.09774    0.000420486    0.0323581
1.86882    -1.09812    0.000845483    0.0322649
1.86298    -1.09867    0.001392    0.03213
1.85549    -1.09937    0.0020431    0.0319551
1.84642    -1.10021    0.00278233    0.0317422
1.83584    -1.10118    0.00359368    0.031493
1.82381    -1.10228    0.00446155    0.0312096
1.8104    -1.10348    0.00537065    0.0308941
1.7957    -1.10478    0.00630598    0.0305486
1.77976    -1.10617    0.00725275    0.0301753
1.76267    -1.10762    0.00819635    0.0297765
1.7445    -1.10913    0.00912229    0.0293546
1.72533    -1.11068    0.0100162    0.0289119
1.70525    -1.11226    0.0108639    0.0284512
1.68433    -1.11384    0.0116513    0.0279748
1.66267    -1.11541    0.0123646    0.0274855
1.64036    -1.11695    0.0129903    0.0269859
1.61748    -1.11844    0.0135154    0.0264787
1.59415    -1.11985    0.0139275    0.0259666
1.57047    -1.12118    0.0142153    0.0254522
1.54654    -1.1224    0.0143687    0.0249381
1.52249    -1.12349    0.0143792    0.0244268
1.49842    -1.12444    0.0142405    0.0239209
1.47448    -1.12522    0.0139487    0.0234227
1.45078    -1.12583    0.0135032    0.0229345
1.42746    -1.12626    0.0129069    0.0224586
1.40466    -1.12649    0.012167    0.0219972
1.38252    -1.12654    0.011295    0.0215525
1.36119    -1.1264    0.0103078    0.0211267
1.34082    -1.12609    0.00922672    0.0207221
1.32154    -1.12562    0.0080784    0.020341
1.30351    -1.12501    0.00689355    0.0199856
1.28684    -1.12431    0.00570629    0.0196583
1.27168    -1.12353    0.00455277    0.0193611
1.25814    -1.12273    0.00346944    0.0190959
1.24632    -1.12194    0.00249099    0.0188644
1.23631    -1.1212    0.00164821    0.0186679
1.22816    -1.12055    0.000965914    0.0185071
1.22192    -1.12002    0.000461114    0.0183827
1.21761    -1.11964    0.000141783    0.0182945
1.21522    -1.11943    6.2852e-06    0.0182423
1.21472    -1.11938    4.36081e-05    0.0182253
1.21605    -1.1195    0.000234361    0.0182423
1.21912    -1.11978    0.000552433    0.0182917
1.22384    -1.12019    0.000967103    0.0183718
1.23008    -1.12071    0.00144536    0.0184806
1.23771    -1.12131    0.00195418    0.0186156
1.24658    -1.12196    0.00246255    0.0187746
1.25654    -1.12263    0.00294306    0.0189549
1.26742    -1.12329    0.00337305    0.019154
1.27908    -1.12393    0.00373522    0.0193693
1.29134    -1.12451    0.00401776    0.019598
1.30406    -1.12503    0.00421416    0.0198376
1.31709    -1.12548    0.00432268    0.0200855
1.33028    -1.12585    0.00434565    0.0203391
1.34351    -1.12614    0.0042887    0.020596
1.35666    -1.12635    0.00415995    0.0208538
1.3696    -1.12648    0.00396922    0.0211102
1.38224    -1.12654    0.00372739    0.021363
1.39449    -1.12654    0.00344573    0.0216103
1.40627    -1.12648    0.00313547    0.02185
1.41751    -1.12638    0.00280736    0.0220806
1.42814    -1.12625    0.00247144    0.0223004
1.43812    -1.12608    0.00213675    0.0225082
1.4474    -1.1259    0.00181126    0.0227027
1.45594    -1.12571    0.0015018    0.0228829
1.46371    -1.12552    0.00121398    0.0230481
1.47071    -1.12533    0.00095228    0.0231975
1.4769    -1.12515    0.000720033    0.0233307
1.48228    -1.12498    0.000519533    0.0234474
1.48686    -1.12483    0.000352097    0.0235472
1.49062    -1.12471    0.000218155    0.0236301
1.49359    -1.12461    0.000117344    0.0236963
1.49576    -1.12453    4.86075e-05    0.0237457
1.49716    -1.12448    1.02831e-05    0.0237788
1.4978    -1.12446    1.98769e-07    0.0237958
1.49771    -1.12446    1.57604e-05    0.0237973
1.49692    -1.12449    5.40365e-05    0.0237837
1.49544    -1.12454    0.000111839    0.0237558
1.49332    -1.12462    0.000185801    0.0237141
1.49059    -1.12471    0.000272446    0.0236595
1.48727    -1.12482    0.00036826    0.0235927
1.48342    -1.12495    0.000469753    0.0235146
1.47907    -1.12508    0.000573524    0.0234262
1.47427    -1.12523    0.000676314    0.0233282
1.46905    -1.12537    0.000775063    0.0232218
1.46346    -1.12552    0.00086696    0.0231078
1.45755    -1.12567    0.000949488    0.0229873
1.45137    -1.12582    0.00102047    0.0228613
1.44496    -1.12595    0.00107809    0.0227308
1.43837    -1.12608    0.00112095    0.0225969
1.43165    -1.12619    0.00114807    0.0224605
1.42485    -1.12629    0.00115891    0.0223227
1.41802    -1.12638    0.00115339    0.0221844
1.4112    -1.12644    0.00113187    0.0220467
1.40445    -1.12649    0.00109514    0.0219104
1.39781    -1.12653    0.0010444    0.0217766
1.39132    -1.12654    0.000981218    0.021646
1.38504    -1.12654    0.000907492    0.0215196
1.37899    -1.12653    0.00082538    0.0213981
1.37323    -1.1265    0.00073724    0.0212822
1.36778    -1.12646    0.000645551    0.0211727
1.36268    -1.12642    0.000552833    0.0210702
1.35796    -1.12636    0.000461563    0.0209753
1.35365    -1.1263    0.000374096    0.0208884
1.34977    -1.12625    0.000292584    0.0208099
1.34634    -1.12619    0.000218905    0.0207403
1.34337    -1.12614    0.000154606    0.0206798
1.34087    -1.12609    0.000100856    0.0206286
1.33886    -1.12605    5.84192e-05    0.0205867
1.33732    -1.12601    2.76378e-05    0.0205542
1.33627    -1.12599    8.44197e-06    0.0205312
1.33568    -1.12598    3.70251e-07    0.0205173
1.33556    -1.12598    2.60749e-06    0.0205125
1.33589    -1.12598    1.40357e-05    0.0205164
1.33664    -1.126    3.32951e-05    0.0205288
1.3378    -1.12602    5.88509e-05    0.0205491
1.33934    -1.12606    8.9064e-05    0.0205771
1.34123    -1.12609    0.00012226    0.0206122
1.34345    -1.12614    0.000156797    0.0206537
1.34596    -1.12618    0.00019112    0.0207013
1.34874    -1.12623    0.000223816    0.0207542
1.35174    -1.12628    0.000253654    0.0208118
1.35493    -1.12632    0.000279611    0.0208735
1.35829    -1.12637    0.00030089    0.0209386
1.36177    -1.12641    0.000316934    0.0210065
1.36534    -1.12644    0.000327415    0.0210765
1.36897    -1.12647    0.000332228    0.0211479
1.37263    -1.1265    0.000331473    0.0212202
1.37629    -1.12652    0.000325431    0.0212927
1.37991    -1.12653    0.000314534    0.0213648
1.38347    -1.12654    0.000299341    0.021436
1.38694    -1.12654    0.000280505    0.0215058
1.3903    -1.12654    0.000258738    0.0215735
1.39353    -1.12654    0.000234792    0.0216388
1.3966    -1.12653    0.000209423    0.0217013
1.39951    -1.12652    0.000183372    0.0217605
1.40222    -1.12651    0.000157342    0.0218161
1.40474    -1.12649    0.00013198    0.0218679
1.40705    -1.12648    0.000107867    0.0219154
1.40913    -1.12646    8.55005e-05    0.0219586
1.41099    -1.12645    6.52936e-05    0.0219973
1.41261    -1.12643    4.75673e-05    0.0220313
1.41399    -1.12642    3.25506e-05    0.0220605
1.41514    -1.12641    2.03813e-05    0.022085
1.41604    -1.1264    1.11099e-05    0.0221045
1.41671    -1.12639    4.70508e-06    0.0221193
1.41715    -1.12639    1.06107e-06    0.0221293
1.41735    -1.12638    5.90312e-09    0.0221347
1.41734    -1.12638    1.31098e-06    0.0221355
1.41711    -1.12639    4.70118e-06    0.022132
1.41667    -1.12639    9.86537e-06    0.0221242
1.41604    -1.1264    1.6467e-05    0.0221125
1.41523    -1.12641    2.41548e-05    0.022097
1.41424    -1.12642    3.25728e-05    0.0220779
1.4131    -1.12643    4.13698e-05    0.0220556
1.41181    -1.12644    5.0209e-05    0.0220302
1.41038    -1.12645    5.87753e-05    0.0220022
1.40884    -1.12646    6.67827e-05    0.0219718
1.40721    -1.12648    7.39802e-05    0.0219393
1.40548    -1.12649    8.01569e-05    0.0219049
1.40368    -1.1265    8.51446e-05    0.0218691
1.40183    -1.12651    8.8821e-05    0.0218322
1.39994    -1.12652    9.11099e-05    0.0217944
1.39802    -1.12653    9.19811e-05    0.0217561
1.3961    -1.12653    9.14485e-05    0.0217176
1.39418    -1.12654    8.95677e-05    0.0216791
1.39228    -1.12654    8.6432e-05    0.021641
1.39042    -1.12654    8.21677e-05    0.0216035
1.3886    -1.12654    7.69286e-05    0.0215669
1.38684    -1.12654    7.08903e-05    0.0215315
1.38515    -1.12654    6.42431e-05    0.0214974
1.38354    -1.12654    5.71864e-05    0.021465
1.38202    -1.12654    4.99215e-05    0.0214343
1.3806    -1.12653    4.26454e-05    0.0214055
1.37929    -1.12653    3.55452e-05    0.0213789
1.3781    -1.12653    2.87925e-05    0.0213545
1.37702    -1.12652    2.25392e-05    0.0213325
1.37607    -1.12652    1.69133e-05    0.0213129
1.37524    -1.12651    1.20169e-05    0.0212959
1.37454    -1.12651    7.92377e-06    0.0212814
1.37398    -1.12651    4.67904e-06    0.0212695
1.37355    -1.1265    2.2993e-06    0.0212602
1.37324    -1.1265    7.73794e-07    0.0212534
1.37306    -1.1265    6.64824e-08    0.0212493
1.37301    -1.1265    1.18736e-07    0.0212476
1.37308    -1.1265    8.52675e-07    0.0212483
1.37327    -1.1265    2.17492e-06    0.0212514
1.37356    -1.1265    3.98061e-06    0.0212566
1.37396    -1.12651    6.15755e-06    0.021264
1.37446    -1.12651    8.59033e-06    0.0212734
1.37505    -1.12651    1.11642e-05    0.0212846
1.37572    -1.12651    1.37688e-05    0.0212974
1.37647    -1.12652    1.63012e-05    0.0213118
1.37728    -1.12652    1.86689e-05    0.0213275
1.37814    -1.12653    2.07918e-05    0.0213445
1.37906    -1.12653    2.26038e-05    0.0213624
1.38001    -1.12653    2.4054e-05    0.0213812
1.381    -1.12653    2.51071e-05    0.0214006
1.382    -1.12654    2.57434e-05    0.0214205
1.38302    -1.12654    2.59579e-05    0.0214407
1.38404    -1.12654    2.57598e-05    0.021461
1.38506    -1.12654    2.51707e-05    0.0214814
1.38607    -1.12654    2.42232e-05    0.0215015
1.38706    -1.12654    2.2959e-05    0.0215213
1.38802    -1.12654    2.14268e-05    0.0215407
1.38895    -1.12654    1.96805e-05    0.0215594
1.38984    -1.12654    1.77767e-05    0.0215774
1.39068    -1.12654    1.57733e-05    0.0215945
1.39148    -1.12654    1.37272e-05    0.0216107
1.39222    -1.12654    1.1693e-05    0.0216259
1.39291    -1.12654    9.72119e-06    0.0216399
1.39353    -1.12654    7.85711e-06    0.0216528
1.3941    -1.12654    6.14001e-06    0.0216644
1.39459    -1.12654    4.60223e-06    0.0216747
1.39502    -1.12654    3.26878e-06    0.0216836
1.39539    -1.12653    2.15712e-06    0.0216913
1.39568    -1.12653    1.27718e-06    0.0216975
1.39591    -1.12653    6.31615e-07    0.0217024
1.39607    -1.12653    2.16202e-07    0.021706
1.39616    -1.12653    2.04804e-08    0.0217082
1.39619    -1.12653    2.84641e-08    0.0217091
1.39616    -1.12653    2.19492e-07    0.0217088
1.39606    -1.12653    5.69143e-07    0.0217072
1.39591    -1.12653    1.0502e-06    0.0217045
1.39571    -1.12653    1.63362e-06    0.0217006
1.39545    -1.12653    2.2895e-06    0.0216958
1.39515    -1.12654    2.98801e-06    0.0216899
1.3948    -1.12654    3.70023e-06    0.0216832
1.39441    -1.12654    4.39895e-06    0.0216757
1.39399    -1.12654    5.05932e-06    0.0216674
1.39354    -1.12654    5.65946e-06    0.0216586
1.39306    -1.12654    6.18085e-06    0.0216492
1.39256    -1.12654    6.60869e-06    0.0216393
1.39205    -1.12654    6.93209e-06    0.021629
1.39152    -1.12654    7.1441e-06    0.0216185
1.39098    -1.12654    7.2417e-06    0.0216079
1.39044    -1.12654    7.22562e-06    0.0215971
1.3899    -1.12654    7.10006e-06    0.0215863
1.38937    -1.12654    6.87237e-06    0.0215756
1.38884    -1.12654    6.55259e-06    0.021565
1.38833    -1.12654    6.153e-06    0.0215547
1.38783    -1.12654    5.68761e-06    0.0215447
1.38735    -1.12654    5.17161e-06    0.021535
1.3869    -1.12654    4.62082e-06    0.0215258
1.38647    -1.12654    4.05121e-06    0.0215171
1.38606    -1.12654    3.47837e-06    0.0215089
1.38569    -1.12654    2.91708e-06    0.0215012
1.38534    -1.12654    2.38086e-06    0.0214942
1.38503    -1.12654    1.88172e-06    0.0214879
1.38476    -1.12654    1.42981e-06    0.0214822
1.38452    -1.12654    1.03327e-06    0.0214773
1.38432    -1.12654    6.98077e-07    0.021473
1.38415    -1.12654    4.2805e-07    0.0214695
1.38402    -1.12654    2.24822e-07    0.0214667
1.38392    -1.12654    8.79537e-08    0.0214646
1.38386    -1.12654    1.50806e-08    0.0214632
1.38384    -1.12654    2.10873e-09    0.0214625
1.38385    -1.12654    4.34548e-08    0.0214625
1.38389    -1.12654    1.32316e-07    0.0214632
1.38396    -1.12654    2.60959e-07    0.0214645
1.38406    -1.12654    4.2102e-07    0.0214664
1.38419    -1.12654    6.03802e-07    0.0214688
1.38435    -1.12654    8.00565e-07    0.0214718
1.38453    -1.12654    1.0028e-06    0.0214752
1.38473    -1.12654    1.20245e-06    0.0214791
1.38495    -1.12654    1.39217e-06    0.0214834
1.38519    -1.12654    1.56545e-06    0.021488
1.38544    -1.12654    1.7168e-06    0.021493
1.3857    -1.12654    1.84181e-06    0.0214982
1.38597    -1.12654    1.93723e-06    0.0215035
1.38625    -1.12654    2.001e-06    0.0215091
1.38654    -1.12654    2.03217e-06    0.0215147
1.38682    -1.12654    2.03092e-06    0.0215204
1.38711    -1.12654    1.99843e-06    0.0215261
1.38739    -1.12654    1.93679e-06    0.0215318
1.38767    -1.12654    1.84887e-06    0.0215374
1.38794    -1.12654    1.73816e-06    0.0215429
1.38821    -1.12654    1.60864e-06    0.0215482
1.38846    -1.12654    1.46463e-06    0.0215533
1.38871    -1.12654    1.31059e-06    0.0215582
1.38894    -1.12654    1.15104e-06    0.0215629
1.38915    -1.12654    9.90346e-07    0.0215673
1.38935    -1.12654    8.32663e-07    0.0215714
1.38953    -1.12654    6.81783e-07    0.0215751
1.3897    -1.12654    5.41059e-07    0.0215785
1.38985    -1.12654    4.13333e-07    0.0215815
1.38998    -1.12654    3.00883e-07    0.0215842
1.39009    -1.12654    2.05397e-07    0.0215865
1.39018    -1.12654    1.27957e-07    0.0215884
1.39025    -1.12654    6.90507e-08    0.02159
1.3903    -1.12654    2.85976e-08    0.0215911
1.39034    -1.12654    5.98821e-09    0.0215919
1.39035    -1.12654    1.38413e-10    0.0215923
1.39035    -1.12654    9.55391e-09    0.0215924
1.39033    -1.12654    3.24021e-08    0.0215921
1.39029    -1.12654    6.65896e-08    0.0215914
1.39024    -1.12654    1.09841e-07    0.0215905
1.39018    -1.12654    1.59781e-07    0.0215892
1.3901    -1.12654    2.14009e-07    0.0215877
1.39    -1.12654    2.70174e-07    0.0215859
1.3899    -1.12654    3.26039e-07    0.0215839
1.38978    -1.12654    3.79543e-07    0.0215816
1.38966    -1.12654    4.28848e-07    0.0215792
1.38953    -1.12654    4.72378e-07    0.0215766
1.38939    -1.12654    5.08852e-07    0.0215739
1.38925    -1.12654    5.37298e-07    0.0215711
1.3891    -1.12654    5.57062e-07    0.0215682
1.38895    -1.12654    5.67809e-07    0.0215652
1.3888    -1.12654    5.69508e-07    0.0215622
1.38865    -1.12654    5.62414e-07    0.0215592
1.3885    -1.12654    5.4704e-07    0.0215561
1.38835    -1.12654    5.24124e-07    0.0215532
1.3882    -1.12654    4.94592e-07    0.0215503
1.38806    -1.12654    4.59518e-07    0.0215474
1.38793    -1.12654    4.20079e-07    0.0215447
1.3878    -1.12654    3.77515e-07    0.021542
1.38767    -1.12654    3.33084e-07    0.0215395
1.38756    -1.12654    2.88026e-07    0.0215372
1.38745    -1.12654    2.43523e-07    0.021535
1.38735    -1.12654    2.0067e-07    0.021533
1.38726    -1.12654    1.60445e-07    0.0215311
1.38718    -1.12654    1.23687e-07    0.0215295
1.38711    -1.12654    9.1081e-08    0.021528
1.38705    -1.12654    6.31475e-08    0.0215268
1.387    -1.12654    4.02358e-08    0.0215257
1.38696    -1.12654    2.25257e-08    0.0215248
1.38693    -1.12654    1.00333e-08    0.0215242
1.38691    -1.12654    2.62109e-09    0.0215237
1.3869    -1.12654    1.24061e-11    0.0215235
1.3869    -1.12654    1.80902e-09    0.0215234
1.38691    -1.12654    7.51129e-09    0.0215235
1.38692    -1.12654    1.654e-08    0.0215238
1.38695    -1.12654    2.82592e-08    0.0215243
1.38698    -1.12654    4.19993e-08    0.0215249
1.38702    -1.12654    5.70794e-08    0.0215257
1.38707    -1.12654    7.28286e-08    0.0215266
1.38713    -1.12654    8.86058e-08    0.0215277
1.38719    -1.12654    1.03817e-07    0.0215288
1.38725    -1.12654    1.17929e-07    0.0215301
1.38732    -1.12654    1.30482e-07    0.0215315
1.38739    -1.12654    1.41101e-07    0.0215329
1.38747    -1.12654    1.49495e-07    0.0215344
1.38754    -1.12654    1.55467e-07    0.0215359
1.38762    -1.12654    1.58909e-07    0.0215375
1.3877    -1.12654    1.59798e-07    0.0215391
1.38778    -1.12654    1.58197e-07    0.0215407
1.38786    -1.12654    1.5424e-07    0.0215423
1.38794    -1.12654    1.48127e-07    0.0215439
1.38802    -1.12654    1.40113e-07    0.0215454
1.3881    -1.12654    1.30495e-07    0.0215469
1.38817    -1.12654    1.19601e-07    0.0215484
1.38824    -1.12654    1.07778e-07    0.0215498
1.3883    -1.12654    9.53787e-08    0.0215511
1.38836    -1.12654    8.27529e-08    0.0215524
1.38842    -1.12654    7.02348e-08    0.0215535
1.38848    -1.12654    5.81348e-08    0.0215546
1.38852    -1.12654    4.67317e-08    0.0215556
1.38857    -1.12654    3.62663e-08    0.0215565
1.38861    -1.12654    2.69363e-08    0.0215573
1.38864    -1.12654    1.8894e-08    0.021558
1.38867    -1.12654    1.22438e-08    0.0215586
1.38869    -1.12654    7.04306e-09    0.021559
1.38871    -1.12654    3.30304e-09    0.0215594
1.38872    -1.12654    9.91805e-10    0.0215597
1.38872    -1.12654    3.80563e-11    0.0215598
1.38872    -1.12654    3.35905e-10    0.0215599
1.38872    -1.12654    1.75036e-09    0.0215598
1.38871    -1.12654    4.12333e-09    0.0215597
1.3887    -1.12654    7.27992e-09    0.0215595
1.38868    -1.12654    1.10347e-08    0.0215591
1.38866    -1.12654    1.51983e-08    0.0215587
1.38864    -1.12654    1.95827e-08    0.0215583
1.38861    -1.12654    2.40074e-08    0.0215577
1.38858    -1.12654    2.83041e-08    0.0215571
1.38854    -1.12654    3.23207e-08    0.0215564
1.38851    -1.12654    3.59251e-08    0.0215557
1.38847    -1.12654    3.90075e-08    0.021555
1.38843    -1.12654    4.14823e-08    0.0215542
1.38839    -1.12654    4.3289e-08    0.0215534
1.38835    -1.12654    4.43924e-08    0.0215526
1.3883    -1.12654    4.47816e-08    0.0215517
1.38826    -1.12654    4.44691e-08    0.0215509
1.38822    -1.12654    4.34885e-08    0.02155
1.38818    -1.12654    4.1892e-08    0.0215492
1.38814    -1.12654    3.97478e-08    0.0215484
1.3881    -1.12654    3.71367e-08    0.0215476
1.38806    -1.12654    3.4149e-08    0.0215468
1.38802    -1.12654    3.08808e-08    0.021546
1.38799    -1.12654    2.7431e-08    0.0215453
1.38795    -1.12654    2.38977e-08    0.0215447
1.38792    -1.12654    2.0376e-08    0.021544
1.38789    -1.12654    1.69542e-08    0.0215434
1.38787    -1.12654    1.37127e-08    0.0215429
1.38784    -1.12654    1.07214e-08    0.0215424
1.38782    -1.12654    8.03835e-09    0.021542
1.3878    -1.12654    5.70897e-09    0.0215416
1.38779    -1.12654    3.76539e-09    0.0215413
1.38778    -1.12654    2.22642e-09    0.021541
1.38777    -1.12654    1.09778e-09    0.0215408
1.38776    -1.12654    3.72896e-10    0.0215407
1.38776    -1.12654    3.38342e-11    0.0215406
1.38776    -1.12654    5.26476e-11    0.0215406
1.38776    -1.12654    3.9287e-10    0.0215406
1.38776    -1.12654    1.01118e-09    0.0215406
1.38777    -1.12654    1.85919e-09    0.0215408
1.38778    -1.12654    2.88518e-09    0.0215409
1.38779    -1.12654    4.03596e-09    0.0215411
1.3878    -1.12654    5.25851e-09    0.0215414
1.38781    -1.12654    6.50156e-09    0.0215416
1.38783    -1.12654    7.71704e-09    0.021542
1.38785    -1.12654    8.86132e-09    0.0215423
1.38787    -1.12654    9.89615e-09    0.0215427
1.38789    -1.12654    1.07895e-08    0.0215431
1.38791    -1.12654    1.15161e-08    0.0215435
1.38793    -1.12654    1.20577e-08    0.0215439
1.38795    -1.12654    1.24031e-08    0.0215443
1.38797    -1.12654    1.25482e-08    0.0215448
1.388    -1.12654    1.24952e-08    0.0215452
1.38802    -1.12654    1.22528e-08    0.0215457
1.38804    -1.12654    1.18346e-08    0.0215461
1.38806    -1.12654    1.12592e-08    0.0215466
1.38808    -1.12654    1.05486e-08    0.021547
1.38811    -1.12654    9.72778e-09    0.0215474
1.38812    -1.12654    8.82354e-09    0.0215478
1.38814    -1.12654    7.86351e-09    0.0215482
1.38816    -1.12654    6.87533e-09    0.0215485
1.38818    -1.12654    5.88581e-09    0.0215489
1.38819    -1.12654    4.92012e-09    0.0215492
1.38821    -1.12654    4.00119e-09    0.0215495
1.38822    -1.12654    3.14913e-09    0.0215497
1.38823    -1.12654    2.38082e-09    0.02155
1.38824    -1.12654    1.7096e-09    0.0215502
1.38825    -1.12654    1.14513e-09    0.0215504
1.38826    -1.12654    6.93322e-10    0.0215505
1.38826    -1.12654    3.56409e-10    0.0215506
1.38827    -1.12654    1.33139e-10    0.0215507
1.38827    -1.12654    1.90366e-11    0.0215508
1.38827    -1.12654    6.75045e-12    0.0215508
1.38827    -1.12654    8.64708e-11    0.0215508
1.38827    -1.12654    2.46387e-10    0.0215507
1.38826    -1.12654    4.73175e-10    0.0215507
1.38826    -1.12654    7.52503e-10    0.0215506
1.38825    -1.12654    1.06952e-09    0.0215505
1.38825    -1.12654    1.40936e-09    0.0215504
1.38824    -1.12654    1.75754e-09    0.0215502
1.38823    -1.12654    2.10043e-09    0.0215501
1.38822    -1.12654    2.42555e-09    0.0215499
1.38821    -1.12654    2.72191e-09    0.0215497
1.3882    -1.12654    2.9802e-09    0.0215495
1.38819    -1.12654    3.19298e-09    0.0215493
1.38818    -1.12654    3.35475e-09    0.021549
1.38817    -1.12654    3.46203e-09    0.0215488
1.38816    -1.12654    3.51328e-09    0.0215486
1.38814    -1.12654    3.5088e-09    0.0215483
1.38813    -1.12654    3.45066e-09    0.0215481
1.38812    -1.12654    3.34245e-09    0.0215479
1.38811    -1.12654    3.18912e-09    0.0215476
