1.62887    -1.11629    0.00278138
1.61829    -1.11687    0.00326726
1.60682    -1.11742    0.00377196
1.59449    -1.11806    0.00428724
1.58135    -1.11867    0.00469932
1.56759    -1.11936    0.00486593
1.5536    -1.12004    0.00492282
1.53952    -1.1207    0.00494545
1.5254    -1.12132    0.00497068
1.51125    -1.12189    0.00499693
1.49707    -1.1224    0.00502129
1.48285    -1.12286    0.00504134
1.4686    -1.12326    0.00505393
1.45433    -1.12361    0.00509201
1.44001    -1.12388    0.0051523
1.42561    -1.12409    0.00519348
1.41115    -1.12423    0.00521124
1.39666    -1.12429    0.00516549
1.38224    -1.12431    0.00505381
1.36797    -1.12425    0.00487595
1.35396    -1.12412    0.00463325
1.3403    -1.12394    0.00432954
1.32709    -1.1237    0.00397077
1.31445    -1.12341    0.00356553
1.30246    -1.12309    0.00312461
1.29125    -1.12274    0.00266114
1.28089    -1.1224    0.00218998
1.2715    -1.12206    0.00172736
1.26316    -1.12175    0.00129014
1.25595    -1.12149    0.000894997
1.24995    -1.12129    0.000557514
1.24521    -1.12118    0.000291323
1.24179    -1.12115    0.000107249
1.23971    -1.1212    1.25855e-05
1.239    -1.12133    1.07257e-05
1.23965    -1.12163    0.000100596
1.24167    -1.12205    0.000277191
1.24501    -1.12249    0.000531688
1.24964    -1.12307    0.00085257
1.25549    -1.12362    0.00122457
1.26252    -1.12428    0.00163247
1.27063    -1.1249    0.00205884
1.27973    -1.12555    0.00248793
1.28974    -1.12615    0.00290367
1.30055    -1.12674    0.00329276
1.31207    -1.12724    0.00364295
1.32418    -1.1277    0.00394518
1.33679    -1.12806    0.00419211
1.34978    -1.12835    0.00437944
1.36306    -1.12854    0.00450466
1.37653    -1.12865    0.00456777
1.39009    -1.12867    0.00457023
1.40366    -1.12861    0.00451533
1.41714    -1.12846    0.00440735
1.43047    -1.12824    0.00425167
1.44355    -1.12795    0.00405425
1.45633    -1.12761    0.00382157
1.46874    -1.12722    0.00356022
1.48071    -1.12679    0.00327696
1.4922    -1.12632    0.00297834
1.50315    -1.12584    0.00267075
1.51352    -1.12534    0.00236024
1.52327    -1.12484    0.0020525
1.53236    -1.12433    0.00175276
1.54076    -1.12384    0.00146579
1.54845    -1.12336    0.00119589
1.55539    -1.12291    0.000946887
1.56156    -1.12248    0.000722092
1.56695    -1.12208    0.000524318
1.57155    -1.12172    0.000355892
1.57534    -1.1214    0.000218667
1.5783    -1.12115    0.000114105
1.58045    -1.12081    4.2755e-05
1.58176    -1.12073    5.83267e-06
1.58224    -1.1206    2.89383e-06
1.5819    -1.12069    3.30843e-05
1.58075    -1.12021    9.72206e-05
1.57877    -1.1205    0.000191998
1.57599    -1.12039    0.000317893
1.57241    -1.12063    0.000470657
1.56806    -1.12061    0.000650703
1.56294    -1.12081    0.000853621
1.55707    -1.12098    0.00107698
1.55049    -1.12122    0.00131685
1.54321    -1.12146    0.00156981
1.53526    -1.12174    0.00183137
1.52667    -1.12202    0.00209748
1.51748    -1.12232    0.00236299
1.50772    -1.12262    0.00262327
1.49744    -1.12293    0.00287287
1.48669    -1.12322    0.00310676
1.4755    -1.1235    0.00331945
1.46394    -1.12376    0.00350586
1.45206    -1.124    0.00366082
1.43991    -1.1242    0.00377972
1.42758    -1.12437    0.0038582
1.41511    -1.12449    0.00389274
1.40259    -1.12458    0.0038805
1.39009    -1.12461    0.00381975
1.37769    -1.1246    0.00370987
1.36546    -1.12454    0.00355168
1.3535    -1.12444    0.00334743
1.34189    -1.12429    0.00310105
1.33072    -1.12411    0.00281807
1.32007    -1.12391    0.00250569
1.31002    -1.12368    0.00217258
1.30067    -1.12344    0.00182875
1.29208    -1.12321    0.00148518
1.28435    -1.12299    0.00115345
1.27753    -1.1228    0.000845212
1.2717    -1.12265    0.000571694
1.2669    -1.12256    0.000343081
1.26319    -1.12252    0.000168024
1.26058    -1.12252    5.30475e-05
1.25912    -1.12276    2.33892e-06
1.25882    -1.12282    1.76486e-05
1.25966    -1.1231    9.74767e-05
1.26164    -1.12334    0.000237244
1.26473    -1.12373    0.000431068
1.2689    -1.12416    0.000670396
1.27409    -1.1246    0.000944917
1.28026    -1.12509    0.00124391
1.28734    -1.12556    0.00155555
1.29525    -1.12605    0.00186877
1.30393    -1.1265    0.00217255
1.31328    -1.12694    0.00245738
1.32323    -1.12732    0.00271463
1.33369    -1.12766    0.00293758
1.34456    -1.12793    0.00312083
1.35578    -1.12814    0.00326092
1.36724    -1.12829    0.00335574
1.37886    -1.12837    0.00340487
1.39057    -1.12838    0.00340907
1.40229    -1.12833    0.00337037
1.41394    -1.12821    0.00329168
1.42545    -1.12804    0.00317673
1.43676    -1.12782    0.00302979
1.44781    -1.12755    0.00285557
1.45853    -1.12724    0.00265899
1.46888    -1.1269    0.00244511
1.4788    -1.12654    0.00221898
1.48826    -1.12616    0.00198552
1.4972    -1.12576    0.0017495
1.50559    -1.12537    0.00151539
1.5134    -1.12497    0.00128735
1.5206    -1.12457    0.00106929
1.52717    -1.1242    0.000864669
1.53307    -1.12383    0.000676617
1.53829    -1.12349    0.000507823
1.54281    -1.12318    0.000360596
1.54662    -1.12289    0.000236832
1.54971    -1.12267    0.000138104
1.55207    -1.12233    6.50431e-05
1.55369    -1.12226    1.92622e-05
1.55457    -1.1221    5.03257e-07
1.55471    -1.12206    8.66315e-06
1.55412    -1.12182    4.36567e-05
1.55279    -1.1219    0.000104179
1.55074    -1.12182    0.000189734
1.54798    -1.12196    0.000297781
1.54452    -1.122    0.000427328
1.54037    -1.12208    0.000576132
1.53555    -1.12213    0.000742606
1.53008    -1.12236    0.00092224
1.52399    -1.12247    0.0011137
1.51729    -1.12272    0.00131209
1.51002    -1.12288    0.00151524
1.50221    -1.12313    0.00171817
1.49389    -1.12332    0.00191809
1.4851    -1.12357    0.00210992
1.47589    -1.12377    0.0022904
1.46628    -1.124    0.00245471
1.45634    -1.12418    0.00259945
1.44611    -1.12437    0.0027203
1.43564    -1.12452    0.00281412
1.42499    -1.12466    0.00287745
1.41423    -1.12476    0.00290794
1.40341    -1.12483    0.00290339
1.3926    -1.12487    0.00286278
1.38186    -1.12488    0.00278563
1.37127    -1.12484    0.00267273
1.36089    -1.12478    0.00252575
1.35081    -1.12469    0.00234761
1.34108    -1.12458    0.00214231
1.33179    -1.12444    0.00191502
1.32301    -1.12429    0.00167187
1.31481    -1.12414    0.00141992
1.30724    -1.12398    0.00116685
1.30039    -1.12384    0.000920787
1.2943    -1.12371    0.000689886
1.28903    -1.12362    0.000482049
1.28462    -1.12355    0.00030457
1.28112    -1.12353    0.000163725
1.27855    -1.12353    6.44505e-05
1.27694    -1.12376    1.00983e-05
1.2763    -1.12388    2.86503e-06
1.27664    -1.12381    4.19554e-05
1.27794    -1.12434    0.000126255
1.2802    -1.12431    0.000249801
1.28337    -1.12481    0.000409983
1.28743    -1.12502    0.000598218
1.29234    -1.12547    0.000808894
1.29805    -1.12576    0.00103259
1.3045    -1.12618    0.00126268
1.31163    -1.1265    0.00149008
1.31938    -1.12687    0.00170854
1.32767    -1.12715    0.00191051
1.33644    -1.12745    0.00209112
1.34562    -1.12767    0.00224507
1.35513    -1.12787    0.00236945
1.3649    -1.128    0.00246144
1.37485    -1.1281    0.00252017
1.38493    -1.12813    0.00254512
1.39505    -1.12812    0.00253726
1.40516    -1.12805    0.00249793
1.41519    -1.12795    0.00242953
1.42508    -1.12779    0.00233471
1.43478    -1.12761    0.0022168
1.44423    -1.12738    0.00207925
1.45338    -1.12713    0.00192586
1.46218    -1.12686    0.00176039
1.4706    -1.12656    0.00158673
1.4786    -1.12626    0.00140862
1.48613    -1.12594    0.00122971
1.49317    -1.12562    0.0010534
1.49968    -1.12531    0.000882985
1.50564    -1.125    0.000721402
1.51103    -1.12471    0.000571359
1.51583    -1.12442    0.000435214
1.52002    -1.12416    0.000315037
1.52358    -1.12392    0.000212549
1.5265    -1.12373    0.00012921
1.52879    -1.12342    6.5643e-05
1.53041    -1.12338    2.34669e-05
1.53138    -1.12322    2.48822e-06
1.5317    -1.12313    2.82263e-06
1.53136    -1.12299    2.43094e-05
1.53037    -1.12297    6.6282e-05
1.52874    -1.12294    0.000127951
1.52647    -1.123    0.000207822
1.52358    -1.12303    0.000304625
1.52007    -1.12311    0.000416484
1.51598    -1.12314    0.000542062
1.51131    -1.1232    0.0006792
1.50608    -1.12337    0.000824473
1.50031    -1.12347    0.000976179
1.49404    -1.12365    0.00113057
1.4873    -1.12378    0.00128542
1.4801    -1.12396    0.00143694
1.47249    -1.12411    0.00158262
1.46451    -1.12428    0.00171864
1.45619    -1.12443    0.00184235
1.44758    -1.12458    0.00195031
1.43871    -1.12471    0.00204001
1.42965    -1.12483    0.00210857
1.42044    -1.12493    0.00215397
1.41112    -1.12501    0.00217423
1.40176    -1.12506    0.00216818
1.39242    -1.1251    0.00213503
1.38315    -1.1251    0.00207484
1.37401    -1.12509    0.00198826
1.36506    -1.12505    0.00187686
1.35636    -1.12499    0.0017429
1.34799    -1.12492    0.00158953
1.33999    -1.12483    0.00142058
1.33242    -1.12473    0.00124063
1.32535    -1.12463    0.00105478
1.31884    -1.12453    0.000868578
1.31292    -1.12444    0.000687764
1.30766    -1.12437    0.000518093
1.30309    -1.12431    0.000365136
1.29926    -1.12428    0.000233968
1.29619    -1.12428    0.000128992
1.29391    -1.1243    5.36722e-05
1.29244    -1.1245    1.03818e-05
1.29179    -1.12463    8.25504e-07
1.29197    -1.12459    2.47852e-05
1.29297    -1.12488    8.11181e-05
1.29478    -1.12498    0.000166688
1.29737    -1.1252    0.000278292
1.30072    -1.12547    0.000411806
1.30479    -1.12582    0.000562895
1.30955    -1.12602    0.000724729
1.31495    -1.12637    0.000893084
1.32095    -1.12659    0.00106113
1.32749    -1.12689    0.00122458
1.33451    -1.1271    0.0013776
1.34196    -1.12734    0.00151663
1.34977    -1.12751    0.00163736
1.3579    -1.12768    0.00173745
1.36626    -1.12778    0.00181435
1.37481    -1.12787    0.00186713
1.38348    -1.1279    0.00189492
1.39222    -1.12791    0.00189814
1.40096    -1.12787    0.00187739
1.40965    -1.1278    0.0018342
1.41825    -1.12769    0.00177028
1.42669    -1.12755    0.00168794
1.43494    -1.12738    0.00158962
1.44294    -1.12719    0.00147812
1.45065    -1.12698    0.00135624
1.45804    -1.12675    0.00122694
1.46507    -1.12651    0.00109307
1.47171    -1.12626    0.000957542
1.47792    -1.12601    0.000823084
1.48367    -1.12576    0.000692323
1.48895    -1.12551    0.00056765
1.49374    -1.12527    0.000451287
1.498    -1.12504    0.000345195
1.50173    -1.12482    0.000251108
1.50491    -1.12465    0.000170546
1.50753    -1.12434    0.000104128
1.50958    -1.1243    5.39311e-05
1.51105    -1.12416    1.99342e-05
1.51195    -1.12393    2.39213e-06
1.51226    -1.12402    1.73428e-06
1.51199    -1.12373    1.77456e-05
1.51115    -1.12396    4.92072e-05
1.50974    -1.12354    9.72977e-05
1.50776    -1.12396    0.000158025
1.50524    -1.1237    0.000233416
1.50217    -1.12389    0.000319444
1.49858    -1.12384    0.000416545
1.49449    -1.12396    0.000521612
1.48991    -1.12401    0.000633342
1.48485    -1.12413    0.000748984
1.47936    -1.12422    0.000866748
1.47345    -1.12435    0.000983807
1.46716    -1.12446    0.00109808
1.46051    -1.12459    0.00120677
1.45354    -1.1247    0.00130769
1.44628    -1.12481    0.00139831
1.43878    -1.12492    0.00147643
1.43107    -1.12502    0.00153989
1.42319    -1.1251    0.00158691
1.4152    -1.12517    0.0016159
1.40713    -1.12523    0.00162571
1.39904    -1.12527    0.00161555
1.39097    -1.1253    0.00158516
1.38298    -1.1253    0.00153475
1.37512    -1.12529    0.00146512
1.36744    -1.12527    0.00137762
1.35999    -1.12523    0.00127418
1.35283    -1.12518    0.00115729
1.346    -1.12513    0.00102995
1.33956    -1.12507    0.000895581
1.33356    -1.12501    0.000757981
1.32803    -1.12495    0.000621148
1.32303    -1.1249    0.000489241
1.31859    -1.12486    0.000366318
1.31475    -1.12484    0.000256261
1.31154    -1.12483    0.000162563
1.30898    -1.12483    8.81841e-05
1.30709    -1.12503    3.52553e-05
1.3059    -1.12482    6.20116e-06
1.3054    -1.12492    9.48172e-07
1.3056    -1.12488    1.92087e-05
1.30648    -1.12546    6.11023e-05
1.30805    -1.12543    0.000123769
1.31028    -1.12567    0.000205567
1.31316    -1.12572    0.000302312
1.31664    -1.12603    0.000412013
1.32072    -1.12626    0.000530338
1.32534    -1.12655    0.000653999
1.33047    -1.12669    0.00077764
1.33607    -1.12694    0.000898744
1.34208    -1.12709    0.00101261
1.34847    -1.12729    0.00111696
1.35518    -1.1274    0.00120826
1.36215    -1.12754    0.00128493
1.36935    -1.12762    0.00134475
1.37671    -1.12769    0.00138703
1.38418    -1.12771    0.00141085
1.39172    -1.12773    0.00141646
1.39927    -1.12769    0.00140404
1.40679    -1.12764    0.00137467
1.41423    -1.12755    0.00132943
1.42155    -1.12745    0.00127001
1.4287    -1.12732    0.00119812
1.43564    -1.12717    0.00111583
1.44235    -1.127    0.00102518
1.44877    -1.12682    0.000928465
1.45489    -1.12663    0.000827855
1.46066    -1.12644    0.000725604
1.46607    -1.12624    0.00062382
1.47108    -1.12604    0.000524569
1.47568    -1.12584    0.000429744
1.47984    -1.12564    0.000341117
1.48354    -1.12546    0.000260258
1.48678    -1.12528    0.000188566
1.48954    -1.12514    0.000127258
1.4918    -1.12488    7.68727e-05
1.49356    -1.12487    3.90777e-05
1.49481    -1.12474    1.38e-05
1.49556    -1.12454    1.31381e-06
1.49579    -1.12461    1.90094e-06
1.49551    -1.12437    1.54146e-05
1.49473    -1.12458    4.07916e-05
1.49344    -1.12416    7.91147e-05
1.49166    -1.12458    0.000126889
1.4894    -1.12428    0.000186112
1.48666    -1.12447    0.000253164
1.48347    -1.12446    0.000328053
1.47983    -1.12456    0.000408599
1.47578    -1.12448    0.000494757
1.47131    -1.12467    0.00058248
1.46647    -1.12465    0.000672097
1.46127    -1.12481    0.000759832
1.45573    -1.12483    0.000845395
1.4499    -1.12497    0.0009255
1.44379    -1.12502    0.000999439
1.43745    -1.12513    0.00106446
1.4309    -1.12519    0.00111971
1.42419    -1.12528    0.00116304
1.41734    -1.12532    0.00119379
1.41041    -1.12539    0.00121037
1.40343    -1.12541    0.00121251
1.39644    -1.12546    0.00119945
1.38949    -1.12547    0.00117147
1.38262    -1.12548    0.00112873
1.37588    -1.12547    0.00107218
1.36931    -1.12546    0.0010029
1.36295    -1.12543    0.000922586
1.35686    -1.12541    0.000833152
1.35107    -1.12538    0.00073695
1.34562    -1.12534    0.000636573
1.34055    -1.12531    0.00053485
1.33591    -1.12528    0.000434699
1.33173    -1.12526    0.000339081
1.32803    -1.12524    0.000250861
1.32486    -1.12524    0.000172726
1.32222    -1.12523    0.00010703
1.32014    -1.12542    5.54686e-05
1.31865    -1.12518    2.06656e-05
1.31774    -1.12545    2.51744e-06
1.31742    -1.12551    1.89019e-06
1.31769    -1.12545    1.83081e-05
1.31855    -1.12586    5.17296e-05
1.31999    -1.12572    9.95667e-05
1.322    -1.12602    0.000161428
1.32455    -1.12609    0.000233907
1.32762    -1.12633    0.000315674
1.33118    -1.12648    0.000403414
1.33521    -1.12665    0.000494386
1.33967    -1.12681    0.000585708
1.34453    -1.12696    0.000674645
1.34974    -1.1271    0.000758607
1.35527    -1.12723    0.000835285
1.36107    -1.12733    0.000902663
1.3671    -1.12742    0.000959103
1.37331    -1.12749    0.0010034
1.37967    -1.12754    0.0010346
1.38613    -1.12756    0.0010523
1.39264    -1.12756    0.00105637
1.39916    -1.12753    0.00104712
1.40565    -1.12749    0.00102512
1.41208    -1.12742    0.000991238
1.4184    -1.12733    0.000946634
1.42457    -1.12723    0.000892636
1.43057    -1.12711    0.000830734
1.43635    -1.12698    0.000762522
1.44189    -1.12683    0.000689666
1.44716    -1.12668    0.000613858
1.45213    -1.12652    0.000536787
1.45678    -1.12636    0.000460097
1.46109    -1.1262    0.000385368
1.46503    -1.12604    0.000314081
1.46858    -1.12589    0.000247603
1.47174    -1.12577    0.000187211
1.47449    -1.12549    0.000133345
1.4768    -1.12548    8.82231e-05
1.47869    -1.12538    5.19081e-05
1.48014    -1.12515    2.46949e-05
1.48113    -1.12521    7.5654e-06
1.48168    -1.12507    2.60594e-07
1.48179    -1.12507    2.89457e-06
1.48145    -1.12485    1.54705e-05
1.48066    -1.12505    3.69719e-05
1.47944    -1.12463    6.85223e-05
1.47778    -1.12505    0.000106871
1.4757    -1.12472    0.000154115
1.47321    -1.12492    0.000206815
1.47032    -1.1249    0.000265197
1.46706    -1.12506    0.000326868
1.46343    -1.12499    0.000392111
1.45945    -1.12505    0.000458737
1.45516    -1.12502    0.000526273
1.45055    -1.12516    0.000591623
1.44567    -1.12515    0.000654821
1.44053    -1.12527    0.00071312
1.43518    -1.12529    0.000766219
1.42962    -1.12538    0.000811902
1.4239    -1.12541    0.000849733
1.41805    -1.12548    0.000878062
1.41211    -1.12551    0.000896537
1.4061    -1.12556    0.000904119
1.40006    -1.12558    0.000900739
1.39404    -1.12561    0.000886009
1.38807    -1.12562    0.000860293
1.38218    -1.12563    0.000823881
1.37642    -1.12563    0.000777656
1.37082    -1.12563    0.000722564
1.36543    -1.12561    0.00066001
1.36027    -1.1256    0.000591515
1.35539    -1.12558    0.000518919
1.35082    -1.12557    0.000444154
1.34659    -1.12555    0.000369321
1.34274    -1.12554    0.000296527
1.33928    -1.12554    0.000227889
1.33625    -1.12554    0.000165405
1.33367    -1.12553    0.000110894
1.33156    -1.12571    6.56135e-05
1.32993    -1.12548    3.20323e-05
1.3288    -1.12571    9.95652e-06
1.32816    -1.12584    3.76823e-07
1.32804    -1.12569    3.51062e-06
1.32842    -1.12602    1.92205e-05
1.3293    -1.12592    4.63475e-05
1.33066    -1.12614    8.44611e-05
1.33251    -1.12614    0.000131463
1.33481    -1.12633    0.000186489
1.33755    -1.12642    0.000247104
1.3407    -1.12652    0.000311556
1.34424    -1.12674    0.00037851
1.34815    -1.12689    0.000445705
1.35239    -1.12696    0.000510575
1.35692    -1.1271    0.000571921
1.36172    -1.12717    0.000627511
1.36675    -1.12727    0.000676393
1.37197    -1.12732    0.000716975
1.37734    -1.12738    0.000748681
1.38283    -1.1274    0.00077061
1.3884    -1.12742    0.000782644
1.39401    -1.12741    0.000784539
1.39964    -1.12739    0.000776637
1.40523    -1.12735    0.000759258
1.41076    -1.12729    0.000733148
1.41619    -1.12722    0.000699067
1.4215    -1.12714    0.000658063
1.42665    -1.12704    0.0006112
1.43161    -1.12693    0.00055971
1.43635    -1.12682    0.00050482
1.44086    -1.1267    0.000447834
1.44511    -1.12657    0.000390015
1.44907    -1.12644    0.000332629
1.45273    -1.12631    0.000276869
1.45607    -1.12619    0.000223876
1.45908    -1.12609    0.00017472
1.46173    -1.12584    0.000129744
1.46401    -1.12584    9.10013e-05
1.46593    -1.12576    5.85375e-05
1.46746    -1.12554    3.26046e-05
1.46861    -1.1256    1.42833e-05
1.46937    -1.12545    3.32883e-06
1.46973    -1.12536    1.95799e-08
1.46971    -1.12537    4.33614e-06
1.46929    -1.12528    1.611e-05
1.46848    -1.12525    3.49868e-05
1.4673    -1.12522    6.05645e-05
1.46573    -1.12525    9.20711e-05
1.46381    -1.12524    0.000128981
1.46153    -1.12525    0.000170448
1.45891    -1.12528    0.000215493
1.45596    -1.12532    0.000263151
1.45271    -1.12535    0.000312475
1.44916    -1.12539    0.000362266
1.44534    -1.12536    0.000412116
1.44127    -1.12537    0.000460723
1.43696    -1.12546    0.000506251
1.43244    -1.12546    0.000548351
1.42774    -1.12554    0.000585369
1.42289    -1.12556    0.0006169
1.4179    -1.12562    0.000641681
1.41282    -1.12564    0.000659374
1.40767    -1.12568    0.000669151
1.40248    -1.1257    0.000670879
1.39728    -1.12573    0.0006642
1.39211    -1.12574    0.000649296
1.38699    -1.12576    0.000626298
1.38197    -1.12576    0.000595765
1.37707    -1.12577    0.000558307
1.37233    -1.12577    0.000514866
1.36778    -1.12577    0.000466475
1.36344    -1.12576    0.000414407
1.35936    -1.12576    0.000360012
1.35555    -1.12575    0.000304776
1.35205    -1.12575    0.000250207
1.34887    -1.12576    0.000197844
1.34605    -1.12574    0.00014913
1.3436    -1.12592    0.000104961
1.34154    -1.12567    6.81155e-05
1.33989    -1.12586    3.82126e-05
1.33865    -1.12587    1.65749e-05
1.33783    -1.12598    3.71701e-06
1.33744    -1.12607    5.35053e-08
1.33749    -1.12606    5.59006e-06
1.33796    -1.12614    1.99804e-05
1.33886    -1.12623    4.26604e-05
1.34017    -1.12629    7.27295e-05
1.34188    -1.12634    0.000109108
1.34398    -1.12646    0.000150771
1.34644    -1.12655    0.000196218
1.34925    -1.12662    0.000243989
1.35239    -1.12673    0.000292788
1.35582    -1.12681    0.000341076
1.35953    -1.12698    0.000388139
1.36348    -1.12709    0.000432463
1.36766    -1.12711    0.000472217
1.37202    -1.12721    0.000507054
1.37654    -1.12722    0.000535558
1.38118    -1.12728    0.000557575
1.38592    -1.12728    0.000572272
1.39072    -1.1273    0.000579741
1.39555    -1.12728    0.000579692
1.40038    -1.12727    0.000572493
1.40518    -1.12722    0.000558313
1.40993    -1.12718    0.000537776
1.41458    -1.12712    0.000511405
1.41912    -1.12705    0.000480026
1.42352    -1.12697    0.000444408
1.42775    -1.12688    0.000405501
1.43179    -1.12679    0.000364211
1.43562    -1.12669    0.000321532
1.43922    -1.12659    0.000278406
1.44256    -1.12649    0.000235796
1.44565    -1.12641    0.000194623
1.44844    -1.12622    0.0001554
1.45095    -1.12625    0.000119779
1.45314    -1.12597    8.71598e-05
1.45502    -1.12606    5.96682e-05
1.45657    -1.12592    3.68152e-05
1.45778    -1.12576    1.9129e-05
1.45866    -1.12581    7.21869e-06
1.4592    -1.12567    9.46905e-07
1.4594    -1.12575    4.98729e-07
1.45925    -1.12549    5.85191e-06
1.45877    -1.12561    1.66081e-05
1.45795    -1.12541    3.29738e-05
1.4568    -1.12561    5.37241e-05
1.45533    -1.12543    7.93738e-05
1.45354    -1.1255    0.000108568
1.45145    -1.12551    0.000140939
1.44907    -1.12558    0.000175476
1.44641    -1.12553    0.000211989
1.44349    -1.1256    0.000249052
1.44032    -1.12563    0.000286132
1.43692    -1.12566    0.000322331
1.43332    -1.12569    0.000356837
1.42953    -1.12565    0.000389378
1.42557    -1.12564    0.000419065
1.42146    -1.12572    0.000444386
1.41723    -1.12571    0.000465453
1.4129    -1.12577    0.000481059
1.4085    -1.12577    0.000491291
1.40405    -1.12582    0.000495395
1.39959    -1.12582    0.000493538
1.39513    -1.12585    0.000485408
1.39071    -1.12586    0.00047135
1.38635    -1.12588    0.000451471
1.38209    -1.12588    0.000426344
1.37794    -1.12589    0.000396455
1.37395    -1.12589    0.000362613
1.37013    -1.1259    0.00032561
1.3665    -1.1259    0.000286449
1.36311    -1.12591    0.00024613
1.35996    -1.12591    0.000205763
1.35708    -1.12589    0.000166402
1.35449    -1.12599    0.000128958
1.35221    -1.12588    9.51061e-05
1.35026    -1.12611    6.47288e-05
1.34864    -1.12585    4.01447e-05
1.34737    -1.12608    2.07353e-05
1.34646    -1.12606    7.57691e-06
1.3459    -1.12618    8.40653e-07
1.34572    -1.12611    7.87341e-07
1.3459    -1.12631    7.33048e-06
1.34644    -1.12619    1.98675e-05
1.34734    -1.12654    3.873e-05
1.34858    -1.12629    6.19608e-05
1.35016    -1.12668    9.05544e-05
1.35207    -1.12657    0.000121977
1.35429    -1.12663    0.0001559
1.3568    -1.12668    0.000191158
1.35957    -1.12684    0.000227253
1.3626    -1.12685    0.000262492
1.36585    -1.12703    0.000296908
1.36931    -1.12699    0.000328209
1.37294    -1.12712    0.000356787
1.37673    -1.1271    0.0003809
1.38065    -1.12718    0.00040083
1.38467    -1.12716    0.00041543
1.38876    -1.1272    0.00042499
1.39289    -1.12717    0.000428896
1.39705    -1.12718    0.000427532
1.4012    -1.12714    0.000420732
1.40531    -1.12713    0.000409006
1.40937    -1.12707    0.000392543
1.41335    -1.12703    0.000371975
1.41722    -1.12697    0.000347748
1.42096    -1.12691    0.000320586
1.42456    -1.12683    0.000291096
1.42798    -1.12676    0.000260044
1.43122    -1.12668    0.000228116
1.43425    -1.12663    0.000196085
1.43706    -1.12645    0.000164304
1.43963    -1.1265    0.000134336
1.44195    -1.12622    0.000105429
1.44401    -1.12633    7.98169e-05
1.44581    -1.1262    5.69636e-05
1.44732    -1.12604    3.73496e-05
1.44855    -1.12609    2.18303e-05
1.44949    -1.12599    1.02914e-05
1.45013    -1.12583    2.90919e-06
1.45047    -1.12596    5.9761e-08
1.45052    -1.12574    1.5644e-06
1.45027    -1.1258    7.34588e-06
1.44973    -1.12572    1.73119e-05
1.44889    -1.12575    3.10388e-05
1.44777    -1.12572    4.8318e-05
1.44638    -1.12573    6.86412e-05
1.44472    -1.12572    9.16361e-05
1.4428    -1.12574    0.000116654
1.44063    -1.12574    0.000143216
1.43823    -1.12576    0.000170662
1.4356    -1.12578    0.000198375
1.43278    -1.1258    0.000225696
1.42976    -1.12582    0.000252017
1.42658    -1.12585    0.000276679
1.42324    -1.12588    0.000299106
1.41977    -1.1259    0.000318753
1.41619    -1.12593    0.000335115
1.41251    -1.12587    0.000348415
1.40877    -1.12586    0.000357948
1.40497    -1.12592    0.000362902
1.40115    -1.12591    0.000363653
1.39732    -1.12595    0.000359676
1.39351    -1.12594    0.000351391
1.38975    -1.12597    0.000338668
1.38606    -1.12597    0.000322016
1.38246    -1.12599    0.000301643
1.37897    -1.12599    0.000278182
1.37563    -1.12601    0.000252109
1.37244    -1.12601    0.000224171
1.36943    -1.12602    0.000195033
1.36663    -1.126    0.000165485
1.36405    -1.1261    0.000136084
1.36171    -1.12599    0.000108298
1.35962    -1.12621    8.17359e-05
1.35781    -1.12596    5.87331e-05
1.35627    -1.12616    3.85468e-05
1.35502    -1.12613    2.22809e-05
1.35408    -1.12625    1.01717e-05
1.35344    -1.12615    2.76587e-06
1.3531    -1.12623    1.45548e-08
1.35308    -1.12623    1.98406e-06
1.35336    -1.12617    8.38463e-06
1.35394    -1.12656    1.951e-05
1.35483    -1.12641    3.43032e-05
1.356    -1.12657    5.28648e-05
1.35746    -1.12653    7.40619e-05
1.35919    -1.12665    9.77361e-05
1.36117    -1.12667    0.000122785
1.3634    -1.12673    0.000148673
1.36584    -1.12678    0.000174561
1.36849    -1.12684    0.000199823
1.37133    -1.12686    0.000223613
1.37433    -1.12691    0.000245458
1.37748    -1.12694    0.000264713
1.38074    -1.12696    0.000280886
1.3841    -1.12698    0.000293672
1.38754    -1.127    0.000302754
1.39104    -1.12699    0.000307936
1.39456    -1.12699    0.000309222
1.39809    -1.12698    0.000306597
1.4016    -1.12696    0.0003002
1.40508    -1.12693    0.000290289
1.4085    -1.1269    0.000277131
1.41184    -1.12686    0.000261107
1.41508    -1.12681    0.000242665
1.41821    -1.12676    0.000222251
1.4212    -1.12671    0.000200384
1.42404    -1.12665    0.000177592
1.42671    -1.12659    0.000154391
1.42921    -1.12653    0.000131318
1.43151    -1.12647    0.00010888
1.4336    -1.12641    8.7555e-05
1.43548    -1.12635    6.77954e-05
1.43713    -1.12629    5.00022e-05
1.43855    -1.12624    3.45272e-05
1.43973    -1.12618    2.16695e-05
1.44066    -1.12614    1.16625e-05
1.44135    -1.12609    4.6794e-06
1.44178    -1.12599    7.88356e-07
1.44196    -1.12611    1.22529e-07
1.44189    -1.12591    2.61167e-06
1.44157    -1.12599    8.07934e-06
1.441    -1.12585    1.6593e-05
1.44018    -1.12597    2.75382e-05
1.43912    -1.12587    4.10861e-05
1.43784    -1.1259    5.65831e-05
1.43633    -1.12589    7.37977e-05
1.4346    -1.12593    9.21991e-05
1.43268    -1.12587    0.000111652
1.43056    -1.12591    0.000131389
1.42826    -1.1259    0.000151138
1.42579    -1.12589    0.000170419
1.42317    -1.12593    0.000188754
1.42041    -1.12587    0.000206015
1.41753    -1.126    0.000220888
1.41455    -1.12586    0.000234361
1.41148    -1.12607    0.000244329
1.40834    -1.12587    0.000252651
1.40515    -1.12612    0.000256674
1.40194    -1.12589    0.000258958
1.39871    -1.12616    0.000256532
1.39549    -1.12591    0.000252468
1.3923    -1.1262    0.000243709
1.38917    -1.12593    0.00023363
1.3861    -1.12622    0.000219292
1.38313    -1.12595    0.000204164
1.38026    -1.12624    0.000185599
1.37753    -1.12597    0.000166948
1.37494    -1.12626    0.000145983
1.37251    -1.126    0.000125747
1.37026    -1.12632    0.000104284
1.36821    -1.126    8.47796e-05
1.36637    -1.12624    6.56667e-05
1.36474    -1.12616    4.84684e-05
1.36334    -1.12631    3.30856e-05
1.36219    -1.12616    2.05859e-05
1.36128    -1.12627    1.0748e-05
1.36062    -1.12635    3.98113e-06
1.36022    -1.12644    4.72778e-07
1.36008    -1.12627    3.32123e-07
1.3602    -1.12651    3.49442e-06
1.36057    -1.12643    9.69856e-06
1.3612    -1.12662    1.90374e-05
1.36207    -1.12645    3.06382e-05
1.36318    -1.12671    4.49539e-05
1.36453    -1.12664    6.07867e-05
1.36609    -1.12667    7.79336e-05
1.36786    -1.1267    9.58754e-05
1.36983    -1.12681    0.000114335
1.37198    -1.12675    0.000132217
1.37428    -1.12684    0.000149694
1.37674    -1.1269    0.000166053
1.37932    -1.12684    0.000180441
1.38202    -1.12692    0.000193194
1.38481    -1.12698    0.00020385
1.38767    -1.12688    0.000211408
1.39059    -1.12696    0.000216836
1.39355    -1.12701    0.000219645
1.39652    -1.12694    0.000219419
1.39949    -1.12705    0.000217038
1.40245    -1.12687    0.00021121
1.40537    -1.12703    0.000203883
1.40823    -1.12679    0.000193253
1.41102    -1.12698    0.00018179
1.41373    -1.12671    0.000167528
1.41633    -1.1269    0.00015311
1.41881    -1.12658    0.000136418
1.42115    -1.12678    0.00012039
1.42335    -1.12664    0.000103719
1.4254    -1.12651    8.70325e-05
1.42727    -1.12653    7.1251e-05
1.42896    -1.12652    5.64602e-05
1.43047    -1.12634    4.25899e-05
1.43178    -1.12643    3.06114e-05
1.43289    -1.12634    2.02826e-05
1.4338    -1.12623    1.18509e-05
1.43449    -1.12629    5.69052e-06
1.43497    -1.12617    1.68731e-06
1.43523    -1.12627    5.9329e-08
1.43528    -1.126    7.32316e-07
1.4351    -1.12604    3.72347e-06
1.43472    -1.12614    8.76302e-06
1.43412    -1.1259    1.61599e-05
1.43332    -1.1261    2.50124e-05
1.43231    -1.1259    3.59695e-05
1.43111    -1.12619    4.75773e-05
1.42972    -1.12585    6.11795e-05
1.42815    -1.12606    7.48925e-05
1.42642    -1.126    8.93022e-05
1.42452    -1.12609    0.000103477
1.42248    -1.12601    0.000117752
1.4203    -1.12607    0.000131157
1.418    -1.12607    0.000143747
1.4156    -1.12609    0.000155061
1.4131    -1.1261    0.000164888
1.41052    -1.12612    0.000172905
1.40788    -1.12612    0.000179015
1.4052    -1.12614    0.00018296
1.40248    -1.12616    0.000184678
1.39976    -1.12617    0.00018412
1.39703    -1.12618    0.000181262
1.39433    -1.12619    0.000176174
1.39167    -1.1262    0.000168986
1.38906    -1.12621    0.000159842
1.38652    -1.12622    0.000148986
1.38407    -1.12623    0.000136683
1.38173    -1.12624    0.00012323
1.3795    -1.12625    0.000108985
1.3774    -1.12626    9.43046e-05
1.37546    -1.12627    7.9567e-05
1.37367    -1.12628    6.51712e-05
1.37205    -1.12627    5.14942e-05
1.37061    -1.12628    3.88694e-05
1.36935    -1.12629    2.75991e-05
1.3683    -1.12631    1.79849e-05
1.36745    -1.12633    1.02559e-05
1.36681    -1.12636    4.60525e-06
1.36638    -1.12646    1.12405e-06
1.36616    -1.12632    7.75607e-11
1.36616    -1.12654    1.15593e-06
1.36638    -1.12649    4.52913e-06
1.3668    -1.12657    1.00572e-05
1.36744    -1.12655    1.74255e-05
1.36828    -1.1266    2.65158e-05
1.36931    -1.12661    3.6951e-05
1.37053    -1.12667    4.85317e-05
1.37193    -1.12669    6.08136e-05
1.37349    -1.12673    7.353e-05
1.37521    -1.12677    8.63124e-05
1.37708    -1.12681    9.88087e-05
1.37907    -1.12684    0.000110673
1.38119    -1.12687    0.000121638
1.3834    -1.12689    0.000131364
1.3857    -1.12689    0.000139696
1.38807    -1.12697    0.000146606
1.3905    -1.12681    0.000150974
1.39297    -1.12694    0.000154085
1.39546    -1.12695    0.000155223
1.39796    -1.12681    0.00015383
1.40045    -1.12691    0.000151101
1.40291    -1.12692    0.000146607
1.40534    -1.12676    0.000139872
1.40772    -1.12687    0.000132261
1.41002    -1.12679    0.000123194
1.41225    -1.12681    0.000113203
1.41439    -1.12664    0.000101918
1.41641    -1.12671    9.05596e-05
1.41832    -1.12668    7.8918e-05
1.42011    -1.12654    6.69699e-05
1.42175    -1.12661    5.56591e-05
1.42324    -1.12655    4.47894e-05
1.42459    -1.12644    3.45575e-05
1.42577    -1.12649    2.55083e-05
1.42678    -1.12641    1.75406e-05
1.42762    -1.12638    1.09439e-05
1.42829    -1.12635    5.8335e-06
1.42877    -1.12623    2.22124e-06
1.42907    -1.12637    3.61858e-07
1.42919    -1.12634    8.32533e-08
1.42913    -1.12614    1.46343e-06
1.42889    -1.1262    4.41471e-06
1.42847    -1.12613    8.92785e-06
1.42787    -1.12627    1.45552e-05
1.4271    -1.12596    2.19345e-05
1.42616    -1.12619    2.98477e-05
1.42507    -1.12599    3.9148e-05
1.42381    -1.12629    4.83287e-05
1.42242    -1.12597    5.88097e-05
1.42088    -1.12618    6.87623e-05
1.41921    -1.12609    7.9009e-05
1.41743    -1.12617    8.86112e-05
1.41554    -1.12608    9.79936e-05
1.41355    -1.12614    0.000106336
1.41148    -1.12611    0.000113848
1.40934    -1.12613    0.000120113
1.40714    -1.12613    0.00012508
1.4049    -1.12618    0.000128539
1.40262    -1.1261    0.000130752
1.40033    -1.12627    0.000130635
1.39803    -1.12616    0.000129502
1.39575    -1.12616    0.000126709
1.39349    -1.12629    0.000121921
1.39128    -1.12619    0.000116181
1.38911    -1.12618    0.000109154
1.38702    -1.12632    0.000100557
1.385    -1.12618    9.1601e-05
1.38308    -1.12626    8.17878e-05
1.38127    -1.12623    7.16254e-05
1.37957    -1.12636    6.09631e-05
1.378    -1.12625    5.07926e-05
1.37657    -1.12629    4.08796e-05
1.37529    -1.1264    3.1413e-05
1.37417    -1.12628    2.30793e-05
1.3732    -1.12636    1.56958e-05
1.37241    -1.12642    9.55424e-06
1.37179    -1.12637    4.89827e-06
1.37134    -1.12648    1.69888e-06
1.37108    -1.12637    1.76183e-07
1.371    -1.12639    2.14168e-07
1.37109    -1.12658    1.8808e-06
1.37136    -1.12652    5.04268e-06
1.37181    -1.12663    9.71145e-06
1.37244    -1.12648    1.53729e-05
1.37323    -1.1268    2.26473e-05
1.37418    -1.12658    3.02616e-05
1.37529    -1.1268    3.90783e-05
1.37654    -1.12657    4.76813e-05
1.37793    -1.12689    5.72588e-05
1.37944    -1.12664    6.59377e-05
1.38107    -1.12688    7.50337e-05
1.38281    -1.12679    8.31716e-05
1.38464    -1.12679    9.05374e-05
1.38655    -1.1268    9.69409e-05
1.38853    -1.12689    0.000102506
1.39056    -1.12679    0.000106417
1.39263    -1.12688    0.000109388
1.39473    -1.12688    0.000110908
1.39684    -1.12681    0.000110812
1.39895    -1.12688    0.000109615
1.40106    -1.12681    0.000106979
1.40313    -1.12686    0.000103271
1.40517    -1.12671    9.79008e-05
1.40716    -1.12679    9.19829e-05
1.40908    -1.12678    8.51688e-05
1.41093    -1.12665    7.73532e-05
1.4127    -1.12672    6.93978e-05
1.41437    -1.12669    6.10924e-05
1.41594    -1.12657    5.24689e-05
1.41739    -1.12664    4.42167e-05
1.41873    -1.12657    3.61301e-05
1.41993    -1.12651    2.84861e-05
1.421    -1.12653    2.15644e-05
1.42194    -1.12646    1.53584e-05
1.42272    -1.12645    1.01132e-05
1.42336    -1.12641    5.87599e-06
1.42385    -1.12629    2.67051e-06
1.42417    -1.12646    7.81493e-07
1.42435    -1.12642    1.59608e-08
1.42438    -1.12641    3.91721e-07
1.42425    -1.1262    1.98638e-06
1.42397    -1.12627    4.66971e-06
1.42354    -1.12618    8.47695e-06
1.42295    -1.12633    1.29943e-05
1.42223    -1.12605    1.87699e-05
1.42136    -1.12626    2.4786e-05
1.42036    -1.12608    3.17867e-05
1.41923    -1.12636    3.83645e-05
1.41798    -1.12604    4.6106e-05
1.41662    -1.12637    5.27558e-05
1.41516    -1.12601    6.05012e-05
1.4136    -1.12644    6.65636e-05
1.41197    -1.12594    7.3705e-05
1.41024    -1.12634    7.8921e-05
1.40846    -1.12607    8.43198e-05
1.40662    -1.12632    8.78534e-05
1.40474    -1.12615    9.11149e-05
1.40282    -1.12623    9.29361e-05
1.40089    -1.12626    9.35555e-05
1.39895    -1.12626    9.30738e-05
1.39701    -1.12619    9.16486e-05
1.39509    -1.12631    8.87175e-05
1.3932    -1.12621    8.51036e-05
1.39135    -1.12625    8.0397e-05
1.38955    -1.12631    7.47136e-05
1.38781    -1.12624    6.8541e-05
1.38615    -1.12629    6.16802e-05
1.38458    -1.12631    5.44555e-05
1.38309    -1.12629    4.71039e-05
1.38172    -1.12634    3.96441e-05
1.38045    -1.12632    3.24533e-05
1.37931    -1.12635    2.55788e-05
1.3783    -1.12637    1.92501e-05
1.37742    -1.12638    1.36334e-05
1.37667    -1.12641    8.83375e-06
1.37608    -1.12642    5.00758e-06
1.37563    -1.12652    2.16012e-06
1.37533    -1.12636    5.40864e-07
1.37519    -1.1264    2.46589e-11
1.37519    -1.1264    5.44379e-07
1.37534    -1.12663    2.26033e-06
1.37564    -1.12656    4.98976e-06
1.37609    -1.12665    8.75436e-06
1.37668    -1.12651    1.3121e-05
1.37741    -1.1268    1.86393e-05
1.37827    -1.1266    2.42702e-05
1.37926    -1.12678    3.07168e-05
1.38037    -1.12658    3.68972e-05
1.38159    -1.12686    4.37478e-05
1.38292    -1.12663    4.98206e-05
1.38434    -1.12685    5.61892e-05
1.38584    -1.12676    6.17718e-05
1.38742    -1.12676    6.67513e-05
1.38906    -1.12676    7.09904e-05
1.39075    -1.12684    7.46048e-05
1.39248    -1.12674    7.6993e-05
1.39424    -1.12682    7.871e-05
1.39602    -1.12682    7.93915e-05
1.39781    -1.12676    7.88966e-05
1.39959    -1.12682    7.76418e-05
1.40136    -1.1268    7.5401e-05
1.4031    -1.12674    7.21682e-05
1.40481    -1.12679    6.83435e-05
1.40647    -1.12673    6.371e-05
1.40807    -1.12672    5.8549e-05
1.40961    -1.12671    5.29929e-05
1.41107    -1.12666    4.7072e-05
1.41244    -1.12666    4.10559e-05
1.41373    -1.12662    3.49982e-05
1.41492    -1.12659    2.90675e-05
1.416    -1.12657    2.34165e-05
1.41697    -1.12654    1.81372e-05
1.41782    -1.12652    1.33786e-05
1.41856    -1.12648    9.22305e-06
1.41917    -1.12646    5.76656e-06
1.41965    -1.12634    2.99608e-06
1.42    -1.12653    1.21215e-06
1.42022    -1.12647    2.102e-07
1.42031    -1.12645    3.43825e-08
1.42027    -1.12646    6.71844e-07
1.42011    -1.12625    2.20251e-06
1.41981    -1.12632    4.47887e-06
1.41939    -1.12623    7.56115e-06
1.41883    -1.12637    1.10857e-05
1.41817    -1.12613    1.55088e-05
1.41737    -1.12632    2.00054e-05
1.41648    -1.12615    2.52003e-05
1.41547    -1.1264    2.9976e-05
1.41437    -1.12612    3.55779e-05
1.41317    -1.12641    4.02735e-05
1.4119    -1.12608    4.57653e-05
1.41054    -1.12641    4.9872e-05
1.40913    -1.12608    5.47163e-05
1.40764    -1.12644    5.77531e-05
1.40612    -1.12608    6.15272e-05
1.40454    -1.12645    6.33682e-05
1.40294    -1.12604    6.57893e-05
1.40132    -1.12643    6.62457e-05
1.39968    -1.12613    6.68484e-05
1.39804    -1.12641    6.57098e-05
1.39642    -1.12619    6.45151e-05
1.3948    -1.12631    6.21294e-05
1.39322    -1.12634    5.90363e-05
1.39168    -1.12633    5.53427e-05
1.39019    -1.12628    5.1219e-05
1.38875    -1.12639    4.63998e-05
1.38738    -1.12629    4.15122e-05
1.38609    -1.12635    3.62933e-05
1.38488    -1.12638    3.09698e-05
1.38377    -1.12634    2.58011e-05
1.38275    -1.1264    2.07469e-05
1.38183    -1.12639    1.60526e-05
1.38103    -1.1264    1.17887e-05
1.38034    -1.12644    8.04714e-06
1.37977    -1.12643    4.96368e-06
1.37932    -1.12653    2.51106e-06
1.379    -1.12638    9.47388e-07
1.37881    -1.12642    1.22808e-07
1.37874    -1.12644    7.43018e-08
1.37879    -1.12643    7.82091e-07
1.37897    -1.12664    2.32549e-06
1.37928    -1.12657    4.5424e-06
1.3797    -1.12666    7.48384e-06
1.38025    -1.12653    1.07855e-05
1.38091    -1.12678    1.48919e-05
1.38169    -1.1266    1.89917e-05
1.38256    -1.12676    2.36576e-05
1.38354    -1.12653    2.78426e-05
1.3846    -1.12684    3.27656e-05
1.38575    -1.12657    3.67686e-05
1.38696    -1.1269    4.14116e-05
1.38825    -1.1266    4.47169e-05
1.3896    -1.12689    4.85446e-05
1.39099    -1.12656    5.0694e-05
1.39242    -1.12693    5.34921e-05
1.39389    -1.12658    5.4393e-05
1.39537    -1.12698    5.59834e-05
1.39687    -1.12662    5.55798e-05
1.39837    -1.12696    5.57951e-05
1.39987    -1.12659    5.41748e-05
1.40134    -1.12682    5.2674e-05
1.4028    -1.12664    5.00312e-05
1.40422    -1.12673    4.71979e-05
1.4056    -1.12665    4.37029e-05
1.40693    -1.12669    3.99964e-05
1.40819    -1.12664    3.59227e-05
1.4094    -1.12666    3.17484e-05
1.41053    -1.12661    2.74421e-05
1.41158    -1.12661    2.32058e-05
1.41255    -1.12658    1.90611e-05
1.41342    -1.12657    1.51551e-05
1.4142    -1.12654    1.15432e-05
1.41489    -1.12652    8.32335e-06
1.41546    -1.12649    5.55645e-06
1.41594    -1.12638    3.21842e-06
1.4163    -1.12657    1.61417e-06
1.41655    -1.12651    5.33409e-07
1.4167    -1.12647    3.35021e-08
1.41674    -1.12646    1.30989e-07
1.41666    -1.12648    8.013e-07
1.41648    -1.12652    1.98126e-06
1.4162    -1.12622    3.86675e-06
1.41581    -1.12632    6.17849e-06
1.41531    -1.12627    8.98044e-06
1.41471    -1.12642    1.19083e-05
1.41401    -1.12616    1.5522e-05
1.41322    -1.12635    1.89709e-05
1.41235    -1.12623    2.28175e-05
1.41139    -1.12646    2.61198e-05
1.41036    -1.12615    3.0097e-05
1.40926    -1.12642    3.32009e-05
1.40811    -1.12613    3.68298e-05
1.40689    -1.12643    3.92666e-05
1.40563    -1.12616    4.21603e-05
1.40433    -1.12647    4.36083e-05
1.403    -1.12614    4.56212e-05
1.40165    -1.12647    4.60298e-05
1.40029    -1.12609    4.70559e-05
1.39891    -1.12642    4.64148e-05
1.39754    -1.12614    4.62299e-05
1.39618    -1.12646    4.45664e-05
1.39484    -1.12626    4.29712e-05
1.39352    -1.12642    4.04637e-05
1.39225    -1.12633    3.78084e-05
1.39101    -1.12639    3.46348e-05
1.38983    -1.12636    3.12842e-05
1.38871    -1.12639    2.76821e-05
1.38765    -1.12637    2.40285e-05
1.38667    -1.1264    2.03146e-05
1.38577    -1.12639    1.67224e-05
1.38494    -1.12642    1.32694e-05
1.38421    -1.12642    1.00899e-05
1.38358    -1.12644    7.23549e-06
1.38304    -1.12657    4.6633e-06
1.3826    -1.12633    2.79832e-06
1.38227    -1.12641    1.34725e-06
1.38203    -1.12647    4.00293e-07
1.38191    -1.1265    9.70011e-09
1.38189    -1.1265    1.86727e-07
1.38197    -1.12648    9.01622e-07
1.38217    -1.12644    2.0866e-06
1.38245    -1.12667    3.86962e-06
1.38285    -1.12658    5.99673e-06
1.38334    -1.12671    8.63017e-06
1.38393    -1.12657    1.13467e-05
1.38461    -1.12677    1.45727e-05
1.38537    -1.12659    1.75799e-05
1.38621    -1.12676    2.09758e-05
1.38713    -1.12654    2.382e-05
1.38811    -1.12681    2.71626e-05
1.38916    -1.12657    2.96585e-05
1.39025    -1.12687    3.26295e-05
1.3914    -1.1266    3.44976e-05
1.39258    -1.12684    3.66757e-05
1.39379    -1.12655    3.75606e-05
1.39502    -1.12688    3.89503e-05
1.39627    -1.12658    3.89528e-05
1.39753    -1.12692    3.94415e-05
1.39879    -1.12662    3.85343e-05
1.40003    -1.12685    3.79345e-05
1.40127    -1.12656    3.60281e-05
1.40247    -1.12689    3.46685e-05
1.40365    -1.12648    3.20781e-05
1.40479    -1.12683    2.9998e-05
1.40589    -1.12657    2.70003e-05
1.40693    -1.12682    2.44821e-05
1.40793    -1.12658    2.13047e-05
1.40885    -1.12662    1.8345e-05
1.40971    -1.12641    1.50481e-05
1.41049    -1.12677    1.2482e-05
1.4112    -1.1266    9.78949e-06
1.41183    -1.12662    7.41402e-06
1.41237    -1.12649    5.16985e-06
1.41283    -1.12652    3.35634e-06
1.4132    -1.12643    1.85779e-06
1.41347    -1.12653    8.31939e-07
1.41365    -1.12649    2.02447e-07
1.41374    -1.12646    2.36119e-10
1.41374    -1.12647    2.26312e-07
1.41365    -1.12649    8.52303e-07
1.41346    -1.12653    1.82299e-06
1.41319    -1.12627    3.30583e-06
1.41283    -1.12636    5.06232e-06
1.41237    -1.12631    7.15821e-06
1.41184    -1.12644    9.30408e-06
1.41122    -1.12623    1.19249e-05
1.41053    -1.12639    1.43799e-05
1.40977    -1.12628    1.71154e-05
1.40894    -1.12648    1.94168e-05
1.40806    -1.12621    2.22019e-05
1.40711    -1.12644    2.43234e-05
1.40612    -1.12619    2.68062e-05
1.40508    -1.12644    2.84069e-05
1.40401    -1.12622    3.0323e-05
1.40291    -1.12648    3.11903e-05
1.40179    -1.1262    3.24611e-05
1.40064    -1.12647    3.25862e-05
1.3995    -1.12616    3.31439e-05
1.39834    -1.12643    3.25276e-05
1.3972    -1.12621    3.21591e-05
1.39606    -1.12648    3.06703e-05
1.39495    -1.12618    2.9626e-05
1.39386    -1.12644    2.75817e-05
1.3928    -1.12624    2.58786e-05
1.39178    -1.12648    2.33587e-05
1.39081    -1.1262    2.12758e-05
1.38989    -1.12642    1.85895e-05
1.38902    -1.12638    1.60457e-05
1.38822    -1.12657    1.31836e-05
1.38749    -1.12625    1.09354e-05
1.38682    -1.1264    8.56442e-06
1.38624    -1.12636    6.48395e-06
1.38573    -1.12648    4.51172e-06
1.3853    -1.12649    2.88908e-06
1.38496    -1.12657    1.55983e-06
1.38471    -1.12662    6.08541e-07
1.38455    -1.12637    1.3213e-07
1.38448    -1.12639    3.07767e-09
1.38449    -1.12639    2.20176e-07
1.38458    -1.12667    8.64562e-07
1.38477    -1.12662    1.87404e-06
1.38504    -1.12656    3.16457e-06
1.3854    -1.1267    4.86211e-06
1.38584    -1.1266    6.69261e-06
1.38636    -1.12668    8.81483e-06
1.38696    -1.12654    1.08476e-05
1.38762    -1.12673    1.32468e-05
1.38835    -1.12656    1.53404e-05
1.38914    -1.12675    1.77349e-05
1.38998    -1.12655    1.96012e-05
1.39087    -1.12679    2.18033e-05
1.39181    -1.12657    2.3285e-05
1.39278    -1.12679    2.5034e-05
1.39378    -1.12655    2.59105e-05
1.3948    -1.12681    2.7113e-05
1.39585    -1.12657    2.73525e-05
1.3969    -1.12682    2.78971e-05
1.39796    -1.12657    2.74508e-05
1.39901    -1.12683    2.73137e-05
1.40006    -1.12658    2.62232e-05
1.40108    -1.12682    2.54511e-05
1.4021    -1.12658    2.3822e-05
1.40308    -1.1268    2.25011e-05
1.40403    -1.12658    2.04691e-05
1.40494    -1.12677    1.87445e-05
1.4058    -1.12656    1.64897e-05
1.40662    -1.12674    1.45557e-05
1.40738    -1.12656    1.22876e-05
1.40809    -1.12669    1.03284e-05
1.40873    -1.12654    8.23138e-06
1.40931    -1.12665    6.45265e-06
1.40982    -1.12652    4.71071e-06
1.41025    -1.12659    3.28271e-06
1.41062    -1.12651    2.0315e-06
1.4109    -1.12654    1.09365e-06
1.41111    -1.12649    4.24955e-07
1.41124    -1.12646    6.28121e-08
1.41129    -1.12645    2.27877e-08
1.41126    -1.12645    2.97972e-07
1.41115    -1.12648    8.5991e-07
1.41097    -1.12653    1.66098e-06
1.41071    -1.12634    2.81063e-06
1.41037    -1.12642    4.12541e-06
1.40997    -1.12633    5.70577e-06
1.40949    -1.12645    7.29549e-06
1.40894    -1.12627    9.21203e-06
1.40834    -1.12641    1.09754e-05
1.40767    -1.12631    1.29394e-05
1.40695    -1.12648    1.45588e-05
1.40618    -1.12627    1.64939e-05
1.40537    -1.12647    1.79207e-05
1.40452    -1.12624    1.96283e-05
1.40363    -1.12646    2.06812e-05
1.40272    -1.12627    2.19371e-05
1.40178    -1.1265    2.24284e-05
1.40083    -1.12625    2.32143e-05
1.39986    -1.12648    2.31787e-05
1.39889    -1.12622    2.34429e-05
1.39792    -1.12645    2.28779e-05
1.39696    -1.12627    2.24932e-05
1.39601    -1.12649    2.13301e-05
1.39508    -1.12624    2.04807e-05
1.39418    -1.12646    1.89482e-05
1.3933    -1.12626    1.76639e-05
1.39246    -1.12646    1.58337e-05
1.39166    -1.12631    1.42267e-05
1.3909    -1.12649    1.22432e-05
1.3902    -1.1263    1.05636e-05
1.38955    -1.12646    8.67585e-06
1.38896    -1.12636    7.02915e-06
1.38843    -1.12649    5.34688e-06
1.38796    -1.12639    3.94654e-06
1.38756    -1.12649    2.65158e-06
1.38724    -1.12643    1.63302e-06
1.38698    -1.12649    8.24332e-07
1.3868    -1.12654    2.75958e-07
1.38669    -1.12646    2.69798e-08
1.38666    -1.12646    3.84683e-08
1.3867    -1.12646    3.01793e-07
1.38681    -1.12663    8.65938e-07
1.387    -1.12659    1.66707e-06
1.38725    -1.12653    2.64013e-06
1.38758    -1.1267    3.92666e-06
1.38798    -1.12661    5.28566e-06
1.38844    -1.12667    6.82739e-06
1.38896    -1.12654    8.27525e-06
1.38954    -1.12671    9.9925e-06
1.39018    -1.12657    1.14645e-05
1.39085    -1.12671    1.3128e-05
1.39158    -1.12654    1.43893e-05
1.39234    -1.12676    1.59148e-05
1.39314    -1.12657    1.69095e-05
1.39397    -1.12676    1.80792e-05
1.39482    -1.12655    1.86161e-05
1.39569    -1.12678    1.93972e-05
1.39657    -1.12657    1.94889e-05
1.39746    -1.1268    1.98029e-05
1.39835    -1.12658    1.94148e-05
1.39924    -1.12679    1.92317e-05
1.40012    -1.12658    1.83805e-05
1.40098    -1.12678    1.77512e-05
1.40182    -1.12657    1.65293e-05
1.40264    -1.12677    1.5536e-05
1.40343    -1.12658    1.40582e-05
1.40418    -1.12673    1.27846e-05
1.4049    -1.12655    1.11601e-05
1.40557    -1.12671    9.77228e-06
1.4062    -1.12655    8.17296e-06
1.40677    -1.12666    6.78979e-06
1.40729    -1.12654    5.33415e-06
1.40776    -1.12662    4.10497e-06
1.40816    -1.12652    2.92421e-06
1.40851    -1.12658    1.96852e-06
1.40879    -1.12651    1.15488e-06
1.409    -1.12646    5.3411e-07
1.40915    -1.12657    1.71958e-07
1.40923    -1.12655    8.92666e-09
1.40925    -1.12655    5.02389e-08
1.40921    -1.12656    2.86916e-07
1.4091    -1.12637    7.71529e-07
1.40892    -1.12641    1.44557e-06
1.40868    -1.12647    2.25608e-06
1.40838    -1.12633    3.31393e-06
1.40801    -1.12642    4.42604e-06
1.40759    -1.12635    5.70052e-06
1.40711    -1.12647    6.89972e-06
1.40659    -1.12632    8.31691e-06
1.40601    -1.12646    9.53564e-06
1.40539    -1.12634    1.09176e-05
1.40472    -1.1265    1.19732e-05
1.40403    -1.12629    1.32636e-05
1.4033    -1.12647    1.41208e-05
1.40255    -1.1263    1.51291e-05
1.40177    -1.12649    1.56152e-05
1.40097    -1.12629    1.63065e-05
1.40016    -1.12648    1.64224e-05
1.39935    -1.12627    1.67321e-05
1.39853    -1.12647    1.64489e-05
1.39771    -1.12628    1.63375e-05
1.3969    -1.12648    1.56549e-05
1.39611    -1.12629    1.51525e-05
1.39533    -1.12648    1.41377e-05
1.39457    -1.12629    1.33166e-05
1.39384    -1.12647    1.20716e-05
1.39314    -1.12633    1.09925e-05
1.39248    -1.12648    9.60342e-06
1.39186    -1.12634    8.4123e-06
1.39127    -1.12648    7.03277e-06
1.39074    -1.12637    5.83674e-06
1.39026    -1.12649    4.5753e-06
1.38983    -1.1264    3.50715e-06
1.38945    -1.12649    2.48235e-06
1.38914    -1.12644    1.65488e-06
1.38888    -1.1265    9.54714e-07
1.38868    -1.12654    4.26825e-07
1.38855    -1.12644    1.25448e-07
1.38848    -1.12646    2.67261e-09
1.38847    -1.12646    6.18396e-08
1.38852    -1.12645    2.9328e-07
1.38863    -1.12664    7.4748e-07
1.3888    -1.1266    1.36608e-06
1.38904    -1.12654    2.09947e-06
1.38933    -1.12668    3.0495e-06
1.38968    -1.1266    4.03715e-06
1.39008    -1.12666    5.15903e-06
1.39054    -1.12655    6.20043e-06
1.39104    -1.12669    7.42633e-06
1.39158    -1.12656    8.46249e-06
1.39217    -1.12669    9.63822e-06
1.39279    -1.12654    1.05145e-05
1.39344    -1.12673    1.15811e-05
1.39412    -1.12657    1.2259e-05
1.39483    -1.12672    1.30579e-05
1.39555    -1.12655    1.33986e-05
1.39629    -1.12674    1.39169e-05
1.39703    -1.12656    1.39404e-05
1.39778    -1.12676    1.41237e-05
1.39854    -1.12658    1.38069e-05
1.39928    -1.12674    1.36314e-05
1.40002    -1.12657    1.2984e-05
1.40075    -1.12674    1.24994e-05
1.40146    -1.12657    1.16e-05
1.40214    -1.12673    1.0862e-05
1.4028    -1.12657    9.78887e-06
1.40343    -1.12669    8.86007e-06
1.40403    -1.12655    7.69326e-06
1.40458    -1.12668    6.6979e-06
1.4051    -1.12655    5.56415e-06
1.40558    -1.12664    4.58275e-06
1.40601    -1.12653    3.56194e-06
1.40638    -1.12661    2.70422e-06
1.40671    -1.12653    1.89132e-06
1.40699    -1.12657    1.23905e-06
1.40721    -1.12652    6.95843e-07
1.40738    -1.12647    2.95326e-07
1.40749    -1.12645    6.05815e-08
1.40754    -1.12657    3.61512e-10
1.40754    -1.12657    7.90499e-08
1.40748    -1.12659    2.87027e-07
1.40737    -1.12635    6.92473e-07
1.4072    -1.12639    1.23435e-06
1.40698    -1.12645    1.87043e-06
1.40671    -1.12638    2.65415e-06
1.40638    -1.12646    3.45783e-06
1.40601    -1.12637    4.40217e-06
1.40559    -1.12647    5.27885e-06
1.40513    -1.12637    6.28391e-06
1.40462    -1.12649    7.12823e-06
1.40409    -1.12635    8.11915e-06
1.40351    -1.12649    8.86288e-06
1.40292    -1.12633    9.75432e-06
1.40229    -1.12648    1.03225e-05
1.40165    -1.12634    1.09996e-05
1.40098    -1.1265    1.12944e-05
1.40031    -1.12632    1.17417e-05
1.39962    -1.12648    1.17738e-05
1.39893    -1.12631    1.19455e-05
1.39824    -1.12647    1.16942e-05
1.39755    -1.12633    1.15484e-05
1.39687    -1.12649    1.10013e-05
1.3962    -1.12632    1.06034e-05
1.39555    -1.12648    9.84983e-06
1.39492    -1.12633    9.22218e-06
1.39431    -1.12648    8.30638e-06
1.39373    -1.12636    7.5108e-06
1.39318    -1.12649    6.51066e-06
1.39267    -1.12637    5.65794e-06
1.39219    -1.12648    4.68682e-06
1.39176    -1.12641    3.84087e-06
1.39136    -1.1265    2.96427e-06
1.39102    -1.12643    2.23055e-06
1.39072    -1.1265    1.53967e-06
1.39047    -1.12656    9.37939e-07
1.39027    -1.12641    5.31526e-07
1.39013    -1.12644    2.29421e-07
1.39003    -1.12646    4.96511e-08
1.38999    -1.12647    1.20736e-09
1.38999    -1.12647    8.35804e-08
1.39005    -1.12646    2.86986e-07
1.39016    -1.12643    5.9325e-07
1.39031    -1.12666    1.08502e-06
1.39052    -1.12661    1.66836e-06
1.39078    -1.12655    2.29824e-06
1.39109    -1.12668    3.08742e-06
1.39144    -1.1266    3.85859e-06
1.39183    -1.12664    4.70554e-06
1.39227    -1.12654    5.44414e-06
1.39274    -1.12668    6.31991e-06
1.39324    -1.12656    7.01139e-06
1.39377    -1.12667    7.79684e-06
1.39433    -1.12654    8.32565e-06
1.39491    -1.12671    8.99228e-06
1.39551    -1.12656    9.34826e-06
1.39613    -1.1267    9.79059e-06
1.39676    -1.12655    9.88587e-06
1.39739    -1.12672    1.01117e-05
1.39803    -1.12656    9.97834e-06
1.39866    -1.12672    9.95261e-06
1.39929    -1.12657    9.57843e-06
1.39991    -1.12671    9.30946e-06
1.40053    -1.12656    8.72559e-06
1.40112    -1.1267    8.25814e-06
1.4017    -1.12656    7.52741e-06
1.40225    -1.12668    6.90962e-06
1.40277    -1.12656    6.09346e-06
1.40327    -1.12665    5.38507e-06
1.40373    -1.12654    4.55116e-06
1.40416    -1.12664    3.83786e-06
1.40456    -1.12654    3.06985e-06
1.40491    -1.1266    2.41214e-06
1.40522    -1.12653    1.76589e-06
1.40549    -1.12658    1.23729e-06
1.40571    -1.12652    7.71741e-07
1.40589    -1.12648    3.98917e-07
1.40601    -1.12658    1.66144e-07
1.40609    -1.12656    3.19452e-08
1.40613    -1.12655    2.59793e-09
1.40612    -1.12655    7.69877e-08
1.40606    -1.12657    2.46833e-07
1.40596    -1.12659    4.97401e-07
1.40582    -1.12636    9.09916e-07
1.40563    -1.12641    1.4002e-06
1.40539    -1.12646    1.93113e-06
1.40511    -1.12638    2.57579e-06
1.40479    -1.12646    3.20363e-06
1.40443    -1.12639    3.91284e-06
1.40404    -1.12649    4.53549e-06
1.40361    -1.12638    5.26081e-06
1.40315    -1.1265    5.83528e-06
1.40266    -1.12637    6.50932e-06
1.40215    -1.12649    6.97351e-06
1.40162    -1.12636    7.54014e-06
1.40107    -1.12649    7.8491e-06
1.40051    -1.12636    8.24244e-06
1.39993    -1.1265    8.34561e-06
1.39935    -1.12634    8.55744e-06
1.39877    -1.12648    8.46576e-06
1.39818    -1.12635    8.4639e-06
1.3976    -1.12648    8.16462e-06
1.39702    -1.12636    7.9526e-06
1.39646    -1.12649    7.46919e-06
1.39591    -1.12636    7.08652e-06
1.39538    -1.12648    6.47437e-06
1.39487    -1.12637    5.9512e-06
1.39438    -1.12649    5.25386e-06
1.39392    -1.12639    4.65101e-06
1.39348    -1.1265    3.93625e-06
1.39309    -1.12641    3.321e-06
1.39272    -1.1265    2.65625e-06
1.39239    -1.12644    2.0864e-06
1.3921    -1.12651    1.52551e-06
1.39185    -1.12656    1.01165e-06
1.39165    -1.1264    6.57365e-07
1.39149    -1.12644    3.63856e-07
1.39137    -1.12647    1.49707e-07
1.39129    -1.12649    2.75176e-08
1.39126    -1.1265    3.12438e-09
1.39127    -1.12649    7.53187e-08
1.39132    -1.12648    2.36074e-07
1.39142    -1.12646    4.71253e-07
1.39156    -1.12642    7.61735e-07
1.39173    -1.12667    1.21199e-06
1.39196    -1.12662    1.70835e-06
1.39222    -1.12656    2.21333e-06
1.39252    -1.12667    2.82813e-06
1.39285    -1.12659    3.39917e-06
1.39322    -1.12663    4.01664e-06
1.39363    -1.12654    4.52517e-06
1.39405    -1.12666    5.1325e-06
1.39451    -1.12655    5.57898e-06
1.39498    -1.12666    6.09636e-06
1.39548    -1.12654    6.40671e-06
1.39599    -1.12668    6.8073e-06
1.39651    -1.12655    6.96885e-06
1.39704    -1.12668    7.19996e-06
1.39758    -1.12655    7.17511e-06
1.39811    -1.12669    7.24308e-06
1.39865    -1.12656    7.05513e-06
1.39919    -1.12668    6.93922e-06
1.39972    -1.12656    6.58414e-06
1.40023    -1.12668    6.3103e-06
1.40074    -1.12655    5.82876e-06
1.40122    -1.12667    5.42924e-06
1.40169    -1.12655    4.86476e-06
1.40213    -1.12665    4.37927e-06
1.40255    -1.12655    3.77913e-06
1.40294    -1.12663    3.26116e-06
1.4033    -1.12654    2.68096e-06
1.40363    -1.12661    2.18385e-06
1.40393    -1.12654    1.67403e-06
1.40419    -1.12647    1.18597e-06
1.40441    -1.12664    8.4493e-07
1.40459    -1.12659    5.40155e-07
1.40474    -1.12656    2.91231e-07
1.40485    -1.12653    1.13475e-07
1.40491    -1.12652    1.69504e-08
1.40494    -1.12651    5.87936e-09
1.40492    -1.12651    7.84669e-08
1.40487    -1.12653    2.27146e-07
1.40477    -1.12655    4.39219e-07
1.40464    -1.12658    6.97839e-07
1.40447    -1.1264    1.07331e-06
1.40426    -1.12645    1.47971e-06
1.40402    -1.12651    1.88698e-06
1.40374    -1.12636    2.41616e-06
1.40343    -1.12643    2.91037e-06
1.40309    -1.12651    3.33436e-06
1.40272    -1.12632    3.91207e-06
1.40233    -1.12642    4.38235e-06
1.40191    -1.12647    4.79677e-06
1.40147    -1.12657    5.05041e-06
1.40102    -1.12628    5.53051e-06
1.40054    -1.1264    5.82509e-06
1.40006    -1.12638    6.08722e-06
1.39956    -1.1265    6.13441e-06
1.39907    -1.1264    6.25043e-06
1.39857    -1.12652    6.14493e-06
1.39807    -1.12639    6.11242e-06
1.39757    -1.12651    5.86604e-06
1.39709    -1.12637    5.71314e-06
1.39661    -1.12648    5.36533e-06
1.39614    -1.12643    5.03715e-06
1.39569    -1.12654    4.55061e-06
1.39526    -1.12639    4.17917e-06
1.39485    -1.12648    3.68596e-06
1.39447    -1.12641    3.24644e-06
1.39411    -1.1265    2.73163e-06
1.39377    -1.12646    2.27377e-06
1.39347    -1.12653    1.78916e-06
1.3932    -1.12644    1.3953e-06
1.39297    -1.12649    1.01071e-06
1.39276    -1.12654    6.61403e-07
1.3926    -1.12644    4.14298e-07
1.39247    -1.12647    2.15534e-07
1.39238    -1.12649    7.7485e-08
1.39232    -1.1265    7.98543e-09
1.39231    -1.12651    9.86718e-09
1.39233    -1.1265    8.08565e-08
1.39238    -1.12649    2.13838e-07
1.39247    -1.12647    3.97454e-07
1.3926    -1.12644    6.17002e-07
1.39276    -1.12667    9.62377e-07
1.39296    -1.12662    1.33872e-06
1.39319    -1.12657    1.71772e-06
1.39345    -1.12664    2.16202e-06
1.39375    -1.12657    2.56735e-06
1.39407    -1.12663    3.0187e-06
1.39442    -1.12654    3.38654e-06
1.39479    -1.12663    3.81642e-06
1.39518    -1.12654    4.12476e-06
1.39559    -1.12665    4.49892e-06
1.39601    -1.12655    4.71999e-06
1.39645    -1.12665    4.99121e-06
1.3969    -1.12655    5.08661e-06
1.39735    -1.12666    5.24333e-06
1.39781    -1.12655    5.2137e-06
1.39827    -1.12667    5.24772e-06
1.39873    -1.12656    5.09665e-06
1.39918    -1.12666    4.99465e-06
1.39963    -1.12655    4.72133e-06
1.40006    -1.12665    4.51079e-06
1.40049    -1.12655    4.15277e-06
1.4009    -1.12665    3.85344e-06
1.40129    -1.12655    3.43849e-06
1.40166    -1.12662    3.07824e-06
1.40202    -1.12654    2.6398e-06
1.40234    -1.12661    2.26506e-06
1.40264    -1.12654    1.84956e-06
1.40292    -1.12659    1.49124e-06
1.40316    -1.12653    1.12838e-06
1.40338    -1.12648    7.8545e-07
1.40355    -1.12662    5.4716e-07
1.4037    -1.12658    3.38283e-07
1.40382    -1.12656    1.72149e-07
1.4039    -1.12654    5.88468e-08
1.40395    -1.12652    4.58747e-09
1.40396    -1.12652    1.13533e-08
1.40394    -1.12653    7.68439e-08
1.40389    -1.12654    1.94723e-07
1.4038    -1.12656    3.55137e-07
1.40368    -1.12659    5.45474e-07
1.40353    -1.1264    8.32406e-07
1.40335    -1.12644    1.14141e-06
1.40313    -1.1265    1.44964e-06
1.40289    -1.12639    1.83338e-06
1.40262    -1.12646    2.18651e-06
1.40232    -1.12653    2.48395e-06
1.40201    -1.12634    2.9078e-06
1.40166    -1.12643    3.25096e-06
1.4013    -1.12651    3.48968e-06
1.40093    -1.12638    3.82646e-06
1.40054    -1.12647    4.03517e-06
1.40013    -1.12644    4.24233e-06
1.39972    -1.12654    4.30017e-06
1.3993    -1.12634    4.48662e-06
1.39888    -1.12644    4.51437e-06
1.39845    -1.12645    4.49579e-06
1.39803    -1.12655    4.31982e-06
1.39761    -1.12636    4.27435e-06
1.39719    -1.12646    4.08003e-06
1.39679    -1.12641    3.89664e-06
1.39639    -1.1265    3.58521e-06
1.39601    -1.12644    3.31038e-06
1.39565    -1.12653    2.93715e-06
1.3953    -1.12642    2.63417e-06
1.39498    -1.1265    2.26271e-06
1.39468    -1.12643    1.94329e-06
1.3944    -1.1265    1.5878e-06
1.39414    -1.12656    1.22108e-06
1.39392    -1.12643    9.53938e-07
1.39373    -1.12648    6.92621e-07
1.39356    -1.12652    4.54795e-07
1.39342    -1.12655    2.56122e-07
1.39332    -1.12657    1.09194e-07
1.39326    -1.12646    3.33248e-08
1.39322    -1.12647    1.08152e-09
1.39321    -1.12647    1.34231e-08
1.39324    -1.12647    6.81403e-08
1.39329    -1.12645    1.60075e-07
1.39337    -1.12664    3.29071e-07
1.39348    -1.12661    5.40541e-07
1.39363    -1.12658    7.7799e-07
1.39381    -1.12654    1.02343e-06
1.39401    -1.12665    1.34482e-06
1.39424    -1.1266    1.65254e-06
1.3945    -1.12654    1.92429e-06
1.39478    -1.12665    2.27411e-06
1.39508    -1.12658    2.56247e-06
1.3954    -1.12651    2.76924e-06
1.39574    -1.12666    3.0837e-06
1.39609    -1.12658    3.29727e-06
1.39645    -1.12649    3.39577e-06
1.39682    -1.12668    3.6223e-06
1.39721    -1.12659    3.72225e-06
1.39759    -1.1265    3.68986e-06
1.39798    -1.12668    3.78385e-06
1.39837    -1.12659    3.74348e-06
1.39876    -1.1265    3.57301e-06
1.39914    -1.12667    3.52622e-06
1.39951    -1.12658    3.35736e-06
1.39988    -1.1265    3.07952e-06
1.40023    -1.12668    2.92626e-06
1.40058    -1.1266    2.67858e-06
1.40091    -1.12652    2.35467e-06
1.40121    -1.12665    2.12304e-06
1.40151    -1.12658    1.83526e-06
1.40178    -1.12652    1.51171e-06
1.40202    -1.12662    1.26573e-06
1.40225    -1.12657    1.00361e-06
1.40245    -1.12652    7.43321e-07
1.40262    -1.12648    5.02316e-07
1.40277    -1.12663    3.47286e-07
1.40288    -1.1266    2.12252e-07
1.40298    -1.12658    1.05816e-07
1.40304    -1.12657    3.44171e-08
1.40308    -1.12656    1.92607e-09
1.40309    -1.12656    9.42657e-09
1.40307    -1.12656    5.51971e-08
1.40302    -1.12657    1.34887e-07
1.40295    -1.12659    2.41871e-07
1.40285    -1.12661    3.67756e-07
1.40273    -1.1264    5.76293e-07
1.40258    -1.12643    8.04514e-07
1.4024    -1.12648    1.03545e-06
1.40219    -1.12652    1.25229e-06
1.40197    -1.12637    1.55626e-06
1.40172    -1.12643    1.8297e-06
1.40144    -1.12649    2.05324e-06
1.40116    -1.12639    2.33465e-06
1.40085    -1.12647    2.54427e-06
1.40053    -1.12654    2.66785e-06
1.4002    -1.12638    2.89606e-06
1.39986    -1.12646    3.02565e-06
1.39951    -1.12655    3.04838e-06
1.39916    -1.12639    3.17162e-06
1.3988    -1.12647    3.18255e-06
1.39845    -1.12656    3.08146e-06
1.39809    -1.12637    3.1039e-06
1.39774    -1.12645    3.01672e-06
1.39739    -1.12653    2.82708e-06
1.39705    -1.1264    2.72145e-06
1.39672    -1.12648    2.52492e-06
1.3964    -1.12656    2.25209e-06
1.3961    -1.12639    2.08342e-06
1.39581    -1.12646    1.85239e-06
1.39554    -1.12652    1.57569e-06
1.39529    -1.12642    1.36583e-06
1.39505    -1.12647    1.12821e-06
1.39484    -1.12652    8.79505e-07
1.39465    -1.12645    6.85382e-07
1.39449    -1.12649    4.96027e-07
1.39435    -1.12653    3.24215e-07
1.39423    -1.12655    1.81232e-07
1.39415    -1.12657    7.61121e-08
1.39409    -1.12643    2.50824e-08
1.39406    -1.12644    1.53848e-09
1.39405    -1.12644    6.30867e-09
1.39407    -1.12644    3.82073e-08
1.39411    -1.12643    9.41587e-08
1.39417    -1.12664    2.08207e-07
1.39426    -1.12661    3.55339e-07
1.39438    -1.12659    5.23997e-07
1.39452    -1.12655    7.01346e-07
1.39469    -1.12651    8.74203e-07
1.39488    -1.12667    1.12678e-06
1.39509    -1.12662    1.36383e-06
1.39533    -1.12657    1.56828e-06
1.39558    -1.12662    1.80312e-06
1.39585    -1.12656    1.98387e-06
1.39613    -1.12649    2.09814e-06
1.39642    -1.12666    2.31479e-06
1.39673    -1.12659    2.45434e-06
1.39704    -1.12651    2.50763e-06
1.39736    -1.12665    2.63464e-06
1.39768    -1.12657    2.66856e-06
1.39801    -1.12649    2.60797e-06
1.39834    -1.12666    2.64701e-06
1.39866    -1.12658    2.59232e-06
1.39899    -1.12651    2.44872e-06
1.3993    -1.12665    2.38779e-06
1.39961    -1.12657    2.24556e-06
1.39991    -1.1265    2.03281e-06
1.4002    -1.12665    1.90554e-06
1.40047    -1.12659    1.71907e-06
1.40074    -1.12652    1.48693e-06
1.40098    -1.12662    1.31352e-06
1.40121    -1.12657    1.10943e-06
1.40142    -1.12652    8.88976e-07
1.40161    -1.1266    7.22234e-07
1.40178    -1.12656    5.51731e-07
1.40193    -1.12653    3.89019e-07
1.40206    -1.1265    2.44877e-07
1.40216    -1.12647    1.2857e-07
1.40223    -1.12662    6.53713e-08
1.40228    -1.1266    2.22971e-08
1.40231    -1.1266    1.71451e-09
1.40232    -1.12659    4.37603e-09
1.4023    -1.1266    2.93991e-08
1.40227    -1.12661    7.43607e-08
1.40222    -1.12662    1.35497e-07
1.40214    -1.1264    2.55232e-07
1.40204    -1.12642    3.99461e-07
1.40191    -1.12645    5.5717e-07
1.40176    -1.12649    7.16626e-07
1.40159    -1.12653    8.66209e-07
1.40141    -1.12638    1.08555e-06
1.4012    -1.12643    1.28502e-06
1.40097    -1.12648    1.45046e-06
1.40073    -1.12643    1.64269e-06
1.40047    -1.12649    1.7838e-06
1.4002    -1.12656    1.86422e-06
1.39993    -1.1264    2.03327e-06
1.39964    -1.12646    2.13357e-06
1.39935    -1.12653    2.15864e-06
1.39905    -1.12641    2.24859e-06
1.39875    -1.12648    2.25894e-06
1.39845    -1.12655    2.18972e-06
1.39816    -1.1264    2.20224e-06
1.39786    -1.12647    2.13706e-06
1.39756    -1.12654    1.99951e-06
1.39728    -1.12641    1.93202e-06
1.397    -1.12648    1.79954e-06
1.39673    -1.12654    1.61198e-06
1.39648    -1.12641    1.49281e-06
1.39623    -1.12647    1.32881e-06
1.396    -1.12652    1.13183e-06
1.39579    -1.12644    9.80773e-07
1.39559    -1.12649    8.09868e-07
1.39541    -1.12653    6.31089e-07
1.39525    -1.12657    4.5673e-07
1.39511    -1.12642    3.4832e-07
1.39499    -1.12644    2.44934e-07
1.3949    -1.12647    1.53488e-07
1.39482    -1.12649    7.99213e-08
1.39476    -1.1265    2.87961e-08
1.39473    -1.12651    3.00298e-09
1.39472    -1.12651    3.58977e-09
1.39473    -1.12651    2.9724e-08
1.39476    -1.1265    7.87894e-08
1.39482    -1.12649    1.46606e-07
1.39489    -1.12647    2.27759e-07
1.39499    -1.12644    3.16003e-07
1.3951    -1.12642    4.04723e-07
1.39523    -1.12666    5.70048e-07
1.39538    -1.12663    7.38258e-07
1.39556    -1.12659    8.96971e-07
1.39575    -1.12654    1.03474e-06
1.39595    -1.12665    1.21929e-06
1.39617    -1.12659    1.37055e-06
1.39641    -1.12654    1.47798e-06
1.39665    -1.12663    1.62932e-06
1.39691    -1.12657    1.72631e-06
1.39717    -1.12651    1.76262e-06
1.39744    -1.12663    1.85982e-06
1.39771    -1.12656    1.8915e-06
1.39799    -1.1265    1.85608e-06
