1.2    -1.1676
1.20236    -1.16854
1.20684    -1.16896
1.21333    -1.16955
1.22166    -1.17024
1.23165    -1.17102
1.24311    -1.17183
1.25585    -1.17263
1.26967    -1.17338
1.28436    -1.17407
1.29974    -1.17466
1.31562    -1.17514
1.33181    -1.17551
1.34816    -1.17575
1.3645    -1.17587
1.38071    -1.17589
1.39664    -1.1758
1.4122    -1.17562
1.42727    -1.17536
1.44178    -1.17505
1.45564    -1.17467
1.46879    -1.17427
1.48117    -1.17384
1.49274    -1.1734
1.50346    -1.17296
1.51331    -1.17253
1.52225    -1.17211
1.53028    -1.17172
1.53739    -1.17137
1.54357    -1.17105
1.54883    -1.17076
1.55318    -1.17053
1.55662    -1.17034
1.55918    -1.1702
1.56087    -1.1701
1.56171    -1.17005
1.56173    -1.17005
1.56096    -1.1701
1.55942    -1.17018
1.55716    -1.17031
1.55421    -1.17047
1.55059    -1.17067
1.54637    -1.1709
1.54156    -1.17115
1.53622    -1.17143
1.5304    -1.17172
1.52413    -1.17202
1.51746    -1.17234
1.51044    -1.17266
1.50312    -1.17297
1.49554    -1.17329
1.48776    -1.17359
1.47983    -1.17389
1.47179    -1.17417
1.4637    -1.17443
1.45561    -1.17468
1.44756    -1.1749
1.43961    -1.1751
1.4318    -1.17527
1.42419    -1.17542
1.41681    -1.17555
1.40971    -1.17566
1.40292    -1.17574
1.39649    -1.1758
1.39046    -1.17585
1.38485    -1.17588
1.37969    -1.17589
1.37501    -1.1759
1.37083    -1.1759
1.36717    -1.17589
1.36403    -1.17588
1.36143    -1.17586
1.35937    -1.17585
1.35785    -1.17584
1.35686    -1.17583
1.35639    -1.17583
1.35643    -1.17583
1.35696    -1.17583
1.35795    -1.17584
1.3594    -1.17585
1.36126    -1.17586
1.3635    -1.17587
1.3661    -1.17588
1.36902    -1.17589
1.37223    -1.1759
1.37568    -1.1759
1.37935    -1.17589
1.38319    -1.17588
1.38718    -1.17586
1.39126    -1.17584
1.39542    -1.17581
1.39961    -1.17577
1.40381    -1.17573
1.40797    -1.17568
1.41208    -1.17562
1.4161    -1.17556
1.42001    -1.1755
1.42379    -1.17543
1.42741    -1.17536
1.43085    -1.17529
1.43411    -1.17522
1.43715    -1.17515
1.43998    -1.17509
1.44257    -1.17503
1.44493    -1.17497
1.44705    -1.17491
1.44891    -1.17487
1.45052    -1.17482
1.45188    -1.17478
1.45298    -1.17475
1.45383
