0.0951175    0.173425    0.122826    0.0190997    0.0951175    0.173425    0.122826    0.0190997    
0.0945796    0.16905    0.119968    0.020432    0.0945796    0.16905    0.119968    0.020432    
0.0964248    0.172064    0.119215    0.0201389    0.0964248    0.172064    0.119215    0.0201389    
0.0977076    0.174006    0.119067    0.0197817    0.0977076    0.174006    0.119067    0.0197817    
0.098424    0.174944    0.118935    0.019624    0.098424    0.174944    0.118935    0.019624    
0.0985049    0.174955    0.118934    0.0196096    0.0985049    0.174955    0.118934    0.0196096    
0.0979516    0.174061    0.119042    0.0197433    0.0979516    0.174061    0.119042    0.0197433    
0.0968491    0.172333    0.119252    0.020012    0.0968491    0.172333    0.119252    0.020012    
0.0953313    0.169864    0.119553    0.020397    0.0953313    0.169864    0.119553    0.020397    
0.0935406    0.166769    0.119931    0.0208757    0.0935406    0.166769    0.119931    0.0208757    
0.0915991    0.163175    0.120372    0.0214248    0.0915991    0.163175    0.120372    0.0214248    
0.0895998    0.159219    0.120856    0.0220232    0.0895998    0.159219    0.120856    0.0220232    
0.0876125    0.155034    0.121359    0.0226542    0.0876125    0.155034    0.121359    0.0226542    
0.0856912    0.15075    0.121851    0.023306    0.0856912    0.15075    0.121851    0.023306    
0.0838787    0.146481    0.122303    0.0239715    0.0838787    0.146481    0.122303    0.0239715    
0.0822055    0.142326    0.122684    0.0246466    0.0822055    0.142326    0.122684    0.0246466    
0.0806893    0.138362    0.12297    0.0253284    0.0806893    0.138362    0.12297    0.0253284    
0.0793354    0.134647    0.123151    0.0260122    0.0793354    0.134647    0.123151    0.0260122    
0.0781387    0.131218    0.123228    0.0266914    0.0781387    0.131218    0.123228    0.0266914    
0.0770876    0.128097    0.123214    0.0273572    0.0770876    0.128097    0.123214    0.0273572    
0.0761667    0.125287    0.123125    0.0280015    0.0761667    0.125287    0.123125    0.0280015    
0.07536    0.122782    0.122978    0.0286178    0.07536    0.122782    0.122978    0.0286178    
0.0746521    0.120565    0.122789    0.0292019    0.0746521    0.120565    0.122789    0.0292019    
0.0740294    0.118614    0.122567    0.0297515    0.0740294    0.118614    0.122567    0.0297515    
0.0734803    0.116906    0.122325    0.030265    0.0734803    0.116906    0.122325    0.030265    
0.0729953    0.115415    0.122069    0.0307416    0.0729953    0.115415    0.122069    0.0307416    
0.0725666    0.114119    0.12181    0.0311807    0.0725666    0.114119    0.12181    0.0311807    
0.0721881    0.112997    0.121552    0.0315821    0.0721881    0.112997    0.121552    0.0315821    
0.0718548    0.11203    0.121303    0.031946    0.0718548    0.11203    0.121303    0.031946    
0.0715628    0.111202    0.121067    0.0322724    0.0715628    0.111202    0.121067    0.0322724    
0.0713089    0.110497    0.120848    0.0325619    0.0713089    0.110497    0.120848    0.0325619    
0.0710904    0.109903    0.12065    0.0328149    0.0710904    0.109903    0.12065    0.0328149    
0.0709052    0.109409    0.120475    0.0330322    0.0709052    0.109409    0.120475    0.0330322    
0.0707514    0.109006    0.120325    0.0332144    0.0707514    0.109006    0.120325    0.0332144    
0.0706274    0.108686    0.120201    0.0333624    0.0706274    0.108686    0.120201    0.0333624    
0.070532    0.108443    0.120104    0.0334772    0.070532    0.108443    0.120104    0.0334772    
0.0704638    0.108272    0.120034    0.0335595    0.0704638    0.108272    0.120034    0.0335595    
0.0704218    0.108167    0.119991    0.0336104    0.0704218    0.108167    0.119991    0.0336104    
0.070405    0.108127    0.119975    0.0336309    0.070405    0.108127    0.119975    0.0336309    
0.0704126    0.108148    0.119984    0.033622    0.0704126    0.108148    0.119984    0.033622    
0.0704438    0.108227    0.120019    0.0335848    0.0704438    0.108227    0.120019    0.0335848    
0.0704979    0.108365    0.120078    0.0335202    0.0704979    0.108365    0.120078    0.0335202    
0.0705742    0.10856    0.120159    0.0334294    0.0705742    0.10856    0.120159    0.0334294    
0.0706722    0.108811    0.12026    0.0333134    0.0706722    0.108811    0.12026    0.0333134    
0.0707914    0.109119    0.12038    0.0331735    0.0707914    0.109119    0.12038    0.0331735    
0.0709312    0.109485    0.120517    0.0330106    0.0709312    0.109485    0.120517    0.0330106    
0.0710914    0.109909    0.120668    0.0328261    0.0710914    0.109909    0.120668    0.0328261    
0.0712717    0.110392    0.120831    0.0326211    0.0712717    0.110392    0.120831    0.0326211    
0.0714717    0.110936    0.121004    0.0323967    0.0714717    0.110936    0.121004    0.0323967    
0.0716914    0.111543    0.121184    0.0321544    0.0716914    0.111543    0.121184    0.0321544    
0.0719306    0.112214    0.121368    0.0318954    0.0719306    0.112214    0.121368    0.0318954    
0.0721894    0.11295    0.121554    0.0316211    0.0721894    0.11295    0.121554    0.0316211    
0.0724678    0.113754    0.121738    0.0313329    0.0724678    0.113754    0.121738    0.0313329    
0.0727659    0.114627    0.121919    0.0310323    0.0727659    0.114627    0.121919    0.0310323    
0.0730842    0.11557    0.122092    0.0307206    0.0730842    0.11557    0.122092    0.0307206    
0.0734227    0.116584    0.122256    0.0303996    0.0734227    0.116584    0.122256    0.0303996    
0.0737818    0.11767    0.122408    0.0300707    0.0737818    0.11767    0.122408    0.0300707    
0.0741618    0.118826    0.122545    0.0297355    0.0741618    0.118826    0.122545    0.0297355    
0.074563    0.120052    0.122665    0.0293958    0.074563    0.120052    0.122665    0.0293958    
0.0749855    0.121346    0.122768    0.029053    0.0749855    0.121346    0.122768    0.029053    
0.0754292    0.122703    0.12285    0.028709    0.0754292    0.122703    0.12285    0.028709    
0.0758937    0.124119    0.122912    0.0283652    0.0758937    0.124119    0.122912    0.0283652    
0.0763783    0.125588    0.122953    0.0280234    0.0763783    0.125588    0.122953    0.0280234    
0.0768816    0.127102    0.122974    0.0276852    0.0768816    0.127102    0.122974    0.0276852    
0.0774017    0.128651    0.122974    0.0273521    0.0774017    0.128651    0.122974    0.0273521    
0.077936    0.130223    0.122956    0.0270259    0.077936    0.130223    0.122956    0.0270259    
0.078481    0.131806    0.122922    0.026708    0.078481    0.131806    0.122922    0.026708    
0.0790325    0.133386    0.122873    0.0264002    0.0790325    0.133386    0.122873    0.0264002    
0.0795854    0.134946    0.122812    0.0261042    0.0795854    0.134946    0.122812    0.0261042    
0.0801338    0.136471    0.122742    0.0258216    0.0801338    0.136471    0.122742    0.0258216    
0.0806712    0.137943    0.122666    0.0255543    0.0806712    0.137943    0.122666    0.0255543    
0.0811904    0.139345    0.122587    0.0253042    0.0811904    0.139345    0.122587    0.0253042    
0.0816843    0.14066    0.122507    0.025073    0.0816843    0.14066    0.122507    0.025073    
0.0821454    0.141872    0.122429    0.0248624    0.0821454    0.141872    0.122429    0.0248624    
0.0825666    0.142965    0.122355    0.0246742    0.0825666    0.142965    0.122355    0.0246742    
0.0829413    0.143928    0.122288    0.0245096    0.0829413    0.143928    0.122288    0.0245096    
0.0832634    0.144748    0.12223    0.0243699    0.0832634    0.144748    0.12223    0.0243699    
0.0835282    0.145418    0.122182    0.0242559    0.0835282    0.145418    0.122182    0.0242559    
0.0837319    0.145931    0.122146    0.0241681    0.0837319    0.145931    0.122146    0.0241681    
0.0838721    0.146285    0.122123    0.0241068    0.0838721    0.146285    0.122123    0.0241068    
0.0839478    0.146478    0.122113    0.0240717    0.0839478    0.146478    0.122113    0.0240717    
0.0839594    0.146513    0.122117    0.0240623    0.0839594    0.146513    0.122117    0.0240623    
0.083909    0.146396    0.122134    0.0240779    0.083909    0.146396    0.122134    0.0240779    
0.0837997    0.146133    0.122164    0.0241171    0.0837997    0.146133    0.122164    0.0241171    
0.0836358    0.145734    0.122205    0.0241788    0.0836358    0.145734    0.122205    0.0241788    
0.0834227    0.145211    0.122257    0.0242611    0.0834227    0.145211    0.122257    0.0242611    
0.0831663    0.144576    0.122316    0.0243624    0.0831663    0.144576    0.122316    0.0243624    
0.0828732    0.143844    0.122382    0.0244808    0.0828732    0.143844    0.122382    0.0244808    
0.08255    0.143028    0.122453    0.0246142    0.08255    0.143028    0.122453    0.0246142    
0.0822035    0.142144    0.122526    0.0247607    0.0822035    0.142144    0.122526    0.0247607    
0.0818401    0.141207    0.122599    0.0249181    0.0818401    0.141207    0.122599    0.0249181    
0.081466    0.140231    0.12267    0.0250844    0.081466    0.140231    0.12267    0.0250844    
0.0810868    0.139229    0.122739    0.0252578    0.0810868    0.139229    0.122739    0.0252578    
0.0807077    0.138215    0.122803    0.0254361    0.0807077    0.138215    0.122803    0.0254361    
0.080333    0.137201    0.122861    0.0256177    0.080333    0.137201    0.122861    0.0256177    
0.0799666    0.136197    0.122913    0.0258006    0.0799666    0.136197    0.122913    0.0258006    
0.0796117    0.135213    0.122958    0.0259832    0.0796117    0.135213    0.122958    0.0259832    
0.0792709    0.134257    0.122995    0.0261639    0.0792709    0.134257    0.122995    0.0261639    
0.0789461    0.133337    0.123026    0.0263412    0.0789461    0.133337    0.123026    0.0263412    
0.078639    0.132457    0.123049    0.0265137    0.078639    0.132457    0.123049    0.0265137    
0.0783506    0.131623    0.123067    0.0266802    0.0783506    0.131623    0.123067    0.0266802    
0.0780816    0.130839    0.123078    0.0268397    0.0780816    0.130839    0.123078    0.0268397    
0.0778326    0.130107    0.123085    0.026991    0.0778326    0.130107    0.123085    0.026991    
0.0776037    0.129429    0.123087    0.0271334    0.0776037    0.129429    0.123087    0.0271334    
0.077395    0.128807    0.123086    0.0272662    0.077395    0.128807    0.123086    0.0272662    
0.0772062    0.128241    0.123082    0.0273888    0.0772062    0.128241    0.123082    0.0273888    
0.0770372    0.127732    0.123076    0.0275006    0.0770372    0.127732    0.123076    0.0275006    
0.0768875    0.127279    0.123068    0.0276014    0.0768875    0.127279    0.123068    0.0276014    
0.0767568    0.126881    0.12306    0.0276908    0.0767568    0.126881    0.12306    0.0276908    
0.0766447    0.126539    0.123051    0.0277687    0.0766447    0.126539    0.123051    0.0277687    
0.0765506    0.12625    0.123043    0.027835    0.0765506    0.12625    0.123043    0.027835    
0.0764741    0.126014    0.123035    0.0278897    0.0764741    0.126014    0.123035    0.0278897    
0.0764146    0.12583    0.123029    0.0279329    0.0764146    0.12583    0.123029    0.0279329    
0.0763717    0.125696    0.123023    0.0279648    0.0763717    0.125696    0.123023    0.0279648    
0.0763448    0.12561    0.123019    0.0279855    0.0763448    0.12561    0.123019    0.0279855    
0.0763334    0.125572    0.123016    0.0279953    0.0763334    0.125572    0.123016    0.0279953    
0.0763369    0.125579    0.123014    0.0279946    0.0763369    0.125579    0.123014    0.0279946    
0.076355    0.12563    0.123014    0.0279838    0.076355    0.12563    0.123014    0.0279838    
0.076387    0.125724    0.123014    0.0279632    0.076387    0.125724    0.123014    0.0279632    
0.0764323    0.125858    0.123016    0.0279333    0.0764323    0.125858    0.123016    0.0279333    
0.0764906    0.126031    0.123018    0.0278947    0.0764906    0.126031    0.123018    0.0278947    
0.076561    0.126242    0.123021    0.0278479    0.076561    0.126242    0.123021    0.0278479    
0.0766432    0.126487    0.123024    0.0277934    0.0766432    0.126487    0.123024    0.0277934    
0.0767365    0.126765    0.123027    0.0277319    0.0767365    0.126765    0.123027    0.0277319    
0.0768401    0.127075    0.123029    0.027664    0.0768401    0.127075    0.123029    0.027664    
0.0769536    0.127413    0.123032    0.0275902    0.0769536    0.127413    0.123032    0.0275902    
0.0770761    0.127777    0.123033    0.0275113    0.0770761    0.127777    0.123033    0.0275113    
0.0772069    0.128166    0.123033    0.0274279    0.0772069    0.128166    0.123033    0.0274279    
0.0773451    0.128575    0.123032    0.0273408    0.0773451    0.128575    0.123032    0.0273408    
0.07749    0.129003    0.12303    0.0272505    0.07749    0.129003    0.12303    0.0272505    
0.0776407    0.129447    0.123027    0.0271578    0.0776407    0.129447    0.123027    0.0271578    
0.0777961    0.129903    0.123022    0.0270634    0.0777961    0.129903    0.123022    0.0270634    
0.0779552    0.130369    0.123015    0.026968    0.0779552    0.130369    0.123015    0.026968    
0.0781171    0.130841    0.123007    0.0268722    0.0781171    0.130841    0.123007    0.0268722    
0.0782805    0.131315    0.122997    0.0267767    0.0782805    0.131315    0.122997    0.0267767    
0.0784443    0.131789    0.122986    0.0266821    0.0784443    0.131789    0.122986    0.0266821    
0.0786074    0.132259    0.122974    0.0265892    0.0786074    0.132259    0.122974    0.0265892    
0.0787685    0.132721    0.122961    0.0264985    0.0787685    0.132721    0.122961    0.0264985    
0.0789264    0.133173    0.122948    0.0264106    0.0789264    0.133173    0.122948    0.0264106    
0.0790799    0.13361    0.122934    0.026326    0.0790799    0.13361    0.122934    0.026326    
0.0792278    0.13403    0.122919    0.0262454    0.0792278    0.13403    0.122919    0.0262454    
0.0793689    0.134428    0.122905    0.0261692    0.0793689    0.134428    0.122905    0.0261692    
0.0795021    0.134804    0.122891    0.0260979    0.0795021    0.134804    0.122891    0.0260979    
0.0796263    0.135153    0.122878    0.0260318    0.0796263    0.135153    0.122878    0.0260318    
0.0797406    0.135473    0.122865    0.0259714    0.0797406    0.135473    0.122865    0.0259714    
0.0798441    0.135763    0.122853    0.025917    0.0798441    0.135763    0.122853    0.025917    
0.0799361    0.13602    0.122843    0.0258687    0.0799361    0.13602    0.122843    0.0258687    
0.0800159    0.136242    0.122834    0.0258268    0.0800159    0.136242    0.122834    0.0258268    
0.0800831    0.13643    0.122827    0.0257915    0.0800831    0.13643    0.122827    0.0257915    
0.0801373    0.136582    0.122822    0.0257628    0.0801373    0.136582    0.122822    0.0257628    
0.0801784    0.136697    0.122818    0.0257408    0.0801784    0.136697    0.122818    0.0257408    
0.0802063    0.136776    0.122816    0.0257254    0.0802063    0.136776    0.122816    0.0257254    
0.0802211    0.136819    0.122816    0.0257165    0.0802211    0.136819    0.122816    0.0257165    
0.0802232    0.136828    0.122818    0.025714    0.0802232    0.136828    0.122818    0.025714    
0.080213    0.136802    0.122821    0.0257177    0.080213    0.136802    0.122821    0.0257177    
0.0801909    0.136744    0.122826    0.0257274    0.0801909    0.136744    0.122826    0.0257274    
0.0801577    0.136655    0.122833    0.0257427    0.0801577    0.136655    0.122833    0.0257427    
0.0801141    0.136538    0.122841    0.0257633    0.0801141    0.136538    0.122841    0.0257633    
0.080061    0.136394    0.12285    0.0257888    0.080061    0.136394    0.12285    0.0257888    
0.0799992    0.136225    0.12286    0.025819    0.0799992    0.136225    0.12286    0.025819    
0.0799298    0.136035    0.12287    0.0258532    0.0799298    0.136035    0.12287    0.0258532    
0.0798537    0.135826    0.122881    0.0258912    0.0798537    0.135826    0.122881    0.0258912    
0.0797719    0.135601    0.122893    0.0259324    0.0797719    0.135601    0.122893    0.0259324    
0.0796854    0.135362    0.122905    0.0259764    0.0796854    0.135362    0.122905    0.0259764    
0.0795954    0.135112    0.122917    0.0260227    0.0795954    0.135112    0.122917    0.0260227    
0.0795026    0.134854    0.122928    0.0260708    0.0795026    0.134854    0.122928    0.0260708    
0.0794081    0.134589    0.122939    0.0261204    0.0794081    0.134589    0.122939    0.0261204    
0.0793129    0.134322    0.12295    0.0261708    0.0793129    0.134322    0.12295    0.0261708    
0.0792176    0.134054    0.122961    0.0262217    0.0792176    0.134054    0.122961    0.0262217    
0.0791232    0.133787    0.12297    0.0262726    0.0791232    0.133787    0.12297    0.0262726    
0.0790304    0.133524    0.122979    0.0263232    0.0790304    0.133524    0.122979    0.0263232    
0.0789398    0.133267    0.122988    0.026373    0.0789398    0.133267    0.122988    0.026373    
0.0788521    0.133016    0.122995    0.0264217    0.0788521    0.133016    0.122995    0.0264217    
0.0787679    0.132775    0.123002    0.0264688    0.0787679    0.132775    0.123002    0.0264688    
0.0786875    0.132545    0.123008    0.0265142    0.0786875    0.132545    0.123008    0.0265142    
0.0786115    0.132326    0.123013    0.0265575    0.0786115    0.132326    0.123013    0.0265575    
0.0785401    0.13212    0.123018    0.0265985    0.0785401    0.13212    0.123018    0.0265985    
0.0784738    0.131928    0.123022    0.0266369    0.0784738    0.131928    0.123022    0.0266369    
0.0784127    0.13175    0.123025    0.0266725    0.0784127    0.13175    0.123025    0.0266725    
0.0783571    0.131588    0.123028    0.0267052    0.0783571    0.131588    0.123028    0.0267052    
0.0783072    0.131442    0.12303    0.0267348    0.0783072    0.131442    0.12303    0.0267348    
0.0782629    0.131313    0.123032    0.0267612    0.0782629    0.131313    0.123032    0.0267612    
0.0782245    0.1312    0.123033    0.0267843    0.0782245    0.1312    0.123033    0.0267843    
0.0781919    0.131104    0.123034    0.0268041    0.0781919    0.131104    0.123034    0.0268041    
0.078165    0.131025    0.123035    0.0268206    0.078165    0.131025    0.123035    0.0268206    
0.078144    0.130962    0.123035    0.0268336    0.078144    0.130962    0.123035    0.0268336    
0.0781286    0.130916    0.123035    0.0268434    0.0781286    0.130916    0.123035    0.0268434    
0.0781189    0.130887    0.123034    0.0268498    0.0781189    0.130887    0.123034    0.0268498    
0.0781145    0.130873    0.123034    0.0268531    0.0781145    0.130873    0.123034    0.0268531    
0.0781155    0.130874    0.123033    0.0268532    0.0781155    0.130874    0.123033    0.0268532    
0.0781215    0.130891    0.123032    0.0268502    0.0781215    0.130891    0.123032    0.0268502    
0.0781325    0.130921    0.12303    0.0268444    0.0781325    0.130921    0.12303    0.0268444    
0.078148    0.130965    0.123029    0.0268358    0.078148    0.130965    0.123029    0.0268358    
0.078168    0.131022    0.123027    0.0268246    0.078168    0.131022    0.123027    0.0268246    
0.0781921    0.131091    0.123025    0.026811    0.0781921    0.131091    0.123025    0.026811    
0.07822    0.131172    0.123023    0.0267952    0.07822    0.131172    0.123023    0.0267952    
0.0782514    0.131262    0.12302    0.0267772    0.0782514    0.131262    0.12302    0.0267772    
0.0782861    0.131362    0.123018    0.0267575    0.0782861    0.131362    0.123018    0.0267575    
0.0783236    0.13147    0.123015    0.0267361    0.0783236    0.13147    0.123015    0.0267361    
0.0783637    0.131585    0.123012    0.0267132    0.0783637    0.131585    0.123012    0.0267132    
0.078406    0.131707    0.123009    0.0266891    0.078406    0.131707    0.123009    0.0266891    
0.07845    0.131834    0.123006    0.0266641    0.07845    0.131834    0.123006    0.0266641    
0.0784956    0.131964    0.123002    0.0266382    0.0784956    0.131964    0.123002    0.0266382    
0.0785422    0.132098    0.122999    0.0266118    0.0785422    0.132098    0.122999    0.0266118    
0.0785896    0.132234    0.122995    0.026585    0.0785896    0.132234    0.122995    0.026585    
0.0786373    0.132371    0.122991    0.0265581    0.0786373    0.132371    0.122991    0.0265581    
0.078685    0.132508    0.122987    0.0265313    0.078685    0.132508    0.122987    0.0265313    
0.0787323    0.132644    0.122983    0.0265047    0.0787323    0.132644    0.122983    0.0265047    
0.078779    0.132777    0.122979    0.0264786    0.078779    0.132777    0.122979    0.0264786    
0.0788246    0.132908    0.122976    0.0264532    0.0788246    0.132908    0.122976    0.0264532    
0.0788688    0.133034    0.122972    0.0264285    0.0788688    0.133034    0.122972    0.0264285    
0.0789114    0.133156    0.122968    0.0264048    0.0789114    0.133156    0.122968    0.0264048    
0.078952    0.133272    0.122965    0.0263823    0.078952    0.133272    0.122965    0.0263823    
0.0789903    0.133381    0.122962    0.026361    0.0789903    0.133381    0.122962    0.026361    
0.0790263    0.133484    0.122958    0.026341    0.0790263    0.133484    0.122958    0.026341    
0.0790595    0.133579    0.122956    0.0263226    0.0790595    0.133579    0.122956    0.0263226    
0.0790899    0.133665    0.122953    0.0263057    0.0790899    0.133665    0.122953    0.0263057    
0.0791172    0.133744    0.122951    0.0262906    0.0791172    0.133744    0.122951    0.0262906    
0.0791414    0.133813    0.122949    0.0262771    0.0791414    0.133813    0.122949    0.0262771    
0.0791624    0.133873    0.122947    0.0262654    0.0791624    0.133873    0.122947    0.0262654    
0.07918    0.133923    0.122946    0.0262555    0.07918    0.133923    0.122946    0.0262555    
0.0791942    0.133964    0.122945    0.0262474    0.0791942    0.133964    0.122945    0.0262474    
0.0792051    0.133996    0.122944    0.0262412    0.0792051    0.133996    0.122944    0.0262412    
0.0792126    0.134018    0.122944    0.0262367    0.0792126    0.134018    0.122944    0.0262367    
0.0792169    0.13403    0.122944    0.026234    0.0792169    0.13403    0.122944    0.026234    
0.0792179    0.134034    0.122945    0.0262331    0.0792179    0.134034    0.122945    0.0262331    
0.0792157    0.134028    0.122945    0.0262339    0.0792157    0.134028    0.122945    0.0262339    
0.0792106    0.134015    0.122946    0.0262363    0.0792106    0.134015    0.122946    0.0262363    
0.0792027    0.133993    0.122948    0.0262402    0.0792027    0.133993    0.122948    0.0262402    
0.079192    0.133963    0.122949    0.0262456    0.079192    0.133963    0.122949    0.0262456    
0.0791789    0.133927    0.122951    0.0262524    0.0791789    0.133927    0.122951    0.0262524    
0.0791634    0.133884    0.122953    0.0262604    0.0791634    0.133884    0.122953    0.0262604    
0.0791459    0.133835    0.122955    0.0262696    0.0791459    0.133835    0.122955    0.0262696    
0.0791265    0.13378    0.122958    0.0262799    0.0791265    0.13378    0.122958    0.0262799    
0.0791055    0.133721    0.12296    0.0262911    0.0791055    0.133721    0.12296    0.0262911    
0.0790831    0.133658    0.122962    0.0263031    0.0790831    0.133658    0.122962    0.0263031    
0.0790595    0.133591    0.122965    0.0263157    0.0790595    0.133591    0.122965    0.0263157    
0.0790349    0.133522    0.122968    0.026329    0.0790349    0.133522    0.122968    0.026329    
0.0790097    0.133451    0.12297    0.0263427    0.0790097    0.133451    0.12297    0.0263427    
0.078984    0.133378    0.122973    0.0263567    0.078984    0.133378    0.122973    0.0263567    
0.078958    0.133304    0.122975    0.0263708    0.078958    0.133304    0.122975    0.0263708    
0.078932    0.13323    0.122978    0.0263851    0.078932    0.13323    0.122978    0.0263851    
0.0789062    0.133157    0.12298    0.0263993    0.0789062    0.133157    0.12298    0.0263993    
0.0788808    0.133084    0.122982    0.0264134    0.0788808    0.133084    0.122982    0.0264134    
0.0788559    0.133013    0.122984    0.0264272    0.0788559    0.133013    0.122984    0.0264272    
0.0788317    0.132944    0.122987    0.0264407    0.0788317    0.132944    0.122987    0.0264407    
0.0788084    0.132877    0.122988    0.0264537    0.0788084    0.132877    0.122988    0.0264537    
0.0787861    0.132813    0.12299    0.0264662    0.0787861    0.132813    0.12299    0.0264662    
0.078765    0.132753    0.122992    0.0264781    0.078765    0.132753    0.122992    0.0264781    
0.0787452    0.132696    0.122993    0.0264894    0.0787452    0.132696    0.122993    0.0264894    
0.0787267    0.132643    0.122995    0.0264998    0.0787267    0.132643    0.122995    0.0264998    
0.0787097    0.132594    0.122996    0.0265095    0.0787097    0.132594    0.122996    0.0265095    
0.0786943    0.132549    0.122997    0.0265184    0.0786943    0.132549    0.122997    0.0265184    
0.0786804    0.132509    0.122998    0.0265263    0.0786804    0.132509    0.122998    0.0265263    
0.0786682    0.132474    0.122998    0.0265334    0.0786682    0.132474    0.122998    0.0265334    
0.0786577    0.132443    0.122999    0.0265395    0.0786577    0.132443    0.122999    0.0265395    
0.0786488    0.132417    0.122999    0.0265447    0.0786488    0.132417    0.122999    0.0265447    
0.0786417    0.132397    0.123    0.0265489    0.0786417    0.132397    0.123    0.0265489    
0.0786362    0.132381    0.123    0.0265522    0.0786362    0.132381    0.123    0.0265522    
0.0786325    0.132369    0.123    0.0265545    0.0786325    0.132369    0.123    0.0265545    
0.0786303    0.132363    0.123    0.0265559    0.0786303    0.132363    0.123    0.0265559    
0.0786298    0.132361    0.123    0.0265564    0.0786298    0.132361    0.123    0.0265564    
0.0786308    0.132363    0.122999    0.0265561    0.0786308    0.132363    0.122999    0.0265561    
0.0786333    0.13237    0.122999    0.0265548    0.0786333    0.13237    0.122999    0.0265548    
0.0786372    0.132381    0.122998    0.0265528    0.0786372    0.132381    0.122998    0.0265528    
0.0786425    0.132396    0.122998    0.02655    0.0786425    0.132396    0.122998    0.02655    
0.078649    0.132414    0.122997    0.0265465    0.078649    0.132414    0.122997    0.0265465    
0.0786566    0.132436    0.122996    0.0265423    0.0786566    0.132436    0.122996    0.0265423    
0.0786654    0.132461    0.122995    0.0265376    0.0786654    0.132461    0.122995    0.0265376    
0.0786751    0.132488    0.122994    0.0265322    0.0786751    0.132488    0.122994    0.0265322    
0.0786857    0.132519    0.122993    0.0265264    0.0786857    0.132519    0.122993    0.0265264    
0.078697    0.132551    0.122992    0.0265201    0.078697    0.132551    0.122992    0.0265201    
0.078709    0.132585    0.122991    0.0265135    0.078709    0.132585    0.122991    0.0265135    
0.0787215    0.132621    0.12299    0.0265065    0.0787215    0.132621    0.12299    0.0265065    
0.0787344    0.132658    0.122989    0.0264994    0.0787344    0.132658    0.122989    0.0264994    
0.0787477    0.132696    0.122988    0.026492    0.0787477    0.132696    0.122988    0.026492    
0.0787612    0.132734    0.122986    0.0264845    0.0787612    0.132734    0.122986    0.0264845    
0.0787747    0.132773    0.122985    0.026477    0.0787747    0.132773    0.122985    0.026477    
0.0787882    0.132811    0.122984    0.0264694    0.0787882    0.132811    0.122984    0.0264694    
0.0788017    0.13285    0.122983    0.026462    0.0788017    0.13285    0.122983    0.026462    
0.0788149    0.132887    0.122982    0.0264546    0.0788149    0.132887    0.122982    0.0264546    
0.0788278    0.132924    0.122981    0.0264474    0.0788278    0.132924    0.122981    0.0264474    
0.0788403    0.13296    0.12298    0.0264404    0.0788403    0.13296    0.12298    0.0264404    
0.0788523    0.132994    0.122979    0.0264337    0.0788523    0.132994    0.122979    0.0264337    
0.0788638    0.133027    0.122978    0.0264273    0.0788638    0.133027    0.122978    0.0264273    
0.0788746    0.133058    0.122977    0.0264212    0.0788746    0.133058    0.122977    0.0264212    
0.0788847    0.133087    0.122976    0.0264156    0.0788847    0.133087    0.122976    0.0264156    
0.0788941    0.133114    0.122975    0.0264103    0.0788941    0.133114    0.122975    0.0264103    
0.0789027    0.133139    0.122975    0.0264055    0.0789027    0.133139    0.122975    0.0264055    
0.0789105    0.133161    0.122974    0.0264011    0.0789105    0.133161    0.122974    0.0264011    
0.0789173    0.133181    0.122974    0.0263972    0.0789173    0.133181    0.122974    0.0263972    
0.0789233    0.133198    0.122973    0.0263938    0.0789233    0.133198    0.122973    0.0263938    
0.0789284    0.133213    0.122973    0.0263909    0.0789284    0.133213    0.122973    0.0263909    
0.0789326    0.133225    0.122973    0.0263885    0.0789326    0.133225    0.122973    0.0263885    
0.0789358    0.133234    0.122973    0.0263866    0.0789358    0.133234    0.122973    0.0263866    
0.0789381    0.133241    0.122972    0.0263852    0.0789381    0.133241    0.122972    0.0263852    
0.0789395    0.133245    0.122972    0.0263843    0.0789395    0.133245    0.122972    0.0263843    
0.0789401    0.133247    0.122973    0.0263839    0.0789401    0.133247    0.122973    0.0263839    
0.0789397    0.133246    0.122973    0.026384    0.0789397    0.133246    0.122973    0.026384    
0.0789386    0.133243    0.122973    0.0263845    0.0789386    0.133243    0.122973    0.0263845    
0.0789367    0.133238    0.122973    0.0263855    0.0789367    0.133238    0.122973    0.0263855    
0.078934    0.13323    0.122974    0.0263869    0.078934    0.13323    0.122974    0.0263869    
0.0789306    0.133221    0.122974    0.0263886    0.0789306    0.133221    0.122974    0.0263886    
0.0789266    0.13321    0.122975    0.0263908    0.0789266    0.13321    0.122975    0.0263908    
0.078922    0.133197    0.122975    0.0263933    0.078922    0.133197    0.122975    0.0263933    
0.0789168    0.133182    0.122976    0.026396    0.0789168    0.133182    0.122976    0.026396    
0.0789112    0.133166    0.122976    0.0263991    0.0789112    0.133166    0.122976    0.0263991    
0.0789051    0.133149    0.122977    0.0264023    0.0789051    0.133149    0.122977    0.0264023    
0.0788987    0.133131    0.122978    0.0264058    0.0788987    0.133131    0.122978    0.0264058    
0.078892    0.133112    0.122978    0.0264095    0.078892    0.133112    0.122978    0.0264095    
0.0788851    0.133092    0.122979    0.0264133    0.0788851    0.133092    0.122979    0.0264133    
0.078878    0.133072    0.12298    0.0264172    0.078878    0.133072    0.12298    0.0264172    
0.0788708    0.133052    0.12298    0.0264211    0.0788708    0.133052    0.12298    0.0264211    
0.0788636    0.133031    0.122981    0.0264251    0.0788636    0.133031    0.122981    0.0264251    
0.0788564    0.133011    0.122982    0.0264291    0.0788564    0.133011    0.122982    0.0264291    
0.0788492    0.13299    0.122982    0.0264331    0.0788492    0.13299    0.122982    0.0264331    
0.0788422    0.13297    0.122983    0.026437    0.0788422    0.13297    0.122983    0.026437    
0.0788353    0.13295    0.122983    0.0264408    0.0788353    0.13295    0.122983    0.0264408    
0.0788287    0.132931    0.122984    0.0264445    0.0788287    0.132931    0.122984    0.0264445    
0.0788223    0.132913    0.122984    0.0264481    0.0788223    0.132913    0.122984    0.0264481    
0.0788162    0.132896    0.122985    0.0264515    0.0788162    0.132896    0.122985    0.0264515    
0.0788105    0.132879    0.122985    0.0264547    0.0788105    0.132879    0.122985    0.0264547    
0.0788051    0.132864    0.122986    0.0264577    0.0788051    0.132864    0.122986    0.0264577    
0.0788001    0.13285    0.122986    0.0264606    0.0788001    0.13285    0.122986    0.0264606    
0.0787956    0.132836    0.122986    0.0264631    0.0787956    0.132836    0.122986    0.0264631    
0.0787915    0.132825    0.122987    0.0264655    0.0787915    0.132825    0.122987    0.0264655    
0.0787878    0.132814    0.122987    0.0264676    0.0787878    0.132814    0.122987    0.0264676    
0.0787846    0.132805    0.122987    0.0264694    0.0787846    0.132805    0.122987    0.0264694    
0.0787819    0.132797    0.122987    0.026471    0.0787819    0.132797    0.122987    0.026471    
0.0787797    0.13279    0.122987    0.0264723    0.0787797    0.13279    0.122987    0.0264723    
0.0787779    0.132785    0.122988    0.0264733    0.0787779    0.132785    0.122988    0.0264733    
0.0787767    0.132782    0.122988    0.0264741    0.0787767    0.132782    0.122988    0.0264741    
0.0787759    0.132779    0.122988    0.0264746    0.0787759    0.132779    0.122988    0.0264746    
0.0787755    0.132778    0.122987    0.0264748    0.0787755    0.132778    0.122987    0.0264748    
0.0787756    0.132778    0.122987    0.0264748    0.0787756    0.132778    0.122987    0.0264748    
0.0787762    0.13278    0.122987    0.0264746    0.0787762    0.13278    0.122987    0.0264746    
0.0787771    0.132782    0.122987    0.0264741    0.0787771    0.132782    0.122987    0.0264741    
0.0787785    0.132786    0.122987    0.0264734    0.0787785    0.132786    0.122987    0.0264734    
0.0787802    0.132791    0.122987    0.0264725    0.0787802    0.132791    0.122987    0.0264725    
0.0787822    0.132797    0.122987    0.0264714    0.0787822    0.132797    0.122987    0.0264714    
0.0787846    0.132803    0.122986    0.0264701    0.0787846    0.132803    0.122986    0.0264701    
0.0787872    0.132811    0.122986    0.0264687    0.0787872    0.132811    0.122986    0.0264687    
0.0787901    0.132819    0.122986    0.0264671    0.0787901    0.132819    0.122986    0.0264671    
0.0787933    0.132828    0.122985    0.0264654    0.0787933    0.132828    0.122985    0.0264654    
0.0787966    0.132837    0.122985    0.0264635    0.0787966    0.132837    0.122985    0.0264635    
0.0788001    0.132847    0.122985    0.0264616    0.0788001    0.132847    0.122985    0.0264616    
0.0788037    0.132858    0.122984    0.0264596    0.0788037    0.132858    0.122984    0.0264596    
0.0788074    0.132868    0.122984    0.0264576    0.0788074    0.132868    0.122984    0.0264576    
0.0788112    0.132879    0.122984    0.0264555    0.0788112    0.132879    0.122984    0.0264555    
0.078815    0.13289    0.122983    0.0264534    0.078815    0.13289    0.122983    0.0264534    
0.0788188    0.132901    0.122983    0.0264513    0.0788188    0.132901    0.122983    0.0264513    
0.0788226    0.132912    0.122983    0.0264492    0.0788226    0.132912    0.122983    0.0264492    
0.0788263    0.132922    0.122982    0.0264471    0.0788263    0.132922    0.122982    0.0264471    
0.07883    0.132933    0.122982    0.0264451    0.07883    0.132933    0.122982    0.0264451    
0.0788335    0.132943    0.122982    0.0264431    0.0788335    0.132943    0.122982    0.0264431    
0.0788369    0.132953    0.122982    0.0264412    0.0788369    0.132953    0.122982    0.0264412    
0.0788402    0.132962    0.122981    0.0264394    0.0788402    0.132962    0.122981    0.0264394    
0.0788433    0.132971    0.122981    0.0264376    0.0788433    0.132971    0.122981    0.0264376    
0.0788462    0.132979    0.122981    0.026436    0.0788462    0.132979    0.122981    0.026436    
0.0788489    0.132987    0.122981    0.0264345    0.0788489    0.132987    0.122981    0.0264345    
0.0788513    0.132994    0.12298    0.0264331    0.0788513    0.132994    0.12298    0.0264331    
0.0788536    0.133    0.12298    0.0264318    0.0788536    0.133    0.12298    0.0264318    
0.0788556    0.133006    0.12298    0.0264307    0.0788556    0.133006    0.12298    0.0264307    
0.0788573    0.133011    0.12298    0.0264297    0.0788573    0.133011    0.12298    0.0264297    
0.0788588    0.133016    0.12298    0.0264288    0.0788588    0.133016    0.12298    0.0264288    
0.0788601    0.133019    0.12298    0.0264281    0.0788601    0.133019    0.12298    0.0264281    
0.0788611    0.133022    0.12298    0.0264275    0.0788611    0.133022    0.12298    0.0264275    
0.0788618    0.133024    0.12298    0.0264271    0.0788618    0.133024    0.12298    0.0264271    
0.0788623    0.133026    0.12298    0.0264268    0.0788623    0.133026    0.12298    0.0264268    
0.0788625    0.133026    0.12298    0.0264266    0.0788625    0.133026    0.12298    0.0264266    
0.0788625    0.133026    0.12298    0.0264266    0.0788625    0.133026    0.12298    0.0264266    
0.0788623    0.133026    0.12298    0.0264267    0.0788623    0.133026    0.12298    0.0264267    
0.0788618    0.133024    0.12298    0.0264269    0.0788618    0.133024    0.12298    0.0264269    
0.0788611    0.133023    0.12298    0.0264273    0.0788611    0.133023    0.12298    0.0264273    
0.0788603    0.13302    0.12298    0.0264277    0.0788603    0.13302    0.12298    0.0264277    
0.0788592    0.133017    0.12298    0.0264283    0.0788592    0.133017    0.12298    0.0264283    
0.078858    0.133014    0.12298    0.026429    0.078858    0.133014    0.12298    0.026429    
0.0788566    0.13301    0.122981    0.0264297    0.0788566    0.13301    0.122981    0.0264297    
0.0788551    0.133005    0.122981    0.0264305    0.0788551    0.133005    0.122981    0.0264305    
0.0788534    0.133001    0.122981    0.0264314    0.0788534    0.133001    0.122981    0.0264314    
0.0788517    0.132996    0.122981    0.0264324    0.0788517    0.132996    0.122981    0.0264324    
0.0788498    0.132991    0.122981    0.0264334    0.0788498    0.132991    0.122981    0.0264334    
0.0788479    0.132985    0.122981    0.0264344    0.0788479    0.132985    0.122981    0.0264344    
0.078846    0.13298    0.122982    0.0264355    0.078846    0.13298    0.122982    0.0264355    
0.078844    0.132974    0.122982    0.0264366    0.078844    0.132974    0.122982    0.0264366    
0.0788419    0.132968    0.122982    0.0264377    0.0788419    0.132968    0.122982    0.0264377    
0.0788399    0.132962    0.122982    0.0264388    0.0788399    0.132962    0.122982    0.0264388    
0.0788379    0.132957    0.122982    0.02644    0.0788379    0.132957    0.122982    0.02644    
0.0788359    0.132951    0.122982    0.0264411    0.0788359    0.132951    0.122982    0.0264411    
0.078834    0.132945    0.122983    0.0264421    0.078834    0.132945    0.122983    0.0264421    
0.0788321    0.13294    0.122983    0.0264432    0.0788321    0.13294    0.122983    0.0264432    
0.0788303    0.132935    0.122983    0.0264442    0.0788303    0.132935    0.122983    0.0264442    
0.0788285    0.13293    0.122983    0.0264452    0.0788285    0.13293    0.122983    0.0264452    
0.0788269    0.132925    0.122983    0.0264461    0.0788269    0.132925    0.122983    0.0264461    
0.0788253    0.132921    0.122983    0.026447    0.0788253    0.132921    0.122983    0.026447    
0.0788239    0.132917    0.122983    0.0264478    0.0788239    0.132917    0.122983    0.0264478    
0.0788226    0.132913    0.122984    0.0264486    0.0788226    0.132913    0.122984    0.0264486    
0.0788214    0.132909    0.122984    0.0264492    0.0788214    0.132909    0.122984    0.0264492    
0.0788203    0.132906    0.122984    0.0264498    0.0788203    0.132906    0.122984    0.0264498    
0.0788193    0.132903    0.122984    0.0264504    0.0788193    0.132903    0.122984    0.0264504    
0.0788185    0.132901    0.122984    0.0264509    0.0788185    0.132901    0.122984    0.0264509    
0.0788178    0.132899    0.122984    0.0264513    0.0788178    0.132899    0.122984    0.0264513    
0.0788173    0.132897    0.122984    0.0264516    0.0788173    0.132897    0.122984    0.0264516    
0.0788169    0.132896    0.122984    0.0264518    0.0788169    0.132896    0.122984    0.0264518    
0.0788166    0.132895    0.122984    0.026452    0.0788166    0.132895    0.122984    0.026452    
0.0788165    0.132895    0.122984    0.0264521    0.0788165    0.132895    0.122984    0.0264521    
0.0788164    0.132895    0.122984    0.0264521    0.0788164    0.132895    0.122984    0.0264521    
0.0788166    0.132895    0.122984    0.0264521    0.0788166    0.132895    0.122984    0.0264521    
0.0788168    0.132896    0.122984    0.026452    0.0788168    0.132896    0.122984    0.026452    
0.0788171    0.132897    0.122984    0.0264518    0.0788171    0.132897    0.122984    0.0264518    
0.0788176    0.132898    0.122984    0.0264515    0.0788176    0.132898    0.122984    0.0264515    
0.0788181    0.1329    0.122984    0.0264513    0.0788181    0.1329    0.122984    0.0264513    
0.0788187    0.132901    0.122984    0.0264509    0.0788187    0.132901    0.122984    0.0264509    
0.0788194    0.132903    0.122983    0.0264505    0.0788194    0.132903    0.122983    0.0264505    
0.0788202    0.132906    0.122983    0.0264501    0.0788202    0.132906    0.122983    0.0264501    
0.0788211    0.132908    0.122983    0.0264496    0.0788211    0.132908    0.122983    0.0264496    
0.078822    0.132911    0.122983    0.0264491    0.078822    0.132911    0.122983    0.0264491    
0.078823    0.132913    0.122983    0.0264486    0.078823    0.132913    0.122983    0.0264486    
0.078824    0.132916    0.122983    0.0264481    0.078824    0.132916    0.122983    0.0264481    
0.078825    0.132919    0.122983    0.0264475    0.078825    0.132919    0.122983    0.0264475    
0.0788261    0.132922    0.122983    0.0264469    0.0788261    0.132922    0.122983    0.0264469    
0.0788271    0.132925    0.122983    0.0264463    0.0788271    0.132925    0.122983    0.0264463    
0.0788282    0.132928    0.122983    0.0264457    0.0788282    0.132928    0.122983    0.0264457    
0.0788293    0.132931    0.122983    0.0264451    0.0788293    0.132931    0.122983    0.0264451    
0.0788303    0.132934    0.122982    0.0264445    0.0788303    0.132934    0.122982    0.0264445    
0.0788313    0.132937    0.122982    0.026444    0.0788313    0.132937    0.122982    0.026444    
0.0788324    0.13294    0.122982    0.0264434    0.0788324    0.13294    0.122982    0.0264434    
0.0788333    0.132943    0.122982    0.0264429    0.0788333    0.132943    0.122982    0.0264429    
0.0788343    0.132946    0.122982    0.0264423    0.0788343    0.132946    0.122982    0.0264423    
0.0788351    0.132948    0.122982    0.0264419    0.0788351    0.132948    0.122982    0.0264419    
0.078836    0.13295    0.122982    0.0264414    0.078836    0.13295    0.122982    0.0264414    
0.0788367    0.132953    0.122982    0.0264409    0.0788367    0.132953    0.122982    0.0264409    
0.0788375    0.132955    0.122982    0.0264405    0.0788375    0.132955    0.122982    0.0264405    
0.0788381    0.132957    0.122982    0.0264402    0.0788381    0.132957    0.122982    0.0264402    
0.0788387    0.132958    0.122982    0.0264398    0.0788387    0.132958    0.122982    0.0264398    
0.0788392    0.13296    0.122982    0.0264395    0.0788392    0.13296    0.122982    0.0264395    
0.0788397    0.132961    0.122982    0.0264393    0.0788397    0.132961    0.122982    0.0264393    
0.07884    0.132962    0.122982    0.0264391    0.07884    0.132962    0.122982    0.0264391    
0.0788403    0.132963    0.122982    0.0264389    0.0788403    0.132963    0.122982    0.0264389    
0.0788406    0.132964    0.122982    0.0264388    0.0788406    0.132964    0.122982    0.0264388    
0.0788407    0.132964    0.122982    0.0264387    0.0788407    0.132964    0.122982    0.0264387    
0.0788408    0.132964    0.122982    0.0264386    0.0788408    0.132964    0.122982    0.0264386    
0.0788408    0.132965    0.122982    0.0264386    0.0788408    0.132965    0.122982    0.0264386    
0.0788408    0.132964    0.122982    0.0264386    0.0788408    0.132964    0.122982    0.0264386    
0.0788407    0.132964    0.122982    0.0264387    0.0788407    0.132964    0.122982    0.0264387    
0.0788405    0.132964    0.122982    0.0264387    0.0788405    0.132964    0.122982    0.0264387    
0.0788403    0.132963    0.122982    0.0264389    0.0788403    0.132963    0.122982    0.0264389    
0.07884    0.132962    0.122982    0.026439    0.07884    0.132962    0.122982    0.026439    
0.0788397    0.132961    0.122982    0.0264392    0.0788397    0.132961    0.122982    0.0264392    
0.0788393    0.13296    0.122982    0.0264394    0.0788393    0.13296    0.122982    0.0264394    
0.0788389    0.132959    0.122982    0.0264396    0.0788389    0.132959    0.122982    0.0264396    
0.0788385    0.132958    0.122982    0.0264398    0.0788385    0.132958    0.122982    0.0264398    
0.078838    0.132956    0.122982    0.0264401    0.078838    0.132956    0.122982    0.0264401    
0.0788375    0.132955    0.122982    0.0264404    0.0788375    0.132955    0.122982    0.0264404    
0.0788369    0.132954    0.122982    0.0264407    0.0788369    0.132954    0.122982    0.0264407    
0.0788364    0.132952    0.122982    0.026441    0.0788364    0.132952    0.122982    0.026441    
0.0788358    0.13295    0.122982    0.0264413    0.0788358    0.13295    0.122982    0.0264413    
0.0788353    0.132949    0.122982    0.0264416    0.0788353    0.132949    0.122982    0.0264416    
0.0788347    0.132947    0.122982    0.0264419    0.0788347    0.132947    0.122982    0.0264419    
0.0788341    0.132946    0.122982    0.0264422    0.0788341    0.132946    0.122982    0.0264422    
0.0788336    0.132944    0.122982    0.0264425    0.0788336    0.132944    0.122982    0.0264425    
0.078833    0.132942    0.122983    0.0264428    0.078833    0.132942    0.122983    0.0264428    
0.0788325    0.132941    0.122983    0.0264431    0.0788325    0.132941    0.122983    0.0264431    
0.078832    0.132939    0.122983    0.0264434    0.078832    0.132939    0.122983    0.0264434    
0.0788315    0.132938    0.122983    0.0264437    0.0788315    0.132938    0.122983    0.0264437    
0.078831    0.132937    0.122983    0.026444    0.078831    0.132937    0.122983    0.026444    
0.0788306    0.132935    0.122983    0.0264442    0.0788306    0.132935    0.122983    0.0264442    
0.0788302    0.132934    0.122983    0.0264445    0.0788302    0.132934    0.122983    0.0264445    
0.0788298    0.132933    0.122983    0.0264447    0.0788298    0.132933    0.122983    0.0264447    
0.0788294    0.132932    0.122983    0.0264449    0.0788294    0.132932    0.122983    0.0264449    
0.0788291    0.132931    0.122983    0.026445    0.0788291    0.132931    0.122983    0.026445    
0.0788288    0.13293    0.122983    0.0264452    0.0788288    0.13293    0.122983    0.0264452    
0.0788286    0.13293    0.122983    0.0264453    0.0788286    0.13293    0.122983    0.0264453    
0.0788284    0.132929    0.122983    0.0264455    0.0788284    0.132929    0.122983    0.0264455    
0.0788282    0.132929    0.122983    0.0264456    0.0788282    0.132929    0.122983    0.0264456    
0.0788281    0.132928    0.122983    0.0264456    0.0788281    0.132928    0.122983    0.0264456    
0.078828    0.132928    0.122983    0.0264457    0.078828    0.132928    0.122983    0.0264457    
0.0788279    0.132928    0.122983    0.0264457    0.0788279    0.132928    0.122983    0.0264457    
0.0788279    0.132928    0.122983    0.0264457    0.0788279    0.132928    0.122983    0.0264457    
0.0788279    0.132928    0.122983    0.0264457    0.0788279    0.132928    0.122983    0.0264457    
0.078828    0.132928    0.122983    0.0264457    0.078828    0.132928    0.122983    0.0264457    
0.0788281    0.132928    0.122983    0.0264457    0.0788281    0.132928    0.122983    0.0264457    
0.0788282    0.132928    0.122983    0.0264456    0.0788282    0.132928    0.122983    0.0264456    
0.0788283    0.132929    0.122983    0.0264455    0.0788283    0.132929    0.122983    0.0264455    
0.0788285    0.132929    0.122983    0.0264454    0.0788285    0.132929    0.122983    0.0264454    
0.0788287    0.13293    0.122983    0.0264453    0.0788287    0.13293    0.122983    0.0264453    
0.0788289    0.13293    0.122983    0.0264452    0.0788289    0.13293    0.122983    0.0264452    
0.0788291    0.132931    0.122983    0.0264451    0.0788291    0.132931    0.122983    0.0264451    
0.0788294    0.132932    0.122983    0.026445    0.0788294    0.132932    0.122983    0.026445    
0.0788296    0.132933    0.122983    0.0264448    0.0788296    0.132933    0.122983    0.0264448    
0.0788299    0.132933    0.122983    0.0264447    0.0788299    0.132933    0.122983    0.0264447    
0.0788302    0.132934    0.122983    0.0264445    0.0788302    0.132934    0.122983    0.0264445    
0.0788305    0.132935    0.122983    0.0264443    0.0788305    0.132935    0.122983    0.0264443    
0.0788308    0.132936    0.122983    0.0264442    0.0788308    0.132936    0.122983    0.0264442    
0.0788311    0.132937    0.122983    0.026444    0.0788311    0.132937    0.122983    0.026444    
0.0788314    0.132938    0.122983    0.0264438    0.0788314    0.132938    0.122983    0.0264438    
0.0788317    0.132938    0.122982    0.0264437    0.0788317    0.132938    0.122982    0.0264437    
0.078832    0.132939    0.122982    0.0264435    0.078832    0.132939    0.122982    0.0264435    
