-1       0.180636
-0.997       0.181156
-0.994       0.181678
-0.991       0.1822
-0.988       0.182724
-0.985       0.183249
-0.982       0.183775
-0.979       0.184303
-0.976       0.184832
-0.973       0.185362
-0.97       0.185893
-0.967       0.186426
-0.964       0.18696
-0.961       0.187495
-0.958       0.188032
-0.955       0.18857
-0.952       0.189109
-0.949       0.189649
-0.946       0.190191
-0.943       0.190734
-0.94       0.191278
-0.937       0.191824
-0.934       0.19237
-0.931       0.192918
-0.928       0.193468
-0.925       0.194018
-0.922       0.19457
-0.919       0.195123
-0.916       0.195678
-0.913       0.196233
-0.91       0.19679
-0.907       0.197348
-0.904       0.197908
-0.901       0.198468
-0.898       0.19903
-0.895       0.199594
-0.892       0.200158
-0.889       0.200724
-0.886       0.201291
-0.883       0.201859
-0.88       0.202428
-0.877       0.202999
-0.874       0.203571
-0.871       0.204144
-0.868       0.204719
-0.865       0.205294
-0.862       0.205871
-0.859       0.206449
-0.856       0.207028
-0.853       0.207609
-0.85       0.208191
-0.847       0.208774
-0.844       0.209358
-0.841       0.209943
-0.838       0.21053
-0.835       0.211118
-0.832       0.211707
-0.829       0.212297
-0.826       0.212889
-0.823       0.213481
-0.82       0.214075
-0.817       0.21467
-0.814       0.215266
-0.811       0.215864
-0.808       0.216462
-0.805       0.217062
-0.802       0.217663
-0.799       0.218265
-0.796       0.218869
-0.793       0.219473
-0.79       0.220079
-0.787       0.220686
-0.784       0.221294
-0.781       0.221903
-0.778       0.222514
-0.775       0.223126
-0.772       0.223738
-0.769       0.224352
-0.766       0.224968
-0.763       0.225584
-0.76       0.226202
-0.757       0.22682
-0.754       0.22744
-0.751       0.228062
-0.748       0.228684
-0.745       0.229308
-0.742       0.229932
-0.739       0.230558
-0.736       0.231186
-0.733       0.231814
-0.73       0.232444
-0.727       0.233075
-0.724       0.233707
-0.721       0.23434
-0.718       0.234975
-0.715       0.235611
-0.712       0.236249
-0.709       0.236887
-0.706       0.237527
-0.703       0.238168
-0.7       0.238811
-0.697       0.239455
-0.694       0.2401
-0.691       0.240747
-0.688       0.241395
-0.685       0.242045
-0.682       0.242696
-0.679       0.243349
-0.676       0.244003
-0.673       0.244659
-0.67       0.245316
-0.667       0.245975
-0.664       0.246635
-0.661       0.247297
-0.658       0.247961
-0.655       0.248626
-0.652       0.249293
-0.649       0.249962
-0.646       0.250633
-0.643       0.251306
-0.64       0.25198
-0.637       0.252657
-0.634       0.253335
-0.631       0.254016
-0.628       0.254699
-0.625       0.255384
-0.622       0.256071
-0.619       0.25676
-0.616       0.257451
-0.613       0.258145
-0.61       0.258842
-0.607       0.259541
-0.604       0.260242
-0.601       0.260946
-0.598       0.261653
-0.595       0.262362
-0.592       0.263075
-0.589       0.26379
-0.586       0.264509
-0.583       0.26523
-0.58       0.265955
-0.577       0.266682
-0.574       0.267414
-0.571       0.268148
-0.568       0.268887
-0.565       0.269628
-0.562       0.270374
-0.559       0.271123
-0.556       0.271877
-0.553       0.272634
-0.55       0.273396
-0.547       0.274162
-0.544       0.274932
-0.541       0.275707
-0.538       0.276487
-0.535       0.277271
-0.532       0.27806
-0.529       0.278854
-0.526       0.279653
-0.523       0.280458
-0.52       0.281268
-0.517       0.282084
-0.514       0.282905
-0.511       0.283732
-0.508       0.284565
-0.505       0.285404
-0.502       0.28625
-0.499       0.287102
-0.496       0.28796
-0.493       0.288826
-0.49       0.289698
-0.487       0.290577
-0.484       0.291464
-0.481       0.292358
-0.478       0.293259
-0.475       0.294168
-0.472       0.295085
-0.469       0.29601
-0.466       0.296944
-0.463       0.297885
-0.46       0.298835
-0.457       0.299794
-0.454       0.300762
-0.451       0.301739
-0.448       0.302725
-0.445       0.30372
-0.442       0.304725
-0.439       0.30574
-0.436       0.306764
-0.433       0.307799
-0.43       0.308843
-0.427       0.309898
-0.424       0.310964
-0.421       0.31204
-0.418       0.313127
-0.415       0.314226
-0.412       0.315335
-0.409       0.316455
-0.406       0.317587
-0.403       0.318731
-0.4       0.319886
-0.397       0.321053
-0.394       0.322232
-0.391       0.323423
-0.388       0.324626
-0.385       0.325841
-0.382       0.327069
-0.379       0.328309
-0.376       0.329562
-0.373       0.330828
-0.37       0.332106
-0.367       0.333397
-0.364       0.334701
-0.361       0.336018
-0.358       0.337348
-0.355       0.338691
-0.352       0.340047
-0.349       0.341417
-0.346       0.342799
-0.343       0.344194
-0.34       0.345603
-0.337       0.347024
-0.334       0.348459
-0.331       0.349907
-0.328       0.351367
-0.325       0.352841
-0.322       0.354327
-0.319       0.355827
-0.316       0.357338
-0.313       0.358863
-0.31       0.3604
-0.307       0.361949
-0.304       0.363511
-0.301       0.365084
-0.298       0.36667
-0.295       0.368267
-0.292       0.369875
-0.289       0.371495
-0.286       0.373126
-0.283       0.374768
-0.28       0.37642
-0.277       0.378083
-0.274       0.379756
-0.271       0.381438
-0.268       0.38313
-0.265       0.384831
-0.262       0.386541
-0.259       0.388259
-0.256       0.389986
-0.253       0.39172
-0.25       0.393461
-0.247       0.395209
-0.244       0.396964
-0.241       0.398725
-0.238       0.400491
-0.235       0.402263
-0.232       0.404039
-0.229       0.40582
-0.226       0.407604
-0.223       0.409391
-0.22       0.411181
-0.217       0.412973
-0.214       0.414767
-0.211       0.416561
-0.208       0.418356
-0.205       0.420151
-0.202       0.421945
-0.199       0.423738
-0.196       0.425529
-0.193       0.427317
-0.19       0.429102
-0.187       0.430883
-0.184       0.43266
-0.181       0.434431
-0.178       0.436197
-0.175       0.437956
-0.172       0.439708
-0.169       0.441452
-0.166       0.443187
-0.163       0.444913
-0.16       0.446629
-0.157       0.448334
-0.154       0.450028
-0.151       0.45171
-0.148       0.453379
-0.145       0.455035
-0.142       0.456676
-0.139       0.458303
-0.136       0.459914
-0.133       0.461508
-0.13       0.463086
-0.127       0.464645
-0.124       0.466186
-0.121       0.467708
-0.118       0.469211
-0.115       0.470692
-0.112       0.472153
-0.109       0.473592
-0.106       0.475008
-0.103       0.476401
-0.1       0.47777
-0.097       0.479114
-0.094       0.480434
-0.091       0.481728
-0.088       0.482996
-0.085       0.484237
-0.082       0.48545
-0.079       0.486635
-0.076       0.487792
-0.073       0.48892
-0.07       0.490018
-0.067       0.491086
-0.064       0.492124
-0.061       0.49313
-0.058       0.494105
-0.055       0.495048
-0.052       0.495959
-0.049       0.496837
-0.046       0.497682
-0.043       0.498494
-0.04       0.499272
-0.037       0.500016
-0.034       0.500725
-0.031       0.5014
-0.028       0.50204
-0.025       0.502645
-0.022       0.503215
-0.019       0.503749
-0.016       0.504247
-0.013       0.50471
-0.01       0.505137
-0.007       0.505528
-0.004       0.505883
-0.001       0.506202
0.002       0.506485
0.005       0.506733
0.008       0.506944
0.011       0.507119
0.014       0.507258
0.017       0.507361
0.02       0.507429
0.023       0.507462
0.026       0.507459
0.029       0.507421
0.032       0.507348
0.035       0.507241
0.038       0.507099
0.041       0.506923
0.044       0.506714
0.047       0.506471
0.05       0.506195
0.053       0.505886
0.056       0.505545
0.059       0.505172
0.062       0.504767
0.065       0.504331
0.068       0.503865
0.071       0.503369
0.074       0.502843
0.077       0.502288
0.08       0.501705
0.083       0.501093
0.086       0.500454
0.089       0.499789
0.092       0.499097
0.095       0.498379
0.098       0.497636
0.101       0.496869
0.104       0.496078
0.107       0.495264
0.11       0.494428
0.113       0.493569
0.116       0.49269
0.119       0.49179
0.122       0.49087
0.125       0.489931
0.128       0.488974
0.131       0.488
0.134       0.487008
0.137       0.486
0.14       0.484976
0.143       0.483938
0.146       0.482886
0.149       0.48182
0.152       0.480742
0.155       0.479651
0.158       0.47855
0.161       0.477438
0.164       0.476316
0.167       0.475185
0.17       0.474046
0.173       0.472899
0.176       0.471746
0.179       0.470586
0.182       0.46942
0.185       0.468249
0.188       0.467075
0.191       0.465896
0.194       0.464715
0.197       0.463532
0.2       0.462347
0.203       0.46116
0.206       0.459974
0.209       0.458788
0.212       0.457602
0.215       0.456419
0.218       0.455237
0.221       0.454057
0.224       0.452881
0.227       0.451708
0.23       0.45054
0.233       0.449376
0.236       0.448218
0.239       0.447065
0.242       0.445919
0.245       0.444779
0.248       0.443646
0.251       0.442521
0.254       0.441403
0.257       0.440294
0.26       0.439194
0.263       0.438103
0.266       0.437021
0.269       0.435949
0.272       0.434888
0.275       0.433837
0.278       0.432796
0.281       0.431767
0.284       0.430749
0.287       0.429743
0.29       0.428749
0.293       0.427767
0.296       0.426797
0.299       0.42584
0.302       0.424896
0.305       0.423965
0.308       0.423046
0.311       0.422141
0.314       0.42125
0.317       0.420372
0.32       0.419508
0.323       0.418658
0.326       0.417821
0.329       0.416999
0.332       0.41619
0.335       0.415396
0.338       0.414616
0.341       0.413851
0.344       0.413099
0.347       0.412362
0.35       0.41164
0.353       0.410931
0.356       0.410238
0.359       0.409558
0.362       0.408893
0.365       0.408242
0.368       0.407605
0.371       0.406983
0.374       0.406374
0.377       0.40578
0.38       0.4052
0.383       0.404635
0.386       0.404083
0.389       0.403544
0.392       0.40302
0.395       0.40251
0.398       0.402013
0.401       0.401529
0.404       0.401059
0.407       0.400603
0.41       0.400159
0.413       0.399729
0.416       0.399312
0.419       0.398908
0.422       0.398517
0.425       0.398138
0.428       0.397772
0.431       0.397418
0.434       0.397077
0.437       0.396748
0.44       0.396431
0.443       0.396126
0.446       0.395833
0.449       0.395552
0.452       0.395283
0.455       0.395025
0.458       0.394778
0.461       0.394543
0.464       0.394319
0.467       0.394106
0.47       0.393904
0.473       0.393713
0.476       0.393533
0.479       0.393363
0.482       0.393204
0.485       0.393055
0.488       0.392917
0.491       0.392789
0.494       0.392671
0.497       0.392564
0.5       0.392466
0.503       0.392378
0.506       0.3923
0.509       0.392232
0.512       0.392174
0.515       0.392125
0.518       0.392085
0.521       0.392055
0.524       0.392035
0.527       0.392024
0.53       0.392022
0.533       0.392029
0.536       0.392045
0.539       0.392071
0.542       0.392105
0.545       0.392149
0.548       0.392201
0.551       0.392262
0.554       0.392332
0.557       0.392411
0.56       0.392499
0.563       0.392596
0.566       0.392701
0.569       0.392815
0.572       0.392938
0.575       0.393069
0.578       0.393208
0.581       0.393357
0.584       0.393514
0.587       0.393679
0.59       0.393853
0.593       0.394035
0.596       0.394226
0.599       0.394425
0.602       0.394633
0.605       0.394849
0.608       0.395073
0.611       0.395306
0.614       0.395547
0.617       0.395796
0.62       0.396053
0.623       0.396319
0.626       0.396592
0.629       0.396874
0.632       0.397164
0.635       0.397463
0.638       0.397769
0.641       0.398083
0.644       0.398405
0.647       0.398735
0.65       0.399073
0.653       0.399418
0.656       0.399772
0.659       0.400133
0.662       0.400501
0.665       0.400878
0.668       0.401261
0.671       0.401652
0.674       0.402051
0.677       0.402456
0.68       0.402869
0.683       0.403289
0.686       0.403715
0.689       0.404149
0.692       0.404589
0.695       0.405035
0.698       0.405489
0.701       0.405948
0.704       0.406414
0.707       0.406885
0.71       0.407363
0.713       0.407846
0.716       0.408335
0.719       0.408829
0.722       0.409329
0.725       0.409833
0.728       0.410342
0.731       0.410856
0.734       0.411374
0.737       0.411897
0.74       0.412423
0.743       0.412953
0.746       0.413487
0.749       0.414023
0.752       0.414563
0.755       0.415106
0.758       0.415651
0.761       0.416198
0.764       0.416747
0.767       0.417298
0.77       0.41785
0.773       0.418403
0.776       0.418957
0.779       0.419511
0.782       0.420066
0.785       0.42062
0.788       0.421173
0.791       0.421726
0.794       0.422277
0.797       0.422827
0.8       0.423375
0.803       0.42392
0.806       0.424463
0.809       0.425002
0.812       0.425539
0.815       0.426071
0.818       0.426599
0.821       0.427122
0.824       0.427641
0.827       0.428154
0.83       0.428661
0.833       0.429162
0.836       0.429656
0.839       0.430144
0.842       0.430624
0.845       0.431096
0.848       0.431559
0.851       0.432014
0.854       0.432461
0.857       0.432897
0.86       0.433324
0.863       0.43374
0.866       0.434145
0.869       0.43454
0.872       0.434923
0.875       0.435294
0.878       0.435652
0.881       0.435998
0.884       0.43633
0.887       0.436649
0.89       0.436954
0.893       0.437245
0.896       0.437521
0.899       0.437782
0.902       0.438028
0.905       0.438257
0.908       0.438471
0.911       0.438668
0.914       0.438848
0.917       0.439011
0.92       0.439156
0.923       0.439284
0.926       0.439393
0.929       0.439484
0.932       0.439557
0.935       0.43961
0.938       0.439644
0.941       0.439658
0.944       0.439652
0.947       0.439627
0.95       0.439581
0.953       0.439515
0.956       0.439428
0.959       0.43932
0.962       0.439191
0.965       0.43904
0.968       0.438868
0.971       0.438675
0.974       0.43846
0.977       0.438223
0.98       0.437964
0.983       0.437683
0.986       0.43738
0.989       0.437055
0.992       0.436707
0.995       0.436337
0.998       0.435945
1.001       0.435531
1.004       0.435094
1.007       0.434635
1.01       0.434153
1.013       0.433649
1.016       0.433124
1.019       0.432575
1.022       0.432005
1.025       0.431413
1.028       0.430799
1.031       0.430163
1.034       0.429505
1.037       0.428826
1.04       0.428126
1.043       0.427404
1.046       0.426662
1.049       0.425898
1.052       0.425114
1.055       0.42431
1.058       0.423486
1.061       0.422641
1.064       0.421777
1.067       0.420894
1.07       0.419991
1.073       0.419069
1.076       0.418129
1.079       0.417171
1.082       0.416194
1.085       0.4152
1.088       0.414189
1.091       0.41316
1.094       0.412115
1.097       0.411054
1.1       0.409977
1.103       0.408884
1.106       0.407775
1.109       0.406652
1.112       0.405515
1.115       0.404363
1.118       0.403197
1.121       0.402019
1.124       0.400827
1.127       0.399623
1.13       0.398406
1.133       0.397178
1.136       0.395939
1.139       0.394689
1.142       0.393428
1.145       0.392157
1.148       0.390876
1.151       0.389586
1.154       0.388288
1.157       0.38698
1.16       0.385665
1.163       0.384342
1.166       0.383012
1.169       0.381675
1.172       0.380332
1.175       0.378983
1.178       0.377628
1.181       0.376268
1.184       0.374903
1.187       0.373534
1.19       0.372161
1.193       0.370784
1.196       0.369404
1.199       0.368021
1.202       0.366635
1.205       0.365248
1.208       0.363858
1.211       0.362467
1.214       0.361075
1.217       0.359683
1.22       0.358289
1.223       0.356896
1.226       0.355503
1.229       0.354111
1.232       0.352719
1.235       0.351329
1.238       0.34994
1.241       0.348552
1.244       0.347167
1.247       0.345784
1.25       0.344403
1.253       0.343026
1.256       0.341651
1.259       0.34028
1.262       0.338912
1.265       0.337548
1.268       0.336188
1.271       0.334832
1.274       0.333481
1.277       0.332134
1.28       0.330791
1.283       0.329454
1.286       0.328122
1.289       0.326795
1.292       0.325473
1.295       0.324158
1.298       0.322847
1.301       0.321543
1.304       0.320245
1.307       0.318952
1.31       0.317666
1.313       0.316386
1.316       0.315113
1.319       0.313846
1.322       0.312585
1.325       0.311331
1.328       0.310084
1.331       0.308844
1.334       0.30761
1.337       0.306384
1.34       0.305164
1.343       0.303951
1.346       0.302745
1.349       0.301547
1.352       0.300355
1.355       0.29917
1.358       0.297992
1.361       0.296822
1.364       0.295658
1.367       0.294502
1.37       0.293352
1.373       0.29221
1.376       0.291075
1.379       0.289946
1.382       0.288825
1.385       0.28771
1.388       0.286603
1.391       0.285502
1.394       0.284408
1.397       0.283321
1.4       0.282241
1.403       0.281167
1.406       0.2801
1.409       0.27904
1.412       0.277986
1.415       0.276939
1.418       0.275898
1.421       0.274864
1.424       0.273836
1.427       0.272814
1.43       0.271798
1.433       0.270789
1.436       0.269785
1.439       0.268788
1.442       0.267796
1.445       0.26681
1.448       0.265831
1.451       0.264856
1.454       0.263888
1.457       0.262925
1.46       0.261967
1.463       0.261015
1.466       0.260068
1.469       0.259127
1.472       0.258191
1.475       0.25726
1.478       0.256333
1.481       0.255412
1.484       0.254496
1.487       0.253585
1.49       0.252678
1.493       0.251777
1.496       0.25088
1.499       0.249987
1.502       0.249099
1.505       0.248215
1.508       0.247336
1.511       0.246461
1.514       0.245591
1.517       0.244724
1.52       0.243862
1.523       0.243004
1.526       0.242149
1.529       0.241299
1.532       0.240453
1.535       0.23961
1.538       0.238771
1.541       0.237936
1.544       0.237105
1.547       0.236277
1.55       0.235453
1.553       0.234633
1.556       0.233816
1.559       0.233002
1.562       0.232192
1.565       0.231385
1.568       0.230582
1.571       0.229782
1.574       0.228985
1.577       0.228191
1.58       0.2274
1.583       0.226613
1.586       0.225828
1.589       0.225047
1.592       0.224269
1.595       0.223494
1.598       0.222722
1.601       0.221952
1.604       0.221186
1.607       0.220422
1.61       0.219662
1.613       0.218904
1.616       0.218149
1.619       0.217397
1.622       0.216648
1.625       0.215901
1.628       0.215158
1.631       0.214417
1.634       0.213678
1.637       0.212943
1.64       0.21221
1.643       0.21148
1.646       0.210752
1.649       0.210027
1.652       0.209305
1.655       0.208585
1.658       0.207868
1.661       0.207154
1.664       0.206442
1.667       0.205733
1.67       0.205026
1.673       0.204322
1.676       0.203621
1.679       0.202922
1.682       0.202225
1.685       0.201531
1.688       0.20084
1.691       0.200151
1.694       0.199465
1.697       0.198782
1.7       0.198101
1.703       0.197422
1.706       0.196746
1.709       0.196073
1.712       0.195402
1.715       0.194733
1.718       0.194068
1.721       0.193404
1.724       0.192743
1.727       0.192085
1.73       0.191429
1.733       0.190776
1.736       0.190126
1.739       0.189478
1.742       0.188832
1.745       0.188189
1.748       0.187549
1.751       0.186911
1.754       0.186275
1.757       0.185642
1.76       0.185012
1.763       0.184384
1.766       0.183759
1.769       0.183137
1.772       0.182517
1.775       0.181899
1.778       0.181284
1.781       0.180672
1.784       0.180062
1.787       0.179455
1.79       0.17885
1.793       0.178248
1.796       0.177649
1.799       0.177052
1.802       0.176457
1.805       0.175866
1.808       0.175276
1.811       0.17469
1.814       0.174106
1.817       0.173524
1.82       0.172945
1.823       0.172369
1.826       0.171795
1.829       0.171224
1.832       0.170656
1.835       0.17009
1.838       0.169527
1.841       0.168966
1.844       0.168408
1.847       0.167852
1.85       0.167299
1.853       0.166749
1.856       0.166201
1.859       0.165656
1.862       0.165113
1.865       0.164573
1.868       0.164036
1.871       0.163501
1.874       0.162968
1.877       0.162439
1.88       0.161912
1.883       0.161387
1.886       0.160865
1.889       0.160346
1.892       0.159829
1.895       0.159315
1.898       0.158803
1.901       0.158294
1.904       0.157787
1.907       0.157283
1.91       0.156782
1.913       0.156283
1.916       0.155786
1.919       0.155292
1.922       0.154801
1.925       0.154312
1.928       0.153826
1.931       0.153342
1.934       0.152861
1.937       0.152382
1.94       0.151906
1.943       0.151432
1.946       0.150961
1.949       0.150492
1.952       0.150026
1.955       0.149562
1.958       0.149101
1.961       0.148642
1.964       0.148186
1.967       0.147732
1.97       0.14728
1.973       0.146831
1.976       0.146385
1.979       0.14594
1.982       0.145499
1.985       0.145059
1.988       0.144622
1.991       0.144188
1.994       0.143755
1.997       0.143326
