0.999711
1.00121
1.00357
1.00699
1.01132
1.01642
1.02214
1.02834
1.03488
1.04163
1.04849
1.05535
1.06215
1.0688
1.07525
1.08146
1.08739
1.09302
1.09832
1.10328
1.10788
1.11212
1.11599
1.11949
1.12263
1.12541
1.12782
1.1299
1.13161
1.13299
1.13404
1.13477
1.1352
1.13531
1.13514
1.13469
1.13396
1.13298
1.13175
1.13029
1.1286
1.12669
1.12459
1.12231
1.11985
1.11723
1.11447
1.11157
1.10857
1.10547
1.10228
1.09904
1.09574
1.09243
1.08911
1.0858
1.08253
1.07931
1.07617
1.07312
1.07019
1.06739
1.06476
1.0623
1.06003
1.05797
1.05613
1.05453
1.05317
1.05207
1.05121
1.05062
1.05028
1.05019
1.05035
1.05073
1.05134
1.05215
1.05316
1.05432
1.05565
1.0571
1.05866
1.06032
1.06204
1.06382
1.06563
1.06745
1.06926
1.07107
1.07283
1.07455
1.07621
1.0778
1.07932
1.08074
1.08208
1.08331
1.08444
1.08546
1.08637
1.08717
1.08785
1.08842
1.08888
1.08921
1.08945
1.08957
1.08959
1.08951
1.08934
1.08907
1.0887
1.08826
1.08774
1.08715
1.08648
1.08576
1.08499
1.08418
1.08332
1.08243
1.08152
1.08059
1.07965
1.07871
1.07777
1.07685
1.07593
1.07504
1.07418
1.07336
1.07257
1.07183
1.07114
1.0705
1.06992
1.0694
1.06894
1.06855
1.06822
1.06796
1.06776
1.06762
1.06756
1.06755
1.0676
1.06772
1.06788
1.0681
1.06837
1.06868
1.06903
1.06941
1.06983
1.07027
1.07073
1.07121
1.0717
1.0722
1.07271
1.07321
1.07371
1.0742
1.07467
1.07514
1.07558
1.07601
1.07641
1.07678
1.07713
1.07744
1.07773
1.07798
1.07821
1.0784
1.07856
1.07868
1.07877
1.07883
1.07886
1.07885
1.07881
1.07875
1.07866
1.07855
1.07841
1.07825
1.07808
1.07788
1.07766
1.07743
1.0772
1.07695
1.0767
1.07644
1.07617
1.07604
