1.00022    1.00022
1.00041    1.00044
1.00058    1.00065
1.00074    1.00085
1.00091    1.00104
1.00105    1.00122
1.00118    1.00138
1.0013    1.00152
1.00139    1.00164
1.00148    1.00175
1.00154    1.00183
1.0016    1.0019
1.00164    1.00195
1.00166    1.00198
1.00166    1.002
1.00166    1.002
1.00164    1.00198
1.00161    1.00194
1.00158    1.0019
1.00152    1.00184
1.00147    1.00177
1.00139    1.00169
1.00132    1.00161
1.00124    1.00151
1.00116    1.00141
1.00106    1.0013
1.00096    1.00118
1.00086    1.00106
1.00076    1.00095
1.00066    1.00082
1.00055    1.00069
1.00044    1.00056
1.00032    1.00043
1.00021    1.00029
1.0001    1.00015
0.999987    1.00002
0.999869    0.999883
0.999757    0.999747
0.999643    0.99961
0.999529    0.999477
0.999421    0.999345
0.999309    0.999212
0.999207    0.999088
0.999097    0.998957
0.999003    0.998842
0.998909    0.998728
0.998815    0.998614
0.998726    0.998508
0.998646    0.998411
0.998574    0.998322
0.998508    0.998242
0.998451    0.998171
0.998403    0.998111
0.998363    0.998061
0.998341    0.99803
0.998321    0.998004
0.998318    0.997998
0.998327    0.998005
0.998353    0.998033
0.998393    0.998078
0.998454    0.998148
0.99852    0.998225
0.998612    0.998331
0.998713    0.99845
0.998832    0.998588
0.998963    0.998746
0.99912    0.998927
0.999274    0.999112
0.99944    0.999309
0.999621    0.999522
0.999809    0.999746
0.999995    0.999965
1.00018    1.00018
1.00036    1.0004
1.00053    1.00061
1.00071    1.00082
1.00086    1.00101
1.00102    1.00119
1.00115    1.00135
1.00127    1.0015
1.00137    1.00162
1.00146    1.00173
1.00153    1.00182
1.00159    1.00189
1.00163    1.00194
1.00166    1.00198
1.00167    1.00199
1.00167    1.00199
1.00165    1.00197
1.00162    1.00194
1.00159    1.0019
1.00154    1.00184
1.00149    1.00178
1.00142    1.0017
1.00135    1.00162
1.00127    1.00152
1.00118    1.00142
1.0011    1.00132
1.001    1.0012
1.0009    1.00108
1.0008    1.00096
1.00069    1.00083
1.00058    1.0007
1.00047    1.00057
1.00036    1.00043
1.00025    1.0003
1.00014    1.00017
1.00002    1.00003
0.999911    0.999898
0.999793    0.999756
0.999684    0.999625
0.999565    0.999485
0.999453    0.999352
0.99935    0.999228
0.99924    0.999098
0.999135    0.998972
0.999033    0.99885
0.998936    0.998736
0.998845    0.998625
0.998758    0.99852
0.998675    0.998421
0.9986    0.998332
0.998531    0.998249
0.998474    0.998178
0.998417    0.998113
0.998378    0.998064
0.998348    0.998027
0.998328    0.998003
0.998324    0.997998
0.99833    0.998005
0.998348    0.998026
0.998382    0.998068
0.998438    0.998132
0.998506    0.998213
0.998588    0.998311
0.99869    0.99843
0.998802    0.998566
0.998931    0.998721
0.999079    0.998895
0.999238    0.999085
0.999403    0.999282
0.999578    0.999493
0.999756    0.999704
0.999942    0.999928
1.00013    1.00015
1.00031    1.00037
1.00049    1.00058
1.00066    1.00078
1.00083    1.00099
1.00097    1.00116
1.00111    1.00133
1.00124    1.00148
1.00135    1.00161
1.00144    1.00172
1.00151    1.00181
1.00158    1.00188
1.00162    1.00193
1.00165    1.00197
1.00166    1.00199
1.00167    1.00199
1.00166    1.00198
1.00163    1.00194
1.0016    1.00191
1.00155    1.00185
1.0015    1.00178
1.00144    1.00171
1.00137    1.00162
1.00129    1.00153
1.00121    1.00143
1.00112    1.00132
1.00103    1.00121
1.00093    1.00109
1.00083    1.00097
1.00073    1.00084
1.00062    1.00071
1.00051    1.00058
1.0004    1.00045
1.00028    1.00031
1.00018    1.00018
1.00006    1.00005
0.999945    0.999905
0.999831    0.999769
0.999716    0.999632
0.999608    0.999501
0.999492    0.999364
0.999381    0.999233
0.999279    0.99911
0.999173    0.998984
0.999072    0.998862
0.998972    0.998744
0.998877    0.998631
0.998789    0.998528
0.998707    0.99843
0.998628    0.998337
0.998557    0.998253
0.998494    0.998179
0.998439    0.998116
0.998395    0.998063
0.99836    0.998023
0.998337    0.997998
0.998333    0.997994
0.998335    0.997997
0.99835    0.998018
0.998385    0.998061
0.998425    0.998112
0.998493    0.998194
0.998573    0.998294
0.998666    0.998409
0.99878    0.998544
0.998905    0.998697
0.999046    0.998868
0.999195    0.999048
0.99936    0.999247
0.999533    0.999455
0.999714    0.999674
0.999895    0.999893
1.00009    1.00012
1.00027    1.00034
1.00045    1.00055
1.00062    1.00076
1.00078    1.00096
1.00094    1.00114
1.00108    1.0013
1.00121    1.00146
1.00132    1.00159
1.00141    1.0017
1.00149    1.00179
1.00156    1.00187
1.00161    1.00193
1.00164    1.00197
1.00166    1.00199
1.00166    1.00199
1.00166    1.00198
1.00164    1.00195
1.00161    1.00191
1.00157    1.00186
1.00151    1.00179
1.00146    1.00172
1.00139    1.00163
1.00132    1.00154
1.00124    1.00144
1.00115    1.00133
1.00106    1.00122
1.00096    1.00111
1.00086    1.00098
1.00076    1.00086
1.00066    1.00073
1.00054    1.00059
1.00044    1.00046
1.00032    1.00032
1.00021    1.00019
1.0001    1.00005
0.999985    0.999917
0.999871    0.999782
0.999754    0.999642
0.999641    0.999506
0.999529    0.999372
0.999423    0.999247
0.999316    0.999116
0.999208    0.998989
0.999104    0.998867
0.999009    0.998752
0.99891    0.998635
0.998822    0.998533
0.998732    0.998428
0.998659    0.99834
0.998584    0.998256
0.998517    0.998176
0.998466    0.998116
0.998417    0.998062
0.998385    0.998025
0.998355    0.997995
0.998343    0.997985
0.99834    0.997985
0.998357    0.998009
0.99838    0.998043
0.998422    0.998097
0.998483    0.998176
0.998555    0.998268
0.998648    0.998383
0.998759    0.998519
0.998874    0.998664
0.999012    0.998834
0.999161    0.999016
0.999323    0.999216
0.999491    0.999422
0.999673    0.999641
0.999851    0.999857
1.00003    1.00008
1.00022    1.00031
1.0004    1.00052
1.00058    1.00073
1.00074    1.00093
1.0009    1.00112
1.00104    1.00128
1.00117    1.00144
1.00128    1.00157
1.00138    1.00169
1.00147    1.00179
1.00153    1.00187
1.00159    1.00193
1.00163    1.00197
1.00165    1.00199
1.00166    1.00199
1.00166    1.00199
1.00164    1.00196
1.00161    1.00192
1.00158    1.00187
1.00153    1.0018
1.00147    1.00173
1.00141    1.00165
1.00133    1.00156
1.00125    1.00145
1.00118    1.00135
1.00109    1.00124
1.00099    1.00112
1.00089    1.001
1.00079    1.00087
1.00068    1.00074
1.00058    1.00061
1.00047    1.00048
1.00036    1.00034
1.00025    1.00021
1.00014    1.00007
1.00002    0.999928
0.99991    0.999792
0.999792    0.999652
0.999685    0.99952
0.999575    0.999389
0.999459    0.999252
0.999356    0.999127
0.999243    0.998994
0.999144    0.998875
0.999041    0.998753
0.998946    0.99864
0.998857    0.998534
0.998767    0.998432
0.998689    0.998339
0.998618    0.998256
0.99855    0.998178
0.99849    0.998112
0.998439    0.998055
0.998403    0.998015
0.998377    0.997989
0.998359    0.997975
0.998354    0.997976
0.99836    0.997991
0.998387    0.998029
0.998421    0.998079
0.998477    0.998153
0.998547    0.998244
0.998634    0.998357
0.998732    0.998484
0.998851    0.998633
0.998987    0.998804
0.999129    0.998982
0.999285    0.999178
0.999457    0.999389
0.999627    0.999602
0.999813    0.999829
0.999992    1.00005
1.00017    1.00027
1.00035    1.00049
1.00053    1.0007
1.00069    1.0009
1.00085    1.00109
1.001    1.00126
1.00113    1.00142
1.00125    1.00156
1.00135    1.00168
1.00144    1.00178
1.00151    1.00186
1.00157    1.00193
1.0016    1.00196
1.00164    1.00199
1.00165    1.002
1.00165    1.00199
1.00163    1.00197
1.00161    1.00193
1.00158    1.00189
1.00154    1.00182
1.00148    1.00175
1.00142    1.00167
1.00135    1.00157
1.00128    1.00147
1.00119    1.00136
1.00111    1.00125
1.00102    1.00114
1.00091    1.00101
1.00082    1.00088
1.00071    1.00076
1.00061    1.00062
1.0005    1.00049
1.0004    1.00036
1.00028    1.00022
1.00017    1.00008
1.00006    0.999942
0.999949    0.999803
0.999838    0.999669
0.999725    0.999531
0.999609    0.999392
0.999501    0.99926
0.999393    0.999129
0.99929    0.999006
0.999182    0.998877
0.999084    0.998761
0.998987    0.998646
0.998893    0.998534
0.998807    0.998434
0.998727    0.99834
0.998649    0.99825
0.998583    0.998176
0.998521    0.998108
0.998471    0.998051
0.998424    0.998001
0.998398    0.997977
0.998374    0.997959
0.998369    0.997958
0.998371    0.997971
0.998391    0.998004
0.998428    0.998059
0.998475    0.998129
0.99854    0.998218
0.998622    0.998327
0.99872    0.998456
0.998833    0.998605
0.998957    0.998767
0.999101    0.998951
0.99925    0.999141
0.999416    0.999351
0.999587    0.999567
0.999764    0.999787
0.999949    1.00002
1.00013    1.00024
1.00031    1.00046
1.00048    1.00067
1.00065    1.00088
1.00081    1.00107
1.00095    1.00125
1.00109    1.00141
1.00121    1.00155
1.00132    1.00167
1.00141    1.00178
1.00148    1.00186
1.00154    1.00193
1.00159    1.00197
1.00161    1.002
1.00163    1.00201
1.00164    1.002
1.00163    1.00198
1.00161    1.00195
1.00158    1.0019
1.00154    1.00184
1.00149    1.00176
1.00143    1.00168
1.00136    1.00159
1.00129    1.00149
1.00121    1.00139
1.00112    1.00127
1.00103    1.00115
1.00094    1.00103
1.00085    1.00091
1.00075    1.00078
1.00064    1.00064
1.00053    1.0005
1.00042    1.00037
1.00032    1.00023
1.00021    1.00009
1.00009    0.999952
0.999987    0.999817
0.999874    0.999676
0.999761    0.999536
0.99965    0.999402
0.99954    0.999264
0.999435    0.999137
0.999328    0.999008
0.999224    0.998882
0.999124    0.998762
0.999028    0.998646
0.998937    0.998539
0.998846    0.998433
0.998763    0.998337
0.998687    0.998247
0.998616    0.998165
0.998555    0.9981
0.998499    0.99804
0.998453    0.997993
0.99842    0.99796
0.998397    0.997942
0.998388    0.997943
0.998387    0.997953
0.998404    0.997986
0.998432    0.998031
0.998477    0.998101
0.998544    0.998194
0.998617    0.998298
0.998709    0.998424
0.998816    0.998569
0.998938    0.998732
0.999076    0.998913
0.999225    0.999108
0.999384    0.999315
0.99955    0.99953
0.999723    0.99975
0.999903    0.999979
1.00008    1.00021
1.00026    1.00043
1.00043    1.00064
1.0006    1.00085
1.00076    1.00105
1.00091    1.00123
1.00104    1.00139
1.00117    1.00154
1.00128    1.00167
1.00137    1.00177
1.00145    1.00187
1.00151    1.00193
1.00156    1.00198
1.0016    1.00201
1.00162    1.00203
1.00162    1.00202
1.00162    1.002
1.00161    1.00197
1.00157    1.00191
1.00154    1.00186
1.00149    1.00178
1.00143    1.0017
1.00137    1.00161
1.0013    1.00151
1.00122    1.0014
1.00114    1.00129
1.00105    1.00117
1.00096    1.00105
1.00086    1.00092
1.00077    1.00079
1.00067    1.00066
1.00056    1.00052
1.00046    1.00038
1.00035    1.00025
1.00025    1.00011
1.00013    0.999968
1.00002    0.999823
0.99991    0.999686
0.9998    0.999546
0.999693    0.999411
0.999582    0.999272
0.999472    0.999137
0.99937    0.999011
0.999267    0.998884
0.999164    0.998762
0.999068    0.998643
0.998976    0.998534
0.998885    0.998427
0.998804    0.998332
0.998723    0.998239
0.998654    0.998159
0.998587    0.998085
0.998533    0.998027
0.99849    0.997982
0.998448    0.997942
0.998426    0.997928
0.998413    0.997925
0.998405    0.99793
0.998421    0.997961
0.998447    0.998011
0.99849    0.998077
0.998545    0.998163
0.998615    0.998267
0.998701    0.99839
0.998804    0.998532
0.998919    0.998693
0.999053    0.998877
0.999196    0.999069
0.999347    0.999269
0.999515    0.999493
0.999687    0.999719
0.999858    0.999942
1.00004    1.00017
1.00022    1.0004
1.00039    1.00062
1.00055    1.00083
1.00072    1.00103
1.00086    1.00121
1.001    1.00138
1.00113    1.00153
1.00124    1.00166
1.00133    1.00177
1.00142    1.00186
1.00149    1.00194
1.00154    1.00199
1.00157    1.00202
1.0016    1.00204
1.00161    1.00204
1.0016    1.00202
1.00159    1.00199
1.00157    1.00194
1.00153    1.00188
1.00149    1.00181
1.00144    1.00173
1.00138    1.00163
1.00131    1.00154
1.00123    1.00143
1.00115    1.00131
1.00107    1.0012
1.00098    1.00107
1.00089    1.00094
1.00079    1.00081
1.0007    1.00068
1.00059    1.00054
1.00049    1.0004
1.00038    1.00026
1.00027    1.00012
1.00016    0.999977
1.00006    0.999841
0.99995    0.999697
0.999839    0.999554
0.999731    0.999418
0.999623    0.99928
0.999517    0.999147
0.999414    0.999016
0.99931    0.998886
0.999211    0.998764
0.999114    0.998645
0.99902    0.998531
0.99893    0.998423
0.998845    0.998324
0.998768    0.998232
0.998691    0.998145
0.998625    0.998073
0.998571    0.998014
0.998517    0.99796
0.998482    0.997925
0.998452    0.997901
0.998438    0.997898
0.99843    0.997905
0.998441    0.997934
0.998462    0.997978
0.998501    0.998044
0.998548    0.998124
0.998613    0.998229
0.998697    0.998352
0.998797    0.998498
0.998905    0.998653
0.999032    0.998834
0.99917    0.999025
0.999321    0.999234
0.999485    0.999457
0.99965    0.99968
0.999821    0.999906
0.999996    1.00014
1.00017    1.00036
1.00034    1.00059
1.00051    1.00081
1.00067    1.00101
1.00082    1.0012
1.00096    1.00137
1.00108    1.00152
1.00119    1.00166
1.0013    1.00178
1.00138    1.00187
1.00145    1.00195
1.0015    1.002
1.00155    1.00204
1.00158    1.00206
1.00158    1.00205
1.00159    1.00204
1.00158    1.00201
1.00155    1.00196
1.00152    1.0019
1.00148    1.00183
1.00143    1.00175
1.00138    1.00166
1.00131    1.00156
1.00124    1.00145
1.00117    1.00134
1.00108    1.00122
1.001    1.0011
1.00091    1.00097
1.00082    1.00083
1.00071    1.00069
1.00062    1.00056
1.00051    1.00042
1.00041    1.00028
1.00031    1.00014
1.0002    0.999988
1.00009    0.999845
0.999986    0.999705
0.999876    0.999562
0.99977    0.999423
0.999665    0.999285
0.999556    0.999147
0.999456    0.999016
0.999353    0.998887
0.999251    0.998759
0.999157    0.99864
0.999061    0.998522
0.998976    0.998419
0.998886    0.998313
0.998811    0.99822
0.998738    0.998138
0.99867    0.998061
0.99861    0.997995
0.998559    0.997945
0.99852    0.997906
0.998487    0.99788
0.99847    0.997875
0.998461    0.997881
0.99846    0.997899
0.998481    0.997948
0.998514    0.99801
0.998559    0.99809
0.998619    0.998192
0.998692    0.99831
0.99879    0.998455
0.998897    0.998616
0.999018    0.998794
0.99915    0.998986
0.999295    0.999194
0.99945    0.999411
0.999612    0.999638
0.999786    0.999875
0.999958    1.00011
1.00013    1.00034
1.0003    1.00056
1.00046    1.00078
1.00062    1.00099
1.00077    1.00118
1.00091    1.00136
1.00104    1.00152
1.00116    1.00166
1.00125    1.00178
1.00134    1.00188
1.00141    1.00196
1.00147    1.00202
1.00152    1.00205
1.00154    1.00208
1.00156    1.00208
1.00157    1.00207
1.00156    1.00203
1.00154    1.00199
1.00152    1.00193
1.00148    1.00186
1.00143    1.00178
1.00138    1.00169
1.00132    1.00159
1.00125    1.00148
1.00118    1.00137
1.00109    1.00125
1.00101    1.00112
1.00093    1.00099
1.00084    1.00086
1.00074    1.00072
1.00064    1.00058
1.00054    1.00044
1.00044    1.00029
1.00034    1.00015
1.00023    1.00001
1.00013    0.999863
1.00002    0.999714
0.999915    0.999571
0.999809    0.999429
0.999704    0.999288
0.999599    0.999149
0.999499    0.999018
0.999395    0.998883
0.999296    0.998756
0.999203    0.998635
0.999108    0.998516
0.999019    0.998405
0.998935    0.998302
0.998855    0.998206
0.998782    0.998121
0.998714    0.998045
0.998656    0.99798
0.998601    0.997921
0.998556    0.99788
0.998524    0.997855
0.998499    0.997843
0.998486    0.997845
0.99849    0.997871
0.998502    0.997909
0.998531    0.997972
0.998571    0.998051
0.998628    0.998149
0.998701    0.998271
0.998786    0.99841
0.998887    0.998568
0.999003    0.998748
0.999132    0.998942
0.999273    0.99915
0.999428    0.999374
0.999582    0.999598
0.999747    0.999832
0.999913    1.00007
1.00008    1.0003
1.00025    1.00054
1.00041    1.00076
0.999802    1.0002
