1.00037
1.01727
1.15856
1.10665
0.757101
1.00466
1.02211
1.16274
1.11124
0.761596
1.00885
1.02692
1.16692
1.11587
0.766279
1.01279
1.03171
1.17111
1.12055
0.771123
1.01671
1.03648
1.1753
1.12521
0.775978
1.02064
1.04127
1.17951
1.12988
0.780828
1.02455
1.04604
1.18373
1.13454
0.78571
1.02848
1.05081
1.18796
1.13921
0.790604
1.0324
1.05557
1.19214
1.14377
0.795332
1.03599
1.05989
1.19586
1.1477
0.799346
1.03867
1.06321
1.19861
1.15049
0.802197
1.03998
1.0651
1.20006
1.15188
0.803657
1.03971
1.06541
1.20012
1.15176
0.803664
1.03784
1.06417
1.19882
1.15025
0.80235
1.03458
1.0616
1.19641
1.14762
0.80002
1.03027
1.05809
1.19326
1.14428
0.797095
1.02538
1.05413
1.18984
1.14076
0.794087
1.02053
1.05034
1.18665
1.13759
0.791535
1.0163
1.04726
1.18419
1.13529
0.789912
1.01318
1.04537
1.18282
1.13423
0.789541
1.01151
1.04494
1.18276
1.13455
0.790499
1.01133
1.04597
1.18391
1.13615
0.792662
1.01242
1.04818
1.18603
1.13871
0.795684
1.01435
1.05115
1.18873
1.14177
0.799108
1.01663
1.05434
1.19153
1.14485
0.802455
1.01871
1.05724
1.194
1.14749
0.805312
1.02017
1.05947
1.19582
1.14937
0.807376
1.0207
1.06072
1.19676
1.15028
0.808467
1.02013
1.06089
1.19672
1.15017
0.808563
1.01847
1.05999
1.19579
1.14913
0.807755
1.01587
1.05821
1.19412
1.14733
0.806271
1.01258
1.05582
1.19197
1.1451
0.804425
1.00896
1.05319
1.18968
1.14278
0.802569
1.00541
1.05071
1.18759
1.14076
0.801058
1.00232
1.04876
1.18602
1.13935
0.800205
1.00001
1.04762
1.1852
1.13877
0.800198
0.998661
1.04744
1.18523
1.13909
0.801076
0.998285
1.04822
1.18605
1.14024
0.802738
0.998722
1.04976
1.18751
1.14201
0.80495
0.999716
1.05178
1.18932
1.14409
0.807417
1.00092
1.05394
1.19117
1.14617
0.809828
1.00198
1.05588
1.19282
1.14794
0.811887
1.00262
1.05736
1.194
1.14919
0.813387
1.00264
1.05818
1.19459
1.14979
0.814212
1.00193
1.05826
1.19452
1.14969
0.814341
1.00052
1.05762
1.19383
1.14895
0.813854
0.998516
1.05641
1.19268
1.14773
0.812911
0.996096
1.05479
1.19121
1.14623
0.811722
0.993537
1.05305
1.18968
1.14471
0.810538
0.991099
1.05144
1.18832
1.14341
0.809597
0.989059
1.05021
1.18732
1.14252
0.809081
0.987603
1.04953
1.18684
1.14218
0.809114
0.986836
1.0495
1.1869
1.14244
0.809707
0.986772
1.05007
1.18749
1.14323
0.810784
0.987299
1.05114
1.18848
1.1444
0.812191
0.988236
1.05251
1.1897
1.14576
0.813721
0.989366
1.05395
1.19094
1.1471
0.815158
0.99045
1.05524
1.19203
1.14823
0.816326
0.991294
1.05621
1.1928
1.14898
0.817078
0.991765
1.05672
1.19314
1.14929
0.817346
0.991788
1.05673
1.19307
1.14911
0.817116
0.991393
1.05626
1.19258
1.14852
0.816444
0.990641
1.05539
1.19177
1.1476
0.815467
0.989672
1.05429
1.19078
1.14652
0.814328
0.988658
1.05311
1.18976
1.14543
0.813189
0.987789
1.05204
1.18887
1.1445
0.812216
0.987217
1.05124
1.18824
1.14385
0.811529
0.987068
1.05081
1.18795
1.14359
0.811206
0.987402
1.05081
1.18803
1.14371
0.811239
0.988208
1.05122
1.18845
1.14416
0.811579
0.98941
1.05193
1.18913
1.14487
0.812115
0.990869
1.05285
1.18995
1.1457
0.812728
0.992454
1.05379
1.19077
1.1465
0.813265
0.993989
1.05463
1.19148
1.14713
0.813613
0.995343
1.05524
1.19198
1.14753
0.813685
0.996432
1.05554
1.1922
1.14762
0.81343
0.997205
1.0555
1.19211
1.14738
0.812852
0.997676
1.05515
1.19176
1.14688
0.812002
0.997894
1.05455
1.1912
1.14616
0.810964
0.997937
1.05379
1.19053
1.14535
0.809838
0.99794
1.05299
1.18986
1.14454
0.808751
0.998011
1.05229
1.18927
1.14387
0.8078
0.998248
1.05179
1.18887
1.14339
0.807065
0.998725
1.05153
1.1887
1.14317
0.806587
0.999486
1.05156
1.18878
1.14321
0.806371
1.00051
1.05186
1.18908
1.14349
0.806379
1.00173
1.05236
1.18954
1.14393
0.80654
1.00306
1.05298
1.1901
1.14443
0.80676
1.0044
1.05363
1.19065
1.14493
0.806963
1.00565
1.05419
1.19112
1.14531
0.807059
1.00671
1.05459
1.19143
1.14554
0.806995
1.00752
1.05478
1.19155
1.14557
0.806751
1.00806
1.05474
1.19148
1.14538
0.806321
1.00832
1.0545
1.19123
1.14503
0.805748
1.00835
1.05409
1.19085
1.14455
0.805092
1.00824
1.05359
1.19039
1.14401
0.804415
1.00802
1.05307
1.18994
1.14351
0.803802
1.0078
1.05262
1.18957
1.1431
0.803318
1.00764
1.0523
1.18931
1.14283
0.803013
1.00759
1.05215
1.18921
1.14274
0.802906
1.00767
1.05219
1.18928
1.14284
0.803002
1.00787
1.05241
1.18949
1.14309
0.803266
1.00815
1.05276
1.18981
1.14345
0.803654
1.00847
1.05317
1.19019
1.14387
0.804099
1.00874
1.05359
1.19055
1.14426
0.804548
1.00891
1.05395
1.19085
1.14459
0.804939
1.00892
1.05421
1.19105
1.14481
0.805235
1.00874
1.05432
1.19113
1.1449
0.805425
1.00835
1.05427
1.19106
1.14486
0.805495
1.00778
1.05409
1.19088
1.1447
0.805482
1.00706
1.0538
1.19062
1.14446
0.805419
1.00622
1.05345
1.19031
1.14418
0.805355
1.00533
1.0531
1.19002
1.14394
0.805334
1.00445
1.0528
1.18977
1.14377
0.805391
1.00363
1.05258
1.18961
1.14368
0.805568
1.0029
1.0525
1.18955
1.14372
0.805873
1.00229
1.05254
1.18961
1.14387
0.806292
1.00177
1.05268
1.18976
1.14412
0.80681
1.00134
1.05293
1.18998
1.14444
0.807392
1.00097
1.05321
1.19023
1.14479
0.807984
1.0006
1.05349
1.19047
1.14511
0.808562
1.0002
1.05374
1.19067
1.14539
0.809077
0.99974
1.0539
1.19079
1.14558
0.809501
0.999196
1.05397
1.19084
1.14568
0.809828
0.998561
1.05393
1.19079
1.14568
0.810054
0.997838
1.05381
1.19066
1.1456
0.810194
0.99708
1.05362
1.19048
1.14547
0.810281
0.996301
1.05339
1.19028
1.14531
0.810344
0.995535
1.05317
1.19009
1.14516
0.810411
0.994837
1.05298
1.18992
1.14506
0.810512
0.994233
1.05286
1.18983
1.14501
0.810663
0.993742
1.05281
1.18979
1.14505
0.810875
0.993372
1.05286
1.18984
1.14516
0.811145
0.993125
1.05297
1.18994
1.14532
0.811454
0.992982
1.05313
1.19009
1.14552
0.811769
0.992913
1.05333
1.19026
1.14573
0.812078
0.992892
1.05352
1.19041
1.14592
0.81235
0.992879
1.05368
1.19055
1.14606
0.812552
0.992867
1.05378
1.19062
1.14615
0.812677
0.992841
1.05383
1.19065
1.14617
0.812716
0.992784
1.05379
1.1906
1.14612
0.812671
0.992707
1.05371
1.19051
1.14602
0.812559
0.992632
1.05357
1.19039
1.14588
0.81239
0.992567
1.05341
1.19026
1.14572
0.8122
0.992548
1.05325
1.19013
1.14557
0.812006
0.992586
1.05312
1.19003
1.14545
0.811823
0.992709
1.05304
1.18996
1.14536
0.811663
0.992928
1.05301
1.18994
1.14533
0.811539
0.993235
1.05303
1.18997
1.14535
0.811449
0.993638
1.0531
1.19005
1.14539
0.811375
0.994104
1.05321
1.19015
1.14547
0.811308
0.99462
1.05333
1.19027
1.14554
0.811229
0.995164
1.05345
1.19038
1.1456
0.811121
0.995715
1.05355
1.19046
1.14563
0.810976
0.996259
1.0536
1.1905
1.14562
0.810776
0.996772
1.05362
1.19051
1.14557
0.810524
0.997257
1.05359
1.19049
1.14547
0.810229
0.997717
1.05353
1.19042
1.14534
0.809891
0.998153
1.05343
1.19034
1.14519
0.809532
0.998581
1.05332
1.19024
1.14503
0.809167
0.999012
1.05322
1.19016
1.14488
0.808812
0.999456
1.05313
1.1901
1.14476
0.808486
0.999926
1.05307
1.19005
1.14466
0.808184
1.00043
1.05305
1.19005
1.1446
0.807922
1.00096
1.05307
1.19007
1.14458
0.807704
1.00152
1.05314
1.19013
1.14457
0.807505
1.00209
1.05321
1.1902
1.14459
0.807334
1.00263
1.0533
1.19028
1.14462
0.807176
1.00317
1.05337
1.19034
1.14464
0.807017
1.00367
1.05344
1.19039
1.14464
0.806845
1.0041
1.05348
1.19042
1.14461
0.806664
1.00448
1.05349
1.19043
1.14457
0.806468
1.00481
1.05348
1.19041
1.1445
0.806268
1.00507
1.05344
1.19037
1.14442
0.806058
1.00528
1.05338
1.19031
1.14433
0.805865
1.00544
1.05331
1.19024
1.14423
0.80568
1.00556
1.05324
1.19019
1.14416
0.805532
1.00565
1.05319
1.19014
1.14409
0.805411
1.00573
1.05316
1.19012
1.14406
0.805337
1.00579
1.05315
1.19012
1.14405
0.805306
1.00584
1.05317
1.19014
1.14407
0.805314
1.00586
1.05321
1.19018
1.14412
0.805366
1.00587
1.05326
1.19022
1.14417
0.805434
1.00584
1.05332
1.19028
1.14424
0.805534
1.00578
1.05337
1.19032
1.14429
0.805638
1.00566
1.05342
1.19036
1.14435
0.805753
1.00551
1.05343
1.19037
1.14439
0.805865
1.00528
1.05344
1.19038
1.14441
0.805976
1.00502
1.05342
1.19036
1.14443
0.806079
1.00469
1.05339
1.19032
1.14442
0.806193
1.00434
1.05334
1.19029
1.14442
0.806316
1.00396
1.05329
1.19024
1.14441
0.806443
1.00354
1.05325
1.19021
1.14442
0.806594
1.00313
1.05322
1.19019
1.14444
0.806767
1.00271
1.0532
1.19017
1.14448
0.806953
1.00228
1.0532
1.19017
1.14453
0.807175
1.00188
1.05321
1.19018
1.14459
0.807408
1.00147
1.05323
1.19021
1.14467
0.807655
1.00106
1.05326
1.19023
1.14475
0.80791
1.00066
1.05331
1.19027
1.14484
0.808172
1.00026
1.05334
1.1903
1.14492
0.808422
0.999852
1.05337
1.19032
1.14499
0.808659
0.999438
1.05339
1.19033
1.14505
0.808885
0.999022
1.05339
1.19033
1.14509
0.809094
0.998602
1.05338
1.19032
1.14513
0.809286
0.998186
1.05337
1.1903
1.14515
0.809466
0.997777
1.05334
1.19028
1.14517
0.809631
0.997384
1.05331
1.19025
1.14518
0.809782
0.997
1.05328
1.19022
1.14519
0.809934
0.996656
1.05326
1.19021
1.14522
0.810083
0.996341
1.05326
1.1902
1.14524
0.810231
0.996065
1.05326
1.1902
1.14528
0.810375
0.99582
1.05327
1.19021
1.14532
0.810511
0.995613
1.05329
1.19022
1.14536
0.810643
0.995439
1.05331
1.19024
1.1454
0.810772
0.995307
1.05335
1.19027
1.14545
0.810877
0.995194
1.05337
1.19029
1.14548
0.81096
0.995106
1.05339
1.1903
1.14551
0.811025
0.995042
1.0534
1.19031
1.14552
0.811068
0.994999
1.0534
1.19031
1.14553
0.811085
0.994978
1.05339
1.1903
1.14552
0.81108
0.99498
1.05338
1.19029
1.1455
0.811058
0.995009
1.05336
1.19027
1.14548
0.811017
0.995066
1.05333
1.19025
1.14544
0.810956
0.995143
1.05331
1.19023
1.14542
0.810889
0.995259
1.0533
1.19022
1.14539
0.810813
0.995409
1.05329
1.19022
1.14537
0.810731
0.995592
1.05329
1.19022
1.14535
0.810641
0.995806
1.05329
1.19022
1.14534
0.810547
0.996047
1.0533
1.19023
1.14532
0.810442
0.996314
1.05331
1.19025
1.14531
0.810338
0.996609
1.05334
1.19027
1.1453
0.810216
0.996914
1.05335
1.19028
1.14528
0.810079
0.99723
1.05335
1.19029
1.14525
0.809933
0.997555
1.05335
1.1903
1.14522
0.809775
0.997888
1.05335
1.19029
1.14518
0.809603
0.998225
1.05334
1.19029
1.14513
0.809425
0.998562
1.05333
1.19028
1.14508
0.809238
0.998906
1.05332
1.19027
1.14503
0.809046
0.99925
1.05329
1.19025
1.14497
0.808846
0.999586
1.05328
1.19024
1.14492
0.808656
0.999937
1.05327
1.19023
1.14487
0.80847
1.00028
1.05327
1.19023
1.14483
0.808287
1.00063
1.05326
1.19023
1.14479
0.808115
1.00098
1.05327
1.19023
1.14476
0.807947
1.00131
1.05328
1.19024
1.14472
0.807788
1.00164
1.05329
1.19025
1.14471
0.807642
1.00197
1.05331
1.19027
1.14468
0.807497
1.00227
1.05332
1.19028
1.14466
0.807357
1.00255
1.05332
1.19028
1.14463
0.807223
1.00281
1.05333
1.19028
1.1446
0.807093
1.00304
1.05333
1.19028
1.14457
0.806972
1.00325
1.05332
1.19028
1.14454
0.806859
1.00343
1.05332
1.19027
1.14451
0.806757
1.00359
1.05331
1.19027
1.14448
0.806665
1.00372
1.05329
1.19025
1.14445
0.806579
1.00382
1.05328
1.19024
1.14443
0.806513
1.0039
1.05328
1.19024
1.14442
0.806465
1.00396
1.05327
1.19024
1.14441
0.806431
1.004
1.05328
1.19024
1.1444
0.806415
1.00401
1.05328
1.19024
1.14441
0.806415
1.004
1.05329
1.19025
1.14442
0.806431
1.00396
1.0533
1.19026
1.14444
0.806464
1.00391
1.05331
1.19027
1.14445
0.806504
1.00383
1.05331
1.19027
1.14447
0.806555
1.00371
1.05332
1.19028
1.14448
0.806619
1.00358
1.05332
1.19028
1.1445
0.806691
1.00342
1.05332
1.19028
1.14452
0.806772
1.00324
1.05331
1.19028
1.14454
0.806857
1.00303
1.05331
1.19027
1.14455
0.806953
1.00281
1.0533
1.19027
1.14458
0.807061
1.00257
1.0533
1.19025
1.14458
0.807168
1.00231
1.05329
1.19025
1.14461
0.807287
1.00205
1.05328
1.19024
1.14464
0.807415
1.00177
1.05328
1.19024
1.14467
0.807552
1.0015
1.05328
1.19024
1.1447
0.807699
1.00122
1.05328
1.19025
1.14474
0.807844
1.00093
1.05329
1.19025
1.14478
0.807997
1.00065
1.0533
1.19027
1.14483
0.808155
1.00036
1.05331
1.19027
1.14486
0.80831
1.00007
1.05331
1.19027
1.1449
0.808461
0.999787
1.05331
1.19027
1.14494
0.80861
0.999499
1.05332
1.19027
1.14497
0.808755
0.999219
1.05332
1.19027
1.145
0.808896
0.998945
1.05332
1.19027
1.14503
0.809032
0.99868
1.05332
1.19027
1.14506
0.80916
0.998423
1.05332
1.19026
1.14508
0.809285
0.99818
1.05331
1.19026
1.1451
0.809395
0.997939
1.0533
1.19025
1.14512
0.809507
0.997728
1.0533
1.19025
1.14514
0.809613
0.997533
1.0533
1.19025
1.14517
0.809712
0.997353
1.0533
1.19024
1.14518
0.809802
0.997192
1.05331
1.19025
1.14521
0.809886
0.997053
1.05331
1.19026
1.14523
0.809968
0.996943
1.05333
1.19026
1.14525
0.810031
0.996843
1.05333
1.19027
1.14527
0.810088
0.996763
1.05333
1.19027
1.14528
0.81013
0.9967
1.05334
1.19027
1.14529
0.810163
0.996659
1.05334
1.19027
1.14529
0.810185
0.996639
1.05334
1.19027
1.14529
0.810194
0.996637
1.05334
1.19027
1.14529
0.810194
0.996654
1.05333
1.19027
1.14529
0.810181
0.996691
1.05333
1.19026
1.14528
0.810159
0.996748
1.05333
1.19026
1.14527
0.810127
0.996817
1.05331
1.19025
1.14525
0.810079
0.996909
1.05331
1.19025
1.14524
0.810029
0.997025
1.05331
1.19025
1.14523
0.809972
0.997157
1.05331
1.19025
1.14521
0.809906
0.997303
1.05331
1.19025
1.1452
0.809841
0.997474
1.05332
1.19026
1.14519
0.809762
0.997656
1.05332
1.19026
1.14517
0.809673
0.997846
1.05332
1.19026
1.14515
0.80958
0.998045
1.05332
1.19027
1.14513
0.809481
0.998258
1.05332
1.19027
1.14511
0.809375
0.998473
1.05332
1.19027
1.14508
0.809264
0.9987
1.05332
1.19027
1.14506
0.809152
0.99893
1.05331
1.19027
1.14503
0.809032
0.999164
1.05331
1.19027
1.145
0.808911
0.999402
1.05331
1.19026
1.14497
0.80879
0.99964
1.0533
1.19026
1.14494
0.808666
0.999878
1.0533
1.19026
1.14491
0.808544
1.00011
1.05329
1.19025
1.14487
0.808415
1.00034
1.05329
1.19025
1.14485
0.808298
1.00057
1.05329
1.19026
1.14483
0.808188
1.0008
1.0533
1.19026
1.14481
0.808075
1.00102
1.0533
1.19027
1.14478
0.807967
1.00123
1.0533
1.19026
1.14476
0.807861
1.00143
1.0533
1.19027
1.14474
0.807761
1.00162
1.0533
1.19026
1.14472
0.807667
1.0018
1.05331
1.19027
1.1447
0.807578
1.00196
1.05331
1.19027
1.14468
0.807495
1.00211
1.05331
1.19027
1.14466
0.807421
1.00224
1.0533
1.19026
1.14464
0.807351
1.00236
1.0533
1.19026
1.14463
0.80729
1.00246
1.0533
1.19026
1.14461
0.807237
1.00254
1.0533
1.19027
1.1446
0.807192
1.00261
1.0533
1.19026
1.1446
0.807158
1.00266
1.0533
1.19026
1.14459
0.807131
1.00269
1.0533
1.19026
1.14459
0.807116
1.00271
1.0533
1.19026
1.14458
0.807107
1.00271
1.0533
1.19026
1.14458
0.807111
1.00269
1.0533
1.19027
1.14459
0.807119
1.00265
1.0533
1.19026
1.14459
0.807139
1.0026
1.0533
1.19026
1.1446
0.807168
1.00253
1.05331
1.19027
1.14461
0.807203
1.00245
1.0533
1.19026
1.14462
0.807244
1.00235
1.0533
1.19026
1.14463
0.807295
1.00224
1.05331
1.19027
1.14464
0.807354
1.00211
1.05331
1.19027
1.14466
0.807415
1.00197
1.0533
1.19026
1.14467
0.807486
1.00182
1.0533
1.19026
1.14469
0.80756
1.00166
1.0533
1.19027
1.14471
0.807642
1.0015
1.0533
1.19026
1.14473
0.807726
1.00132
1.0533
1.19026
1.14475
0.807815
1.00113
1.0533
1.19026
1.14477
0.807908
1.00095
1.0533
1.19026
1.14479
0.808003
1.00076
1.0533
1.19027
1.14481
0.808102
1.00056
1.0533
1.19026
1.14483
0.8082
1.00036
1.0533
1.19026
1.14486
0.808301
1.00017
1.0533
1.19026
1.14488
0.808401
0.999976
1.05331
1.19026
1.14491
0.808502
0.999783
1.05331
1.19027
1.14493
0.8086
0.999594
1.05331
1.19027
1.14495
0.808696
0.999408
1.05331
1.19026
1.14497
0.808788
0.999227
1.05331
1.19026
1.14499
0.808878
0.999053
1.05331
1.19026
1.14501
0.808966
0.998888
1.05331
1.19026
1.14503
0.809048
0.998728
1.05331
1.19027
1.14505
0.809129
0.998582
1.05331
1.19027
1.14506
0.809204
0.998446
1.05331
1.19027
1.14508
0.809273
0.998318
1.05331
1.19027
1.1451
0.809337
0.998204
1.05332
1.19027
1.14511
0.809396
0.998101
1.05332
1.19027
1.14512
0.809445
0.998009
1.05331
1.19026
1.14513
0.809491
0.997934
1.05332
1.19026
1.14514
0.809532
0.997871
1.05332
1.19026
1.14515
0.809564
0.997822
1.05332
1.19026
1.14515
0.809589
0.997786
1.05332
1.19026
1.14516
0.809608
0.997765
1.05332
1.19026
1.14516
0.809619
0.997757
1.05332
1.19026
1.14516
0.809622
0.997761
1.05332
1.19026
1.14516
0.809619
0.99778
1.05332
1.19026
1.14516
0.80961
0.997814
1.05332
1.19026
1.14515
0.809591
0.997857
1.05332
1.19026
1.14515
0.809569
0.997918
1.05332
1.19027
1.14514
0.80954
0.997987
1.05332
1.19027
1.14513
0.809505
0.99807
1.05332
1.19027
1.14512
0.809464
0.998162
1.05332
1.19027
1.14511
0.809414
0.998265
1.05331
1.19026
1.1451
0.809363
0.998377
1.05331
1.19026
1.14509
0.809307
0.998502
1.05331
1.19026
1.14507
0.809246
0.998632
1.05331
1.19026
1.14506
0.80918
0.99877
1.05331
1.19026
1.14504
0.809111
0.998911
1.05331
1.19026
1.14503
0.809037
0.999061
1.05331
1.19026
1.14501
0.808962
0.999213
1.05331
1.19026
1.14499
0.808885
0.999371
1.05331
1.19026
1.14497
0.808806
0.999528
1.05331
1.19026
1.14496
0.808725
0.99969
1.0533
1.19026
1.14494
0.808643
0.999847
1.0533
1.19026
