0.994044    0.994044
1.00716    1.00716
0.995736    0.995746
1.00556    1.00557
0.998072    0.998091
1.00443    1.00445
0.99969    0.999717
1.00377    1.0038
1.00075    1.00079
1.00337    1.00341
1.00141    1.00146
1.00308    1.00314
1.00179    1.00186
1.00283    1.0029
1.00196    1.00203
1.00259    1.00267
1.00198    1.00206
1.00234    1.00243
1.00189    1.00198
1.00207    1.00217
1.00172    1.00182
1.00178    1.00189
1.0015    1.00161
1.00148    1.00159
1.00125    1.00136
1.00118    1.0013
1.00097    1.00109
1.00088    1.001
1.0007    1.00082
1.00059    1.00071
1.00042    1.00054
1.00031    1.00042
1.00015    1.00027
1.00004    1.00015
0.999897    1.00001
0.99979    0.999899
0.999664    0.999769
0.999559    0.999663
0.999451    0.999548
0.999354    0.999446
0.999261    0.999349
0.999182    0.999267
0.999099    0.999175
0.999033    0.999104
0.998971    0.999034
0.998923    0.998978
0.998875    0.998924
0.998842    0.998881
0.99881    0.99884
0.998793    0.998815
0.998779    0.998793
0.998778    0.998784
0.998783    0.998779
0.9988    0.998789
0.998821    0.9988
0.998857    0.998827
0.998891    0.998853
0.998942    0.998896
0.99899    0.998937
0.999057    0.998994
0.999123    0.999053
0.99919    0.999113
0.999265    0.999184
0.999344    0.999257
0.999427    0.999336
0.99951    0.999415
0.9996    0.999501
0.999684    0.999585
0.999778    0.999677
0.999862    0.999762
0.999948    0.999849
1.00003    0.999934
1.00011    1.00001
1.00019    1.0001
1.00025    1.00017
1.00033    1.00024
1.00038    1.00031
1.00044    1.00037
1.00049    1.00043
1.00053    1.00047
1.00057    1.00052
1.0006    1.00056
1.00062    1.00059
1.00064    1.00062
1.00065    1.00063
1.00066    1.00065
1.00065    1.00065
1.00065    1.00066
1.00064    1.00065
1.00063    1.00065
1.00061    1.00064
1.00058    1.00062
1.00055    1.0006
1.00052    1.00058
1.00049    1.00055
1.00045    1.00052
1.00041    1.00048
1.00037    1.00044
1.00033    1.00041
1.00028    1.00036
1.00025    1.00033
1.0002    1.00028
1.00016    1.00024
1.00012    1.0002
1.00007    1.00016
1.00003    1.00012
0.999989    1.00008
0.999953    1.00004
0.999915    0.999998
0.999879    0.99996
0.999845    0.999922
0.999812    0.999884
0.99979    0.999858
0.99976    0.999827
0.999739    0.999798
0.999715    0.999773
0.999702    0.999753
0.999684    0.999729
0.999673    0.999712
0.999665    0.999698
0.999653    0.99968
0.999655    0.999675
0.999652    0.999665
0.999654    0.999662
0.999653    0.999655
0.99966    0.999658
0.999671    0.999661
0.999684    0.999668
0.999695    0.999675
0.99971    0.999684
0.999729    0.999698
0.999746    0.99971
0.999768    0.999729
0.999788    0.999745
0.999808    0.999761
0.999835    0.999784
0.999854    0.999801
0.999881    0.999826
0.999905    0.999847
0.999928    0.99987
0.999952    0.999893
0.999972    0.999915
0.999998    0.999941
1.00002    0.999965
1.00004    0.999981
1.00007    1.00001
1.00008    1.00003
1.0001    1.00005
1.00011    1.00007
1.00013    1.00009
1.00014    1.0001
1.00015    1.00012
1.00016    1.00013
1.00017    1.00014
1.00018    1.00015
1.00018    1.00016
1.00018    1.00017
1.00019    1.00018
1.00019    1.00018
1.00018    1.00018
1.00018    1.00018
1.00017    1.00018
1.00017    1.00018
1.00017    1.00018
1.00015    1.00017
1.00015    1.00017
1.00014    1.00016
1.00013    1.00015
1.00012    1.00015
1.00011    1.00014
1.0001    1.00013
1.00008    1.00012
1.00007    1.00011
1.00006    1.0001
1.00004    1.00008
1.00003    1.00007
1.00002    1.00005
1.00001    1.00005
0.999992    1.00003
0.99999    1.00003
0.999984    1.00002
0.999963    1
0.999951    0.999989
0.999948    0.999981
0.999941    0.999975
0.999937    0.999967
0.999926    0.999956
0.999919    0.999945
0.99991    0.999935
0.999906    0.99993
0.999905    0.999925
0.999905    0.999923
0.999903    0.999919
0.999901    0.999911
0.999901    0.999909
0.999899    0.999905
0.999899    0.999903
0.999906    0.999906
0.999909    0.999907
0.999914    0.999909
0.999912    0.999904
0.999918    0.999908
0.999923    0.999911
0.999929    0.999915
0.999934    0.999919
0.999941    0.999923
0.999945    0.999926
0.999957    0.999938
0.999964    0.999942
0.999967    0.999943
0.999984    0.999961
0.999974    0.99995
0.999992    0.999966
0.999995    0.999972
1    0.999981
1.00002    0.999992
1.00001    0.999983
1.00002    0.999999
1.00002    0.999996
1.00004    1.00002
1.00003    1.00001
1.00004    1.00002
1.00004    1.00002
1.00004    1.00003
1.00004    1.00003
1.00005    1.00003
1.00005    1.00003
1.00005    1.00004
1.00005    1.00004
1.00005    1.00004
1.00005    1.00004
1.00006    1.00005
1.00005    1.00004
1.00005    1.00005
1.00004    1.00005
1.00005    1.00005
1.00004    1.00004
1.00005    1.00005
1.00004    1.00004
1.00004    1.00005
1.00003    1.00004
1.00004    1.00005
1.00002    1.00004
1.00002    1.00004
1.00002    1.00003
1.00002    1.00003
1.00001    1.00003
1.00001    1.00002
1.00001    1.00003
1    1.00002
0.999994    1.00001
0.999998    1.00001
0.999994    1.00001
0.999986    1
0.999985    1
0.999982    0.999998
0.999982    0.999996
0.999972    0.999986
0.99998    0.999994
0.999974    0.999986
0.999978    0.99999
0.999966    0.999976
0.999978    0.999988
0.999973    0.999981
0.999972    0.99998
0.999971    0.999977
0.999972    0.999976
0.999968    0.99997
0.99998    0.99998
0.99997    0.999971
0.999976    0.999974
0.99998    0.999978
0.999975    0.999973
0.999976    0.999972
0.999985    0.999981
0.999979    0.999973
0.999982    0.999974
0.999987    0.999979
0.999989    0.999981
0.999986    0.999978
0.999993    0.999983
0.999991    0.999983
0.999995    0.999985
1    0.999993
0.999996    0.999986
1    0.999992
1.00001    0.999995
1.00001    0.999999
1.00001    0.999997
1.00001    0.999998
1.00001    1
1.00001    1
1.00001    0.999998
1.00002    1.00001
1.00001    1
1.00001    1.00001
1.00001    1
1.00002    1.00001
1.00001    1.00001
1.00002    1.00002
1.00001    1.00001
1.00002    1.00001
1.00001    1
1.00002    1.00002
1.00001    1.00001
1.00002    1.00002
1.00001    1.00001
1.00001    1.00001
1.00001    1.00001
1.00001    1.00002
1    1.00001
1.00002    1.00002
1.00001    1.00001
1.00001    1.00001
1    1.00001
1.00001    1.00002
1.00001    1.00001
1.00001    1.00002
1    1.00001
1    1.00001
0.999997    1
0.999995    1
1    1.00001
1    1.00001
1    1.00001
1    1.00001
1    1.00001
1    1.00001
0.999989    0.999999
0.999991    1
0.999994    1
0.999991    0.999999
0.999995    1
0.999989    0.999997
0.999989    0.999995
0.999984    0.99999
0.999989    0.999994
0.99999    0.999993
0.999992    0.999996
0.999987    0.999991
0.999993    0.999995
0.99999    0.999992
0.999995    0.999995
0.999991    0.999991
0.99999    0.99999
0.999991    0.999991
0.999997    0.999995
0.999993    0.999989
0.999997    0.999993
0.999995    0.999991
0.999999    0.999995
1    0.999998
0.999994    0.99999
0.999998    0.999992
0.999999    0.999993
1    0.999997
1    0.999996
1.00001    0.999997
1.00001    0.999999
1.00001    1
1.00001    1
1.00001    1
1.00001    1
1.00001    0.999999
1.00001    1
1    0.999999
1    0.999998
1.00001    1
1.00001    1
1.00001    0.999999
1    0.999998
1.00001    1
1.00001    1
1.00001    1
1    1
1    0.999999
0.999998    0.999996
1.00001    1.00001
1    1
1    1
1    1
1.00001    1.00001
1    1
1    1
1.00001    1.00001
1.00001    1.00001
1    1.00001
1    1.00001
1    1.00001
1    1.00001
1    1.00001
1    1.00001
0.999998    1
0.999997    1
0.999998    1
0.999997    1
0.999995    1
0.999995    1
0.999995    1
0.999997    1
0.999996    1
0.999998    1
0.999997    1
0.999998    1
1    1.00001
1    1
1    1.00001
0.999991    0.999995
0.999992    0.999996
0.999993    0.999997
0.999996    0.999998
0.999997    1
0.999997    1
0.999997    1
0.999996    0.999998
0.999997    0.999999
0.999993    0.999995
0.999995    0.999995
0.999997    0.999997
0.999998    0.999998
0.999999    0.999997
0.999994    0.999992
0.999996    0.999994
0.999997    0.999993
0.999998    0.999994
0.999997    0.999995
0.999999    0.999995
1    0.999995
1    0.999996
1    0.999997
1    0.999996
1    0.999996
1    0.999996
1    0.999996
1    0.999996
1    0.999997
1    0.999996
1    0.999996
1    0.999995
1    0.999996
0.999999    0.999995
1    0.999994
0.999999    0.999995
1    0.999994
0.999999    0.999995
0.999999    0.999993
0.999998    0.999994
1    0.999999
1    1
1    0.999999
1    1
1    0.999998
1    0.999999
0.999999    0.999997
0.999998    0.999998
1    1
1    1
1    1
1    1
1    1
1    1
1    1
1    1
0.999998    1
1.00001    1.00001
1.00001    1.00001
1.00001    1.00001
1    1.00001
1    1.00001
1    1.00001
1    1.00001
1    1.00001
1.00001    1.00001
0.999994    0.999998
0.999993    0.999996
0.999993    0.999996
0.999993    0.999998
0.999994    0.999998
0.999994    0.999998
0.999993    0.999997
0.999993    0.999999
0.999994    0.999998
0.999995    0.999999
0.999994    0.999998
0.999996    0.999998
0.999996    1
0.999993    0.999995
0.999992    0.999994
0.999992    0.999994
0.999994    0.999994
0.999994    0.999994
0.999994    0.999994
0.999995    0.999993
0.999995    0.999995
0.999994    0.999994
0.999994    0.999994
0.999996    0.999994
0.999995    0.999993
0.999995    0.999993
0.999995    0.999993
0.999995    0.999993
0.999997    0.999993
0.999997    0.999991
0.999998    0.999992
0.999998    0.999992
0.999998    0.999992
0.999998    0.999992
0.999997    0.999991
0.999997    0.999991
0.999997    0.999991
0.999997    0.999991
0.999995    0.999989
0.999995    0.999989
0.999996    0.999991
0.999996    0.999991
0.999996    0.999991
0.999996    0.99999
0.999998    0.999992
0.999995    0.999991
0.999995    0.999991
0.999995    0.999991
0.999996    0.99999
0.999996    0.99999
0.999994    0.99999
0.999994    0.99999
0.999994    0.99999
0.999994    0.99999
0.999994    0.99999
0.999992    0.99999
0.999993    0.999991
0.999993    0.999991
0.999993    0.999991
0.999993    0.999991
0.999993    0.999991
0.999993    0.999991
0.999998    0.999996
0.999998    0.999996
0.999996    0.999996
0.999996    0.999996
0.999996    0.999996
0.999996    0.999998
0.999996    0.999998
0.999996    0.999998
0.999996    0.999998
0.999996    0.999998
0.999996    0.999998
0.999996    0.999998
0.999995    0.999997
0.999993    0.999993
0.999993    0.999993
0.999993    0.999993
0.999993    0.999993
0.999993    0.999993
0.999993    0.999993
0.999993    0.999993
0.999992    0.999992
0.999992    0.999992
0.999992    0.999992
0.999992    0.999994
0.999994    0.999994
0.999994    0.999994
0.999994    0.999994
0.999995    0.999995
0.999994    0.999994
0.999994    0.999994
0.999994    0.999994
0.999994    0.999994
0.999994    0.999992
0.999994    0.999992
0.999994    0.999992
0.999994    0.999992
0.999996    0.999992
0.999996    0.999992
0.999996    0.999992
0.999996    0.999992
0.999996    0.999992
0.999996    0.999992
0.999995    0.999991
0.999996    0.999992
0.999996    0.999992
0.999996    0.999992
0.999996    0.999992
0.999996    0.999992
0.999996    0.999992
0.999996    0.999992
0.999996    0.999992
0.999994    0.999992
0.999994    0.999992
0.999994    0.999992
0.999994    0.999992
0.999994    0.999992
0.999994    0.999992
0.999994    0.999992
0.999994    0.999992
0.999994    0.999992
0.999994    0.999992
0.999994    0.999992
0.999994    0.999992
0.999994    0.999992
0.999994    0.999992
0.999994    0.999992
0.999994    0.999992
0.999994    0.999992
0.999994    0.999992
0.999994    0.999992
0.999994    0.999992
0.999994    0.999992
0.999994    0.999992
0.999992    0.999992
0.999992    0.999992
0.999992    0.999992
0.999992    0.999992
0.999992    0.999992
0.999992    0.999992
0.999992    0.999992
0.999992    0.999992
0.999992    0.999992
0.999992    0.999992
0.999992    0.999992
0.999992    0.999992
0.999992    0.999992
0.999994    0.999992
0.999994    0.999992
0.999994    0.999992
0.999994    0.999992
0.999994    0.999992
0.999994    0.999992
0.999994    0.999992
0.999994    0.999992
0.999994    0.999992
0.999994    0.999992
0.999994    0.999992
0.999994    0.999992
0.999994    0.999992
0.999994    0.999992
0.999994    0.999992
0.999994    0.999992
0.999995    0.999993
0.999994    0.999992
0.999994    0.999992
0.999994    0.999992
0.999994    0.999992
0.999994    0.999992
0.999994    0.999992
0.999994    0.999992
0.999994    0.999992
0.999994    0.999992
0.999994    0.999992
0.999994    0.999992
0.999994    0.999992
0.999994    0.999992
0.999994    0.999992
0.999994    0.999992
0.999994    0.999992
0.999994    0.999992
0.999994    0.999992
0.999994    0.999992
0.999994    0.999992
0.999994    0.999992
0.999994    0.999992
0.999994    0.999992
0.999994    0.999992
0.999994    0.999992
0.999995    0.999993
0.999994    0.999992
0.999994    0.999992
0.999994    0.999992
0.999994    0.999992
0.999994    0.999992
0.999994    0.999992
0.999994    0.999992
0.999994    0.999992
0.999994    0.999992
0.999994    0.999992
0.999994    0.999992
0.999994    0.999992
0.999994    0.999992
0.999994    0.999992
0.999994    0.999992
0.999994    0.999992
0.999994    0.999992
0.999994    0.999992
0.999994    0.999992
0.999994    0.999992
0.999994    0.999992
0.999994    0.999992
0.999994    0.999992
0.999994    0.999992
0.999994    0.999992
0.999994    0.999992
0.999994    0.999992
0.999994    0.999992
0.999994    0.999992
0.999994    0.999992
0.999994    0.999992
0.999994    0.999992
0.999994    0.999992
0.999994    0.999992
0.999994    0.999992
0.999994    0.999992
0.999994    0.999992
0.999994    0.999992
0.999994    0.999992
0.999994    0.999992
0.999994    0.999992
0.999994    0.999992
0.999994    0.999992
0.999994    0.999992
0.999994    0.999992
0.999994    0.999992
0.999994    0.999992
0.999994    0.999992
0.999994    0.999992
0.999994    0.999992
0.999994    0.999992
0.999994    0.999992
0.999994    0.999992
0.999994    0.999992
0.999994    0.999992
0.999994    0.999992
0.999994    0.999992
0.999994    0.999992
0.999994    0.999992
0.999994    0.999992
0.999994    0.999992
0.999994    0.999992
0.999994    0.999992
0.999994    0.999992
0.999994    0.999992
0.999994    0.999992
0.999994    0.999992
0.999994    0.999992
0.999994    0.999992
0.999994    0.999992
0.999994    0.999992
0.999994    0.999992
0.999994    0.999992
0.999994    0.999992
0.999994    0.999992
0.999994    0.999992
0.999994    0.999992
0.999994    0.999992
0.999994    0.999992
0.999994    0.999992
0.999994    0.999992
0.999994    0.999992
0.999994    0.999992
0.999994    0.999992
0.999994    0.999992
0.999994    0.999992
0.999994    0.999992
0.999994    0.999992
0.999994    0.999992
0.999994    0.999992
0.999994    0.999992
0.999994    0.999992
0.999994    0.999992
0.999994    0.999992
0.999994    0.999992
0.999994    0.999992
0.999994    0.999992
0.999994    0.999992
0.999994    0.999992
0.999994    0.999992
0.999994    0.999992
0.999994    0.999992
0.999994    0.999992
0.999994    0.999992
0.999994    0.999992
0.999994    0.999992
0.999994    0.999992
0.999994    0.999992
0.999994    0.999992
0.999994    0.999992
0.999994    0.999992
0.999994    0.999992
0.999994    0.999992
0.999994    0.999992
0.999994    0.999992
0.999994    0.999992
0.999994    0.999992
0.999994    0.999992
0.999994    0.999992
0.999994    0.999992
0.999994    0.999992
0.999994    0.999992
0.999994    0.999992
0.999994    0.999992
0.999994    0.999992
0.999994    0.999992
0.999994    0.999992
0.999994    0.999992
0.999994    0.999992
0.999994    0.999992
0.999994    0.999992
0.999994    0.999992
0.999994    0.999992
0.999994    0.999992
