-0.084465    -0.147747    -0.122007    -0.0238627    -0.084465    -0.147747    -0.122007    -0.0238627    
-0.0843951    -0.147578    -0.122023    -0.0238895    -0.0843951    -0.147578    -0.122023    -0.0238895    
-0.0842584    -0.147246    -0.122053    -0.0239429    -0.0842584    -0.147246    -0.122053    -0.0239429    
0.084061    0.146764    0.122097    0.0240207    0.084061    0.146764    0.122097    0.0240207    
-0.0838092    -0.146145    -0.122152    -0.024121    -0.0838092    -0.146145    -0.122152    -0.024121    
-0.0835103    -0.145405    -0.122216    -0.0242417    -0.0835103    -0.145405    -0.122216    -0.0242417    
0.083172    0.14456    0.122287    0.0243805    0.083172    0.14456    0.122287    0.0243805    
0.0828023    0.143627    0.122363    0.024535    0.0828023    0.143627    0.122363    0.024535    
0.0824088    0.142623    0.122441    0.0247029    0.0824088    0.142623    0.122441    0.0247029    
0.0819992    0.141565    0.12252    0.0248819    0.0819992    0.141565    0.12252    0.0248819    
0.0815804    0.14047    0.122598    0.0250694    0.0815804    0.14047    0.122598    0.0250694    
0.0811585    0.139354    0.122671    0.0252634    0.0811585    0.139354    0.122671    0.0252634    
-0.0807393    -0.138231    -0.122741    -0.0254615    -0.0807393    -0.138231    -0.122741    -0.0254615    
-0.0803275    -0.137114    -0.122804    -0.0256618    -0.0803275    -0.137114    -0.122804    -0.0256618    
-0.0799271    -0.136014    -0.12286    -0.0258623    -0.0799271    -0.136014    -0.12286    -0.0258623    
0.0795413    0.134942    0.122909    0.0260613    0.0795413    0.134942    0.122909    0.0260613    
0.0791728    0.133907    0.12295    0.026257    0.0791728    0.133907    0.12295    0.026257    
0.0788234    0.132915    0.122984    0.0264481    0.0788234    0.132915    0.122984    0.0264481    
-0.0784946    -0.131972    -0.12301    -0.0266331    -0.0784946    -0.131972    -0.12301    -0.0266331    
0.0781873    0.131083    0.12303    0.0268108    0.0781873    0.131083    0.12303    0.0268108    
0.077902    0.130251    0.123043    0.0269801    0.077902    0.130251    0.123043    0.0269801    
0.077639    0.129478    0.123051    0.0271402    0.077639    0.129478    0.123051    0.0271402    
0.0773983    0.128766    0.123054    0.0272901    0.0773983    0.128766    0.123054    0.0272901    
-0.0771797    -0.128116    -0.123053    -0.0274292    -0.0771797    -0.128116    -0.123053    -0.0274292    
0.0769829    0.127528    0.123049    0.027557    0.0769829    0.127528    0.123049    0.027557    
0.0768074    0.127001    0.123043    0.0276731    0.0768074    0.127001    0.123043    0.0276731    
0.0766528    0.126536    0.123036    0.0277769    0.0766528    0.126536    0.123036    0.0277769    
-0.0765186    -0.12613    -0.123028    -0.0278684    -0.0765186    -0.12613    -0.123028    -0.0278684    
0.0764042    0.125783    0.12302    0.0279474    0.0764042    0.125783    0.12302    0.0279474    
-0.0763089    -0.125494    -0.123012    -0.0280139    -0.0763089    -0.125494    -0.123012    -0.0280139    
-0.0762323    -0.125262    -0.123006    -0.0280678    -0.0762323    -0.125262    -0.123006    -0.0280678    
-0.0761737    -0.125083    -0.123    -0.0281093    -0.0761737    -0.125083    -0.123    -0.0281093    
0.0761326    0.124958    0.122996    0.0281386    0.0761326    0.124958    0.122996    0.0281386    
0.0761084    0.124884    0.122993    0.0281559    0.0761084    0.124884    0.122993    0.0281559    
-0.0761006    -0.12486    -0.122992    -0.0281615    -0.0761006    -0.12486    -0.122992    -0.0281615    
0.0761085    0.124885    0.122993    0.0281558    0.0761085    0.124885    0.122993    0.0281558    
-0.0761317    -0.124955    -0.122996    -0.0281393    -0.0761317    -0.124955    -0.122996    -0.0281393    
0.0761695    0.12507    0.122999    0.0281124    0.0761695    0.12507    0.122999    0.0281124    
-0.0762215    -0.125229    -0.123004    -0.0280756    -0.0762215    -0.125229    -0.123004    -0.0280756    
0.076287    0.125428    0.12301    0.0280294    0.076287    0.125428    0.12301    0.0280294    
0.0763655    0.125666    0.123016    0.0279745    0.0763655    0.125666    0.123016    0.0279745    
-0.0764563    -0.125942    -0.123023    -0.0279115    -0.0764563    -0.125942    -0.123023    -0.0279115    
-0.076559    -0.126252    -0.12303    -0.027841    -0.076559    -0.126252    -0.12303    -0.027841    
0.0766727    0.126595    0.123036    0.0277637    0.0766727    0.126595    0.123036    0.0277637    
0.0767968    0.126969    0.123042    0.0276804    0.0767968    0.126969    0.123042    0.0276804    
0.0769307    0.127371    0.123047    0.0275916    0.0769307    0.127371    0.123047    0.0275916    
-0.0770734    -0.127799    -0.123051    -0.0274982    -0.0770734    -0.127799    -0.123051    -0.0274982    
0.0772242    0.128249    0.123053    0.0274009    0.0772242    0.128249    0.123053    0.0274009    
-0.0773822    -0.128719    -0.123053    -0.0273005    -0.0773822    -0.128719    -0.123053    -0.0273005    
-0.0775465    -0.129205    -0.123051    -0.0271976    -0.0775465    -0.129205    -0.123051    -0.0271976    
0.077716    0.129705    0.123048    0.0270932    0.077716    0.129705    0.123048    0.0270932    
0.0778897    0.130215    0.123042    0.0269878    0.0778897    0.130215    0.123042    0.0269878    
0.0780663    0.130731    0.123035    0.0268823    0.0780663    0.130731    0.123035    0.0268823    
-0.0782448    -0.13125    -0.123025    -0.0267774    -0.0782448    -0.13125    -0.123025    -0.0267774    
0.0784238    0.131768    0.123014    0.0266738    0.0784238    0.131768    0.123014    0.0266738    
0.0786021    0.132281    0.123001    0.0265722    0.0786021    0.132281    0.123001    0.0265722    
0.0787784    0.132786    0.122987    0.0264734    0.0787784    0.132786    0.122987    0.0264734    
0.0789512    0.133279    0.122971    0.0263778    0.0789512    0.133279    0.122971    0.0263778    
-0.0791192    -0.133755    -0.122955    -0.0262862    -0.0791192    -0.133755    -0.122955    -0.0262862    
-0.0792811    -0.134212    -0.122938    -0.0261991    -0.0792811    -0.134212    -0.122938    -0.0261991    
0.0794355    0.134646    0.122921    0.0261171    0.0794355    0.134646    0.122921    0.0261171    
-0.0795813    -0.135054    -0.122904    -0.0260406    -0.0795813    -0.135054    -0.122904    -0.0260406    
-0.0797171    -0.135432    -0.122887    -0.02597    -0.0797171    -0.135432    -0.122887    -0.02597    
0.079842    0.135779    0.122871    0.0259059    0.079842    0.135779    0.122871    0.0259059    
-0.0799549    -0.136091    -0.122856    -0.0258483    -0.0799549    -0.136091    -0.122856    -0.0258483    
-0.080055    -0.136367    -0.122842    -0.0257977    -0.080055    -0.136367    -0.122842    -0.0257977    
-0.0801416    -0.136605    -0.12283    -0.0257543    -0.0801416    -0.136605    -0.12283    -0.0257543    
0.0802141    0.136804    0.12282    0.0257181    0.0802141    0.136804    0.12282    0.0257181    
0.0802723    0.136963    0.122811    0.0256892    0.0802723    0.136963    0.122811    0.0256892    
0.0803158    0.137082    0.122805    0.0256677    0.0803158    0.137082    0.122805    0.0256677    
-0.0803447    -0.137161    -0.122801    -0.0256534    -0.0803447    -0.137161    -0.122801    -0.0256534    
-0.0803591    -0.1372    -0.122799    -0.0256463    -0.0803591    -0.1372    -0.122799    -0.0256463    
0.0803594    0.137201    0.122799    0.0256461    0.0803594    0.137201    0.122799    0.0256461    
-0.0803461    -0.137164    -0.122801    -0.0256527    -0.0803461    -0.137164    -0.122801    -0.0256527    
0.0803197    0.137092    0.122805    0.0256657    0.0803197    0.137092    0.122805    0.0256657    
-0.080281    -0.136987    -0.12281    -0.0256848    -0.080281    -0.136987    -0.12281    -0.0256848    
-0.080231    -0.13685    -0.122818    -0.0257097    -0.080231    -0.13685    -0.122818    -0.0257097    
0.0801705    0.136684    0.122826    0.0257398    0.0801705    0.136684    0.122826    0.0257398    
0.0801006    0.136492    0.122836    0.0257748    0.0801006    0.136492    0.122836    0.0257748    
0.0800225    0.136277    0.122847    0.0258141    0.0800225    0.136277    0.122847    0.0258141    
-0.0799372    -0.136042    -0.122858    -0.0258573    -0.0799372    -0.136042    -0.122858    -0.0258573    
0.0798458    0.135789    0.12287    0.0259038    0.0798458    0.135789    0.12287    0.0259038    
0.0797495    0.135522    0.122883    0.0259532    0.0797495    0.135522    0.122883    0.0259532    
-0.0796495    -0.135244    -0.122895    -0.026005    -0.0796495    -0.135244    -0.122895    -0.026005    
0.0795468    0.134958    0.122908    0.0260585    0.0795468    0.134958    0.122908    0.0260585    
0.0794425    0.134666    0.12292    0.0261133    0.0794425    0.134666    0.12292    0.0261133    
0.0793375    0.134371    0.122932    0.0261689    0.0793375    0.134371    0.122932    0.0261689    
0.0792329    0.134076    0.122943    0.0262248    0.0792329    0.134076    0.122943    0.0262248    
0.0791294    0.133784    0.122954    0.0262806    0.0791294    0.133784    0.122954    0.0262806    
-0.0790278    -0.133496    -0.122964    -0.0263358    -0.0790278    -0.133496    -0.122964    -0.0263358    
0.078929    0.133216    0.122974    0.0263899    0.078929    0.133216    0.122974    0.0263899    
-0.0788335    -0.132944    -0.122983    -0.0264426    -0.0788335    -0.132944    -0.122983    -0.0264426    
0.0787419    0.132682    0.12299    0.0264936    0.0787419    0.132682    0.12299    0.0264936    
-0.0786548    -0.132432    -0.122998    -0.0265424    -0.0786548    -0.132432    -0.122998    -0.0265424    
0.0785725    0.132196    0.123004    0.0265889    0.0785725    0.132196    0.123004    0.0265889    
0.0784955    0.131975    0.12301    0.0266327    0.0784955    0.131975    0.12301    0.0266327    
-0.0784241    -0.131769    -0.123015    -0.0266735    -0.0784241    -0.131769    -0.123015    -0.0266735    
0.0783586    0.131579    0.123019    0.0267113    0.0783586    0.131579    0.123019    0.0267113    
0.078299    0.131407    0.123023    0.0267457    0.078299    0.131407    0.123023    0.0267457    
0.0782457    0.131253    0.123026    0.0267768    0.0782457    0.131253    0.123026    0.0267768    
-0.0781986    -0.131116    -0.123028    -0.0268042    -0.0781986    -0.131116    -0.123028    -0.0268042    
-0.0781579    -0.130998    -0.123031    -0.0268281    -0.0781579    -0.130998    -0.123031    -0.0268281    
-0.0781236    -0.130898    -0.123032    -0.0268484    -0.0781236    -0.130898    -0.123032    -0.0268484    
-0.0780955    -0.130816    -0.123034    -0.0268649    -0.0780955    -0.130816    -0.123034    -0.0268649    
0.0780738    0.130753    0.123035    0.0268778    0.0780738    0.130753    0.123035    0.0268778    
0.0780582    0.130707    0.123036    0.026887    0.0780582    0.130707    0.123036    0.026887    
0.0780487    0.13068    0.123036    0.0268927    0.0780487    0.13068    0.123036    0.0268927    
-0.078045    -0.130669    -0.123036    -0.0268948    -0.078045    -0.130669    -0.123036    -0.0268948    
0.0780471    0.130675    0.123036    0.0268936    0.0780471    0.130675    0.123036    0.0268936    
-0.0780547    -0.130697    -0.123036    -0.0268891    -0.0780547    -0.130697    -0.123036    -0.0268891    
0.0780675    0.130734    0.123035    0.0268815    0.0780675    0.130734    0.123035    0.0268815    
-0.0780854    -0.130787    -0.123034    -0.0268709    -0.0780854    -0.130787    -0.123034    -0.0268709    
0.078108    0.130852    0.123033    0.0268576    0.078108    0.130852    0.123033    0.0268576    
-0.078135    -0.130931    -0.123032    -0.0268416    -0.078135    -0.130931    -0.123032    -0.0268416    
0.0781662    0.131022    0.12303    0.0268233    0.0781662    0.131022    0.12303    0.0268233    
0.0782012    0.131123    0.123028    0.0268028    0.0782012    0.131123    0.123028    0.0268028    
0.0782396    0.131235    0.123026    0.0267804    0.0782396    0.131235    0.123026    0.0267804    
0.0782811    0.131355    0.123024    0.0267562    0.0782811    0.131355    0.123024    0.0267562    
0.0783253    0.131483    0.123021    0.0267306    0.0783253    0.131483    0.123021    0.0267306    
0.0783719    0.131618    0.123018    0.0267037    0.0783719    0.131618    0.123018    0.0267037    
0.0784204    0.131758    0.123015    0.0266757    0.0784204    0.131758    0.123015    0.0266757    
0.0784704    0.131902    0.123011    0.0266471    0.0784704    0.131902    0.123011    0.0266471    
-0.0785216    -0.13205    -0.123008    -0.0266178    -0.0785216    -0.13205    -0.123008    -0.0266178    
0.0785736    0.132199    0.123004    0.0265883    0.0785736    0.132199    0.123004    0.0265883    
-0.0786259    -0.13235    -0.123    -0.0265588    -0.0786259    -0.13235    -0.123    -0.0265588    
0.0786782    0.1325    0.122995    0.0265293    0.0786782    0.1325    0.122995    0.0265293    
-0.07873    -0.132648    -0.122991    -0.0265003    -0.07873    -0.132648    -0.122991    -0.0265003    
0.0787811    0.132794    0.122987    0.0264718    0.0787811    0.132794    0.122987    0.0264718    
-0.0788309    -0.132936    -0.122983    -0.0264441    -0.0788309    -0.132936    -0.122983    -0.0264441    
0.0788792    0.133074    0.122978    0.0264174    0.0788792    0.133074    0.122978    0.0264174    
0.0789257    0.133206    0.122974    0.0263918    0.0789257    0.133206    0.122974    0.0263918    
-0.0789699    -0.133332    -0.12297    -0.0263675    -0.0789699    -0.133332    -0.12297    -0.0263675    
0.0790117    0.133451    0.122966    0.0263446    0.0790117    0.133451    0.122966    0.0263446    
0.0790508    0.133562    0.122962    0.0263233    0.0790508    0.133562    0.122962    0.0263233    
-0.0790869    -0.133664    -0.122958    -0.0263037    -0.0790869    -0.133664    -0.122958    -0.0263037    
0.0791198    0.133757    0.122955    0.0262858    0.0791198    0.133757    0.122955    0.0262858    
0.0791494    0.133841    0.122952    0.0262698    0.0791494    0.133841    0.122952    0.0262698    
-0.0791755    -0.133914    -0.122949    -0.0262557    -0.0791755    -0.133914    -0.122949    -0.0262557    
-0.079198    -0.133978    -0.122947    -0.0262436    -0.079198    -0.133978    -0.122947    -0.0262436    
-0.0792168    -0.134031    -0.122945    -0.0262335    -0.0792168    -0.134031    -0.122945    -0.0262335    
-0.0792319    -0.134074    -0.122943    -0.0262254    -0.0792319    -0.134074    -0.122943    -0.0262254    
-0.0792433    -0.134106    -0.122942    -0.0262193    -0.0792433    -0.134106    -0.122942    -0.0262193    
0.0792511    0.134128    0.122941    0.0262151    0.0792511    0.134128    0.122941    0.0262151    
0.0792551    0.134139    0.122941    0.0262129    0.0792551    0.134139    0.122941    0.0262129    
-0.0792557    -0.134141    -0.122941    -0.0262126    -0.0792557    -0.134141    -0.122941    -0.0262126    
-0.0792528    -0.134133    -0.122941    -0.0262142    -0.0792528    -0.134133    -0.122941    -0.0262142    
0.0792467    0.134115    0.122942    0.0262175    0.0792467    0.134115    0.122942    0.0262175    
0.0792374    0.134089    0.122943    0.0262224    0.0792374    0.134089    0.122943    0.0262224    
-0.0792252    -0.134055    -0.122944    -0.026229    -0.0792252    -0.134055    -0.122944    -0.026229    
0.0792103    0.134013    0.122946    0.026237    0.0792103    0.134013    0.122946    0.026237    
-0.0791929    -0.133964    -0.122948    -0.0262463    -0.0791929    -0.133964    -0.122948    -0.0262463    
0.0791733    0.133908    0.12295    0.0262569    0.0791733    0.133908    0.12295    0.0262569    
-0.0791516    -0.133847    -0.122952    -0.0262686    -0.0791516    -0.133847    -0.122952    -0.0262686    
-0.0791282    -0.133781    -0.122954    -0.0262813    -0.0791282    -0.133781    -0.122954    -0.0262813    
0.0791033    0.13371    0.122957    0.0262948    0.0791033    0.13371    0.122957    0.0262948    
0.0790771    0.133636    0.122959    0.026309    0.0790771    0.133636    0.122959    0.026309    
-0.07905    -0.133559    -0.122962    -0.0263237    -0.07905    -0.133559    -0.122962    -0.0263237    
-0.0790221    -0.13348    -0.122965    -0.0263389    -0.0790221    -0.13348    -0.122965    -0.0263389    
-0.0789938    -0.1334    -0.122968    -0.0263544    -0.0789938    -0.1334    -0.122968    -0.0263544    
0.0789652    0.133319    0.12297    0.02637    0.0789652    0.133319    0.12297    0.02637    
0.0789367    0.133238    0.122973    0.0263857    0.0789367    0.133238    0.122973    0.0263857    
0.0789084    0.133157    0.122976    0.0264013    0.0789084    0.133157    0.122976    0.0264013    
0.0788805    0.133078    0.122978    0.0264166    0.0788805    0.133078    0.122978    0.0264166    
0.0788533    0.133    0.122981    0.0264317    0.0788533    0.133    0.122981    0.0264317    
-0.0788269    -0.132925    -0.122983    -0.0264463    -0.0788269    -0.132925    -0.122983    -0.0264463    
0.0788015    0.132852    0.122985    0.0264604    0.0788015    0.132852    0.122985    0.0264604    
-0.0787772    -0.132783    -0.122987    -0.0264739    -0.0787772    -0.132783    -0.122987    -0.0264739    
-0.0787543    -0.132717    -0.122989    -0.0264867    -0.0787543    -0.132717    -0.122989    -0.0264867    
0.0787328    0.132656    0.122991    0.0264987    0.0787328    0.132656    0.122991    0.0264987    
-0.0787128    -0.132599    -0.122993    -0.0265099    -0.0787128    -0.132599    -0.122993    -0.0265099    
-0.0786945    -0.132546    -0.122994    -0.0265202    -0.0786945    -0.132546    -0.122994    -0.0265202    
-0.0786778    -0.132498    -0.122996    -0.0265295    -0.0786778    -0.132498    -0.122996    -0.0265295    
-0.0786629    -0.132456    -0.122997    -0.0265379    -0.0786629    -0.132456    -0.122997    -0.0265379    
0.0786499    0.132418    0.122998    0.0265452    0.0786499    0.132418    0.122998    0.0265452    
-0.0786386    -0.132386    -0.122999    -0.0265516    -0.0786386    -0.132386    -0.122999    -0.0265516    
-0.0786293    -0.132359    -0.122999    -0.0265568    -0.0786293    -0.132359    -0.122999    -0.0265568    
-0.0786218    -0.132338    -0.123    -0.0265611    -0.0786218    -0.132338    -0.123    -0.0265611    
-0.0786161    -0.132321    -0.123    -0.0265643    -0.0786161    -0.132321    -0.123    -0.0265643    
0.0786123    0.13231    0.123001    0.0265664    0.0786123    0.13231    0.123001    0.0265664    
0.0786102    0.132305    0.123001    0.0265676    0.0786102    0.132305    0.123001    0.0265676    
0.0786099    0.132304    0.123001    0.0265677    0.0786099    0.132304    0.123001    0.0265677    
0.0786113    0.132308    0.123001    0.026567    0.0786113    0.132308    0.123001    0.026567    
0.0786143    0.132316    0.123001    0.0265653    0.0786143    0.132316    0.123001    0.0265653    
-0.0786189    -0.132329    -0.123    -0.0265627    -0.0786189    -0.132329    -0.123    -0.0265627    
-0.0786249    -0.132347    -0.123    -0.0265593    -0.0786249    -0.132347    -0.123    -0.0265593    
-0.0786323    -0.132368    -0.122999    -0.0265552    -0.0786323    -0.132368    -0.122999    -0.0265552    
0.0786409    0.132393    0.122999    0.0265503    0.0786409    0.132393    0.122999    0.0265503    
-0.0786507    -0.132421    -0.122998    -0.0265448    -0.0786507    -0.132421    -0.122998    -0.0265448    
0.0786615    0.132452    0.122997    0.0265387    0.0786615    0.132452    0.122997    0.0265387    
0.0786732    0.132485    0.122996    0.0265321    0.0786732    0.132485    0.122996    0.0265321    
0.0786858    0.132521    0.122995    0.026525    0.0786858    0.132521    0.122995    0.026525    
0.0786991    0.132559    0.122994    0.0265176    0.0786991    0.132559    0.122994    0.0265176    
0.0787129    0.132599    0.122993    0.0265099    0.0787129    0.132599    0.122993    0.0265099    
-0.0787272    -0.13264    -0.122992    -0.0265019    -0.0787272    -0.13264    -0.122992    -0.0265019    
-0.0787418    -0.132682    -0.12299    -0.0264937    -0.0787418    -0.132682    -0.12299    -0.0264937    
0.0787566    0.132724    0.122989    0.0264854    0.0787566    0.132724    0.122989    0.0264854    
0.0787714    0.132766    0.122988    0.0264771    0.0787714    0.132766    0.122988    0.0264771    
0.0787863    0.132809    0.122986    0.0264689    0.0787863    0.132809    0.122986    0.0264689    
0.078801    0.132851    0.122985    0.0264607    0.078801    0.132851    0.122985    0.0264607    
0.0788155    0.132892    0.122984    0.0264527    0.0788155    0.132892    0.122984    0.0264527    
-0.0788296    -0.132932    -0.122983    -0.0264448    -0.0788296    -0.132932    -0.122983    -0.0264448    
0.0788432    0.132971    0.122981    0.0264373    0.0788432    0.132971    0.122981    0.0264373    
0.0788564    0.133009    0.12298    0.02643    0.0788564    0.133009    0.12298    0.02643    
0.0788688    0.133044    0.122979    0.0264231    0.0788688    0.133044    0.122979    0.0264231    
0.0788806    0.133078    0.122978    0.0264166    0.0788806    0.133078    0.122978    0.0264166    
-0.0788916    -0.133109    -0.122977    -0.0264105    -0.0788916    -0.133109    -0.122977    -0.0264105    
-0.0789018    -0.133138    -0.122976    -0.0264049    -0.0789018    -0.133138    -0.122976    -0.0264049    
-0.0789111    -0.133165    -0.122975    -0.0263998    -0.0789111    -0.133165    -0.122975    -0.0263998    
-0.0789195    -0.133189    -0.122975    -0.0263951    -0.0789195    -0.133189    -0.122975    -0.0263951    
0.0789269    0.13321    0.122974    0.0263911    0.0789269    0.13321    0.122974    0.0263911    
-0.0789333    -0.133228    -0.122973    -0.0263875    -0.0789333    -0.133228    -0.122973    -0.0263875    
0.0789388    0.133243    0.122973    0.0263846    0.0789388    0.133243    0.122973    0.0263846    
0.0789432    0.133256    0.122972    0.0263821    0.0789432    0.133256    0.122972    0.0263821    
0.0789466    0.133266    0.122972    0.0263803    0.0789466    0.133266    0.122972    0.0263803    
0.0789489    0.133272    0.122972    0.026379    0.0789489    0.133272    0.122972    0.026379    
0.0789503    0.133276    0.122972    0.0263782    0.0789503    0.133276    0.122972    0.0263782    
-0.0789508    -0.133278    -0.122972    -0.026378    -0.0789508    -0.133278    -0.122972    -0.026378    
0.0789503    0.133276    0.122972    0.0263782    0.0789503    0.133276    0.122972    0.0263782    
-0.0789488    -0.133272    -0.122972    -0.026379    -0.0789488    -0.133272    -0.122972    -0.026379    
0.0789466    0.133266    0.122972    0.0263803    0.0789466    0.133266    0.122972    0.0263803    
-0.0789435    -0.133257    -0.122972    -0.026382    -0.0789435    -0.133257    -0.122972    -0.026382    
0.0789396    0.133246    0.122973    0.0263841    0.0789396    0.133246    0.122973    0.0263841    
-0.0789351    -0.133233    -0.122973    -0.0263866    -0.0789351    -0.133233    -0.122973    -0.0263866    
-0.0789299    -0.133218    -0.122974    -0.0263894    -0.0789299    -0.133218    -0.122974    -0.0263894    
-0.0789242    -0.133202    -0.122974    -0.0263926    -0.0789242    -0.133202    -0.122974    -0.0263926    
-0.0789179    -0.133184    -0.122975    -0.026396    -0.0789179    -0.133184    -0.122975    -0.026396    
-0.0789112    -0.133165    -0.122975    -0.0263997    -0.0789112    -0.133165    -0.122975    -0.0263997    
-0.0789041    -0.133145    -0.122976    -0.0264036    -0.0789041    -0.133145    -0.122976    -0.0264036    
0.0788967    0.133124    0.122977    0.0264077    0.0788967    0.133124    0.122977    0.0264077    
0.078889    0.133102    0.122977    0.0264119    0.078889    0.133102    0.122977    0.0264119    
0.0788812    0.13308    0.122978    0.0264163    0.0788812    0.13308    0.122978    0.0264163    
0.0788733    0.133057    0.122979    0.0264206    0.0788733    0.133057    0.122979    0.0264206    
0.0788653    0.133034    0.12298    0.026425    0.0788653    0.133034    0.12298    0.026425    
-0.0788574    -0.133012    -0.12298    -0.0264294    -0.0788574    -0.133012    -0.12298    -0.0264294    
0.0788496    0.132989    0.122981    0.0264337    0.0788496    0.132989    0.122981    0.0264337    
-0.0788419    -0.132967    -0.122982    -0.026438    -0.0788419    -0.132967    -0.122982    -0.026438    
0.0788344    0.132946    0.122982    0.0264422    0.0788344    0.132946    0.122982    0.0264422    
0.0788271    0.132925    0.122983    0.0264462    0.0788271    0.132925    0.122983    0.0264462    
-0.0788201    -0.132905    -0.122984    -0.0264501    -0.0788201    -0.132905    -0.122984    -0.0264501    
0.0788135    0.132887    0.122984    0.0264537    0.0788135    0.132887    0.122984    0.0264537    
-0.0788073    -0.132869    -0.122985    -0.0264572    -0.0788073    -0.132869    -0.122985    -0.0264572    
0.0788014    0.132852    0.122985    0.0264605    0.0788014    0.132852    0.122985    0.0264605    
-0.078796    -0.132837    -0.122986    -0.0264635    -0.078796    -0.132837    -0.122986    -0.0264635    
0.0787911    0.132823    0.122986    0.0264662    0.0787911    0.132823    0.122986    0.0264662    
0.0787867    0.13281    0.122986    0.0264687    0.0787867    0.13281    0.122986    0.0264687    
-0.0787827    -0.132799    -0.122987    -0.0264709    -0.0787827    -0.132799    -0.122987    -0.0264709    
-0.0787793    -0.132789    -0.122987    -0.0264728    -0.0787793    -0.132789    -0.122987    -0.0264728    
0.0787764    0.132781    0.122987    0.0264744    0.0787764    0.132781    0.122987    0.0264744    
-0.0787741    -0.132774    -0.122988    -0.0264757    -0.0787741    -0.132774    -0.122988    -0.0264757    
0.0787722    0.132769    0.122988    0.0264767    0.0787722    0.132769    0.122988    0.0264767    
0.0787709    0.132765    0.122988    0.0264774    0.0787709    0.132765    0.122988    0.0264774    
0.0787701    0.132763    0.122988    0.0264779    0.0787701    0.132763    0.122988    0.0264779    
-0.0787698    -0.132762    -0.122988    -0.026478    -0.0787698    -0.132762    -0.122988    -0.026478    
-0.07877    -0.132762    -0.122988    -0.0264779    -0.07877    -0.132762    -0.122988    -0.0264779    
-0.0787707    -0.132764    -0.122988    -0.0264776    -0.0787707    -0.132764    -0.122988    -0.0264776    
-0.0787718    -0.132767    -0.122988    -0.0264769    -0.0787718    -0.132767    -0.122988    -0.0264769    
0.0787734    0.132772    0.122988    0.0264761    0.0787734    0.132772    0.122988    0.0264761    
0.0787753    0.132777    0.122987    0.026475    0.0787753    0.132777    0.122987    0.026475    
-0.0787776    -0.132784    -0.122987    -0.0264737    -0.0787776    -0.132784    -0.122987    -0.0264737    
0.0787803    0.132792    0.122987    0.0264722    0.0787803    0.132792    0.122987    0.0264722    
0.0787832    0.1328    0.122987    0.0264706    0.0787832    0.1328    0.122987    0.0264706    
-0.0787865    -0.132809    -0.122986    -0.0264688    -0.0787865    -0.132809    -0.122986    -0.0264688    
-0.07879    -0.132819    -0.122986    -0.0264668    -0.07879    -0.132819    -0.122986    -0.0264668    
0.0787936    0.13283    0.122986    0.0264648    0.0787936    0.13283    0.122986    0.0264648    
-0.0787975    -0.132841    -0.122986    -0.0264626    -0.0787975    -0.132841    -0.122986    -0.0264626    
0.0788015    0.132852    0.122985    0.0264604    0.0788015    0.132852    0.122985    0.0264604    
0.0788056    0.132864    0.122985    0.0264581    0.0788056    0.132864    0.122985    0.0264581    
0.0788097    0.132876    0.122984    0.0264558    0.0788097    0.132876    0.122984    0.0264558    
-0.0788139    -0.132888    -0.122984    -0.0264535    -0.0788139    -0.132888    -0.122984    -0.0264535    
0.0788181    0.1329    0.122984    0.0264512    0.0788181    0.1329    0.122984    0.0264512    
0.0788223    0.132912    0.122983    0.0264489    0.0788223    0.132912    0.122983    0.0264489    
-0.0788264    -0.132923    -0.122983    -0.0264466    -0.0788264    -0.132923    -0.122983    -0.0264466    
0.0788304    0.132935    0.122983    0.0264444    0.0788304    0.132935    0.122983    0.0264444    
0.0788343    0.132946    0.122982    0.0264422    0.0788343    0.132946    0.122982    0.0264422    
-0.078838    -0.132956    -0.122982    -0.0264402    -0.078838    -0.132956    -0.122982    -0.0264402    
0.0788415    0.132967    0.122982    0.0264382    0.0788415    0.132967    0.122982    0.0264382    
-0.0788449    -0.132976    -0.122981    -0.0264363    -0.0788449    -0.132976    -0.122981    -0.0264363    
-0.0788481    -0.132985    -0.122981    -0.0264346    -0.0788481    -0.132985    -0.122981    -0.0264346    
-0.078851    -0.132993    -0.122981    -0.026433    -0.078851    -0.132993    -0.122981    -0.026433    
-0.0788537    -0.133001    -0.122981    -0.0264315    -0.0788537    -0.133001    -0.122981    -0.0264315    
-0.0788561    -0.133008    -0.12298    -0.0264301    -0.0788561    -0.133008    -0.12298    -0.0264301    
0.0788582    0.133014    0.12298    0.0264289    0.0788582    0.133014    0.12298    0.0264289    
-0.0788601    -0.13302    -0.12298    -0.0264279    -0.0788601    -0.13302    -0.12298    -0.0264279    
-0.0788617    -0.133024    -0.12298    -0.026427    -0.0788617    -0.133024    -0.12298    -0.026427    
0.0788631    0.133028    0.12298    0.0264263    0.0788631    0.133028    0.12298    0.0264263    
-0.0788641    -0.133031    -0.12298    -0.0264257    -0.0788641    -0.133031    -0.12298    -0.0264257    
0.0788649    0.133033    0.12298    0.0264253    0.0788649    0.133033    0.12298    0.0264253    
-0.0788653    -0.133034    -0.12298    -0.026425    -0.0788653    -0.133034    -0.12298    -0.026425    
0.0788656    0.133035    0.12298    0.0264249    0.0788656    0.133035    0.12298    0.0264249    
0.0788655    0.133035    0.12298    0.0264249    0.0788655    0.133035    0.12298    0.0264249    
0.0788652    0.133034    0.12298    0.0264251    0.0788652    0.133034    0.12298    0.0264251    
-0.0788646    -0.133032    -0.12298    -0.0264254    -0.0788646    -0.133032    -0.12298    -0.0264254    
0.0788639    0.13303    0.12298    0.0264258    0.0788639    0.13303    0.12298    0.0264258    
-0.0788629    -0.133027    -0.12298    -0.0264264    -0.0788629    -0.133027    -0.12298    -0.0264264    
-0.0788617    -0.133024    -0.12298    -0.026427    -0.0788617    -0.133024    -0.12298    -0.026427    
-0.0788603    -0.13302    -0.12298    -0.0264278    -0.0788603    -0.13302    -0.12298    -0.0264278    
0.0788587    0.133016    0.12298    0.0264287    0.0788587    0.133016    0.12298    0.0264287    
-0.078857    -0.133011    -0.12298    -0.0264296    -0.078857    -0.133011    -0.12298    -0.0264296    
0.0788552    0.133006    0.12298    0.0264306    0.0788552    0.133006    0.12298    0.0264306    
0.0788533    0.133    0.122981    0.0264317    0.0788533    0.133    0.122981    0.0264317    
0.0788512    0.132994    0.122981    0.0264328    0.0788512    0.132994    0.122981    0.0264328    
0.0788491    0.132988    0.122981    0.026434    0.0788491    0.132988    0.122981    0.026434    
0.0788469    0.132982    0.122981    0.0264352    0.0788469    0.132982    0.122981    0.0264352    
-0.0788447    -0.132976    -0.122981    -0.0264364    -0.0788447    -0.132976    -0.122981    -0.0264364    
0.0788425    0.132969    0.122982    0.0264377    0.0788425    0.132969    0.122982    0.0264377    
0.0788403    0.132963    0.122982    0.0264389    0.0788403    0.132963    0.122982    0.0264389    
-0.0788381    -0.132957    -0.122982    -0.0264401    -0.0788381    -0.132957    -0.122982    -0.0264401    
0.0788359    0.13295    0.122982    0.0264413    0.0788359    0.13295    0.122982    0.0264413    
-0.0788338    -0.132944    -0.122982    -0.0264425    -0.0788338    -0.132944    -0.122982    -0.0264425    
0.0788317    0.132938    0.122983    0.0264436    0.0788317    0.132938    0.122983    0.0264436    
-0.0788297    -0.132933    -0.122983    -0.0264447    -0.0788297    -0.132933    -0.122983    -0.0264447    
-0.0788278    -0.132927    -0.122983    -0.0264458    -0.0788278    -0.132927    -0.122983    -0.0264458    
0.078826    0.132922    0.122983    0.0264468    0.078826    0.132922    0.122983    0.0264468    
0.0788243    0.132917    0.122983    0.0264477    0.0788243    0.132917    0.122983    0.0264477    
-0.0788228    -0.132913    -0.122983    -0.0264486    -0.0788228    -0.132913    -0.122983    -0.0264486    
-0.0788213    -0.132909    -0.122983    -0.0264494    -0.0788213    -0.132909    -0.122983    -0.0264494    
-0.07882    -0.132905    -0.122984    -0.0264501    -0.07882    -0.132905    -0.122984    -0.0264501    
0.0788189    0.132902    0.122984    0.0264508    0.0788189    0.132902    0.122984    0.0264508    
-0.0788179    -0.132899    -0.122984    -0.0264513    -0.0788179    -0.132899    -0.122984    -0.0264513    
-0.078817    -0.132896    -0.122984    -0.0264518    -0.078817    -0.132896    -0.122984    -0.0264518    
0.0788163    0.132894    0.122984    0.0264522    0.0788163    0.132894    0.122984    0.0264522    
0.0788157    0.132893    0.122984    0.0264525    0.0788157    0.132893    0.122984    0.0264525    
-0.0788153    -0.132892    -0.122984    -0.0264528    -0.0788153    -0.132892    -0.122984    -0.0264528    
0.078815    0.132891    0.122984    0.0264529    0.078815    0.132891    0.122984    0.0264529    
-0.0788148    -0.13289    -0.122984    -0.026453    -0.0788148    -0.13289    -0.122984    -0.026453    
-0.0788148    -0.13289    -0.122984    -0.026453    -0.0788148    -0.13289    -0.122984    -0.026453    
-0.078815    -0.132891    -0.122984    -0.0264529    -0.078815    -0.132891    -0.122984    -0.0264529    
-0.0788153    -0.132892    -0.122984    -0.0264528    -0.0788153    -0.132892    -0.122984    -0.0264528    
-0.0788156    -0.132893    -0.122984    -0.0264526    -0.0788156    -0.132893    -0.122984    -0.0264526    
0.0788162    0.132894    0.122984    0.0264523    0.0788162    0.132894    0.122984    0.0264523    
0.0788168    0.132896    0.122984    0.0264519    0.0788168    0.132896    0.122984    0.0264519    
0.0788175    0.132898    0.122984    0.0264515    0.0788175    0.132898    0.122984    0.0264515    
0.0788183    0.1329    0.122984    0.0264511    0.0788183    0.1329    0.122984    0.0264511    
-0.0788192    -0.132903    -0.122984    -0.0264506    -0.0788192    -0.132903    -0.122984    -0.0264506    
-0.0788201    -0.132905    -0.122984    -0.0264501    -0.0788201    -0.132905    -0.122984    -0.0264501    
-0.0788211    -0.132908    -0.122983    -0.0264495    -0.0788211    -0.132908    -0.122983    -0.0264495    
-0.0788222    -0.132911    -0.122983    -0.0264489    -0.0788222    -0.132911    -0.122983    -0.0264489    
-0.0788233    -0.132915    -0.122983    -0.0264483    -0.0788233    -0.132915    -0.122983    -0.0264483    
-0.0788245    -0.132918    -0.122983    -0.0264477    -0.0788245    -0.132918    -0.122983    -0.0264477    
0.0788256    0.132921    0.122983    0.026447    0.0788256    0.132921    0.122983    0.026447    
0.0788268    0.132924    0.122983    0.0264464    0.0788268    0.132924    0.122983    0.0264464    
0.078828    0.132928    0.122983    0.0264457    0.078828    0.132928    0.122983    0.0264457    
0.0788291    0.132931    0.122983    0.0264451    0.0788291    0.132931    0.122983    0.0264451    
-0.0788303    -0.132934    -0.122983    -0.0264444    -0.0788303    -0.132934    -0.122983    -0.0264444    
-0.0788314    -0.132938    -0.122983    -0.0264438    -0.0788314    -0.132938    -0.122983    -0.0264438    
-0.0788325    -0.132941    -0.122982    -0.0264432    -0.0788325    -0.132941    -0.122982    -0.0264432    
0.0788336    0.132944    0.122982    0.0264426    0.0788336    0.132944    0.122982    0.0264426    
-0.0788346    -0.132947    -0.122982    -0.026442    -0.0788346    -0.132947    -0.122982    -0.026442    
0.0788356    0.13295    0.122982    0.0264415    0.0788356    0.13295    0.122982    0.0264415    
0.0788365    0.132952    0.122982    0.026441    0.0788365    0.132952    0.122982    0.026441    
0.0788373    0.132955    0.122982    0.0264405    0.0788373    0.132955    0.122982    0.0264405    
0.0788381    0.132957    0.122982    0.0264401    0.0788381    0.132957    0.122982    0.0264401    
0.0788388    0.132959    0.122982    0.0264397    0.0788388    0.132959    0.122982    0.0264397    
-0.0788394    -0.132961    -0.122982    -0.0264394    -0.0788394    -0.132961    -0.122982    -0.0264394    
0.07884    0.132962    0.122982    0.0264391    0.07884    0.132962    0.122982    0.0264391    
-0.0788405    -0.132963    -0.122982    -0.0264388    -0.0788405    -0.132963    -0.122982    -0.0264388    
0.0788409    0.132965    0.122982    0.0264386    0.0788409    0.132965    0.122982    0.0264386    
-0.0788412    -0.132966    -0.122982    -0.0264384    -0.0788412    -0.132966    -0.122982    -0.0264384    
0.0788414    0.132966    0.122982    0.0264383    0.0788414    0.132966    0.122982    0.0264383    
-0.0788416    -0.132967    -0.122982    -0.0264382    -0.0788416    -0.132967    -0.122982    -0.0264382    
-0.0788417    -0.132967    -0.122982    -0.0264381    -0.0788417    -0.132967    -0.122982    -0.0264381    
-0.0788417    -0.132967    -0.122982    -0.0264381    -0.0788417    -0.132967    -0.122982    -0.0264381    
-0.0788416    -0.132967    -0.122982    -0.0264381    -0.0788416    -0.132967    -0.122982    -0.0264381    
0.0788415    0.132966    0.122982    0.0264382    0.0788415    0.132966    0.122982    0.0264382    
-0.0788413    -0.132966    -0.122982    -0.0264383    -0.0788413    -0.132966    -0.122982    -0.0264383    
-0.078841    -0.132965    -0.122982    -0.0264385    -0.078841    -0.132965    -0.122982    -0.0264385    
0.0788407    0.132964    0.122982    0.0264386    0.0788407    0.132964    0.122982    0.0264386    
0.0788404    0.132963    0.122982    0.0264388    0.0788404    0.132963    0.122982    0.0264388    
0.0788399    0.132962    0.122982    0.0264391    0.0788399    0.132962    0.122982    0.0264391    
-0.0788395    -0.132961    -0.122982    -0.0264393    -0.0788395    -0.132961    -0.122982    -0.0264393    
-0.078839    -0.132959    -0.122982    -0.0264396    -0.078839    -0.132959    -0.122982    -0.0264396    
0.0788385    0.132958    0.122982    0.0264399    0.0788385    0.132958    0.122982    0.0264399    
0.0788379    0.132956    0.122982    0.0264402    0.0788379    0.132956    0.122982    0.0264402    
-0.0788373    -0.132954    -0.122982    -0.0264405    -0.0788373    -0.132954    -0.122982    -0.0264405    
0.0788367    0.132953    0.122982    0.0264409    0.0788367    0.132953    0.122982    0.0264409    
0.0788361    0.132951    0.122982    0.0264412    0.0788361    0.132951    0.122982    0.0264412    
-0.0788355    -0.132949    -0.122982    -0.0264416    -0.0788355    -0.132949    -0.122982    -0.0264416    
-0.0788348    -0.132947    -0.122982    -0.0264419    -0.0788348    -0.132947    -0.122982    -0.0264419    
-0.0788342    -0.132946    -0.122982    -0.0264422    -0.0788342    -0.132946    -0.122982    -0.0264422    
0.0788336    0.132944    0.122982    0.0264426    0.0788336    0.132944    0.122982    0.0264426    
0.078833    0.132942    0.122982    0.0264429    0.078833    0.132942    0.122982    0.0264429    
0.0788324    0.132941    0.122982    0.0264432    0.0788324    0.132941    0.122982    0.0264432    
0.0788319    0.132939    0.122983    0.0264436    0.0788319    0.132939    0.122983    0.0264436    
-0.0788313    -0.132937    -0.122983    -0.0264439    -0.0788313    -0.132937    -0.122983    -0.0264439    
0.0788308    0.132936    0.122983    0.0264441    0.0788308    0.132936    0.122983    0.0264441    
0.0788303    0.132934    0.122983    0.0264444    0.0788303    0.132934    0.122983    0.0264444    
-0.0788299    -0.132933    -0.122983    -0.0264447    -0.0788299    -0.132933    -0.122983    -0.0264447    
0.0788294    0.132932    0.122983    0.0264449    0.0788294    0.132932    0.122983    0.0264449    
0.0788291    0.132931    0.122983    0.0264451    0.0788291    0.132931    0.122983    0.0264451    
-0.0788287    -0.13293    -0.122983    -0.0264453    -0.0788287    -0.13293    -0.122983    -0.0264453    
0.0788284    0.132929    0.122983    0.0264455    0.0788284    0.132929    0.122983    0.0264455    
0.0788282    0.132928    0.122983    0.0264456    0.0788282    0.132928    0.122983    0.0264456    
0.0788279    0.132928    0.122983    0.0264457    0.0788279    0.132928    0.122983    0.0264457    
0.0788278    0.132927    0.122983    0.0264458    0.0788278    0.132927    0.122983    0.0264458    
0.0788276    0.132927    0.122983    0.0264459    0.0788276    0.132927    0.122983    0.0264459    
-0.0788275    -0.132927    -0.122983    -0.026446    -0.0788275    -0.132927    -0.122983    -0.026446    
-0.0788275    -0.132926    -0.122983    -0.026446    -0.0788275    -0.132926    -0.122983    -0.026446    
0.0788275    0.132926    0.122983    0.026446    0.0788275    0.132926    0.122983    0.026446    
-0.0788275    -0.132926    -0.122983    -0.026446    -0.0788275    -0.132926    -0.122983    -0.026446    
0.0788276    0.132927    0.122983    0.0264459    0.0788276    0.132927    0.122983    0.0264459    
-0.0788276    -0.132927    -0.122983    -0.0264459    -0.0788276    -0.132927    -0.122983    -0.0264459    
-0.0788278    -0.132927    -0.122983    -0.0264458    -0.0788278    -0.132927    -0.122983    -0.0264458    
0.0788279    0.132928    0.122983    0.0264457    0.0788279    0.132928    0.122983    0.0264457    
0.0788281    0.132928    0.122983    0.0264456    0.0788281    0.132928    0.122983    0.0264456    
0.0788283    0.132929    0.122983    0.0264455    0.0788283    0.132929    0.122983    0.0264455    
-0.0788286    -0.13293    -0.122983    -0.0264454    -0.0788286    -0.13293    -0.122983    -0.0264454    
-0.0788288    -0.13293    -0.122983    -0.0264452    -0.0788288    -0.13293    -0.122983    -0.0264452    
-0.0788291    -0.132931    -0.122983    -0.0264451    -0.0788291    -0.132931    -0.122983    -0.0264451    
-0.0788294    -0.132932    -0.122983    -0.0264449    -0.0788294    -0.132932    -0.122983    -0.0264449    
0.0788297    0.132933    0.122983    0.0264447    0.0788297    0.132933    0.122983    0.0264447    
0.07883    0.132934    0.122983    0.0264446    0.07883    0.132934    0.122983    0.0264446    
-0.0788304    -0.132935    -0.122983    -0.0264444    -0.0788304    -0.132935    -0.122983    -0.0264444    
-0.0788307    -0.132936    -0.122983    -0.0264442    -0.0788307    -0.132936    -0.122983    -0.0264442    
0.078831    0.132937    0.122983    0.026444    0.078831    0.132937    0.122983    0.026444    
0.0788314    0.132937    0.122983    0.0264438    0.0788314    0.132937    0.122983    0.0264438    
-0.0788317    -0.132938    -0.122983    -0.0264437    -0.0788317    -0.132938    -0.122983    -0.0264437    
0.078832    0.132939    0.122983    0.0264435    0.078832    0.132939    0.122983    0.0264435    
0.0788323    0.13294    0.122982    0.0264433    0.0788323    0.13294    0.122982    0.0264433    
-0.0788326    -0.132941    -0.122982    -0.0264431    -0.0788326    -0.132941    -0.122982    -0.0264431    
0.0788329    0.132942    0.122982    0.026443    0.0788329    0.132942    0.122982    0.026443    
0.0788332    0.132943    0.122982    0.0264428    0.0788332    0.132943    0.122982    0.0264428    
0.0788334    0.132943    0.122982    0.0264427    0.0788334    0.132943    0.122982    0.0264427    
-0.0788337    -0.132944    -0.122982    -0.0264425    -0.0788337    -0.132944    -0.122982    -0.0264425    
-0.0788339    -0.132945    -0.122982    -0.0264424    -0.0788339    -0.132945    -0.122982    -0.0264424    
0.0788341    0.132945    0.122982    0.0264423    0.0788341    0.132945    0.122982    0.0264423    
-0.0788343    -0.132946    -0.122982    -0.0264422    -0.0788343    -0.132946    -0.122982    -0.0264422    
0.0788345    0.132946    0.122982    0.0264421    0.0788345    0.132946    0.122982    0.0264421    
-0.0788346    -0.132947    -0.122982    -0.026442    -0.0788346    -0.132947    -0.122982    -0.026442    
0.0788347    0.132947    0.122982    0.026442    0.0788347    0.132947    0.122982    0.026442    
0.0788348    0.132947    0.122982    0.0264419    0.0788348    0.132947    0.122982    0.0264419    
-0.0788349    -0.132948    -0.122982    -0.0264419    -0.0788349    -0.132948    -0.122982    -0.0264419    
0.078835    0.132948    0.122982    0.0264418    0.078835    0.132948    0.122982    0.0264418    
-0.078835    -0.132948    -0.122982    -0.0264418    -0.078835    -0.132948    -0.122982    -0.0264418    
0.078835    0.132948    0.122982    0.0264418    0.078835    0.132948    0.122982    0.0264418    
-0.078835    -0.132948    -0.122982    -0.0264418    -0.078835    -0.132948    -0.122982    -0.0264418    
-0.078835    -0.132948    -0.122982    -0.0264418    -0.078835    -0.132948    -0.122982    -0.0264418    
0.0788349    0.132948    0.122982    0.0264419    0.0788349    0.132948    0.122982    0.0264419    
0.0788348    0.132947    0.122982    0.0264419    0.0788348    0.132947    0.122982    0.0264419    
-0.0788348    -0.132947    -0.122982    -0.0264419    -0.0788348    -0.132947    -0.122982    -0.0264419    
-0.0788347    -0.132947    -0.122982    -0.026442    -0.0788347    -0.132947    -0.122982    -0.026442    
0.0788346    0.132947    0.122982    0.0264421    0.0788346    0.132947    0.122982    0.0264421    
0.0788344    0.132946    0.122982    0.0264421    0.0788344    0.132946    0.122982    0.0264421    
0.0788343    0.132946    0.122982    0.0264422    0.0788343    0.132946    0.122982    0.0264422    
0.0788341    0.132945    0.122982    0.0264423    0.0788341    0.132945    0.122982    0.0264423    
-0.078834    -0.132945    -0.122982    -0.0264424    -0.078834    -0.132945    -0.122982    -0.0264424    
0.0788338    0.132945    0.122982    0.0264425    0.0788338    0.132945    0.122982    0.0264425    
0.0788337    0.132944    0.122982    0.0264426    0.0788337    0.132944    0.122982    0.0264426    
-0.0788335    -0.132944    -0.122982    -0.0264427    -0.0788335    -0.132944    -0.122982    -0.0264427    
0.0788333    0.132943    0.122982    0.0264427    0.0788333    0.132943    0.122982    0.0264427    
0.0788331    0.132943    0.122982    0.0264428    0.0788331    0.132943    0.122982    0.0264428    
0.078833    0.132942    0.122982    0.0264429    0.078833    0.132942    0.122982    0.0264429    
0.0788328    0.132942    0.122982    0.026443    0.0788328    0.132942    0.122982    0.026443    
-0.0788326    -0.132941    -0.122982    -0.0264431    -0.0788326    -0.132941    -0.122982    -0.0264431    
0.0788325    0.132941    0.122982    0.0264432    0.0788325    0.132941    0.122982    0.0264432    
0.0788323    0.13294    0.122982    0.0264433    0.0788323    0.13294    0.122982    0.0264433    
0.0788321    0.13294    0.122982    0.0264434    0.0788321    0.13294    0.122982    0.0264434    
-0.078832    -0.132939    -0.122983    -0.0264435    -0.078832    -0.132939    -0.122983    -0.0264435    
0.0788319    0.132939    0.122983    0.0264436    0.0788319    0.132939    0.122983    0.0264436    
-0.0788317    -0.132939    -0.122983    -0.0264436    -0.0788317    -0.132939    -0.122983    -0.0264436    
-0.0788316    -0.132938    -0.122983    -0.0264437    -0.0788316    -0.132938    -0.122983    -0.0264437    
0.0788315    0.132938    0.122983    0.0264438    0.0788315    0.132938    0.122983    0.0264438    
0.0788314    0.132938    0.122983    0.0264438    0.0788314    0.132938    0.122983    0.0264438    
0.0788313    0.132937    0.122983    0.0264439    0.0788313    0.132937    0.122983    0.0264439    
-0.0788312    -0.132937    -0.122983    -0.0264439    -0.0788312    -0.132937    -0.122983    -0.0264439    
0.0788312    0.132937    0.122983    0.0264439    0.0788312    0.132937    0.122983    0.0264439    
-0.0788311    -0.132937    -0.122983    -0.026444    -0.0788311    -0.132937    -0.122983    -0.026444    
0.0788311    0.132937    0.122983    0.026444    0.0788311    0.132937    0.122983    0.026444    
-0.078831    -0.132937    -0.122983    -0.026444    -0.078831    -0.132937    -0.122983    -0.026444    
-0.078831    -0.132937    -0.122983    -0.026444    -0.078831    -0.132937    -0.122983    -0.026444    
-0.078831    -0.132936    -0.122983    -0.026444    -0.078831    -0.132936    -0.122983    -0.026444    
-0.078831    -0.132937    -0.122983    -0.026444    -0.078831    -0.132937    -0.122983    -0.026444    
-0.078831    -0.132937    -0.122983    -0.026444    -0.078831    -0.132937    -0.122983    -0.026444    
0.078831    0.132937    0.122983    0.026444    0.078831    0.132937    0.122983    0.026444    
0.0788311    0.132937    0.122983    0.026444    0.0788311    0.132937    0.122983    0.026444    
-0.0788311    -0.132937    -0.122983    -0.026444    -0.0788311    -0.132937    -0.122983    -0.026444    
-0.0788312    -0.132937    -0.122983    -0.0264439    -0.0788312    -0.132937    -0.122983    -0.0264439    
0.0788312    0.132937    0.122983    0.0264439    0.0788312    0.132937    0.122983    0.0264439    
-0.0788313    -0.132937    -0.122983    -0.0264439    -0.0788313    -0.132937    -0.122983    -0.0264439    
0.0788314    0.132938    0.122983    0.0264438    0.0788314    0.132938    0.122983    0.0264438    
-0.0788314    -0.132938    -0.122983    -0.0264438    -0.0788314    -0.132938    -0.122983    -0.0264438    
0.0788315    0.132938    0.122983    0.0264437    0.0788315    0.132938    0.122983    0.0264437    
0.0788316    0.132938    0.122983    0.0264437    0.0788316    0.132938    0.122983    0.0264437    
-0.0788317    -0.132938    -0.122983    -0.0264436    -0.0788317    -0.132938    -0.122983    -0.0264436    
-0.0788318    -0.132939    -0.122983    -0.0264436    -0.0788318    -0.132939    -0.122983    -0.0264436    
-0.0788319    -0.132939    -0.122983    -0.0264435    -0.0788319    -0.132939    -0.122983    -0.0264435    
0.078832    0.132939    0.122983    0.0264435    0.078832    0.132939    0.122983    0.0264435    
0.0788321    0.13294    0.122983    0.0264434    0.0788321    0.13294    0.122983    0.0264434    
-0.0788322    -0.13294    -0.122982    -0.0264434    -0.0788322    -0.13294    -0.122982    -0.0264434    
-0.0788323    -0.13294    -0.122982    -0.0264433    -0.0788323    -0.13294    -0.122982    -0.0264433    
0.0788323    0.13294    0.122982    0.0264433    0.0788323    0.13294    0.122982    0.0264433    
0.0788324    0.132941    0.122982    0.0264432    0.0788324    0.132941    0.122982    0.0264432    
0.0788325    0.132941    0.122982    0.0264432    0.0788325    0.132941    0.122982    0.0264432    
-0.0788326    -0.132941    -0.122982    -0.0264432    -0.0788326    -0.132941    -0.122982    -0.0264432    
0.0788327    0.132941    0.122982    0.0264431    0.0788327    0.132941    0.122982    0.0264431    
-0.0788327    -0.132941    -0.122982    -0.0264431    -0.0788327    -0.132941    -0.122982    -0.0264431    
-0.0788328    -0.132942    -0.122982    -0.026443    -0.0788328    -0.132942    -0.122982    -0.026443    
-0.0788329    -0.132942    -0.122982    -0.026443    -0.0788329    -0.132942    -0.122982    -0.026443    
-0.0788329    -0.132942    -0.122982    -0.026443    -0.0788329    -0.132942    -0.122982    -0.026443    
0.078833    0.132942    0.122982    0.0264429    0.078833    0.132942    0.122982    0.0264429    
0.078833    0.132942    0.122982    0.0264429    0.078833    0.132942    0.122982    0.0264429    
0.078833    0.132942    0.122982    0.0264429    0.078833    0.132942    0.122982    0.0264429    
-0.0788331    -0.132942    -0.122982    -0.0264429    -0.0788331    -0.132942    -0.122982    -0.0264429    
0.0788331    0.132942    0.122982    0.0264429    0.0788331    0.132942    0.122982    0.0264429    
0.0788331    0.132942    0.122982    0.0264429    0.0788331    0.132942    0.122982    0.0264429    
0.0788331    0.132943    0.122982    0.0264429    0.0788331    0.132943    0.122982    0.0264429    
-0.0788331    -0.132943    -0.122982    -0.0264429    -0.0788331    -0.132943    -0.122982    -0.0264429    
0.0788331    0.132943    0.122982    0.0264429    0.0788331    0.132943    0.122982    0.0264429    
0.0788331    0.132943    0.122982    0.0264429    0.0788331    0.132943    0.122982    0.0264429    
0.0788331    0.132942    0.122982    0.0264429    0.0788331    0.132942    0.122982    0.0264429    
-0.0788331    -0.132942    -0.122982    -0.0264429    -0.0788331    -0.132942    -0.122982    -0.0264429    
0.0788331    0.132942    0.122982    0.0264429    0.0788331    0.132942    0.122982    0.0264429    
-0.078833    -0.132942    -0.122982    -0.0264429    -0.078833    -0.132942    -0.122982    -0.0264429    
-0.078833    -0.132942    -0.122982    -0.0264429    -0.078833    -0.132942    -0.122982    -0.0264429    
0.078833    0.132942    0.122982    0.0264429    0.078833    0.132942    0.122982    0.0264429    
0.0788329    0.132942    0.122982    0.026443    0.0788329    0.132942    0.122982    0.026443    
0.0788329    0.132942    0.122982    0.026443    0.0788329    0.132942    0.122982    0.026443    
0.0788329    0.132942    0.122982    0.026443    0.0788329    0.132942    0.122982    0.026443    
0.0788328    0.132942    0.122982    0.026443    0.0788328    0.132942    0.122982    0.026443    
0.0788328    0.132942    0.122982    0.0264431    0.0788328    0.132942    0.122982    0.0264431    
-0.0788327    -0.132941    -0.122982    -0.0264431    -0.0788327    -0.132941    -0.122982    -0.0264431    
0.0788327    0.132941    0.122982    0.0264431    0.0788327    0.132941    0.122982    0.0264431    
0.0788326    0.132941    0.122982    0.0264431    0.0788326    0.132941    0.122982    0.0264431    
0.0788326    0.132941    0.122982    0.0264432    0.0788326    0.132941    0.122982    0.0264432    
-0.0788325    -0.132941    -0.122982    -0.0264432    -0.0788325    -0.132941    -0.122982    -0.0264432    
0.0788325    0.132941    0.122982    0.0264432    0.0788325    0.132941    0.122982    0.0264432    
0.0788324    0.132941    0.122982    0.0264432    0.0788324    0.132941    0.122982    0.0264432    
0.0788324    0.13294    0.122982    0.0264433    0.0788324    0.13294    0.122982    0.0264433    
-0.0788323    -0.13294    -0.122982    -0.0264433    -0.0788323    -0.13294    -0.122982    -0.0264433    
0.0788323    0.13294    0.122982    0.0264433    0.0788323    0.13294    0.122982    0.0264433    
-0.0788323    -0.13294    -0.122982    -0.0264433    -0.0788323    -0.13294    -0.122982    -0.0264433    
0.0788322    0.13294    0.122982    0.0264434    0.0788322    0.13294    0.122982    0.0264434    
-0.0788322    -0.13294    -0.122982    -0.0264434    -0.0788322    -0.13294    -0.122982    -0.0264434    
0.0788322    0.13294    0.122982    0.0264434    0.0788322    0.13294    0.122982    0.0264434    
0.0788321    0.13294    0.122982    0.0264434    0.0788321    0.13294    0.122982    0.0264434    
-0.0788321    -0.13294    -0.122982    -0.0264434    -0.0788321    -0.13294    -0.122982    -0.0264434    
-0.0788321    -0.13294    -0.122982    -0.0264434    -0.0788321    -0.13294    -0.122982    -0.0264434    
-0.0788321    -0.132939    -0.122983    -0.0264435    -0.0788321    -0.132939    -0.122983    -0.0264435    
0.078832    0.132939    0.122983    0.0264435    0.078832    0.132939    0.122983    0.0264435    
0.078832    0.132939    0.122983    0.0264435    0.078832    0.132939    0.122983    0.0264435    
0.078832    0.132939    0.122983    0.0264435    0.078832    0.132939    0.122983    0.0264435    
-0.078832    -0.132939    -0.122983    -0.0264435    -0.078832    -0.132939    -0.122983    -0.0264435    
0.078832    0.132939    0.122983    0.0264435    0.078832    0.132939    0.122983    0.0264435    
-0.078832    -0.132939    -0.122983    -0.0264435    -0.078832    -0.132939    -0.122983    -0.0264435    
0.078832    0.132939    0.122983    0.0264435    0.078832    0.132939    0.122983    0.0264435    
0.078832    0.132939    0.122983    0.0264435    0.078832    0.132939    0.122983    0.0264435    
-0.078832    -0.132939    -0.122983    -0.0264435    -0.078832    -0.132939    -0.122983    -0.0264435    
0.078832    0.132939    0.122983    0.0264435    0.078832    0.132939    0.122983    0.0264435    
0.078832    0.132939    0.122983    0.0264435    0.078832    0.132939    0.122983    0.0264435    
0.0788321    0.132939    0.122983    0.0264434    0.0788321    0.132939    0.122983    0.0264434    
0.0788321    0.13294    0.122982    0.0264434    0.0788321    0.13294    0.122982    0.0264434    
0.0788321    0.13294    0.122982    0.0264434    0.0788321    0.13294    0.122982    0.0264434    
-0.0788321    -0.13294    -0.122982    -0.0264434    -0.0788321    -0.13294    -0.122982    -0.0264434    
-0.0788321    -0.13294    -0.122982    -0.0264434    -0.0788321    -0.13294    -0.122982    -0.0264434    
-0.0788322    -0.13294    -0.122982    -0.0264434    -0.0788322    -0.13294    -0.122982    -0.0264434    
-0.0788322    -0.13294    -0.122982    -0.0264434    -0.0788322    -0.13294    -0.122982    -0.0264434    
0.0788322    0.13294    0.122982    0.0264434    0.0788322    0.13294    0.122982    0.0264434    
0.0788322    0.13294    0.122982    0.0264433    0.0788322    0.13294    0.122982    0.0264433    
0.0788323    0.13294    0.122982    0.0264433    0.0788323    0.13294    0.122982    0.0264433    
-0.0788323    -0.13294    -0.122982    -0.0264433    -0.0788323    -0.13294    -0.122982    -0.0264433    
0.0788323    0.13294    0.122982    0.0264433    0.0788323    0.13294    0.122982    0.0264433    
-0.0788323    -0.13294    -0.122982    -0.0264433    -0.0788323    -0.13294    -0.122982    -0.0264433    
-0.0788324    -0.13294    -0.122982    -0.0264433    -0.0788324    -0.13294    -0.122982    -0.0264433    
0.0788324    0.13294    0.122982    0.0264433    0.0788324    0.13294    0.122982    0.0264433    
-0.0788324    -0.132941    -0.122982    -0.0264433    -0.0788324    -0.132941    -0.122982    -0.0264433    
-0.0788324    -0.132941    -0.122982    -0.0264432    -0.0788324    -0.132941    -0.122982    -0.0264432    
0.0788325    0.132941    0.122982    0.0264432    0.0788325    0.132941    0.122982    0.0264432    
0.0788325    0.132941    0.122982    0.0264432    0.0788325    0.132941    0.122982    0.0264432    
-0.0788325    -0.132941    -0.122982    -0.0264432    -0.0788325    -0.132941    -0.122982    -0.0264432    
0.0788325    0.132941    0.122982    0.0264432    0.0788325    0.132941    0.122982    0.0264432    
0.0788325    0.132941    0.122982    0.0264432    0.0788325    0.132941    0.122982    0.0264432    
-0.0788325    -0.132941    -0.122982    -0.0264432    -0.0788325    -0.132941    -0.122982    -0.0264432    
0.0788326    0.132941    0.122982    0.0264432    0.0788326    0.132941    0.122982    0.0264432    
-0.0788326    -0.132941    -0.122982    -0.0264432    -0.0788326    -0.132941    -0.122982    -0.0264432    
0.0788326    0.132941    0.122982    0.0264432    0.0788326    0.132941    0.122982    0.0264432    
-0.0788326    -0.132941    -0.122982    -0.0264432    -0.0788326    -0.132941    -0.122982    -0.0264432    
0.0788326    0.132941    0.122982    0.0264432    0.0788326    0.132941    0.122982    0.0264432    
0.0788326    0.132941    0.122982    0.0264432    0.0788326    0.132941    0.122982    0.0264432    
-0.0788326    -0.132941    -0.122982    -0.0264432    -0.0788326    -0.132941    -0.122982    -0.0264432    
-0.0788326    -0.132941    -0.122982    -0.0264431    -0.0788326    -0.132941    -0.122982    -0.0264431    
0.0788326    0.132941    0.122982    0.0264432    0.0788326    0.132941    0.122982    0.0264432    
-0.0788326    -0.132941    -0.122982    -0.0264432    -0.0788326    -0.132941    -0.122982    -0.0264432    
0.0788326    0.132941    0.122982    0.0264432    0.0788326    0.132941    0.122982    0.0264432    
-0.0788326    -0.132941    -0.122982    -0.0264432    -0.0788326    -0.132941    -0.122982    -0.0264432    
0.0788326    0.132941    0.122982    0.0264432    0.0788326    0.132941    0.122982    0.0264432    
-0.0788326    -0.132941    -0.122982    -0.0264432    -0.0788326    -0.132941    -0.122982    -0.0264432    
-0.0788326    -0.132941    -0.122982    -0.0264432    -0.0788326    -0.132941    -0.122982    -0.0264432    
-0.0788325    -0.132941    -0.122982    -0.0264432    -0.0788325    -0.132941    -0.122982    -0.0264432    
0.0788325    0.132941    0.122982    0.0264432    0.0788325    0.132941    0.122982    0.0264432    
-0.0788325    -0.132941    -0.122982    -0.0264432    -0.0788325    -0.132941    -0.122982    -0.0264432    
0.0788325    0.132941    0.122982    0.0264432    0.0788325    0.132941    0.122982    0.0264432    
-0.0788325    -0.132941    -0.122982    -0.0264432    -0.0788325    -0.132941    -0.122982    -0.0264432    
-0.0788325    -0.132941    -0.122982    -0.0264432    -0.0788325    -0.132941    -0.122982    -0.0264432    
-0.0788325    -0.132941    -0.122982    -0.0264432    -0.0788325    -0.132941    -0.122982    -0.0264432    
-0.0788325    -0.132941    -0.122982    -0.0264432    -0.0788325    -0.132941    -0.122982    -0.0264432    
0.0788324    0.132941    0.122982    0.0264432    0.0788324    0.132941    0.122982    0.0264432    
-0.0788324    -0.132941    -0.122982    -0.0264432    -0.0788324    -0.132941    -0.122982    -0.0264432    
-0.0788324    -0.132941    -0.122982    -0.0264432    -0.0788324    -0.132941    -0.122982    -0.0264432    
-0.0788324    -0.13294    -0.122982    -0.0264433    -0.0788324    -0.13294    -0.122982    -0.0264433    
0.0788324    0.13294    0.122982    0.0264433    0.0788324    0.13294    0.122982    0.0264433    
0.0788324    0.13294    0.122982    0.0264433    0.0788324    0.13294    0.122982    0.0264433    
-0.0788324    -0.13294    -0.122982    -0.0264433    -0.0788324    -0.13294    -0.122982    -0.0264433    
0.0788324    0.13294    0.122982    0.0264433    0.0788324    0.13294    0.122982    0.0264433    
0.0788323    0.13294    0.122982    0.0264433    0.0788323    0.13294    0.122982    0.0264433    
-0.0788323    -0.13294    -0.122982    -0.0264433    -0.0788323    -0.13294    -0.122982    -0.0264433    
0.0788323    0.13294    0.122982    0.0264433    0.0788323    0.13294    0.122982    0.0264433    
-0.0788323    -0.13294    -0.122982    -0.0264433    -0.0788323    -0.13294    -0.122982    -0.0264433    
-0.0788323    -0.13294    -0.122982    -0.0264433    -0.0788323    -0.13294    -0.122982    -0.0264433    
0.0788323    0.13294    0.122982    0.0264433    0.0788323    0.13294    0.122982    0.0264433    
0.0788323    0.13294    0.122982    0.0264433    0.0788323    0.13294    0.122982    0.0264433    
0.0788323    0.13294    0.122982    0.0264433    0.0788323    0.13294    0.122982    0.0264433    
-0.0788323    -0.13294    -0.122982    -0.0264433    -0.0788323    -0.13294    -0.122982    -0.0264433    
-0.0788323    -0.13294    -0.122982    -0.0264433    -0.0788323    -0.13294    -0.122982    -0.0264433    
0.0788323    0.13294    0.122982    0.0264433    0.0788323    0.13294    0.122982    0.0264433    
0.0788323    0.13294    0.122982    0.0264433    0.0788323    0.13294    0.122982    0.0264433    
-0.0788323    -0.13294    -0.122982    -0.0264433    -0.0788323    -0.13294    -0.122982    -0.0264433    
0.0788323    0.13294    0.122982    0.0264433    0.0788323    0.13294    0.122982    0.0264433    
0.0788323    0.13294    0.122982    0.0264433    0.0788323    0.13294    0.122982    0.0264433    
-0.0788323    -0.13294    -0.122982    -0.0264433    -0.0788323    -0.13294    -0.122982    -0.0264433    
0.0788323    0.13294    0.122982    0.0264433    0.0788323    0.13294    0.122982    0.0264433    
-0.0788323    -0.13294    -0.122982    -0.0264433    -0.0788323    -0.13294    -0.122982    -0.0264433    
-0.0788323    -0.13294    -0.122982    -0.0264433    -0.0788323    -0.13294    -0.122982    -0.0264433    
-0.0788323    -0.13294    -0.122982    -0.0264433    -0.0788323    -0.13294    -0.122982    -0.0264433    
0.0788323    0.13294    0.122982    0.0264433    0.0788323    0.13294    0.122982    0.0264433    
0.0788323    0.13294    0.122982    0.0264433    0.0788323    0.13294    0.122982    0.0264433    
-0.0788323    -0.13294    -0.122982    -0.0264433    -0.0788323    -0.13294    -0.122982    -0.0264433    
-0.0788323    -0.13294    -0.122982    -0.0264433    -0.0788323    -0.13294    -0.122982    -0.0264433    
0.0788323    0.13294    0.122982    0.0264433    0.0788323    0.13294    0.122982    0.0264433    
-0.0788323    -0.13294    -0.122982    -0.0264433    -0.0788323    -0.13294    -0.122982    -0.0264433    
-0.0788323    -0.13294    -0.122982    -0.0264433    -0.0788323    -0.13294    -0.122982    -0.0264433    
0.0788324    0.13294    0.122982    0.0264433    0.0788324    0.13294    0.122982    0.0264433    
0.0788324    0.13294    0.122982    0.0264433    0.0788324    0.13294    0.122982    0.0264433    
0.0788324    0.13294    0.122982    0.0264433    0.0788324    0.13294    0.122982    0.0264433    
0.0788324    0.13294    0.122982    0.0264433    0.0788324    0.13294    0.122982    0.0264433    
0.0788324    0.13294    0.122982    0.0264433    0.0788324    0.13294    0.122982    0.0264433    
-0.0788324    -0.13294    -0.122982    -0.0264433    -0.0788324    -0.13294    -0.122982    -0.0264433    
0.0788324    0.13294    0.122982    0.0264433    0.0788324    0.13294    0.122982    0.0264433    
-0.0788324    -0.13294    -0.122982    -0.0264433    -0.0788324    -0.13294    -0.122982    -0.0264433    
0.0788324    0.13294    0.122982    0.0264433    0.0788324    0.13294    0.122982    0.0264433    
-0.0788324    -0.132941    -0.122982    -0.0264433    -0.0788324    -0.132941    -0.122982    -0.0264433    
0.0788324    0.132941    0.122982    0.0264432    0.0788324    0.132941    0.122982    0.0264432    
0.0788324    0.132941    0.122982    0.0264432    0.0788324    0.132941    0.122982    0.0264432    
-0.0788324    -0.132941    -0.122982    -0.0264432    -0.0788324    -0.132941    -0.122982    -0.0264432    
0.0788324    0.132941    0.122982    0.0264432    0.0788324    0.132941    0.122982    0.0264432    
0.0788324    0.132941    0.122982    0.0264432    0.0788324    0.132941    0.122982    0.0264432    
-0.0788324    -0.132941    -0.122982    -0.0264432    -0.0788324    -0.132941    -0.122982    -0.0264432    
-0.0788324    -0.132941    -0.122982    -0.0264432    -0.0788324    -0.132941    -0.122982    -0.0264432    
0.0788324    0.132941    0.122982    0.0264432    0.0788324    0.132941    0.122982    0.0264432    
0.0788324    0.132941    0.122982    0.0264432    0.0788324    0.132941    0.122982    0.0264432    
-0.0788324    -0.132941    -0.122982    -0.0264432    -0.0788324    -0.132941    -0.122982    -0.0264432    
0.0788324    0.132941    0.122982    0.0264432    0.0788324    0.132941    0.122982    0.0264432    
-0.0788324    -0.132941    -0.122982    -0.0264432    -0.0788324    -0.132941    -0.122982    -0.0264432    
-0.0788324    -0.132941    -0.122982    -0.0264432    -0.0788324    -0.132941    -0.122982    -0.0264432    
-0.0788324    -0.132941    -0.122982    -0.0264432    -0.0788324    -0.132941    -0.122982    -0.0264432    
0.0788324    0.132941    0.122982    0.0264432    0.0788324    0.132941    0.122982    0.0264432    
-0.0788324    -0.132941    -0.122982    -0.0264432    -0.0788324    -0.132941    -0.122982    -0.0264432    
-0.0788324    -0.132941    -0.122982    -0.0264432    -0.0788324    -0.132941    -0.122982    -0.0264432    
-0.0788324    -0.132941    -0.122982    -0.0264432    -0.0788324    -0.132941    -0.122982    -0.0264432    
0.0788324    0.132941    0.122982    0.0264432    0.0788324    0.132941    0.122982    0.0264432    
0.0788324    0.132941    0.122982    0.0264432    0.0788324    0.132941    0.122982    0.0264432    
-0.0788324    -0.132941    -0.122982    -0.0264432    -0.0788324    -0.132941    -0.122982    -0.0264432    
0.0788324    0.132941    0.122982    0.0264432    0.0788324    0.132941    0.122982    0.0264432    
0.0788324    0.132941    0.122982    0.0264432    0.0788324    0.132941    0.122982    0.0264432    
-0.0788324    -0.132941    -0.122982    -0.0264432    -0.0788324    -0.132941    -0.122982    -0.0264432    
0.0788324    0.132941    0.122982    0.0264432    0.0788324    0.132941    0.122982    0.0264432    
0.0788324    0.132941    0.122982    0.0264433    0.0788324    0.132941    0.122982    0.0264433    
0.0788324    0.13294    0.122982    0.0264433    0.0788324    0.13294    0.122982    0.0264433    
-0.0788324    -0.13294    -0.122982    -0.0264433    -0.0788324    -0.13294    -0.122982    -0.0264433    
-0.0788324    -0.13294    -0.122982    -0.0264433    -0.0788324    -0.13294    -0.122982    -0.0264433    
-0.0788324    -0.13294    -0.122982    -0.0264433    -0.0788324    -0.13294    -0.122982    -0.0264433    
0.0788324    0.13294    0.122982    0.0264433    0.0788324    0.13294    0.122982    0.0264433    
0.0788324    0.13294    0.122982    0.0264433    0.0788324    0.13294    0.122982    0.0264433    
0.0788324    0.13294    0.122982    0.0264433    0.0788324    0.13294    0.122982    0.0264433    
0.0788324    0.13294    0.122982    0.0264433    0.0788324    0.13294    0.122982    0.0264433    
-0.0788324    -0.13294    -0.122982    -0.0264433    -0.0788324    -0.13294    -0.122982    -0.0264433    
0.0788324    0.13294    0.122982    0.0264433    0.0788324    0.13294    0.122982    0.0264433    
0.0788324    0.13294    0.122982    0.0264433    0.0788324    0.13294    0.122982    0.0264433    
0.0788324    0.13294    0.122982    0.0264433    0.0788324    0.13294    0.122982    0.0264433    
-0.0788324    -0.13294    -0.122982    -0.0264433    -0.0788324    -0.13294    -0.122982    -0.0264433    
0.0788324    0.13294    0.122982    0.0264433    0.0788324    0.13294    0.122982    0.0264433    
0.0788324    0.13294    0.122982    0.0264433    0.0788324    0.13294    0.122982    0.0264433    
-0.0788324    -0.13294    -0.122982    -0.0264433    -0.0788324    -0.13294    -0.122982    -0.0264433    
0.0788324    0.13294    0.122982    0.0264433    0.0788324    0.13294    0.122982    0.0264433    
-0.0788324    -0.13294    -0.122982    -0.0264433    -0.0788324    -0.13294    -0.122982    -0.0264433    
-0.0788324    -0.13294    -0.122982    -0.0264433    -0.0788324    -0.13294    -0.122982    -0.0264433    
0.0788324    0.13294    0.122982    0.0264433    0.0788324    0.13294    0.122982    0.0264433    
-0.0788324    -0.13294    -0.122982    -0.0264433    -0.0788324    -0.13294    -0.122982    -0.0264433    
0.0788324    0.13294    0.122982    0.0264433    0.0788324    0.13294    0.122982    0.0264433    
-0.0788324    -0.13294    -0.122982    -0.0264433    -0.0788324    -0.13294    -0.122982    -0.0264433    
0.0788324    0.13294    0.122982    0.0264433    0.0788324    0.13294    0.122982    0.0264433    
0.0788324    0.13294    0.122982    0.0264433    0.0788324    0.13294    0.122982    0.0264433    
0.0788324    0.13294    0.122982    0.0264433    0.0788324    0.13294    0.122982    0.0264433    
0.0788324    0.13294    0.122982    0.0264433    0.0788324    0.13294    0.122982    0.0264433    
0.0788324    0.13294    0.122982    0.0264433    0.0788324    0.13294    0.122982    0.0264433    
0.0788324    0.13294    0.122982    0.0264433    0.0788324    0.13294    0.122982    0.0264433    
-0.0788324    -0.13294    -0.122982    -0.0264433    -0.0788324    -0.13294    -0.122982    -0.0264433    
0.0788324    0.13294    0.122982    0.0264433    0.0788324    0.13294    0.122982    0.0264433    
0.0788324    0.13294    0.122982    0.0264433    0.0788324    0.13294    0.122982    0.0264433    
0.0788324    0.13294    0.122982    0.0264433    0.0788324    0.13294    0.122982    0.0264433    
-0.0788324    -0.13294    -0.122982    -0.0264433    -0.0788324    -0.13294    -0.122982    -0.0264433    
0.0788324    0.13294    0.122982    0.0264433    0.0788324    0.13294    0.122982    0.0264433    
-0.0788324    -0.13294    -0.122982    -0.0264433    -0.0788324    -0.13294    -0.122982    -0.0264433    
0.0788324    0.13294    0.122982    0.0264433    0.0788324    0.13294    0.122982    0.0264433    
-0.0788324    -0.13294    -0.122982    -0.0264433    -0.0788324    -0.13294    -0.122982    -0.0264433    
0.0788324    0.13294    0.122982    0.0264433    0.0788324    0.13294    0.122982    0.0264433    
-0.0788324    -0.13294    -0.122982    -0.0264433    -0.0788324    -0.13294    -0.122982    -0.0264433    
0.0788324    0.13294    0.122982    0.0264433    0.0788324    0.13294    0.122982    0.0264433    
-0.0788324    -0.13294    -0.122982    -0.0264433    -0.0788324    -0.13294    -0.122982    -0.0264433    
-0.0788324    -0.13294    -0.122982    -0.0264433    -0.0788324    -0.13294    -0.122982    -0.0264433    
0.0788324    0.13294    0.122982    0.0264433    0.0788324    0.13294    0.122982    0.0264433    
0.0788324    0.13294    0.122982    0.0264433    0.0788324    0.13294    0.122982    0.0264433    
-0.0788324    -0.13294    -0.122982    -0.0264433    -0.0788324    -0.13294    -0.122982    -0.0264433    
-0.0788324    -0.13294    -0.122982    -0.0264433    -0.0788324    -0.13294    -0.122982    -0.0264433    
0.0788324    0.13294    0.122982    0.0264433    0.0788324    0.13294    0.122982    0.0264433    
0.0788324    0.13294    0.122982    0.0264433    0.0788324    0.13294    0.122982    0.0264433    
0.0788324    0.13294    0.122982    0.0264433    0.0788324    0.13294    0.122982    0.0264433    
-0.0788324    -0.13294    -0.122982    -0.0264433    -0.0788324    -0.13294    -0.122982    -0.0264433    
-0.0788324    -0.13294    -0.122982    -0.0264433    -0.0788324    -0.13294    -0.122982    -0.0264433    
-0.0788324    -0.13294    -0.122982    -0.0264433    -0.0788324    -0.13294    -0.122982    -0.0264433    
-0.0788324    -0.13294    -0.122982    -0.0264433    -0.0788324    -0.13294    -0.122982    -0.0264433    
0.0788324    0.13294    0.122982    0.0264433    0.0788324    0.13294    0.122982    0.0264433    
-0.0788324    -0.13294    -0.122982    -0.0264433    -0.0788324    -0.13294    -0.122982    -0.0264433    
0.0788324    0.13294    0.122982    0.0264433    0.0788324    0.13294    0.122982    0.0264433    
0.0788324    0.13294    0.122982    0.0264433    0.0788324    0.13294    0.122982    0.0264433    
0.0788324    0.13294    0.122982    0.0264433    0.0788324    0.13294    0.122982    0.0264433    
-0.0788324    -0.13294    -0.122982    -0.0264433    -0.0788324    -0.13294    -0.122982    -0.0264433    
0.0788324    0.13294    0.122982    0.0264433    0.0788324    0.13294    0.122982    0.0264433    
0.0788324    0.13294    0.122982    0.0264433    0.0788324    0.13294    0.122982    0.0264433    
0.0788324    0.13294    0.122982    0.0264433    0.0788324    0.13294    0.122982    0.0264433    
-0.0788324    -0.13294    -0.122982    -0.0264433    -0.0788324    -0.13294    -0.122982    -0.0264433    
0.0788324    0.13294    0.122982    0.0264433    0.0788324    0.13294    0.122982    0.0264433    
0.0788324    0.13294    0.122982    0.0264433    0.0788324    0.13294    0.122982    0.0264433    
0.0788324    0.13294    0.122982    0.0264433    0.0788324    0.13294    0.122982    0.0264433    
0.0788324    0.13294    0.122982    0.0264433    0.0788324    0.13294    0.122982    0.0264433    
-0.0788324    -0.13294    -0.122982    -0.0264433    -0.0788324    -0.13294    -0.122982    -0.0264433    
-0.0788324    -0.13294    -0.122982    -0.0264433    -0.0788324    -0.13294    -0.122982    -0.0264433    
-0.0788324    -0.13294    -0.122982    -0.0264433    -0.0788324    -0.13294    -0.122982    -0.0264433    
-0.0788324    -0.13294    -0.122982    -0.0264433    -0.0788324    -0.13294    -0.122982    -0.0264433    
-0.0788324    -0.13294    -0.122982    -0.0264433    -0.0788324    -0.13294    -0.122982    -0.0264433    
-0.0788324    -0.13294    -0.122982    -0.0264433    -0.0788324    -0.13294    -0.122982    -0.0264433    
-0.0788324    -0.13294    -0.122982    -0.0264433    -0.0788324    -0.13294    -0.122982    -0.0264433    
-0.0788324    -0.13294    -0.122982    -0.0264433    -0.0788324    -0.13294    -0.122982    -0.0264433    
0.0788324    0.13294    0.122982    0.0264433    0.0788324    0.13294    0.122982    0.0264433    
0.0788324    0.13294    0.122982    0.0264433    0.0788324    0.13294    0.122982    0.0264433    
0.0788324    0.13294    0.122982    0.0264433    0.0788324    0.13294    0.122982    0.0264433    
0.0788324    0.13294    0.122982    0.0264433    0.0788324    0.13294    0.122982    0.0264433    
-0.0788324    -0.13294    -0.122982    -0.0264433    -0.0788324    -0.13294    -0.122982    -0.0264433    
0.0788324    0.13294    0.122982    0.0264433    0.0788324    0.13294    0.122982    0.0264433    
-0.0788324    -0.13294    -0.122982    -0.0264433    -0.0788324    -0.13294    -0.122982    -0.0264433    
0.0788324    0.13294    0.122982    0.0264433    0.0788324    0.13294    0.122982    0.0264433    
0.0788324    0.13294    0.122982    0.0264433    0.0788324    0.13294    0.122982    0.0264433    
-0.0788324    -0.13294    -0.122982    -0.0264433    -0.0788324    -0.13294    -0.122982    -0.0264433    
0.0788324    0.13294    0.122982    0.0264433    0.0788324    0.13294    0.122982    0.0264433    
-0.0788324    -0.13294    -0.122982    -0.0264433    -0.0788324    -0.13294    -0.122982    -0.0264433    
0.0788324    0.13294    0.122982    0.0264433    0.0788324    0.13294    0.122982    0.0264433    
-0.0788324    -0.13294    -0.122982    -0.0264433    -0.0788324    -0.13294    -0.122982    -0.0264433    
0.0788324    0.13294    0.122982    0.0264433    0.0788324    0.13294    0.122982    0.0264433    
0.0788324    0.13294    0.122982    0.0264433    0.0788324    0.13294    0.122982    0.0264433    
0.0788324    0.13294    0.122982    0.0264433    0.0788324    0.13294    0.122982    0.0264433    
0.0788324    0.13294    0.122982    0.0264433    0.0788324    0.13294    0.122982    0.0264433    
-0.0788324    -0.13294    -0.122982    -0.0264433    -0.0788324    -0.13294    -0.122982    -0.0264433    
-0.0788324    -0.13294    -0.122982    -0.0264433    -0.0788324    -0.13294    -0.122982    -0.0264433    
-0.0788324    -0.13294    -0.122982    -0.0264433    -0.0788324    -0.13294    -0.122982    -0.0264433    
-0.0788324    -0.13294    -0.122982    -0.0264433    -0.0788324    -0.13294    -0.122982    -0.0264433    
-0.0788324    -0.13294    -0.122982    -0.0264433    -0.0788324    -0.13294    -0.122982    -0.0264433    
-0.0788324    -0.13294    -0.122982    -0.0264433    -0.0788324    -0.13294    -0.122982    -0.0264433    
0.0788324    0.13294    0.122982    0.0264433    0.0788324    0.13294    0.122982    0.0264433    
0.0788324    0.13294    0.122982    0.0264433    0.0788324    0.13294    0.122982    0.0264433    
-0.0788324    -0.13294    -0.122982    -0.0264433    -0.0788324    -0.13294    -0.122982    -0.0264433    
-0.0788324    -0.13294    -0.122982    -0.0264433    -0.0788324    -0.13294    -0.122982    -0.0264433    
0.0788324    0.13294    0.122982    0.0264433    0.0788324    0.13294    0.122982    0.0264433    
-0.0788324    -0.13294    -0.122982    -0.0264433    -0.0788324    -0.13294    -0.122982    -0.0264433    
0.0788324    0.13294    0.122982    0.0264433    0.0788324    0.13294    0.122982    0.0264433    
-0.0788324    -0.13294    -0.122982    -0.0264433    -0.0788324    -0.13294    -0.122982    -0.0264433    
-0.0788324    -0.13294    -0.122982    -0.0264433    -0.0788324    -0.13294    -0.122982    -0.0264433    
0.0788324    0.13294    0.122982    0.0264433    0.0788324    0.13294    0.122982    0.0264433    
0.0788324    0.13294    0.122982    0.0264433    0.0788324    0.13294    0.122982    0.0264433    
0.0788324    0.13294    0.122982    0.0264433    0.0788324    0.13294    0.122982    0.0264433    
0.0788324    0.13294    0.122982    0.0264433    0.0788324    0.13294    0.122982    0.0264433    
0.0788324    0.13294    0.122982    0.0264433    0.0788324    0.13294    0.122982    0.0264433    
-0.0788324    -0.13294    -0.122982    -0.0264433    -0.0788324    -0.13294    -0.122982    -0.0264433    
0.0788324    0.13294    0.122982    0.0264433    0.0788324    0.13294    0.122982    0.0264433    
-0.0788324    -0.13294    -0.122982    -0.0264433    -0.0788324    -0.13294    -0.122982    -0.0264433    
-0.0788324    -0.13294    -0.122982    -0.0264433    -0.0788324    -0.13294    -0.122982    -0.0264433    
-0.0788324    -0.13294    -0.122982    -0.0264433    -0.0788324    -0.13294    -0.122982    -0.0264433    
-0.0788324    -0.13294    -0.122982    -0.0264433    -0.0788324    -0.13294    -0.122982    -0.0264433    
0.0788324    0.13294    0.122982    0.0264433    0.0788324    0.13294    0.122982    0.0264433    
-0.0788324    -0.13294    -0.122982    -0.0264433    -0.0788324    -0.13294    -0.122982    -0.0264433    
-0.0788324    -0.13294    -0.122982    -0.0264433    -0.0788324    -0.13294    -0.122982    -0.0264433    
0.0788324    0.13294    0.122982    0.0264433    0.0788324    0.13294    0.122982    0.0264433    
0.0788324    0.13294    0.122982    0.0264433    0.0788324    0.13294    0.122982    0.0264433    
0.0788324    0.13294    0.122982    0.0264433    0.0788324    0.13294    0.122982    0.0264433    
0.0788324    0.13294    0.122982    0.0264433    0.0788324    0.13294    0.122982    0.0264433    
-0.0788324    -0.13294    -0.122982    -0.0264433    -0.0788324    -0.13294    -0.122982    -0.0264433    
0.0788324    0.13294    0.122982    0.0264433    0.0788324    0.13294    0.122982    0.0264433    
0.0788324    0.13294    0.122982    0.0264433    0.0788324    0.13294    0.122982    0.0264433    
0.0788324    0.13294    0.122982    0.0264433    0.0788324    0.13294    0.122982    0.0264433    
-0.0788324    -0.13294    -0.122982    -0.0264433    -0.0788324    -0.13294    -0.122982    -0.0264433    
-0.0788324    -0.13294    -0.122982    -0.0264433    -0.0788324    -0.13294    -0.122982    -0.0264433    
