0.0841991    0.147851    0.122032    0.0232973    0.0841991    0.147851    0.122032    0.0232973    
0.0849267    0.148412    0.122747    0.0241095    0.0849267    0.148412    0.122747    0.0241095    
0.0838325    0.146475    0.121403    0.0238583    0.0838325    0.146475    0.121403    0.0238583    
0.0844715    0.147475    0.122704    0.024129    0.0844715    0.147475    0.122704    0.024129    
0.0835499    0.145645    0.121732    0.0240936    0.0835499    0.145645    0.121732    0.0240936    
0.0837932    0.145877    0.122626    0.0243295    0.0837932    0.145877    0.122626    0.0243295    
0.0830312    0.144266    0.122039    0.0243835    0.0830312    0.144266    0.122039    0.0243835    
0.0830059    0.143947    0.122646    0.0246135    0.0830059    0.143947    0.122646    0.0246135    
0.0823445    0.142462    0.122304    0.0247264    0.0823445    0.142462    0.122304    0.0247264    
0.0821538    0.141793    0.122723    0.0249548    0.0821538    0.141793    0.122723    0.0249548    
0.0815645    0.140395    0.122529    0.0251057    0.0815645    0.140395    0.122529    0.0251057    
0.0812818    0.139525    0.122822    0.0253318    0.0812818    0.139525    0.122822    0.0253318    
0.0807533    0.138211    0.122715    0.025505    0.0807533    0.138211    0.122715    0.025505    
0.0804299    0.13725    0.122919    0.0257256    0.0804299    0.13725    0.122919    0.0257256    
0.0799585    0.136029    0.12286    0.0259086    0.0799585    0.136029    0.12286    0.0259086    
0.0796286    0.135057    0.123    0.0261199    0.0796286    0.135057    0.123    0.0261199    
0.0792134    0.133944    0.122965    0.0263028    0.0792134    0.133944    0.122965    0.0263028    
0.078899    0.133015    0.123057    0.0265008    0.078899    0.133015    0.123057    0.0265008    
0.0785389    0.132021    0.123032    0.0266758    0.0785389    0.132021    0.123032    0.0266758    
0.0782531    0.131172    0.123089    0.0268568    0.0782531    0.131172    0.123089    0.0268568    
0.0779462    0.130307    0.123067    0.0270181    0.0779462    0.130307    0.123067    0.0270181    
0.0776961    0.129559    0.123098    0.027179    0.0776961    0.129559    0.123098    0.027179    
0.0774402    0.128824    0.123078    0.0273223    0.0774402    0.128824    0.123078    0.0273223    
0.0772288    0.128189    0.123091    0.0274606    0.0772288    0.128189    0.123091    0.0274606    
0.0770208    0.127585    0.123071    0.0275827    0.0770208    0.127585    0.123071    0.0275827    
0.076849    0.127067    0.123073    0.0276968    0.076849    0.127067    0.123073    0.0276968    
0.076686    0.12659    0.123054    0.0277956    0.076686    0.12659    0.123054    0.0277956    
0.076553    0.126189    0.12305    0.0278847    0.076553    0.126189    0.12305    0.0278847    
0.0764319    0.125834    0.123034    0.0279591    0.0764319    0.125834    0.123034    0.0279591    
0.0763364    0.125547    0.123028    0.0280228    0.0763364    0.125547    0.123028    0.0280228    
0.0762544    0.125307    0.123014    0.0280726    0.0762544    0.125307    0.123014    0.0280726    
0.0761947    0.125128    0.123009    0.0281113    0.0761947    0.125128    0.123009    0.0281113    
0.076149    0.124998    0.123    0.0281369    0.076149    0.124998    0.123    0.0281369    
0.0761231    0.124923    0.122997    0.0281514    0.0761231    0.124923    0.122997    0.0281514    
0.0761109    0.124894    0.122991    0.0281538    0.0761109    0.124894    0.122991    0.0281538    
0.0761186    0.124915    0.122991    0.0281455    0.0761186    0.124915    0.122991    0.0281455    
0.0761369    0.124982    0.12299    0.0281261    0.0761369    0.124982    0.12299    0.0281261    
0.0761725    0.125095    0.122992    0.0280968    0.0761725    0.125095    0.122992    0.0280968    
0.0762214    0.125249    0.122994    0.0280575    0.0762214    0.125249    0.122994    0.0280575    
0.0762846    0.125445    0.122998    0.0280093    0.0762846    0.125445    0.122998    0.0280093    
0.0763603    0.125679    0.123002    0.0279524    0.0763603    0.125679    0.123002    0.0279524    
0.076449    0.125952    0.123008    0.0278877    0.076449    0.125952    0.123008    0.0278877    
0.0765492    0.126259    0.123012    0.0278156    0.0765492    0.126259    0.123012    0.0278156    
0.0766608    0.126599    0.123017    0.027737    0.0766608    0.126599    0.123017    0.027737    
0.0767827    0.12697    0.123021    0.0276525    0.0767827    0.12697    0.123021    0.0276525    
0.0769147    0.127368    0.123025    0.0275628    0.0769147    0.127368    0.123025    0.0275628    
0.0770554    0.127792    0.123027    0.0274687    0.0770554    0.127792    0.123027    0.0274687    
0.0772045    0.128239    0.123029    0.0273709    0.0772045    0.128239    0.123029    0.0273709    
0.0773608    0.128706    0.123028    0.0272702    0.0773608    0.128706    0.123028    0.0272702    
0.0775236    0.129189    0.123026    0.0271673    0.0775236    0.129189    0.123026    0.0271673    
0.0776917    0.129686    0.123022    0.027063    0.0776917    0.129686    0.123022    0.027063    
0.0778641    0.130193    0.123016    0.026958    0.0778641    0.130193    0.123016    0.026958    
0.0780396    0.130706    0.123009    0.026853    0.0780396    0.130706    0.123009    0.026853    
0.0782172    0.131223    0.123    0.0267489    0.0782172    0.131223    0.123    0.0267489    
0.0783954    0.131738    0.122989    0.0266463    0.0783954    0.131738    0.122989    0.0266463    
0.0785731    0.132249    0.122977    0.0265459    0.0785731    0.132249    0.122977    0.0265459    
0.0787489    0.132751    0.122963    0.0264483    0.0787489    0.132751    0.122963    0.0264483    
0.0789214    0.133242    0.122949    0.0263543    0.0789214    0.133242    0.122949    0.0263543    
0.0790893    0.133716    0.122933    0.0262643    0.0790893    0.133716    0.122933    0.0262643    
0.0792513    0.134172    0.122918    0.026179    0.0792513    0.134172    0.122918    0.026179    
0.079406    0.134604    0.122902    0.0260989    0.079406    0.134604    0.122902    0.0260989    
0.0795523    0.135011    0.122886    0.0260244    0.0795523    0.135011    0.122886    0.0260244    
0.0796888    0.135388    0.122871    0.0259559    0.0796888    0.135388    0.122871    0.0259559    
0.0798145    0.135734    0.122857    0.0258939    0.0798145    0.135734    0.122857    0.0258939    
0.0799285    0.136046    0.122844    0.0258386    0.0799285    0.136046    0.122844    0.0258386    
0.0800299    0.136322    0.122832    0.0257902    0.0800299    0.136322    0.122832    0.0257902    
0.0801179    0.13656    0.122822    0.025749    0.0801179    0.13656    0.122822    0.025749    
0.080192    0.13676    0.122814    0.025715    0.080192    0.13676    0.122814    0.025715    
0.0802519    0.13692    0.122808    0.0256884    0.0802519    0.13692    0.122808    0.0256884    
0.0802972    0.137041    0.122803    0.0256689    0.0802972    0.137041    0.122803    0.0256689    
0.0803281    0.137121    0.122801    0.0256567    0.0803281    0.137121    0.122801    0.0256567    
0.0803457    0.137162    0.122801    0.0256515    0.0803457    0.137162    0.122801    0.0256515    
0.0803461    0.137164    0.122803    0.025653    0.0803461    0.137164    0.122803    0.025653    
0.0803342    0.137133    0.122806    0.0256616    0.0803342    0.137133    0.122806    0.0256616    
0.0803118    0.137063    0.122811    0.0256761    0.0803118    0.137063    0.122811    0.0256761    
0.0802754    0.13696    0.122819    0.0256966    0.0802754    0.13696    0.122819    0.0256966    
0.0802275    0.136827    0.122827    0.0257227    0.0802275    0.136827    0.122827    0.0257227    
0.0801693    0.136664    0.122837    0.0257539    0.0801693    0.136664    0.122837    0.0257539    
0.0801016    0.136476    0.122848    0.0257897    0.0801016    0.136476    0.122848    0.0257897    
0.0800255    0.136265    0.122859    0.0258298    0.0800255    0.136265    0.122859    0.0258298    
0.0799421    0.136033    0.122872    0.0258735    0.0799421    0.136033    0.122872    0.0258735    
0.0798527    0.135784    0.122884    0.0259205    0.0798527    0.135784    0.122884    0.0259205    
0.0797582    0.135521    0.122897    0.0259701    0.0797582    0.135521    0.122897    0.0259701    
0.0796598    0.135246    0.12291    0.0260218    0.0796598    0.135246    0.12291    0.0260218    
0.0795586    0.134963    0.122922    0.0260752    0.0795586    0.134963    0.122922    0.0260752    
0.0794557    0.134674    0.122935    0.0261297    0.0794557    0.134674    0.122935    0.0261297    
0.0793519    0.134383    0.122946    0.0261849    0.0793519    0.134383    0.122946    0.0261849    
0.0792483    0.134091    0.122958    0.0262403    0.0792483    0.134091    0.122958    0.0262403    
0.0791457    0.133802    0.122968    0.0262953    0.0791457    0.133802    0.122968    0.0262953    
0.0790449    0.133517    0.122978    0.0263497    0.0790449    0.133517    0.122978    0.0263497    
0.0789467    0.133239    0.122987    0.026403    0.0789467    0.133239    0.122987    0.026403    
0.0788516    0.132969    0.122995    0.0264547    0.0788516    0.132969    0.122995    0.0264547    
0.0787604    0.132709    0.123002    0.0265046    0.0787604    0.132709    0.123002    0.0265046    
0.0786734    0.132461    0.123009    0.0265524    0.0786734    0.132461    0.123009    0.0265524    
0.0785912    0.132227    0.123014    0.0265977    0.0785912    0.132227    0.123014    0.0265977    
0.0785141    0.132007    0.123019    0.0266403    0.0785141    0.132007    0.123019    0.0266403    
0.0784425    0.131802    0.123023    0.0266799    0.0784425    0.131802    0.123023    0.0266799    
0.0783766    0.131613    0.123027    0.0267164    0.0783766    0.131613    0.123027    0.0267164    
0.0783166    0.131441    0.12303    0.0267497    0.0783166    0.131441    0.12303    0.0267497    
0.0782628    0.131287    0.123032    0.0267795    0.0782628    0.131287    0.123032    0.0267795    
0.0782151    0.131151    0.123034    0.0268058    0.0782151    0.131151    0.123034    0.0268058    
0.0781737    0.131032    0.123035    0.0268285    0.0781737    0.131032    0.123035    0.0268285    
0.0781385    0.130932    0.123036    0.0268476    0.0781385    0.130932    0.123036    0.0268476    
0.0781097    0.13085    0.123037    0.026863    0.0781097    0.13085    0.123037    0.026863    
0.078087    0.130785    0.123037    0.0268749    0.078087    0.130785    0.123037    0.0268749    
0.0780705    0.130739    0.123037    0.0268831    0.0780705    0.130739    0.123037    0.0268831    
0.0780588    0.130711    0.123036    0.0268879    0.0780588    0.130711    0.123036    0.0268879    
0.0780573    0.130705    0.123032    0.0268901    0.0780573    0.130705    0.123032    0.0268901    
0.0780569    0.130705    0.123034    0.0268871    0.0780569    0.130705    0.123034    0.0268871    
0.0780594    0.130714    0.123039    0.0268805    0.0780594    0.130714    0.123039    0.0268805    
0.0780746    0.130759    0.123032    0.0268737    0.0780746    0.130759    0.123032    0.0268737    
0.0780911    0.130809    0.12303    0.0268625    0.0780911    0.130809    0.12303    0.0268625    
0.0781128    0.130874    0.123029    0.0268487    0.0781128    0.130874    0.123029    0.0268487    
0.0781386    0.13095    0.123027    0.0268323    0.0781386    0.13095    0.123027    0.0268323    
0.0781687    0.131039    0.123025    0.0268137    0.0781687    0.131039    0.123025    0.0268137    
0.0782025    0.131138    0.123022    0.026793    0.0782025    0.131138    0.123022    0.026793    
0.0782399    0.131247    0.12302    0.0267704    0.0782399    0.131247    0.12302    0.0267704    
0.0782803    0.131365    0.123017    0.0267461    0.0782803    0.131365    0.123017    0.0267461    
0.0783235    0.131491    0.123014    0.0267205    0.0783235    0.131491    0.123014    0.0267205    
0.078369    0.131623    0.123011    0.0266937    0.078369    0.131623    0.123011    0.0266937    
0.0784166    0.131761    0.123007    0.0266659    0.0784166    0.131761    0.123007    0.0266659    
0.0784657    0.131903    0.123004    0.0266375    0.0784657    0.131903    0.123004    0.0266375    
0.0785161    0.132049    0.123    0.0266086    0.0785161    0.132049    0.123    0.0266086    
0.0785672    0.132196    0.122996    0.0265794    0.0785672    0.132196    0.122996    0.0265794    
0.0786188    0.132344    0.122992    0.0265503    0.0786188    0.132344    0.122992    0.0265503    
0.0786704    0.132492    0.122988    0.0265213    0.0786704    0.132492    0.122988    0.0265213    
0.0787216    0.132638    0.122984    0.0264928    0.0787216    0.132638    0.122984    0.0264928    
0.078772    0.132782    0.12298    0.0264649    0.078772    0.132782    0.12298    0.0264649    
0.0788214    0.132923    0.122976    0.0264378    0.0788214    0.132923    0.122976    0.0264378    
0.0788693    0.133059    0.122972    0.0264117    0.0788693    0.133059    0.122972    0.0264117    
0.0789154    0.13319    0.122968    0.0263868    0.0789154    0.13319    0.122968    0.0263868    
0.0789594    0.133314    0.122964    0.0263632    0.0789594    0.133314    0.122964    0.0263632    
0.079001    0.133432    0.122961    0.026341    0.079001    0.133432    0.122961    0.026341    
0.07904    0.133541    0.122958    0.0263204    0.07904    0.133541    0.122958    0.0263204    
0.0790761    0.133643    0.122954    0.0263015    0.0790761    0.133643    0.122954    0.0263015    
0.0791091    0.133735    0.122952    0.0262844    0.0791091    0.133735    0.122952    0.0262844    
0.0791388    0.133818    0.122949    0.0262691    0.0791388    0.133818    0.122949    0.0262691    
0.0791651    0.133892    0.122947    0.0262557    0.0791651    0.133892    0.122947    0.0262557    
0.0791879    0.133955    0.122945    0.0262443    0.0791879    0.133955    0.122945    0.0262443    
0.079207    0.134008    0.122944    0.0262348    0.079207    0.134008    0.122944    0.0262348    
0.0792243    0.13405    0.122943    0.0262272    0.0792243    0.13405    0.122943    0.0262272    
0.0792364    0.134083    0.122942    0.0262217    0.0792364    0.134083    0.122942    0.0262217    
0.0792444    0.134105    0.122942    0.0262181    0.0792444    0.134105    0.122942    0.0262181    
0.0792458    0.134111    0.122946    0.0262154    0.0792458    0.134111    0.122946    0.0262154    
0.0792458    0.134111    0.122946    0.0262154    0.0792458    0.134111    0.122946    0.0262154    
0.0792463    0.134112    0.122944    0.0262186    0.0792463    0.134112    0.122944    0.0262186    
0.0792442    0.134105    0.122939    0.0262232    0.0792442    0.134105    0.122939    0.0262232    
0.0792308    0.134073    0.122945    0.0262275    0.0792308    0.134073    0.122945    0.0262275    
0.0792186    0.13404    0.122946    0.0262343    0.0792186    0.13404    0.122946    0.0262343    
0.079204    0.134    0.122948    0.0262426    0.079204    0.134    0.122948    0.0262426    
0.07919    0.133951    0.122951    0.026252    0.07919    0.133951    0.122951    0.026252    
0.0791713    0.133897    0.122953    0.0262627    0.0791713    0.133897    0.122953    0.0262627    
0.0791503    0.133837    0.122955    0.0262744    0.0791503    0.133837    0.122955    0.0262744    
0.0791277    0.133773    0.122958    0.026287    0.0791277    0.133773    0.122958    0.026287    
0.0791034    0.133704    0.122961    0.0263004    0.0791034    0.133704    0.122961    0.0263004    
0.079078    0.133631    0.122963    0.0263145    0.079078    0.133631    0.122963    0.0263145    
0.0790515    0.133556    0.122966    0.0263291    0.0790515    0.133556    0.122966    0.0263291    
0.0790243    0.133479    0.122969    0.0263441    0.0790243    0.133479    0.122969    0.0263441    
0.0789966    0.1334    0.122972    0.0263594    0.0789966    0.1334    0.122972    0.0263594    
0.0789686    0.13332    0.122974    0.0263747    0.0789686    0.13332    0.122974    0.0263747    
0.0789406    0.133241    0.122977    0.0263901    0.0789406    0.133241    0.122977    0.0263901    
0.0789128    0.133162    0.122979    0.0264054    0.0789128    0.133162    0.122979    0.0264054    
0.0788853    0.133084    0.122982    0.0264204    0.0788853    0.133084    0.122982    0.0264204    
0.0788585    0.133007    0.122984    0.0264351    0.0788585    0.133007    0.122984    0.0264351    
0.0788324    0.132933    0.122986    0.0264493    0.0788324    0.132933    0.122986    0.0264493    
0.0788073    0.132862    0.122988    0.026463    0.0788073    0.132862    0.122988    0.026463    
0.0787833    0.132794    0.12299    0.0264761    0.0787833    0.132794    0.12299    0.0264761    
0.0787606    0.132729    0.122992    0.0264885    0.0787606    0.132729    0.122992    0.0264885    
0.0787392    0.132668    0.122994    0.0265    0.0787392    0.132668    0.122994    0.0265    
0.0787193    0.132612    0.122995    0.0265108    0.0787193    0.132612    0.122995    0.0265108    
0.078701    0.13256    0.122996    0.0265207    0.078701    0.13256    0.122996    0.0265207    
0.0786844    0.132513    0.122997    0.0265296    0.0786844    0.132513    0.122997    0.0265296    
0.0786676    0.132471    0.122998    0.0265377    0.0786676    0.132471    0.122998    0.0265377    
0.0786539    0.132434    0.122999    0.0265446    0.0786539    0.132434    0.122999    0.0265446    
0.0786425    0.132402    0.122999    0.0265506    0.0786425    0.132402    0.122999    0.0265506    
0.0786332    0.132375    0.123    0.0265555    0.0786332    0.132375    0.123    0.0265555    
0.0786259    0.132353    0.123    0.0265594    0.0786259    0.132353    0.123    0.0265594    
0.0786238    0.132345    0.122995    0.0265637    0.0786238    0.132345    0.122995    0.0265637    
0.0786178    0.132329    0.122995    0.0265657    0.0786178    0.132329    0.122995    0.0265657    
0.0786158    0.132325    0.123001    0.0265648    0.0786158    0.132325    0.123001    0.0265648    
0.0786158    0.132325    0.123001    0.0265648    0.0786158    0.132325    0.123001    0.0265648    
0.0786155    0.132323    0.122998    0.0265645    0.0786155    0.132323    0.122998    0.0265645    
0.0786163    0.132326    0.123001    0.0265618    0.0786163    0.132326    0.123001    0.0265618    
0.0786197    0.132335    0.123004    0.0265581    0.0786197    0.132335    0.123004    0.0265581    
0.0786263    0.132352    0.123005    0.0265542    0.0786263    0.132352    0.123005    0.0265542    
0.0786352    0.132374    0.123003    0.0265503    0.0786352    0.132374    0.123003    0.0265503    
0.0786414    0.132392    0.123005    0.0265446    0.0786414    0.132392    0.123005    0.0265446    
0.0786553    0.132428    0.122996    0.0265414    0.0786553    0.132428    0.122996    0.0265414    
0.0786654    0.132458    0.122995    0.0265351    0.0786654    0.132458    0.122995    0.0265351    
0.0786769    0.132491    0.122994    0.0265286    0.0786769    0.132491    0.122994    0.0265286    
0.078689    0.132526    0.122993    0.0265216    0.078689    0.132526    0.122993    0.0265216    
0.0787021    0.132563    0.122992    0.0265143    0.0787021    0.132563    0.122992    0.0265143    
0.0787155    0.132601    0.122991    0.0265066    0.0787155    0.132601    0.122991    0.0265066    
0.0787296    0.132641    0.12299    0.0264987    0.0787296    0.132641    0.12299    0.0264987    
0.0787438    0.132681    0.122989    0.0264907    0.0787438    0.132681    0.122989    0.0264907    
0.0787583    0.132723    0.122987    0.0264826    0.0787583    0.132723    0.122987    0.0264826    
0.0787729    0.132764    0.122986    0.0264745    0.0787729    0.132764    0.122986    0.0264745    
0.0787874    0.132806    0.122985    0.0264665    0.0787874    0.132806    0.122985    0.0264665    
0.0788018    0.132847    0.122984    0.0264585    0.0788018    0.132847    0.122984    0.0264585    
0.078816    0.132887    0.122983    0.0264507    0.078816    0.132887    0.122983    0.0264507    
0.0788297    0.132927    0.122981    0.0264431    0.0788297    0.132927    0.122981    0.0264431    
0.0788431    0.132965    0.12298    0.0264358    0.0788431    0.132965    0.12298    0.0264358    
0.0788559    0.133002    0.122979    0.0264287    0.0788559    0.133002    0.122979    0.0264287    
0.0788681    0.133037    0.122978    0.0264221    0.0788681    0.133037    0.122978    0.0264221    
0.0788796    0.13307    0.122977    0.0264158    0.0788796    0.13307    0.122977    0.0264158    
0.0788903    0.133101    0.122976    0.02641    0.0788903    0.133101    0.122976    0.02641    
0.0789003    0.133129    0.122975    0.0264046    0.0789003    0.133129    0.122975    0.0264046    
0.0789093    0.133156    0.122975    0.0263997    0.0789093    0.133156    0.122975    0.0263997    
0.0789175    0.133179    0.122974    0.0263954    0.0789175    0.133179    0.122974    0.0263954    
0.0789202    0.133189    0.12298    0.0263898    0.0789202    0.133189    0.12298    0.0263898    
0.0789282    0.133211    0.122982    0.0263859    0.0789282    0.133211    0.122982    0.0263859    
0.0789365    0.13323    0.12297    0.0263863    0.0789365    0.13323    0.12297    0.0263863    
0.0789412    0.133247    0.122973    0.026383    0.0789412    0.133247    0.122973    0.026383    
0.0789424    0.133251    0.122975    0.0263807    0.0789424    0.133251    0.122975    0.0263807    
0.0789457    0.133261    0.122975    0.0263795    0.0789457    0.133261    0.122975    0.0263795    
0.0789457    0.133261    0.122975    0.0263795    0.0789457    0.133261    0.122975    0.0263795    
0.0789478    0.133266    0.122971    0.0263797    0.0789478    0.133266    0.122971    0.0263797    
0.0789479    0.133267    0.122973    0.0263799    0.0789479    0.133267    0.122973    0.0263799    
0.0789479    0.133267    0.122973    0.0263799    0.0789479    0.133267    0.122973    0.0263799    
0.0789466    0.133263    0.122971    0.0263832    0.0789466    0.133263    0.122971    0.0263832    
0.0789434    0.133255    0.122968    0.0263851    0.0789434    0.133255    0.122968    0.0263851    
0.0789372    0.133242    0.122975    0.0263857    0.0789372    0.133242    0.122975    0.0263857    
0.0789356    0.133235    0.122969    0.0263897    0.0789356    0.133235    0.122969    0.0263897    
0.0789294    0.133218    0.122969    0.0263932    0.0789294    0.133218    0.122969    0.0263932    
0.0789218    0.133199    0.122972    0.0263954    0.0789218    0.133199    0.122972    0.0263954    
0.0789181    0.133187    0.12297    0.0263996    0.0789181    0.133187    0.12297    0.0263996    
0.0789115    0.133168    0.122969    0.0264037    0.0789115    0.133168    0.122969    0.0264037    
0.078902    0.133144    0.122974    0.0264064    0.078902    0.133144    0.122974    0.0264064    
0.0788981    0.133131    0.122971    0.0264114    0.0788981    0.133131    0.122971    0.0264114    
0.0788898    0.133107    0.12297    0.0264159    0.0788898    0.133107    0.12297    0.0264159    
0.0788795    0.133081    0.122976    0.0264187    0.0788795    0.133081    0.122976    0.0264187    
0.0788755    0.133067    0.122973    0.0264241    0.0788755    0.133067    0.122973    0.0264241    
0.0788634    0.133035    0.12298    0.0264263    0.0788634    0.133035    0.12298    0.0264263    
0.0788608    0.133025    0.122975    0.0264325    0.0788608    0.133025    0.122975    0.0264325    
0.0788479    0.132991    0.122981    0.0264348    0.0788479    0.132991    0.122981    0.0264348    
0.0788454    0.132981    0.122976    0.0264408    0.0788454    0.132981    0.122976    0.0264408    
0.0788331    0.132949    0.122982    0.0264429    0.0788331    0.132949    0.122982    0.0264429    
0.0788307    0.132939    0.122978    0.0264486    0.0788307    0.132939    0.122978    0.0264486    
0.0788193    0.132909    0.122984    0.0264505    0.0788193    0.132909    0.122984    0.0264505    
0.0788171    0.132901    0.12298    0.0264557    0.0788171    0.132901    0.12298    0.0264557    
0.0788113    0.132883    0.122976    0.0264598    0.0788113    0.132883    0.122976    0.0264598    
0.0788016    0.13286    0.122988    0.0264598    0.0788016    0.13286    0.122988    0.0264598    
0.0787963    0.132842    0.122985    0.0264636    0.0787963    0.132842    0.122985    0.0264636    
0.0787946    0.132835    0.122983    0.0264671    0.0787946    0.132835    0.122983    0.0264671    
0.07879    0.132822    0.122981    0.02647    0.07879    0.132822    0.122981    0.02647    
0.0787836    0.132807    0.122988    0.0264699    0.0787836    0.132807    0.122988    0.0264699    
0.0787826    0.132801    0.122984    0.0264731    0.0787826    0.132801    0.122984    0.0264731    
0.0787787    0.13279    0.122983    0.0264748    0.0787787    0.13279    0.122983    0.0264748    
0.0787758    0.132783    0.122989    0.0264744    0.0787758    0.132783    0.122989    0.0264744    
0.0787751    0.132779    0.122985    0.0264765    0.0787751    0.132779    0.122985    0.0264765    
0.0787751    0.132779    0.122985    0.0264765    0.0787751    0.132779    0.122985    0.0264765    
0.078772    0.13277    0.122986    0.0264777    0.078772    0.13277    0.122986    0.0264777    
0.078772    0.13277    0.122986    0.0264777    0.078772    0.13277    0.122986    0.0264777    
0.0787716    0.132769    0.122987    0.0264766    0.0787716    0.132769    0.122987    0.0264766    
0.0787716    0.132769    0.122987    0.0264766    0.0787716    0.132769    0.122987    0.0264766    
0.0787722    0.132771    0.122988    0.0264753    0.0787722    0.132771    0.122988    0.0264753    
0.0787722    0.132771    0.122988    0.0264753    0.0787722    0.132771    0.122988    0.0264753    
0.0787745    0.132777    0.12299    0.0264724    0.0787745    0.132777    0.12299    0.0264724    
0.0787745    0.132777    0.12299    0.0264724    0.0787745    0.132777    0.12299    0.0264724    
0.078779    0.132789    0.122992    0.026469    0.078779    0.132789    0.122992    0.026469    
0.0787856    0.132804    0.122987    0.0264696    0.0787856    0.132804    0.122987    0.0264696    
0.0787867    0.132808    0.122988    0.0264667    0.0787867    0.132808    0.122988    0.0264667    
0.0787892    0.132816    0.122991    0.0264645    0.0787892    0.132816    0.122991    0.0264645    
0.0787954    0.132831    0.122985    0.0264638    0.0787954    0.132831    0.122985    0.0264638    
0.0787966    0.132836    0.122989    0.0264607    0.0787966    0.132836    0.122989    0.0264607    
0.0788012    0.132849    0.122989    0.026458    0.0788012    0.132849    0.122989    0.026458    
0.0788069    0.132864    0.122986    0.0264569    0.0788069    0.132864    0.122986    0.0264569    
0.0788088    0.132871    0.122987    0.0264539    0.0788088    0.132871    0.122987    0.0264539    
0.078813    0.132883    0.122989    0.0264514    0.078813    0.132883    0.122989    0.0264514    
0.0788192    0.132899    0.122983    0.0264504    0.0788192    0.132899    0.122983    0.0264504    
0.0788206    0.132904    0.122987    0.0264473    0.0788206    0.132904    0.122987    0.0264473    
0.078825    0.132917    0.122988    0.0264446    0.078825    0.132917    0.122988    0.0264446    
0.0788311    0.132932    0.122982    0.0264441    0.0788311    0.132932    0.122982    0.0264441    
0.0788323    0.132938    0.122985    0.026441    0.0788323    0.132938    0.122985    0.026441    
0.0788362    0.132949    0.122987    0.0264385    0.0788362    0.132949    0.122987    0.0264385    
0.0788418    0.132963    0.122981    0.0264383    0.0788418    0.132963    0.122981    0.0264383    
0.0788428    0.132968    0.122984    0.0264354    0.0788428    0.132968    0.122984    0.0264354    
0.0788463    0.132978    0.122985    0.0264334    0.0788463    0.132978    0.122985    0.0264334    
0.0788507    0.132989    0.12298    0.0264334    0.0788507    0.132989    0.12298    0.0264334    
0.0788515    0.132993    0.122983    0.026431    0.0788515    0.132993    0.122983    0.026431    
0.0788545    0.133001    0.122984    0.0264295    0.0788545    0.133001    0.122984    0.0264295    
0.0788574    0.133009    0.122979    0.0264297    0.0788574    0.133009    0.122979    0.0264297    
0.0788581    0.133012    0.122982    0.0264278    0.0788581    0.133012    0.122982    0.0264278    
0.0788581    0.133012    0.122982    0.0264278    0.0788581    0.133012    0.122982    0.0264278    
0.0788609    0.13302    0.122983    0.0264256    0.0788609    0.13302    0.122983    0.0264256    
0.0788609    0.13302    0.122983    0.0264256    0.0788609    0.13302    0.122983    0.0264256    
0.0788609    0.13302    0.122983    0.0264256    0.0788609    0.13302    0.122983    0.0264256    
0.0788609    0.13302    0.122983    0.0264256    0.0788609    0.13302    0.122983    0.0264256    
0.0788644    0.13303    0.122982    0.0264248    0.0788644    0.13303    0.122982    0.0264248    
0.0788644    0.13303    0.122982    0.0264248    0.0788644    0.13303    0.122982    0.0264248    
0.0788645    0.133029    0.12298    0.026426    0.0788645    0.133029    0.12298    0.026426    
0.0788645    0.133029    0.12298    0.026426    0.0788645    0.133029    0.12298    0.026426    
0.0788645    0.133029    0.12298    0.026426    0.0788645    0.133029    0.12298    0.026426    
0.0788636    0.133027    0.122979    0.0264279    0.0788636    0.133027    0.122979    0.0264279    
0.0788636    0.133027    0.122979    0.0264279    0.0788636    0.133027    0.122979    0.0264279    
0.0788613    0.133021    0.122977    0.0264297    0.0788613    0.133021    0.122977    0.0264297    
0.0788613    0.133021    0.122977    0.0264297    0.0788613    0.133021    0.122977    0.0264297    
0.0788564    0.133009    0.122979    0.0264311    0.0788564    0.133009    0.122979    0.0264311    
0.0788564    0.133009    0.122979    0.0264311    0.0788564    0.133009    0.122979    0.0264311    
0.0788542    0.133003    0.122978    0.0264336    0.0788542    0.133003    0.122978    0.0264336    
0.0788542    0.133003    0.122978    0.0264336    0.0788542    0.133003    0.122978    0.0264336    
0.0788498    0.132991    0.122977    0.0264361    0.0788498    0.132991    0.122977    0.0264361    
0.0788498    0.132991    0.122977    0.0264361    0.0788498    0.132991    0.122977    0.0264361    
0.0788443    0.132977    0.12298    0.0264379    0.0788443    0.132977    0.12298    0.0264379    
0.0788443    0.132977    0.12298    0.0264379    0.0788443    0.132977    0.12298    0.0264379    
0.0788414    0.132968    0.122978    0.0264407    0.0788414    0.132968    0.122978    0.0264407    
0.0788414    0.132968    0.122978    0.0264407    0.0788414    0.132968    0.122978    0.0264407    
0.0788368    0.132955    0.122978    0.0264431    0.0788368    0.132955    0.122978    0.0264431    
0.0788368    0.132955    0.122978    0.0264431    0.0788368    0.132955    0.122978    0.0264431    
0.0788315    0.132941    0.122981    0.0264445    0.0788315    0.132941    0.122981    0.0264445    
0.0788315    0.132941    0.122981    0.0264445    0.0788315    0.132941    0.122981    0.0264445    
0.0788296    0.132935    0.12298    0.026447    0.0788296    0.132935    0.12298    0.026447    
0.0788296    0.132935    0.12298    0.026447    0.0788296    0.132935    0.12298    0.026447    
0.0788254    0.132923    0.12298    0.0264488    0.0788254    0.132923    0.12298    0.0264488    
0.0788254    0.132923    0.12298    0.0264488    0.0788254    0.132923    0.12298    0.0264488    
0.0788214    0.132912    0.122984    0.0264492    0.0788214    0.132912    0.122984    0.0264492    
0.0788214    0.132912    0.122984    0.0264492    0.0788214    0.132912    0.122984    0.0264492    
0.0788207    0.132909    0.122982    0.0264512    0.0788207    0.132909    0.122982    0.0264512    
0.0788207    0.132909    0.122982    0.0264512    0.0788207    0.132909    0.122982    0.0264512    
0.0788182    0.132902    0.122981    0.0264522    0.0788182    0.132902    0.122981    0.0264522    
0.0788182    0.132902    0.122981    0.0264522    0.0788182    0.132902    0.122981    0.0264522    
0.0788182    0.132902    0.122981    0.0264522    0.0788182    0.132902    0.122981    0.0264522    
0.0788162    0.132897    0.122985    0.0264521    0.0788162    0.132897    0.122985    0.0264521    
0.0788162    0.132897    0.122985    0.0264521    0.0788162    0.132897    0.122985    0.0264521    
0.0788162    0.132897    0.122985    0.0264521    0.0788162    0.132897    0.122985    0.0264521    
0.0788162    0.132897    0.122985    0.0264521    0.0788162    0.132897    0.122985    0.0264521    
0.0788162    0.132897    0.122985    0.0264521    0.0788162    0.132897    0.122985    0.0264521    
0.0788162    0.132897    0.122985    0.0264521    0.0788162    0.132897    0.122985    0.0264521    
0.0788162    0.132896    0.122983    0.0264519    0.0788162    0.132896    0.122983    0.0264519    
0.0788162    0.132896    0.122983    0.0264519    0.0788162    0.132896    0.122983    0.0264519    
0.0788162    0.132896    0.122983    0.0264519    0.0788162    0.132896    0.122983    0.0264519    
0.0788168    0.132898    0.122985    0.0264504    0.0788168    0.132898    0.122985    0.0264504    
0.0788168    0.132898    0.122985    0.0264504    0.0788168    0.132898    0.122985    0.0264504    
0.0788189    0.132903    0.122985    0.0264493    0.0788189    0.132903    0.122985    0.0264493    
0.0788189    0.132903    0.122985    0.0264493    0.0788189    0.132903    0.122985    0.0264493    
0.0788219    0.13291    0.122983    0.0264487    0.0788219    0.13291    0.122983    0.0264487    
0.0788219    0.13291    0.122983    0.0264487    0.0788219    0.13291    0.122983    0.0264487    
0.0788228    0.132913    0.122985    0.0264472    0.0788228    0.132913    0.122985    0.0264472    
0.0788228    0.132913    0.122985    0.0264472    0.0788228    0.132913    0.122985    0.0264472    
0.0788251    0.132919    0.122985    0.0264457    0.0788251    0.132919    0.122985    0.0264457    
0.0788251    0.132919    0.122985    0.0264457    0.0788251    0.132919    0.122985    0.0264457    
0.0788286    0.132928    0.122983    0.0264451    0.0788286    0.132928    0.122983    0.0264451    
0.0788286    0.132928    0.122983    0.0264451    0.0788286    0.132928    0.122983    0.0264451    
0.0788294    0.132931    0.122984    0.0264435    0.0788294    0.132931    0.122984    0.0264435    
0.0788294    0.132931    0.122984    0.0264435    0.0788294    0.132931    0.122984    0.0264435    
0.0788318    0.132938    0.122985    0.0264422    0.0788318    0.132938    0.122985    0.0264422    
0.0788318    0.132938    0.122985    0.0264422    0.0788318    0.132938    0.122985    0.0264422    
0.0788348    0.132945    0.122982    0.026442    0.0788348    0.132945    0.122982    0.026442    
0.0788348    0.132945    0.122982    0.026442    0.0788348    0.132945    0.122982    0.026442    
0.0788353    0.132948    0.122984    0.0264405    0.0788353    0.132948    0.122984    0.0264405    
0.0788353    0.132948    0.122984    0.0264405    0.0788353    0.132948    0.122984    0.0264405    
0.0788353    0.132948    0.122984    0.0264405    0.0788353    0.132948    0.122984    0.0264405    
0.0788374    0.132954    0.122984    0.0264389    0.0788374    0.132954    0.122984    0.0264389    
0.0788374    0.132954    0.122984    0.0264389    0.0788374    0.132954    0.122984    0.0264389    
0.0788374    0.132954    0.122984    0.0264389    0.0788374    0.132954    0.122984    0.0264389    
0.0788374    0.132954    0.122984    0.0264389    0.0788374    0.132954    0.122984    0.0264389    
0.0788405    0.132962    0.122983    0.0264385    0.0788405    0.132962    0.122983    0.0264385    
0.0788405    0.132962    0.122983    0.0264385    0.0788405    0.132962    0.122983    0.0264385    
0.0788405    0.132962    0.122983    0.0264385    0.0788405    0.132962    0.122983    0.0264385    
0.0788405    0.132962    0.122983    0.0264385    0.0788405    0.132962    0.122983    0.0264385    
0.0788405    0.132962    0.122983    0.0264385    0.0788405    0.132962    0.122983    0.0264385    
0.0788405    0.132962    0.122983    0.0264385    0.0788405    0.132962    0.122983    0.0264385    
0.0788405    0.132962    0.122983    0.0264385    0.0788405    0.132962    0.122983    0.0264385    
0.0788405    0.132962    0.122983    0.0264385    0.0788405    0.132962    0.122983    0.0264385    
0.0788405    0.132962    0.122983    0.0264385    0.0788405    0.132962    0.122983    0.0264385    
0.0788405    0.132962    0.122983    0.0264385    0.0788405    0.132962    0.122983    0.0264385    
0.0788405    0.132962    0.122983    0.0264385    0.0788405    0.132962    0.122983    0.0264385    
0.0788404    0.132961    0.122982    0.0264395    0.0788404    0.132961    0.122982    0.0264395    
0.0788404    0.132961    0.122982    0.0264395    0.0788404    0.132961    0.122982    0.0264395    
0.0788404    0.132961    0.122982    0.0264395    0.0788404    0.132961    0.122982    0.0264395    
0.0788404    0.132961    0.122982    0.0264395    0.0788404    0.132961    0.122982    0.0264395    
0.0788396    0.132959    0.122981    0.0264409    0.0788396    0.132959    0.122981    0.0264409    
0.0788396    0.132959    0.122981    0.0264409    0.0788396    0.132959    0.122981    0.0264409    
0.0788396    0.132959    0.122981    0.0264409    0.0788396    0.132959    0.122981    0.0264409    
0.0788371    0.132953    0.12298    0.0264419    0.0788371    0.132953    0.12298    0.0264419    
0.0788371    0.132953    0.12298    0.0264419    0.0788371    0.132953    0.12298    0.0264419    
0.0788371    0.132953    0.12298    0.0264419    0.0788371    0.132953    0.12298    0.0264419    
0.0788345    0.132947    0.122983    0.0264422    0.0788345    0.132947    0.122983    0.0264422    
0.0788345    0.132947    0.122983    0.0264422    0.0788345    0.132947    0.122983    0.0264422    
0.0788345    0.132947    0.122983    0.0264422    0.0788345    0.132947    0.122983    0.0264422    
0.0788339    0.132945    0.122981    0.0264436    0.0788339    0.132945    0.122981    0.0264436    
0.0788339    0.132945    0.122981    0.0264436    0.0788339    0.132945    0.122981    0.0264436    
0.0788339    0.132945    0.122981    0.0264436    0.0788339    0.132945    0.122981    0.0264436    
0.0788339    0.132945    0.122981    0.0264436    0.0788339    0.132945    0.122981    0.0264436    
0.0788319    0.132939    0.122981    0.026445    0.0788319    0.132939    0.122981    0.026445    
0.0788319    0.132939    0.122981    0.026445    0.0788319    0.132939    0.122981    0.026445    
0.0788319    0.132939    0.122981    0.026445    0.0788319    0.132939    0.122981    0.026445    
0.0788319    0.132939    0.122981    0.026445    0.0788319    0.132939    0.122981    0.026445    
0.0788319    0.132939    0.122981    0.026445    0.0788319    0.132939    0.122981    0.026445    
0.078829    0.132932    0.122982    0.0264455    0.078829    0.132932    0.122982    0.0264455    
0.078829    0.132932    0.122982    0.0264455    0.078829    0.132932    0.122982    0.0264455    
0.078829    0.132932    0.122982    0.0264455    0.078829    0.132932    0.122982    0.0264455    
0.078829    0.132932    0.122982    0.0264455    0.078829    0.132932    0.122982    0.0264455    
0.078829    0.132932    0.122982    0.0264455    0.078829    0.132932    0.122982    0.0264455    
0.078829    0.132932    0.122982    0.0264455    0.078829    0.132932    0.122982    0.0264455    
0.078829    0.132932    0.122982    0.0264455    0.078829    0.132932    0.122982    0.0264455    
0.078829    0.132932    0.122982    0.0264455    0.078829    0.132932    0.122982    0.0264455    
0.078829    0.132932    0.122982    0.0264455    0.078829    0.132932    0.122982    0.0264455    
0.078829    0.132932    0.122982    0.0264455    0.078829    0.132932    0.122982    0.0264455    
0.078829    0.132932    0.122982    0.0264455    0.078829    0.132932    0.122982    0.0264455    
0.078829    0.132932    0.122982    0.0264455    0.078829    0.132932    0.122982    0.0264455    
0.078829    0.132932    0.122982    0.0264455    0.078829    0.132932    0.122982    0.0264455    
0.078829    0.132932    0.122982    0.0264455    0.078829    0.132932    0.122982    0.0264455    
0.078829    0.132932    0.122982    0.0264455    0.078829    0.132932    0.122982    0.0264455    
0.078829    0.132932    0.122982    0.0264455    0.078829    0.132932    0.122982    0.0264455    
0.078829    0.132932    0.122982    0.0264455    0.078829    0.132932    0.122982    0.0264455    
0.078829    0.132932    0.122982    0.0264455    0.078829    0.132932    0.122982    0.0264455    
0.0788291    0.132932    0.122982    0.0264445    0.0788291    0.132932    0.122982    0.0264445    
0.0788291    0.132932    0.122982    0.0264445    0.0788291    0.132932    0.122982    0.0264445    
0.0788291    0.132932    0.122982    0.0264445    0.0788291    0.132932    0.122982    0.0264445    
0.0788291    0.132932    0.122982    0.0264445    0.0788291    0.132932    0.122982    0.0264445    
0.0788291    0.132932    0.122982    0.0264445    0.0788291    0.132932    0.122982    0.0264445    
0.0788291    0.132932    0.122982    0.0264445    0.0788291    0.132932    0.122982    0.0264445    
0.0788291    0.132932    0.122982    0.0264445    0.0788291    0.132932    0.122982    0.0264445    
0.0788299    0.132935    0.122984    0.026443    0.0788299    0.132935    0.122984    0.026443    
0.0788299    0.132935    0.122984    0.026443    0.0788299    0.132935    0.122984    0.026443    
0.0788299    0.132935    0.122984    0.026443    0.0788299    0.132935    0.122984    0.026443    
0.0788299    0.132935    0.122984    0.026443    0.0788299    0.132935    0.122984    0.026443    
0.0788299    0.132935    0.122984    0.026443    0.0788299    0.132935    0.122984    0.026443    
0.0788299    0.132935    0.122984    0.026443    0.0788299    0.132935    0.122984    0.026443    
0.0788299    0.132935    0.122984    0.026443    0.0788299    0.132935    0.122984    0.026443    
0.0788323    0.132941    0.122984    0.026442    0.0788323    0.132941    0.122984    0.026442    
0.0788323    0.132941    0.122984    0.026442    0.0788323    0.132941    0.122984    0.026442    
0.0788323    0.132941    0.122984    0.026442    0.0788323    0.132941    0.122984    0.026442    
0.0788323    0.132941    0.122984    0.026442    0.0788323    0.132941    0.122984    0.026442    
0.0788323    0.132941    0.122984    0.026442    0.0788323    0.132941    0.122984    0.026442    
0.0788323    0.132941    0.122984    0.026442    0.0788323    0.132941    0.122984    0.026442    
0.0788323    0.132941    0.122984    0.026442    0.0788323    0.132941    0.122984    0.026442    
0.0788323    0.132941    0.122984    0.026442    0.0788323    0.132941    0.122984    0.026442    
0.0788323    0.132941    0.122984    0.026442    0.0788323    0.132941    0.122984    0.026442    
0.0788323    0.132941    0.122984    0.026442    0.0788323    0.132941    0.122984    0.026442    
0.0788323    0.132941    0.122984    0.026442    0.0788323    0.132941    0.122984    0.026442    
0.0788323    0.132941    0.122984    0.026442    0.0788323    0.132941    0.122984    0.026442    
0.0788323    0.132941    0.122984    0.026442    0.0788323    0.132941    0.122984    0.026442    
0.0788323    0.132941    0.122984    0.026442    0.0788323    0.132941    0.122984    0.026442    
0.0788323    0.132941    0.122984    0.026442    0.0788323    0.132941    0.122984    0.026442    
0.0788323    0.132941    0.122984    0.026442    0.0788323    0.132941    0.122984    0.026442    
0.0788323    0.132941    0.122984    0.026442    0.0788323    0.132941    0.122984    0.026442    
0.0788323    0.132941    0.122984    0.026442    0.0788323    0.132941    0.122984    0.026442    
0.0788323    0.132941    0.122984    0.026442    0.0788323    0.132941    0.122984    0.026442    
0.0788323    0.132941    0.122984    0.026442    0.0788323    0.132941    0.122984    0.026442    
0.0788323    0.132941    0.122984    0.026442    0.0788323    0.132941    0.122984    0.026442    
0.0788323    0.132941    0.122984    0.026442    0.0788323    0.132941    0.122984    0.026442    
0.0788323    0.132941    0.122984    0.026442    0.0788323    0.132941    0.122984    0.026442    
0.0788323    0.132941    0.122984    0.026442    0.0788323    0.132941    0.122984    0.026442    
0.0788323    0.132941    0.122984    0.026442    0.0788323    0.132941    0.122984    0.026442    
0.0788323    0.132941    0.122984    0.026442    0.0788323    0.132941    0.122984    0.026442    
0.0788327    0.132941    0.122983    0.0264431    0.0788327    0.132941    0.122983    0.0264431    
0.0788327    0.132941    0.122983    0.0264431    0.0788327    0.132941    0.122983    0.0264431    
0.0788327    0.132941    0.122983    0.0264431    0.0788327    0.132941    0.122983    0.0264431    
0.0788327    0.132941    0.122983    0.0264431    0.0788327    0.132941    0.122983    0.0264431    
0.0788327    0.132941    0.122983    0.0264431    0.0788327    0.132941    0.122983    0.0264431    
0.0788327    0.132941    0.122983    0.0264431    0.0788327    0.132941    0.122983    0.0264431    
0.0788327    0.132941    0.122983    0.0264431    0.0788327    0.132941    0.122983    0.0264431    
0.0788327    0.132941    0.122983    0.0264431    0.0788327    0.132941    0.122983    0.0264431    
0.0788327    0.132941    0.122983    0.0264431    0.0788327    0.132941    0.122983    0.0264431    
0.0788327    0.132941    0.122983    0.0264431    0.0788327    0.132941    0.122983    0.0264431    
0.0788327    0.132941    0.122983    0.0264431    0.0788327    0.132941    0.122983    0.0264431    
0.0788327    0.132941    0.122983    0.0264431    0.0788327    0.132941    0.122983    0.0264431    
0.0788327    0.132941    0.122983    0.0264431    0.0788327    0.132941    0.122983    0.0264431    
0.0788327    0.132941    0.122983    0.0264431    0.0788327    0.132941    0.122983    0.0264431    
0.0788327    0.132941    0.122983    0.0264431    0.0788327    0.132941    0.122983    0.0264431    
0.0788327    0.132941    0.122983    0.0264431    0.0788327    0.132941    0.122983    0.0264431    
0.0788327    0.132941    0.122983    0.0264431    0.0788327    0.132941    0.122983    0.0264431    
0.0788323    0.13294    0.122982    0.0264442    0.0788323    0.13294    0.122982    0.0264442    
0.0788323    0.13294    0.122982    0.0264442    0.0788323    0.13294    0.122982    0.0264442    
0.0788323    0.13294    0.122982    0.0264442    0.0788323    0.13294    0.122982    0.0264442    
0.0788323    0.13294    0.122982    0.0264442    0.0788323    0.13294    0.122982    0.0264442    
0.0788323    0.13294    0.122982    0.0264442    0.0788323    0.13294    0.122982    0.0264442    
0.0788323    0.13294    0.122982    0.0264442    0.0788323    0.13294    0.122982    0.0264442    
0.0788323    0.13294    0.122982    0.0264442    0.0788323    0.13294    0.122982    0.0264442    
0.0788323    0.13294    0.122982    0.0264442    0.0788323    0.13294    0.122982    0.0264442    
0.0788323    0.13294    0.122982    0.0264442    0.0788323    0.13294    0.122982    0.0264442    
0.0788318    0.132938    0.122981    0.0264437    0.0788318    0.132938    0.122981    0.0264437    
0.0788318    0.132938    0.122981    0.0264437    0.0788318    0.132938    0.122981    0.0264437    
0.0788318    0.132938    0.122981    0.0264437    0.0788318    0.132938    0.122981    0.0264437    
0.0788318    0.132938    0.122981    0.0264437    0.0788318    0.132938    0.122981    0.0264437    
0.0788318    0.132938    0.122981    0.0264437    0.0788318    0.132938    0.122981    0.0264437    
0.0788318    0.132938    0.122981    0.0264437    0.0788318    0.132938    0.122981    0.0264437    
0.0788318    0.132938    0.122981    0.0264437    0.0788318    0.132938    0.122981    0.0264437    
0.0788318    0.132938    0.122981    0.0264437    0.0788318    0.132938    0.122981    0.0264437    
0.0788318    0.132938    0.122981    0.0264437    0.0788318    0.132938    0.122981    0.0264437    
0.0788318    0.132938    0.122981    0.0264437    0.0788318    0.132938    0.122981    0.0264437    
0.0788318    0.132938    0.122981    0.0264437    0.0788318    0.132938    0.122981    0.0264437    
0.0788318    0.132938    0.122981    0.0264437    0.0788318    0.132938    0.122981    0.0264437    
0.0788318    0.132938    0.122981    0.0264437    0.0788318    0.132938    0.122981    0.0264437    
0.0788318    0.132938    0.122981    0.0264437    0.0788318    0.132938    0.122981    0.0264437    
0.0788318    0.132938    0.122981    0.0264437    0.0788318    0.132938    0.122981    0.0264437    
0.0788318    0.132938    0.122981    0.0264437    0.0788318    0.132938    0.122981    0.0264437    
0.0788318    0.132938    0.122981    0.0264437    0.0788318    0.132938    0.122981    0.0264437    
0.0788318    0.132938    0.122981    0.0264437    0.0788318    0.132938    0.122981    0.0264437    
0.0788318    0.132938    0.122981    0.0264437    0.0788318    0.132938    0.122981    0.0264437    
0.0788318    0.132938    0.122981    0.0264437    0.0788318    0.132938    0.122981    0.0264437    
0.0788318    0.132938    0.122981    0.0264437    0.0788318    0.132938    0.122981    0.0264437    
0.0788318    0.132938    0.122981    0.0264437    0.0788318    0.132938    0.122981    0.0264437    
0.0788318    0.132938    0.122981    0.0264437    0.0788318    0.132938    0.122981    0.0264437    
0.0788318    0.132938    0.122981    0.0264437    0.0788318    0.132938    0.122981    0.0264437    
0.0788318    0.132938    0.122981    0.0264437    0.0788318    0.132938    0.122981    0.0264437    
0.0788318    0.132938    0.122981    0.0264437    0.0788318    0.132938    0.122981    0.0264437    
0.0788318    0.132938    0.122981    0.0264437    0.0788318    0.132938    0.122981    0.0264437    
0.0788318    0.132938    0.122981    0.0264437    0.0788318    0.132938    0.122981    0.0264437    
0.0788318    0.132938    0.122981    0.0264437    0.0788318    0.132938    0.122981    0.0264437    
0.0788318    0.132938    0.122981    0.0264437    0.0788318    0.132938    0.122981    0.0264437    
0.0788318    0.132938    0.122981    0.0264437    0.0788318    0.132938    0.122981    0.0264437    
0.0788318    0.132938    0.122981    0.0264437    0.0788318    0.132938    0.122981    0.0264437    
0.0788318    0.132938    0.122981    0.0264437    0.0788318    0.132938    0.122981    0.0264437    
0.0788318    0.132938    0.122981    0.0264437    0.0788318    0.132938    0.122981    0.0264437    
0.0788318    0.132938    0.122981    0.0264437    0.0788318    0.132938    0.122981    0.0264437    
0.0788318    0.132938    0.122981    0.0264437    0.0788318    0.132938    0.122981    0.0264437    
0.0788318    0.132938    0.122981    0.0264437    0.0788318    0.132938    0.122981    0.0264437    
0.0788318    0.132938    0.122981    0.0264437    0.0788318    0.132938    0.122981    0.0264437    
0.0788318    0.132938    0.122981    0.0264437    0.0788318    0.132938    0.122981    0.0264437    
0.0788318    0.132938    0.122981    0.0264437    0.0788318    0.132938    0.122981    0.0264437    
0.0788318    0.132938    0.122981    0.0264437    0.0788318    0.132938    0.122981    0.0264437    
0.0788318    0.132938    0.122981    0.0264437    0.0788318    0.132938    0.122981    0.0264437    
0.0788318    0.132938    0.122981    0.0264437    0.0788318    0.132938    0.122981    0.0264437    
0.0788318    0.132938    0.122981    0.0264437    0.0788318    0.132938    0.122981    0.0264437    
0.0788318    0.132938    0.122981    0.0264437    0.0788318    0.132938    0.122981    0.0264437    
0.0788318    0.132938    0.122981    0.0264437    0.0788318    0.132938    0.122981    0.0264437    
0.0788318    0.132938    0.122981    0.0264437    0.0788318    0.132938    0.122981    0.0264437    
0.0788318    0.132938    0.122981    0.0264437    0.0788318    0.132938    0.122981    0.0264437    
0.0788318    0.132938    0.122981    0.0264437    0.0788318    0.132938    0.122981    0.0264437    
0.0788318    0.132938    0.122981    0.0264437    0.0788318    0.132938    0.122981    0.0264437    
0.0788318    0.132938    0.122981    0.0264437    0.0788318    0.132938    0.122981    0.0264437    
0.0788318    0.132938    0.122981    0.0264437    0.0788318    0.132938    0.122981    0.0264437    
0.0788318    0.132938    0.122981    0.0264437    0.0788318    0.132938    0.122981    0.0264437    
0.0788318    0.132938    0.122981    0.0264437    0.0788318    0.132938    0.122981    0.0264437    
0.0788318    0.132938    0.122981    0.0264437    0.0788318    0.132938    0.122981    0.0264437    
0.0788318    0.132938    0.122981    0.0264437    0.0788318    0.132938    0.122981    0.0264437    
0.0788318    0.132938    0.122981    0.0264437    0.0788318    0.132938    0.122981    0.0264437    
0.0788318    0.132938    0.122981    0.0264437    0.0788318    0.132938    0.122981    0.0264437    
0.0788318    0.132938    0.122981    0.0264437    0.0788318    0.132938    0.122981    0.0264437    
0.0788318    0.132938    0.122981    0.0264437    0.0788318    0.132938    0.122981    0.0264437    
0.0788318    0.132938    0.122981    0.0264437    0.0788318    0.132938    0.122981    0.0264437    
0.0788318    0.132938    0.122981    0.0264437    0.0788318    0.132938    0.122981    0.0264437    
0.0788318    0.132938    0.122981    0.0264437    0.0788318    0.132938    0.122981    0.0264437    
0.0788318    0.132938    0.122981    0.0264437    0.0788318    0.132938    0.122981    0.0264437    
0.0788318    0.132938    0.122981    0.0264437    0.0788318    0.132938    0.122981    0.0264437    
0.0788318    0.132938    0.122981    0.0264437    0.0788318    0.132938    0.122981    0.0264437    
0.0788318    0.132938    0.122981    0.0264437    0.0788318    0.132938    0.122981    0.0264437    
0.0788318    0.132938    0.122981    0.0264437    0.0788318    0.132938    0.122981    0.0264437    
0.0788318    0.132938    0.122981    0.0264437    0.0788318    0.132938    0.122981    0.0264437    
0.0788318    0.132938    0.122981    0.0264437    0.0788318    0.132938    0.122981    0.0264437    
0.0788318    0.132938    0.122981    0.0264437    0.0788318    0.132938    0.122981    0.0264437    
0.0788318    0.132938    0.122981    0.0264437    0.0788318    0.132938    0.122981    0.0264437    
0.0788318    0.132938    0.122981    0.0264437    0.0788318    0.132938    0.122981    0.0264437    
0.0788318    0.132938    0.122981    0.0264437    0.0788318    0.132938    0.122981    0.0264437    
0.0788318    0.132938    0.122981    0.0264437    0.0788318    0.132938    0.122981    0.0264437    
0.0788318    0.132938    0.122981    0.0264437    0.0788318    0.132938    0.122981    0.0264437    
0.0788318    0.132938    0.122981    0.0264437    0.0788318    0.132938    0.122981    0.0264437    
0.0788318    0.132938    0.122981    0.0264437    0.0788318    0.132938    0.122981    0.0264437    
0.0788318    0.132938    0.122981    0.0264437    0.0788318    0.132938    0.122981    0.0264437    
0.0788318    0.132938    0.122981    0.0264437    0.0788318    0.132938    0.122981    0.0264437    
0.0788318    0.132938    0.122981    0.0264437    0.0788318    0.132938    0.122981    0.0264437    
0.0788318    0.132938    0.122981    0.0264437    0.0788318    0.132938    0.122981    0.0264437    
0.0788318    0.132938    0.122981    0.0264437    0.0788318    0.132938    0.122981    0.0264437    
0.0788318    0.132938    0.122981    0.0264437    0.0788318    0.132938    0.122981    0.0264437    
0.0788318    0.132938    0.122981    0.0264437    0.0788318    0.132938    0.122981    0.0264437    
0.0788318    0.132938    0.122981    0.0264437    0.0788318    0.132938    0.122981    0.0264437    
0.0788318    0.132938    0.122981    0.0264437    0.0788318    0.132938    0.122981    0.0264437    
0.0788318    0.132938    0.122981    0.0264437    0.0788318    0.132938    0.122981    0.0264437    
0.0788318    0.132938    0.122981    0.0264437    0.0788318    0.132938    0.122981    0.0264437    
0.0788318    0.132938    0.122981    0.0264437    0.0788318    0.132938    0.122981    0.0264437    
0.0788318    0.132938    0.122981    0.0264437    0.0788318    0.132938    0.122981    0.0264437    
0.0788318    0.132938    0.122981    0.0264437    0.0788318    0.132938    0.122981    0.0264437    
0.0788318    0.132938    0.122981    0.0264437    0.0788318    0.132938    0.122981    0.0264437    
0.0788318    0.132938    0.122981    0.0264437    0.0788318    0.132938    0.122981    0.0264437    
0.0788318    0.132938    0.122981    0.0264437    0.0788318    0.132938    0.122981    0.0264437    
0.0788318    0.132938    0.122981    0.0264437    0.0788318    0.132938    0.122981    0.0264437    
0.0788318    0.132938    0.122981    0.0264437    0.0788318    0.132938    0.122981    0.0264437    
0.0788318    0.132938    0.122981    0.0264437    0.0788318    0.132938    0.122981    0.0264437    
0.0788318    0.132938    0.122981    0.0264437    0.0788318    0.132938    0.122981    0.0264437    
0.0788318    0.132938    0.122981    0.0264437    0.0788318    0.132938    0.122981    0.0264437    
0.0788318    0.132938    0.122981    0.0264437    0.0788318    0.132938    0.122981    0.0264437    
0.0788318    0.132938    0.122981    0.0264437    0.0788318    0.132938    0.122981    0.0264437    
0.0788318    0.132938    0.122981    0.0264437    0.0788318    0.132938    0.122981    0.0264437    
0.0788318    0.132938    0.122981    0.0264437    0.0788318    0.132938    0.122981    0.0264437    
0.0788318    0.132938    0.122981    0.0264437    0.0788318    0.132938    0.122981    0.0264437    
0.0788318    0.132938    0.122981    0.0264437    0.0788318    0.132938    0.122981    0.0264437    
0.0788318    0.132938    0.122981    0.0264437    0.0788318    0.132938    0.122981    0.0264437    
0.0788318    0.132938    0.122981    0.0264437    0.0788318    0.132938    0.122981    0.0264437    
0.0788318    0.132938    0.122981    0.0264437    0.0788318    0.132938    0.122981    0.0264437    
0.0788318    0.132938    0.122981    0.0264437    0.0788318    0.132938    0.122981    0.0264437    
0.0788318    0.132938    0.122981    0.0264437    0.0788318    0.132938    0.122981    0.0264437    
0.0788318    0.132938    0.122981    0.0264437    0.0788318    0.132938    0.122981    0.0264437    
0.0788318    0.132938    0.122981    0.0264437    0.0788318    0.132938    0.122981    0.0264437    
0.0788318    0.132938    0.122981    0.0264437    0.0788318    0.132938    0.122981    0.0264437    
0.0788318    0.132938    0.122981    0.0264437    0.0788318    0.132938    0.122981    0.0264437    
0.0788318    0.132938    0.122981    0.0264437    0.0788318    0.132938    0.122981    0.0264437    
0.0788318    0.132938    0.122981    0.0264437    0.0788318    0.132938    0.122981    0.0264437    
0.0788318    0.132938    0.122981    0.0264437    0.0788318    0.132938    0.122981    0.0264437    
0.0788318    0.132938    0.122981    0.0264437    0.0788318    0.132938    0.122981    0.0264437    
0.0788318    0.132938    0.122981    0.0264437    0.0788318    0.132938    0.122981    0.0264437    
0.0788318    0.132938    0.122981    0.0264437    0.0788318    0.132938    0.122981    0.0264437    
0.0788318    0.132938    0.122981    0.0264437    0.0788318    0.132938    0.122981    0.0264437    
0.0788318    0.132938    0.122981    0.0264437    0.0788318    0.132938    0.122981    0.0264437    
0.0788318    0.132938    0.122981    0.0264437    0.0788318    0.132938    0.122981    0.0264437    
0.0788318    0.132938    0.122981    0.0264437    0.0788318    0.132938    0.122981    0.0264437    
0.0788318    0.132938    0.122981    0.0264437    0.0788318    0.132938    0.122981    0.0264437    
0.0788318    0.132938    0.122981    0.0264437    0.0788318    0.132938    0.122981    0.0264437    
0.0788318    0.132938    0.122981    0.0264437    0.0788318    0.132938    0.122981    0.0264437    
0.0788318    0.132938    0.122981    0.0264437    0.0788318    0.132938    0.122981    0.0264437    
0.0788318    0.132938    0.122981    0.0264437    0.0788318    0.132938    0.122981    0.0264437    
0.0788318    0.132938    0.122981    0.0264437    0.0788318    0.132938    0.122981    0.0264437    
0.0788318    0.132938    0.122981    0.0264437    0.0788318    0.132938    0.122981    0.0264437    
0.0788318    0.132938    0.122981    0.0264437    0.0788318    0.132938    0.122981    0.0264437    
0.0788318    0.132938    0.122981    0.0264437    0.0788318    0.132938    0.122981    0.0264437    
0.0788318    0.132938    0.122981    0.0264437    0.0788318    0.132938    0.122981    0.0264437    
0.0788318    0.132938    0.122981    0.0264437    0.0788318    0.132938    0.122981    0.0264437    
0.0788318    0.132938    0.122981    0.0264437    0.0788318    0.132938    0.122981    0.0264437    
0.0788318    0.132938    0.122981    0.0264437    0.0788318    0.132938    0.122981    0.0264437    
0.0788318    0.132938    0.122981    0.0264437    0.0788318    0.132938    0.122981    0.0264437    
0.0788318    0.132938    0.122981    0.0264437    0.0788318    0.132938    0.122981    0.0264437    
0.0788318    0.132938    0.122981    0.0264437    0.0788318    0.132938    0.122981    0.0264437    
0.0788318    0.132938    0.122981    0.0264437    0.0788318    0.132938    0.122981    0.0264437    
0.0788318    0.132938    0.122981    0.0264437    0.0788318    0.132938    0.122981    0.0264437    
0.0788318    0.132938    0.122981    0.0264437    0.0788318    0.132938    0.122981    0.0264437    
0.0788318    0.132938    0.122981    0.0264437    0.0788318    0.132938    0.122981    0.0264437    
0.0788318    0.132938    0.122981    0.0264437    0.0788318    0.132938    0.122981    0.0264437    
0.0788318    0.132938    0.122981    0.0264437    0.0788318    0.132938    0.122981    0.0264437    
0.0788318    0.132938    0.122981    0.0264437    0.0788318    0.132938    0.122981    0.0264437    
0.0788318    0.132938    0.122981    0.0264437    0.0788318    0.132938    0.122981    0.0264437    
0.0788318    0.132938    0.122981    0.0264437    0.0788318    0.132938    0.122981    0.0264437    
0.0788318    0.132938    0.122981    0.0264437    0.0788318    0.132938    0.122981    0.0264437    
0.0788318    0.132938    0.122981    0.0264437    0.0788318    0.132938    0.122981    0.0264437    
0.0788318    0.132938    0.122981    0.0264437    0.0788318    0.132938    0.122981    0.0264437    
0.0788318    0.132938    0.122981    0.0264437    0.0788318    0.132938    0.122981    0.0264437    
0.0788318    0.132938    0.122981    0.0264437    0.0788318    0.132938    0.122981    0.0264437    
0.0788318    0.132938    0.122981    0.0264437    0.0788318    0.132938    0.122981    0.0264437    
0.0788318    0.132938    0.122981    0.0264437    0.0788318    0.132938    0.122981    0.0264437    
0.0788318    0.132938    0.122981    0.0264437    0.0788318    0.132938    0.122981    0.0264437    
0.0788318    0.132938    0.122981    0.0264437    0.0788318    0.132938    0.122981    0.0264437    
0.0788318    0.132938    0.122981    0.0264437    0.0788318    0.132938    0.122981    0.0264437    
0.0788318    0.132938    0.122981    0.0264437    0.0788318    0.132938    0.122981    0.0264437    
0.0788318    0.132938    0.122981    0.0264437    0.0788318    0.132938    0.122981    0.0264437    
0.0788318    0.132938    0.122981    0.0264437    0.0788318    0.132938    0.122981    0.0264437    
0.0788318    0.132938    0.122981    0.0264437    0.0788318    0.132938    0.122981    0.0264437    
0.0788318    0.132938    0.122981    0.0264437    0.0788318    0.132938    0.122981    0.0264437    
0.0788318    0.132938    0.122981    0.0264437    0.0788318    0.132938    0.122981    0.0264437    
0.0788318    0.132938    0.122981    0.0264437    0.0788318    0.132938    0.122981    0.0264437    
0.0788318    0.132938    0.122981    0.0264437    0.0788318    0.132938    0.122981    0.0264437    
0.0788318    0.132938    0.122981    0.0264437    0.0788318    0.132938    0.122981    0.0264437    
0.0788318    0.132938    0.122981    0.0264437    0.0788318    0.132938    0.122981    0.0264437    
0.0788318    0.132938    0.122981    0.0264437    0.0788318    0.132938    0.122981    0.0264437    
0.0788318    0.132938    0.122981    0.0264437    0.0788318    0.132938    0.122981    0.0264437    
0.0788318    0.132938    0.122981    0.0264437    0.0788318    0.132938    0.122981    0.0264437    
0.0788318    0.132938    0.122981    0.0264437    0.0788318    0.132938    0.122981    0.0264437    
0.0788318    0.132938    0.122981    0.0264437    0.0788318    0.132938    0.122981    0.0264437    
0.0788318    0.132938    0.122981    0.0264437    0.0788318    0.132938    0.122981    0.0264437    
0.0788318    0.132938    0.122981    0.0264437    0.0788318    0.132938    0.122981    0.0264437    
0.0788318    0.132938    0.122981    0.0264437    0.0788318    0.132938    0.122981    0.0264437    
0.0788318    0.132938    0.122981    0.0264437    0.0788318    0.132938    0.122981    0.0264437    
0.0788318    0.132938    0.122981    0.0264437    0.0788318    0.132938    0.122981    0.0264437    
0.0788318    0.132938    0.122981    0.0264437    0.0788318    0.132938    0.122981    0.0264437    
0.0788318    0.132938    0.122981    0.0264437    0.0788318    0.132938    0.122981    0.0264437    
0.0788318    0.132938    0.122981    0.0264437    0.0788318    0.132938    0.122981    0.0264437    
0.0788318    0.132938    0.122981    0.0264437    0.0788318    0.132938    0.122981    0.0264437    
0.0788318    0.132938    0.122981    0.0264437    0.0788318    0.132938    0.122981    0.0264437    
0.0788318    0.132938    0.122981    0.0264437    0.0788318    0.132938    0.122981    0.0264437    
0.0788318    0.132938    0.122981    0.0264437    0.0788318    0.132938    0.122981    0.0264437    
0.0788318    0.132938    0.122981    0.0264437    0.0788318    0.132938    0.122981    0.0264437    
0.0788318    0.132938    0.122981    0.0264437    0.0788318    0.132938    0.122981    0.0264437    
0.0788318    0.132938    0.122981    0.0264437    0.0788318    0.132938    0.122981    0.0264437    
0.0788318    0.132938    0.122981    0.0264437    0.0788318    0.132938    0.122981    0.0264437    
0.0788318    0.132938    0.122981    0.0264437    0.0788318    0.132938    0.122981    0.0264437    
0.0788318    0.132938    0.122981    0.0264437    0.0788318    0.132938    0.122981    0.0264437    
0.0788318    0.132938    0.122981    0.0264437    0.0788318    0.132938    0.122981    0.0264437    
0.0788318    0.132938    0.122981    0.0264437    0.0788318    0.132938    0.122981    0.0264437    
0.0788318    0.132938    0.122981    0.0264437    0.0788318    0.132938    0.122981    0.0264437    
0.0788318    0.132938    0.122981    0.0264437    0.0788318    0.132938    0.122981    0.0264437    
0.0788318    0.132938    0.122981    0.0264437    0.0788318    0.132938    0.122981    0.0264437    
0.0788318    0.132938    0.122981    0.0264437    0.0788318    0.132938    0.122981    0.0264437    
0.0788318    0.132938    0.122981    0.0264437    0.0788318    0.132938    0.122981    0.0264437    
0.0788318    0.132938    0.122981    0.0264437    0.0788318    0.132938    0.122981    0.0264437    
0.0788318    0.132938    0.122981    0.0264437    0.0788318    0.132938    0.122981    0.0264437    
0.0788318    0.132938    0.122981    0.0264437    0.0788318    0.132938    0.122981    0.0264437    
0.0788318    0.132938    0.122981    0.0264437    0.0788318    0.132938    0.122981    0.0264437    
0.0788318    0.132938    0.122981    0.0264437    0.0788318    0.132938    0.122981    0.0264437    
0.0788318    0.132938    0.122981    0.0264437    0.0788318    0.132938    0.122981    0.0264437    
0.0788318    0.132938    0.122981    0.0264437    0.0788318    0.132938    0.122981    0.0264437    
0.0788318    0.132938    0.122981    0.0264437    0.0788318    0.132938    0.122981    0.0264437    
0.0788318    0.132938    0.122981    0.0264437    0.0788318    0.132938    0.122981    0.0264437    
0.0788318    0.132938    0.122981    0.0264437    0.0788318    0.132938    0.122981    0.0264437    
0.0788318    0.132938    0.122981    0.0264437    0.0788318    0.132938    0.122981    0.0264437    
0.0788318    0.132938    0.122981    0.0264437    0.0788318    0.132938    0.122981    0.0264437    
0.0788318    0.132938    0.122981    0.0264437    0.0788318    0.132938    0.122981    0.0264437    
0.0788318    0.132938    0.122981    0.0264437    0.0788318    0.132938    0.122981    0.0264437    
0.0788318    0.132938    0.122981    0.0264437    0.0788318    0.132938    0.122981    0.0264437    
0.0788318    0.132938    0.122981    0.0264437    0.0788318    0.132938    0.122981    0.0264437    
0.0788318    0.132938    0.122981    0.0264437    0.0788318    0.132938    0.122981    0.0264437    
0.0788318    0.132938    0.122981    0.0264437    0.0788318    0.132938    0.122981    0.0264437    
0.0788318    0.132938    0.122981    0.0264437    0.0788318    0.132938    0.122981    0.0264437    
0.0788318    0.132938    0.122981    0.0264437    0.0788318    0.132938    0.122981    0.0264437    
0.0788318    0.132938    0.122981    0.0264437    0.0788318    0.132938    0.122981    0.0264437    
0.0788318    0.132938    0.122981    0.0264437    0.0788318    0.132938    0.122981    0.0264437    
0.0788318    0.132938    0.122981    0.0264437    0.0788318    0.132938    0.122981    0.0264437    
0.0788318    0.132938    0.122981    0.0264437    0.0788318    0.132938    0.122981    0.0264437    
0.0788318    0.132938    0.122981    0.0264437    0.0788318    0.132938    0.122981    0.0264437    
0.0788318    0.132938    0.122981    0.0264437    0.0788318    0.132938    0.122981    0.0264437    
0.0788318    0.132938    0.122981    0.0264437    0.0788318    0.132938    0.122981    0.0264437    
0.0788318    0.132938    0.122981    0.0264437    0.0788318    0.132938    0.122981    0.0264437    
0.0788318    0.132938    0.122981    0.0264437    0.0788318    0.132938    0.122981    0.0264437    
0.0788318    0.132938    0.122981    0.0264437    0.0788318    0.132938    0.122981    0.0264437    
0.0788318    0.132938    0.122981    0.0264437    0.0788318    0.132938    0.122981    0.0264437    
0.0788318    0.132938    0.122981    0.0264437    0.0788318    0.132938    0.122981    0.0264437    
0.0788318    0.132938    0.122981    0.0264437    0.0788318    0.132938    0.122981    0.0264437    
0.0788318    0.132938    0.122981    0.0264437    0.0788318    0.132938    0.122981    0.0264437    
0.0788318    0.132938    0.122981    0.0264437    0.0788318    0.132938    0.122981    0.0264437    
0.0788318    0.132938    0.122981    0.0264437    0.0788318    0.132938    0.122981    0.0264437    
0.0788318    0.132938    0.122981    0.0264437    0.0788318    0.132938    0.122981    0.0264437    
0.0788318    0.132938    0.122981    0.0264437    0.0788318    0.132938    0.122981    0.0264437    
0.0788318    0.132938    0.122981    0.0264437    0.0788318    0.132938    0.122981    0.0264437    
0.0788318    0.132938    0.122981    0.0264437    0.0788318    0.132938    0.122981    0.0264437    
0.0788318    0.132938    0.122981    0.0264437    0.0788318    0.132938    0.122981    0.0264437    
0.0788318    0.132938    0.122981    0.0264437    0.0788318    0.132938    0.122981    0.0264437    
0.0788318    0.132938    0.122981    0.0264437    0.0788318    0.132938    0.122981    0.0264437    
0.0788318    0.132938    0.122981    0.0264437    0.0788318    0.132938    0.122981    0.0264437    
0.0788318    0.132938    0.122981    0.0264437    0.0788318    0.132938    0.122981    0.0264437    
0.0788318    0.132938    0.122981    0.0264437    0.0788318    0.132938    0.122981    0.0264437    
0.0788318    0.132938    0.122981    0.0264437    0.0788318    0.132938    0.122981    0.0264437    
0.0788318    0.132938    0.122981    0.0264437    0.0788318    0.132938    0.122981    0.0264437    
0.0788318    0.132938    0.122981    0.0264437    0.0788318    0.132938    0.122981    0.0264437    
0.0788318    0.132938    0.122981    0.0264437    0.0788318    0.132938    0.122981    0.0264437    
0.0788318    0.132938    0.122981    0.0264437    0.0788318    0.132938    0.122981    0.0264437    
0.0788318    0.132938    0.122981    0.0264437    0.0788318    0.132938    0.122981    0.0264437    
0.0788318    0.132938    0.122981    0.0264437    0.0788318    0.132938    0.122981    0.0264437    
0.0788318    0.132938    0.122981    0.0264437    0.0788318    0.132938    0.122981    0.0264437    
0.0788318    0.132938    0.122981    0.0264437    0.0788318    0.132938    0.122981    0.0264437    
0.0788318    0.132938    0.122981    0.0264437    0.0788318    0.132938    0.122981    0.0264437    
0.0788318    0.132938    0.122981    0.0264437    0.0788318    0.132938    0.122981    0.0264437    
0.0788318    0.132938    0.122981    0.0264437    0.0788318    0.132938    0.122981    0.0264437    
0.0788318    0.132938    0.122981    0.0264437    0.0788318    0.132938    0.122981    0.0264437    
0.0788318    0.132938    0.122981    0.0264437    0.0788318    0.132938    0.122981    0.0264437    
0.0788318    0.132938    0.122981    0.0264437    0.0788318    0.132938    0.122981    0.0264437    
0.0788318    0.132938    0.122981    0.0264437    0.0788318    0.132938    0.122981    0.0264437    
0.0788318    0.132938    0.122981    0.0264437    0.0788318    0.132938    0.122981    0.0264437    
0.0788318    0.132938    0.122981    0.0264437    0.0788318    0.132938    0.122981    0.0264437    
0.0788318    0.132938    0.122981    0.0264437    0.0788318    0.132938    0.122981    0.0264437    
0.0788318    0.132938    0.122981    0.0264437    0.0788318    0.132938    0.122981    0.0264437    
0.0788318    0.132938    0.122981    0.0264437    0.0788318    0.132938    0.122981    0.0264437    
0.0788318    0.132938    0.122981    0.0264437    0.0788318    0.132938    0.122981    0.0264437    
0.0788318    0.132938    0.122981    0.0264437    0.0788318    0.132938    0.122981    0.0264437    
0.0788318    0.132938    0.122981    0.0264437    0.0788318    0.132938    0.122981    0.0264437    
0.0788318    0.132938    0.122981    0.0264437    0.0788318    0.132938    0.122981    0.0264437    
0.0788318    0.132938    0.122981    0.0264437    0.0788318    0.132938    0.122981    0.0264437    
0.0788318    0.132938    0.122981    0.0264437    0.0788318    0.132938    0.122981    0.0264437    
0.0788318    0.132938    0.122981    0.0264437    0.0788318    0.132938    0.122981    0.0264437    
0.0788318    0.132938    0.122981    0.0264437    0.0788318    0.132938    0.122981    0.0264437    
0.0788318    0.132938    0.122981    0.0264437    0.0788318    0.132938    0.122981    0.0264437    
0.0788318    0.132938    0.122981    0.0264437    0.0788318    0.132938    0.122981    0.0264437    
0.0788318    0.132938    0.122981    0.0264437    0.0788318    0.132938    0.122981    0.0264437    
0.0788318    0.132938    0.122981    0.0264437    0.0788318    0.132938    0.122981    0.0264437    
0.0788318    0.132938    0.122981    0.0264437    0.0788318    0.132938    0.122981    0.0264437    
0.0788318    0.132938    0.122981    0.0264437    0.0788318    0.132938    0.122981    0.0264437    
0.0788318    0.132938    0.122981    0.0264437    0.0788318    0.132938    0.122981    0.0264437    
0.0788318    0.132938    0.122981    0.0264437    0.0788318    0.132938    0.122981    0.0264437    
0.0788318    0.132938    0.122981    0.0264437    0.0788318    0.132938    0.122981    0.0264437    
0.0788318    0.132938    0.122981    0.0264437    0.0788318    0.132938    0.122981    0.0264437    
0.0788318    0.132938    0.122981    0.0264437    0.0788318    0.132938    0.122981    0.0264437    
0.0788318    0.132938    0.122981    0.0264437    0.0788318    0.132938    0.122981    0.0264437    
0.0788318    0.132938    0.122981    0.0264437    0.0788318    0.132938    0.122981    0.0264437    
0.0788318    0.132938    0.122981    0.0264437    0.0788318    0.132938    0.122981    0.0264437    
0.0788318    0.132938    0.122981    0.0264437    0.0788318    0.132938    0.122981    0.0264437    
0.0788318    0.132938    0.122981    0.0264437    0.0788318    0.132938    0.122981    0.0264437    
0.0788318    0.132938    0.122981    0.0264437    0.0788318    0.132938    0.122981    0.0264437    
0.0788318    0.132938    0.122981    0.0264437    0.0788318    0.132938    0.122981    0.0264437    
0.0788318    0.132938    0.122981    0.0264437    0.0788318    0.132938    0.122981    0.0264437    
0.0788318    0.132938    0.122981    0.0264437    0.0788318    0.132938    0.122981    0.0264437    
0.0788318    0.132938    0.122981    0.0264437    0.0788318    0.132938    0.122981    0.0264437    
0.0788318    0.132938    0.122981    0.0264437    0.0788318    0.132938    0.122981    0.0264437    
0.0788318    0.132938    0.122981    0.0264437    0.0788318    0.132938    0.122981    0.0264437    
0.0788318    0.132938    0.122981    0.0264437    0.0788318    0.132938    0.122981    0.0264437    
0.0788318    0.132938    0.122981    0.0264437    0.0788318    0.132938    0.122981    0.0264437    
0.0788318    0.132938    0.122981    0.0264437    0.0788318    0.132938    0.122981    0.0264437    
0.0788318    0.132938    0.122981    0.0264437    0.0788318    0.132938    0.122981    0.0264437    
0.0788318    0.132938    0.122981    0.0264437    0.0788318    0.132938    0.122981    0.0264437    
0.0788318    0.132938    0.122981    0.0264437    0.0788318    0.132938    0.122981    0.0264437    
0.0788318    0.132938    0.122981    0.0264437    0.0788318    0.132938    0.122981    0.0264437    
0.0788318    0.132938    0.122981    0.0264437    0.0788318    0.132938    0.122981    0.0264437    
0.0788318    0.132938    0.122981    0.0264437    0.0788318    0.132938    0.122981    0.0264437    
0.0788318    0.132938    0.122981    0.0264437    0.0788318    0.132938    0.122981    0.0264437    
0.0788318    0.132938    0.122981    0.0264437    0.0788318    0.132938    0.122981    0.0264437    
0.0788318    0.132938    0.122981    0.0264437    0.0788318    0.132938    0.122981    0.0264437    
0.0788318    0.132938    0.122981    0.0264437    0.0788318    0.132938    0.122981    0.0264437    
0.0788318    0.132938    0.122981    0.0264437    0.0788318    0.132938    0.122981    0.0264437    
0.0788318    0.132938    0.122981    0.0264437    0.0788318    0.132938    0.122981    0.0264437    
0.0788318    0.132938    0.122981    0.0264437    0.0788318    0.132938    0.122981    0.0264437    
0.0788318    0.132938    0.122981    0.0264437    0.0788318    0.132938    0.122981    0.0264437    
0.0788318    0.132938    0.122981    0.0264437    0.0788318    0.132938    0.122981    0.0264437    
0.0788318    0.132938    0.122981    0.0264437    0.0788318    0.132938    0.122981    0.0264437    
0.0788318    0.132938    0.122981    0.0264437    0.0788318    0.132938    0.122981    0.0264437    
0.0788318    0.132938    0.122981    0.0264437    0.0788318    0.132938    0.122981    0.0264437    
0.0788318    0.132938    0.122981    0.0264437    0.0788318    0.132938    0.122981    0.0264437    
0.0788318    0.132938    0.122981    0.0264437    0.0788318    0.132938    0.122981    0.0264437    
0.0788318    0.132938    0.122981    0.0264437    0.0788318    0.132938    0.122981    0.0264437    
0.0788318    0.132938    0.122981    0.0264437    0.0788318    0.132938    0.122981    0.0264437    
0.0788318    0.132938    0.122981    0.0264437    0.0788318    0.132938    0.122981    0.0264437    
0.0788318    0.132938    0.122981    0.0264437    0.0788318    0.132938    0.122981    0.0264437    
0.0788318    0.132938    0.122981    0.0264437    0.0788318    0.132938    0.122981    0.0264437    
