1.00654    1.00654
0.995572    0.995541
1.00544    1.00537
0.997982    0.997874
1.00438    1.00423
0.999674    0.999498
1.00379    1.00358
1.00081    1.00057
1.00345    1.00319
1.00153    1.00125
1.00323    1.00293
1.00196    1.00165
1.00303    1.0027
1.00217    1.00184
1.00282    1.00249
1.00222    1.00189
1.0026    1.00227
1.00215    1.00182
1.00234    1.00202
1.002    1.00167
1.00207    1.00175
1.00179    1.00148
1.00177    1.00147
1.00153    1.00124
1.00147    1.00119
1.00125    1.00099
1.00115    1.0009
1.00096    1.00073
1.00085    1.00063
1.00067    1.00046
1.00054    1.00036
1.00038    1.00021
1.00025    1.0001
1.0001    0.999964
0.999978    0.999857
0.999842    0.999738
0.999725    0.999638
0.999602    0.999531
0.999491    0.999438
0.999381    0.999346
0.999292    0.999271
0.999191    0.999187
0.999108    0.99912
0.999033    0.999058
0.998965    0.999006
0.998902    0.998959
0.998853    0.998922
0.99881    0.998894
0.99877    0.998867
0.998746    0.998854
0.998726    0.998844
0.99872    0.998848
0.998724    0.998862
0.998735    0.998881
0.998752    0.998905
0.998777    0.998935
0.998817    0.998978
0.998851    0.999017
0.99891    0.99908
0.998965    0.999137
0.999027    0.999197
0.999094    0.999264
0.999172    0.999339
0.99925    0.999414
0.999338    0.999496
0.999419    0.999573
0.999514    0.999662
0.999605    0.999745
0.999693    0.999823
0.999788    0.999908
0.999876    0.999985
0.999959    1.00006
1.00005    1.00014
1.00013    1.0002
1.00021    1.00027
1.00028    1.00033
1.00035    1.00039
1.00041    1.00044
1.00047    1.00048
1.00052    1.00052
1.00056    1.00055
1.0006    1.00058
1.00063    1.00059
1.00065    1.00061
1.00067    1.00062
1.00068    1.00062
1.00069    1.00062
1.00069    1.00061
1.00069    1.0006
1.00067    1.00058
1.00066    1.00056
1.00064    1.00053
1.00062    1.00051
1.00059    1.00048
1.00056    1.00044
1.00052    1.00041
1.00049    1.00037
1.00045    1.00033
1.00041    1.00029
1.00037    1.00026
1.00032    1.00021
1.00028    1.00017
1.00024    1.00013
1.0002    1.00009
1.00015    1.00006
1.0001    1.00001
1.00006    0.999979
1.00002    0.999941
0.999981    0.999908
0.999939    0.999872
0.999901    0.999842
0.999868    0.999817
0.999834    0.999789
0.999808    0.999768
0.999775    0.999745
0.999752    0.999728
0.999726    0.99971
0.999705    0.999698
0.99969    0.999688
0.999674    0.999678
0.999663    0.999675
0.999652    0.999672
0.999648    0.999674
0.999645    0.999676
0.999639    0.999677
0.999643    0.999685
0.999647    0.999695
0.999656    0.999707
0.999668    0.999721
0.999678    0.999737
0.999689    0.99975
0.999706    0.99977
0.999724    0.999789
0.999741    0.999808
0.999764    0.999831
0.999781    0.99985
0.999808    0.999875
0.999831    0.999898
0.999854    0.999921
0.999878    0.999943
0.999901    0.999964
0.999925    0.999984
0.999951    1.00001
0.999966    1.00002
1    1.00005
1.00002    1.00006
1.00004    1.00008
1.00006    1.0001
1.00008    1.00011
1.0001    1.00012
1.00011    1.00014
1.00012    1.00014
1.00014    1.00015
1.00016    1.00017
1.00016    1.00016
1.00017    1.00017
1.00018    1.00017
1.00019    1.00018
1.00019    1.00017
1.00019    1.00017
1.00019    1.00017
1.00019    1.00017
1.00018    1.00016
1.00018    1.00015
1.00018    1.00014
1.00017    1.00014
1.00017    1.00013
1.00016    1.00012
1.00015    1.00011
1.00013    1.00009
1.00012    1.00008
1.00011    1.00007
1.0001    1.00006
1.00009    1.00005
1.00008    1.00004
1.00006    1.00002
1.00005    1.00001
1.00003    0.999997
1.00003    0.999996
1.00002    0.999988
1    0.99997
0.999997    0.999965
0.999985    0.999956
0.999975    0.99995
0.99997    0.999944
0.999957    0.999935
0.999946    0.999926
0.999934    0.999919
0.99993    0.999916
0.999925    0.999913
0.999921    0.999913
0.999912    0.999906
0.99991    0.999908
0.999907    0.999909
0.999903    0.999907
0.999899    0.999905
0.999902    0.99991
0.999904    0.999914
0.999906    0.999919
0.9999    0.999916
0.999904    0.999922
0.999907    0.999924
0.999912    0.999931
0.999914    0.999935
0.999918    0.99994
0.999922    0.999946
0.99993    0.999954
0.999936    0.999962
0.999941    0.999964
0.999956    0.999982
0.999947    0.999973
0.999962    0.999988
0.999967    0.999993
0.999975    0.999998
0.999983    1.00001
0.999979    1
0.999997    1.00002
0.999995    1.00001
1.00001    1.00003
1    1.00002
1.00002    1.00004
1.00002    1.00003
1.00003    1.00004
1.00003    1.00004
1.00003    1.00004
1.00003    1.00004
1.00004    1.00005
1.00004    1.00005
1.00004    1.00004
1.00005    1.00005
1.00005    1.00005
1.00005    1.00004
1.00006    1.00005
1.00005    1.00004
1.00005    1.00005
1.00004    1.00004
1.00006    1.00005
1.00005    1.00003
1.00005    1.00004
1.00004    1.00003
1.00005    1.00003
1.00004    1.00002
1.00004    1.00003
1.00003    1.00002
1.00003    1.00002
1.00003    1.00001
1.00002    1.00001
1.00003    1.00001
1.00002    1
1.00001    0.999996
1.00002    1
1.00001    0.999997
1    0.999987
1    0.999989
0.999996    0.999984
1    0.999989
0.999985    0.999975
0.999994    0.999982
0.999985    0.999976
0.999995    0.999985
0.999978    0.99997
0.999986    0.999981
0.999982    0.999976
0.999978    0.999974
0.999977    0.999973
0.999977    0.999975
0.999969    0.999969
0.999978    0.99998
0.999968    0.99997
0.999975    0.999977
0.999977    0.99998
0.999971    0.999975
0.999972    0.999976
0.999978    0.999986
0.999973    0.999979
0.999973    0.999981
0.999978    0.999986
0.999979    0.999989
0.999978    0.999986
0.999984    0.999994
0.999979    0.999989
0.999984    0.999994
0.999993    1
0.999985    0.999995
0.999991    1
0.999991    1
0.999994    1
0.999992    1
0.999994    1
1    1.00001
1    1.00001
0.999999    1.00001
1.00001    1.00002
1.00001    1.00001
1    1.00001
1    1.00001
1.00001    1.00001
1    1.00001
1.00002    1.00002
1.00001    1.00001
1.00001    1.00002
1    1.00001
1.00002    1.00002
1.00001    1.00001
1.00002    1.00002
1.00001    1.00001
1.00001    1.00001
1.00001    1.00001
1.00002    1.00002
1.00001    1
1.00002    1.00001
1.00001    1.00001
1.00001    1.00001
1.00001    1
1.00002    1.00001
1.00001    1
1.00002    1.00001
1.00001    1
1.00001    1
1.00001    0.999998
1    0.999994
1.00001    1.00001
1.00001    1
1.00001    1
1.00001    1
1.00001    1
1.00001    1
0.999998    0.99999
1    0.999993
1    0.999994
0.999999    0.999991
1    0.999994
0.999997    0.999991
0.999996    0.99999
0.999989    0.999985
0.999994    0.99999
0.999993    0.999989
0.999997    0.999993
0.99999    0.999988
0.999996    0.999994
0.999993    0.999991
0.999996    0.999996
0.99999    0.99999
0.99999    0.99999
0.999991    0.999991
0.999995    0.999997
0.99999    0.999992
0.999993    0.999997
0.999992    0.999996
0.999994    0.999998
0.999999    1
0.999988    0.999994
0.999992    0.999996
0.999994    1
0.999996    1
0.999996    1
0.999998    1
0.999997    1.00001
0.999999    1.00001
1    1.00001
1    1.00001
1    1.00001
1    1.00001
0.999998    1.00001
0.999999    1.00001
0.999999    1
1    1.00001
1    1.00001
1    1.00001
0.999997    1
1    1.00001
1    1.00001
1    1
0.999999    1
0.999998    1
0.999996    0.999998
1.00001    1.00001
1    1
1    1
1    1
1.00001    1.00001
1    1
1    1
1.00001    1.00001
1.00001    1.00001
1.00001    1
1.00001    1
1    1
1.00001    1
1.00001    1
1.00001    0.999999
1    0.999999
1    0.999998
1    0.999998
1    0.999997
1    0.999997
1    0.999995
1    0.999995
1    0.999998
1    0.999997
1    0.999997
1    0.999998
1    0.999998
1    0.999999
1.00001    1
1.00001    1
0.999994    0.99999
0.999996    0.999992
0.999997    0.999993
0.999998    0.999994
0.999999    0.999997
1    0.999998
1    0.999999
0.999998    0.999996
0.999999    0.999997
0.999996    0.999994
0.999996    0.999994
0.999997    0.999997
0.999997    0.999997
0.999999    0.999999
0.999992    0.999994
0.999994    0.999996
0.999995    0.999997
0.999994    0.999998
0.999995    0.999999
0.999996    0.999998
0.999995    0.999999
0.999995    1
0.999997    1
0.999996    1
0.999997    1
0.999997    1
0.999996    1
0.999996    1
0.999996    1
0.999996    1
0.999997    1
0.999996    1
0.999995    1
0.999995    1
0.999996    1
0.999993    0.999999
0.999994    0.999998
0.999993    0.999999
0.999994    0.999998
0.999992    0.999996
1    1.00001
1    1
1    1
0.999998    1
0.999999    1
0.999998    1
0.999998    1
0.999997    0.999999
1    1
1    1
1    1
1    1
1    1
1    1
1    1
1    1
1    1
1.00001    1
1.00001    1
1.00001    1.00001
1.00001    1.00001
1.00001    1.00001
1.00001    1
1.00001    1
1.00001    1
1.00001    1
0.999998    0.999994
0.999998    0.999994
0.999998    0.999994
0.999996    0.999993
0.999998    0.999993
0.999998    0.999995
0.999998    0.999994
0.999998    0.999994
0.999999    0.999993
0.999999    0.999995
0.999999    0.999995
0.999999    0.999997
0.999998    0.999996
0.999995    0.999991
0.999995    0.999993
0.999995    0.999993
0.999994    0.999992
0.999994    0.999994
0.999994    0.999994
0.999994    0.999994
0.999994    0.999996
0.999995    0.999995
0.999995    0.999995
0.999994    0.999994
0.999994    0.999996
0.999994    0.999996
0.999994    0.999996
0.999993    0.999995
0.999993    0.999995
0.999993    0.999997
0.999991    0.999997
0.999991    0.999997
0.999991    0.999997
0.999992    0.999998
0.999992    0.999998
0.999991    0.999997
0.999991    0.999997
0.999991    0.999997
0.999991    0.999997
0.999989    0.999995
0.999989    0.999995
0.999989    0.999995
0.999991    0.999996
0.999991    0.999996
0.99999    0.999996
0.99999    0.999996
0.999991    0.999995
0.999991    0.999995
0.999991    0.999995
0.999989    0.999995
0.99999    0.999996
0.99999    0.999994
0.99999    0.999994
0.99999    0.999994
0.99999    0.999994
0.99999    0.999994
0.99999    0.999992
0.99999    0.999992
0.999991    0.999993
0.999991    0.999993
0.999991    0.999993
0.999996    0.999998
0.999996    0.999998
0.999996    0.999998
0.999995    0.999997
0.999996    0.999996
0.999996    0.999996
0.999996    0.999996
0.999998    0.999996
0.999998    0.999996
0.999998    0.999996
0.999998    0.999996
0.999998    0.999996
0.999998    0.999996
0.999998    0.999996
0.999993    0.999993
0.999993    0.999993
0.999993    0.999993
0.999993    0.999993
0.999993    0.999993
0.999993    0.999993
0.999993    0.999993
0.999993    0.999993
0.999993    0.999993
0.999992    0.999992
0.999992    0.999992
0.999994    0.999992
0.999994    0.999994
0.999994    0.999994
0.999994    0.999994
0.999994    0.999994
0.999995    0.999995
0.999994    0.999994
0.999994    0.999994
0.999994    0.999994
0.999992    0.999994
0.999992    0.999994
0.999992    0.999994
0.999992    0.999994
0.999992    0.999996
0.999992    0.999996
0.999992    0.999996
0.999992    0.999996
0.999992    0.999996
0.999992    0.999996
0.999992    0.999996
0.999992    0.999996
0.999992    0.999996
0.999992    0.999996
0.999992    0.999996
0.999992    0.999996
0.999992    0.999996
0.999992    0.999996
0.999992    0.999996
0.999992    0.999994
0.999992    0.999994
0.999992    0.999994
0.999992    0.999994
0.999992    0.999994
0.999992    0.999994
0.999992    0.999994
0.999992    0.999994
0.999992    0.999994
0.999992    0.999994
0.999992    0.999994
0.999992    0.999994
0.999992    0.999994
0.999992    0.999994
0.999992    0.999994
0.999992    0.999994
0.999992    0.999994
0.999992    0.999994
0.999992    0.999994
0.999992    0.999994
0.999992    0.999994
0.999992    0.999994
0.999992    0.999994
0.999992    0.999992
0.999992    0.999992
0.999992    0.999992
0.999992    0.999992
0.999992    0.999992
0.999992    0.999992
0.999992    0.999992
0.999992    0.999992
0.999992    0.999992
0.999992    0.999992
0.999992    0.999992
0.999992    0.999992
0.999992    0.999994
0.999992    0.999994
0.999992    0.999994
0.999992    0.999994
0.999992    0.999994
0.999992    0.999994
0.999992    0.999994
0.999992    0.999994
0.999992    0.999994
0.999992    0.999994
0.999992    0.999994
0.999992    0.999994
0.999992    0.999994
0.999992    0.999994
0.999992    0.999994
0.999992    0.999994
0.999992    0.999994
0.999993    0.999995
0.999992    0.999994
0.999992    0.999994
0.999992    0.999994
0.999992    0.999994
0.999992    0.999994
0.999992    0.999994
0.999992    0.999994
0.999992    0.999994
0.999992    0.999994
0.999992    0.999994
0.999992    0.999994
0.999992    0.999994
0.999992    0.999994
0.999992    0.999994
0.999992    0.999994
0.999992    0.999994
0.999992    0.999994
0.999992    0.999994
0.999992    0.999994
0.999992    0.999994
0.999992    0.999994
0.999992    0.999994
0.999992    0.999994
0.999992    0.999994
0.999992    0.999994
0.999993    0.999995
0.999992    0.999994
0.999992    0.999994
0.999992    0.999994
0.999992    0.999994
0.999992    0.999994
0.999992    0.999994
0.999992    0.999994
0.999992    0.999994
0.999992    0.999994
0.999992    0.999994
0.999992    0.999994
0.999992    0.999994
0.999992    0.999994
0.999992    0.999994
0.999992    0.999994
0.999992    0.999994
0.999992    0.999994
0.999992    0.999994
0.999992    0.999994
0.999992    0.999994
0.999992    0.999994
0.999992    0.999994
0.999992    0.999994
0.999992    0.999994
0.999992    0.999994
0.999992    0.999994
0.999992    0.999994
0.999992    0.999994
0.999992    0.999994
0.999992    0.999994
0.999992    0.999994
0.999992    0.999994
0.999992    0.999994
0.999992    0.999994
0.999992    0.999994
0.999992    0.999994
0.999992    0.999994
0.999992    0.999994
0.999992    0.999994
0.999992    0.999994
0.999992    0.999994
0.999992    0.999994
0.999992    0.999994
0.999992    0.999994
0.999992    0.999994
0.999992    0.999994
0.999992    0.999994
0.999992    0.999994
0.999992    0.999994
0.999992    0.999994
0.999992    0.999994
0.999992    0.999994
0.999992    0.999994
0.999992    0.999994
0.999992    0.999994
0.999992    0.999994
0.999992    0.999994
0.999992    0.999994
0.999992    0.999994
0.999992    0.999994
0.999992    0.999994
0.999992    0.999994
0.999992    0.999994
0.999992    0.999994
0.999992    0.999994
0.999992    0.999994
0.999992    0.999994
0.999992    0.999994
0.999992    0.999994
0.999992    0.999994
0.999992    0.999994
0.999992    0.999994
0.999992    0.999994
0.999992    0.999994
0.999992    0.999994
0.999992    0.999994
0.999992    0.999994
0.999992    0.999994
0.999992    0.999994
0.999992    0.999994
0.999992    0.999994
0.999992    0.999994
0.999992    0.999994
0.999992    0.999994
0.999992    0.999994
0.999992    0.999994
0.999992    0.999994
0.999992    0.999994
0.999992    0.999994
0.999992    0.999994
0.999992    0.999994
0.999992    0.999994
0.999992    0.999994
0.999992    0.999994
0.999992    0.999994
0.999992    0.999994
0.999992    0.999994
0.999992    0.999994
0.999992    0.999994
0.999992    0.999994
0.999992    0.999994
0.999992    0.999994
0.999992    0.999994
0.999992    0.999994
0.999992    0.999994
0.999992    0.999994
0.999992    0.999994
0.999992    0.999994
0.999992    0.999994
0.999992    0.999994
0.999992    0.999994
0.999992    0.999994
0.999992    0.999994
0.999992    0.999994
0.999992    0.999994
0.999992    0.999994
0.999992    0.999994
0.999992    0.999994
0.999992    0.999994
0.999992    0.999994
0.999992    0.999994
0.999992    0.999994
0.999992    0.999994
0.999992    0.999994
0.999992    0.999994
0.999992    0.999994
0.999992    0.999994
0.999992    0.999994
0.999992    0.999994
0.999992    0.999994
0.999992    0.999994
0.999992    0.999994
0.999992    0.999994
0.999992    0.999994
