1.00021    1.00021
1.00039    1.00042
1.00055    1.00062
1.00069    1.00079
1.00083    1.00096
1.00095    1.0011
1.00104    1.00122
1.00113    1.00133
1.00119    1.00141
1.00124    1.00148
1.00128    1.00152
1.0013    1.00155
1.00131    1.00157
1.0013    1.00156
1.00128    1.00154
1.00126    1.00152
1.00122    1.00147
1.00117    1.00142
1.00112    1.00136
1.00106    1.00129
1.001    1.00122
1.00093    1.00114
1.00086    1.00105
1.00079    1.00096
1.00071    1.00087
1.00063    1.00078
1.00055    1.00068
1.00047    1.00059
1.0004    1.00049
1.00032    1.0004
1.00025    1.00031
1.00016    1.00022
1.00009    1.00013
1.00002    1.00004
0.999947    0.999955
0.999884    0.999878
0.999823    0.999803
0.999758    0.999724
0.999702    0.999657
0.999651    0.999594
0.999593    0.999526
0.999551    0.99947
0.999509    0.999421
0.999469    0.999373
0.999437    0.999333
0.999407    0.999295
0.999388    0.99927
0.999364    0.99924
0.999348    0.999222
0.999332    0.999202
0.999329    0.999197
0.999328    0.999194
0.999335    0.999201
0.999338    0.999204
0.999352    0.99922
0.999367    0.999239
0.999386    0.999262
0.999414    0.999293
0.999445    0.999328
0.999475    0.999367
0.99951    0.99941
0.999549    0.999457
0.999589    0.999502
0.999636    0.999559
0.999676    0.999609
0.999724    0.999665
0.999771    0.999722
0.999819    0.999778
0.999866    0.999836
0.999913    0.999893
0.999958    0.999948
1.00001    1
1.00005    1.00005
1.00009    1.00011
1.00013    1.00015
1.00017    1.0002
1.0002    1.00024
1.00023    1.00028
1.00026    1.00031
1.00028    1.00034
1.0003    1.00036
1.00032    1.00038
1.00034    1.0004
1.00034    1.00041
1.00035    1.00043
1.00036    1.00043
1.00036    1.00043
1.00036    1.00043
1.00035    1.00042
1.00034    1.00041
1.00034    1.00041
1.00033    1.0004
1.00031    1.00037
1.0003    1.00035
1.00028    1.00033
1.00026    1.00031
1.00024    1.00029
1.00022    1.00026
1.0002    1.00024
1.00017    1.00021
1.00015    1.00018
1.00013    1.00015
1.00011    1.00012
1.00008    1.0001
1.00006    1.00007
1.00004    1.00004
1.00002    1.00001
0.999992    0.999987
0.999969    0.99996
0.999954    0.99994
0.999931    0.999914
0.999914    0.999893
0.999898    0.999874
0.999885    0.999857
0.999869    0.999839
0.999855    0.999821
0.999846    0.99981
0.999839    0.999801
0.999831    0.999793
0.999822    0.999785
0.999817    0.999778
0.999817    0.999778
0.999816    0.999776
0.999811    0.999771
0.999814    0.999775
0.999813    0.999773
0.999818    0.999781
0.999826    0.99979
0.999832    0.999799
0.999837    0.999803
0.999844    0.999815
0.999853    0.999825
0.999865    0.999839
0.999875    0.999852
0.999883    0.999863
0.999898    0.99988
0.99991    0.999897
0.999919    0.999907
0.999937    0.999927
0.999948    0.99994
0.999958    0.999954
0.999972    0.99997
0.999982    0.999982
0.999997    1
1.00001    1.00002
1.00002    1.00003
1.00003    1.00004
1.00004    1.00005
1.00005    1.00006
1.00006    1.00008
1.00007    1.00009
1.00008    1.00009
1.00008    1.0001
1.00008    1.0001
1.00009    1.00011
1.00009    1.00011
1.00009    1.00012
1.0001    1.00012
1.0001    1.00012
1.0001    1.00012
1.0001    1.00012
1.0001    1.00012
1.00009    1.00011
1.0001    1.00012
1.00009    1.00011
1.00009    1.0001
1.00008    1.00009
1.00008    1.00009
1.00007    1.00008
1.00006    1.00008
1.00006    1.00007
1.00005    1.00006
1.00005    1.00006
1.00004    1.00005
1.00004    1.00004
1.00002    1.00003
1.00002    1.00002
1.00001    1.00001
1.00001    1.00001
1    1
0.999999    0.999995
0.999992    0.999986
0.999985    0.999977
0.99998    0.999973
0.999977    0.999969
0.999969    0.999962
0.999967    0.999957
0.999964    0.999954
0.999961    0.999949
0.999957    0.999945
0.999951    0.999939
0.999951    0.999939
0.999953    0.999939
0.999954    0.999942
0.999945    0.999933
0.999946    0.999935
0.999948    0.999936
0.999947    0.999938
0.999947    0.999935
0.99995    0.99994
0.999953    0.999943
0.999951    0.999943
0.999954    0.999946
0.999956    0.999948
0.999959    0.999953
0.999962    0.999957
0.999966    0.999962
0.999969    0.999963
0.999976    0.999974
0.999977    0.999975
0.999979    0.999977
0.999987    0.999985
0.999983    0.999983
0.99999    0.99999
0.999993    0.999993
1    1
1    1.00001
1    1.00001
1    1.00001
1.00001    1.00001
1.00001    1.00001
1.00002    1.00002
1.00002    1.00002
1.00002    1.00003
1.00002    1.00003
1.00003    1.00003
1.00002    1.00003
1.00002    1.00003
1.00003    1.00003
1.00003    1.00003
1.00003    1.00003
1.00003    1.00004
1.00003    1.00004
1.00003    1.00003
1.00003    1.00003
1.00003    1.00003
1.00002    1.00003
1.00002    1.00003
1.00002    1.00003
1.00002    1.00003
1.00002    1.00003
1.00002    1.00002
1.00002    1.00002
1.00002    1.00002
1.00001    1.00001
1.00002    1.00002
1.00001    1.00001
1.00001    1.00001
1.00001    1.00001
1.00001    1.00001
1    1
1    1
1    0.999999
0.999999    0.999997
1    0.999997
0.999994    0.999992
0.999997    0.999993
0.99999    0.999988
0.999992    0.999988
0.999989    0.999987
0.99999    0.999986
0.999988    0.999984
0.999984    0.99998
0.999988    0.999985
0.999986    0.999982
0.999983    0.999979
0.999986    0.999982
0.999982    0.999978
0.999984    0.999982
0.999989    0.999985
0.999983    0.999981
0.999985    0.999983
0.99999    0.999988
0.999984    0.99998
0.999987    0.999985
0.999991    0.999989
0.999988    0.999988
0.999989    0.999987
0.999991    0.999991
0.999993    0.999991
0.999989    0.999989
0.999994    0.999992
0.999996    0.999996
0.999997    0.999997
0.999995    0.999995
0.999996    0.999998
0.999997    0.999999
0.999998    1
1    1
1.00001    1.00001
1    1.00001
1.00001    1.00001
1.00001    1.00001
1    1.00001
1    1.00001
1    1
1.00001    1.00001
1.00001    1.00001
1    1.00001
1.00001    1.00001
1.00001    1.00001
1.00001    1.00001
1.00001    1.00001
1.00001    1.00001
1.00001    1.00001
1.00001    1.00001
1.00001    1.00001
1.00001    1.00001
1.00001    1.00001
1.00001    1.00001
1.00001    1.00001
1    1.00001
1    1.00001
1.00001    1.00001
1    1.00001
1    1
1.00001    1.00001
1.00001    1.00001
1    1
1    1
1    1
1    1
1    1
1    1
0.999999    0.999999
1    0.999999
0.999999    0.999999
1    1
1    0.999998
1    0.999998
0.999999    0.999999
1    1
0.999995    0.999995
0.999997    0.999995
0.999998    0.999996
0.999994    0.999992
0.999994    0.999992
0.999995    0.999995
0.999997    0.999995
0.999998    0.999996
0.999997    0.999997
1    0.999998
0.999994    0.999994
0.999995    0.999995
0.999996    0.999996
0.999994    0.999992
0.999995    0.999995
0.999995    0.999995
0.999996    0.999996
0.999997    0.999997
0.999998    0.999997
0.999999    0.999999
0.999999    0.999999
1    1
1    1
1    1
1    1
1    1
1    1
1    1
1    1
1    1
1    1
1    1
1    1
1    1
1    1
1    1
1    1
1    1
1    1
1    1
1    1
1    1
1    1
1    1
1    1
0.999997    0.999999
0.999999    0.999999
1    1
1    1
1    1
1.00001    1.00001
1    1.00001
1    1.00001
1    1
1    1
1    1
1    1
1    1
1    1
1    1
1    1
1    1
1    1
1    1
1    1
1    1
1    0.999999
1    1
1    1
1    1
0.999999    0.999999
1    1
1    1
1    1
1    1
1    1
1    1
1    1
1    1
1    1
1    1
1    1
0.999999    0.999999
0.999998    0.999998
0.999998    0.999998
0.999995    0.999995
0.999995    0.999995
0.999996    0.999996
0.999996    0.999996
0.999996    0.999996
0.999995    0.999995
0.999996    0.999996
0.999997    0.999997
0.999995    0.999995
0.999996    0.999996
0.999998    0.999998
0.999997    0.999997
0.999998    0.999998
0.999999    0.999999
0.999997    0.999997
0.999997    0.999997
0.999997    0.999997
0.999997    0.999997
0.999998    0.999998
0.999998    0.999998
0.999999    0.999999
0.999997    0.999997
0.999999    0.999999
0.999997    0.999997
0.999997    0.999997
0.999997    0.999997
0.999998    0.999998
0.999997    0.999997
0.999998    0.999999
0.999999    0.999999
0.999998    0.999998
0.999995    0.999997
0.999996    0.999996
0.999996    0.999996
0.999995    0.999995
0.999996    0.999996
1    1
1    1
1    1
1    1
1.00001    1.00001
1    1
1.00001    1.00001
1    1
1    1
1    1
1    1
1    1
1.00001    1.00001
1.00001    1.00001
1.00001    1
1    1
1    1
1    1
1    1
1.00001    1.00001
1.00001    1.00001
1    1
1    1
1    1
1    1
1    1
1    1
1    1
1    1
1    1
1    1
0.999999    0.999999
0.999999    0.999999
1    1
0.999995    0.999995
0.999994    0.999994
0.999996    0.999996
0.999996    0.999996
0.999996    0.999996
0.999996    0.999996
0.999995    0.999995
0.999995    0.999995
0.999995    0.999995
0.999997    0.999997
0.999997    0.999997
0.999995    0.999995
0.999995    0.999995
0.999995    0.999995
0.999997    0.999997
0.999997    0.999997
0.999997    0.999997
0.999999    0.999999
0.999999    0.999999
0.999998    0.999998
0.999998    0.999998
0.999997    0.999997
0.999997    0.999997
0.999997    0.999997
0.999995    0.999995
0.999995    0.999995
0.999996    0.999996
0.999997    0.999997
0.999997    0.999997
0.999997    0.999997
0.999997    0.999997
0.999996    0.999996
0.999995    0.999995
0.999995    0.999995
0.999996    0.999996
0.999998    0.999998
0.999996    0.999996
0.999996    0.999996
0.999996    0.999996
0.999996    0.999996
0.999996    0.999996
0.999994    0.999994
0.999995    0.999995
0.999996    0.999996
0.999996    0.999996
1    1
1    1
1    1
1    1
1.00001    1.00001
1    1
1    1
1    1
1    1
1    1
1    1
1    1
1    1
1    1
0.999999    0.999999
1    0.999999
1    1
0.999996    0.999996
0.999996    0.999996
0.999996    0.999996
0.999996    0.999996
0.999996    0.999996
0.999996    0.999996
0.999995    0.999995
0.999994    0.999994
0.999994    0.999994
0.999994    0.999994
0.999996    0.999996
0.999996    0.999996
0.999996    0.999996
0.999997    0.999997
0.999997    0.999997
0.999996    0.999996
0.999996    0.999996
0.999996    0.999996
0.999996    0.999996
0.999996    0.999996
0.999996    0.999996
0.999996    0.999996
0.999998    0.999998
0.999998    0.999998
0.999998    0.999998
0.999998    0.999998
0.999998    0.999998
0.999998    0.999998
0.999998    0.999998
0.999996    0.999996
0.999998    0.999998
0.999998    0.999998
0.999998    0.999998
0.999998    0.999998
0.999998    0.999998
0.999998    0.999998
0.999998    0.999998
0.999996    0.999996
0.999996    0.999996
0.999996    0.999996
0.999996    0.999996
0.999996    0.999996
0.999996    0.999996
0.999996    0.999996
0.999996    0.999996
0.999996    0.999996
0.999996    0.999996
0.999996    0.999996
0.999996    0.999996
0.999996    0.999996
0.999996    0.999996
0.999996    0.999996
0.999996    0.999996
0.999996    0.999996
0.999996    0.999996
0.999996    0.999996
0.999996    0.999996
0.999996    0.999996
0.999996    0.999996
0.999996    0.999994
0.999994    0.999994
0.999994    0.999994
0.999994    0.999994
0.999994    0.999994
0.999994    0.999994
0.999994    0.999994
0.999994    0.999994
0.999994    0.999994
0.999994    0.999994
0.999994    0.999994
0.999994    0.999994
0.999994    0.999994
0.999996    0.999996
0.999996    0.999996
0.999996    0.999996
0.999996    0.999996
0.999996    0.999996
0.999996    0.999996
0.999996    0.999996
0.999996    0.999996
0.999996    0.999996
0.999996    0.999996
0.999996    0.999996
0.999996    0.999996
0.999996    0.999996
0.999996    0.999996
0.999996    0.999996
0.999996    0.999996
0.999997    0.999997
0.999997    0.999997
0.999996    0.999996
0.999996    0.999996
0.999996    0.999996
0.999996    0.999996
0.999996    0.999996
0.999996    0.999996
0.999996    0.999996
0.999996    0.999996
0.999996    0.999996
0.999996    0.999996
0.999996    0.999996
0.999996    0.999996
0.999996    0.999996
0.999996    0.999996
0.999996    0.999996
0.999996    0.999996
0.999996    0.999996
0.999996    0.999996
0.999996    0.999996
0.999996    0.999996
0.999996    0.999996
0.999996    0.999996
0.999996    0.999996
0.999996    0.999996
0.999997    0.999997
0.999997    0.999997
0.999996    0.999996
0.999996    0.999996
0.999996    0.999996
0.999996    0.999996
0.999996    0.999996
0.999996    0.999996
0.999996    0.999996
0.999996    0.999996
0.999996    0.999996
0.999996    0.999996
0.999996    0.999996
0.999996    0.999996
0.999996    0.999996
0.999996    0.999996
0.999996    0.999996
0.999996    0.999996
0.999996    0.999996
0.999996    0.999996
0.999996    0.999996
0.999996    0.999996
0.999996    0.999996
0.999996    0.999996
0.999996    0.999996
0.999996    0.999996
0.999996    0.999996
0.999996    0.999996
0.999996    0.999996
0.999996    0.999996
0.999996    0.999996
0.999996    0.999996
0.999996    0.999996
0.999996    0.999996
0.999996    0.999996
0.999996    0.999996
0.999996    0.999996
0.999996    0.999996
0.999996    0.999996
0.999996    0.999996
0.999996    0.999996
0.999996    0.999996
0.999996    0.999996
0.999996    0.999996
0.999996    0.999996
0.999996    0.999996
0.999996    0.999996
0.999996    0.999996
0.999996    0.999996
0.999996    0.999996
0.999996    0.999996
0.999996    0.999996
0.999996    0.999996
0.999996    0.999996
0.999996    0.999996
0.999996    0.999996
0.999996    0.999996
0.999996    0.999996
0.999996    0.999996
0.999996    0.999996
0.999996    0.999996
0.999996    0.999996
0.999996    0.999996
0.999996    0.999996
0.999996    0.999996
0.999996    0.999996
0.999996    0.999996
0.999996    0.999996
0.999996    0.999996
0.999996    0.999996
0.999996    0.999996
0.999996    0.999996
0.999996    0.999996
0.999996    0.999996
0.999996    0.999996
0.999996    0.999996
0.999996    0.999996
0.999996    0.999996
0.999996    0.999996
0.999996    0.999996
0.999996    0.999996
0.999996    0.999996
0.999996    0.999996
0.999996    0.999996
0.999996    0.999996
0.999996    0.999996
0.999996    0.999996
0.999996    0.999996
0.999996    0.999996
0.999996    0.999996
0.999996    0.999996
0.999996    0.999996
0.999996    0.999996
0.999996    0.999996
0.999996    0.999996
0.999996    0.999996
0.999996    0.999996
0.999996    0.999996
0.999996    0.999996
0.999996    0.999996
0.999996    0.999996
0.999996    0.999996
0.999996    0.999996
0.999996    0.999996
0.999996    0.999996
0.999996    0.999996
0.999996    0.999996
0.999996    0.999996
0.999996    0.999996
0.999996    0.999996
0.999996    0.999996
0.999996    0.999996
0.999996    0.999996
0.999996    0.999996
0.999996    0.999996
0.999996    0.999996
0.999996    0.999996
0.999996    0.999996
0.999996    0.999996
0.999996    0.999996
0.999996    0.999996
0.999996    0.999996
0.999996    0.999996
0.999996    0.999996
0.999996    0.999996
0.999996    0.999996
0.999996    0.999996
0.999996    0.999996
0.999996    0.999996
0.999996    0.999996
0.999996    0.999996
0.999996    0.999996
0.999996    0.999996
0.999996    0.999996
0.999996    0.999996
