-0.084465    -0.147747    -0.122007    -0.0238627    -0.084465    -0.147747    -0.122007    -0.0238627    
-0.0842263    -0.147168    -0.12206    -0.0239555    -0.0842263    -0.147168    -0.12206    -0.0239555    
0.083782    0.146078    0.122157    0.0241319    0.083782    0.146078    0.122157    0.0241319    
0.0831781    0.144575    0.122285    0.024378    0.0831781    0.144575    0.122285    0.024378    
-0.0824652    -0.142767    -0.12243    -0.0246787    -0.0824652    -0.142767    -0.12243    -0.0246787    
-0.0816929    -0.140766    -0.122577    -0.0250185    -0.0816929    -0.140766    -0.122577    -0.0250185    
-0.0809049    -0.138676    -0.122714    -0.0253825    -0.0809049    -0.138676    -0.122714    -0.0253825    
-0.0801364    -0.136591    -0.122831    -0.0257566    -0.0801364    -0.136591    -0.122831    -0.0257566    
-0.0794132    -0.134584    -0.122924    -0.0261286    -0.0794132    -0.134584    -0.122924    -0.0261286    
0.0787522    0.132712    0.12299    0.0264876    0.0787522    0.132712    0.12299    0.0264876    
0.0781634    0.131014    0.123031    0.0268246    0.0781634    0.131014    0.123031    0.0268246    
0.0776514    0.129515    0.123051    0.0271324    0.0776514    0.129515    0.123051    0.0271324    
0.0772168    0.128227    0.123054    0.0274053    0.0772168    0.128227    0.123054    0.0274053    
-0.0768582    -0.127154    -0.123046    -0.0276391    -0.0768582    -0.127154    -0.123046    -0.0276391    
0.0765728    0.126294    0.123032    0.0278312    0.0765728    0.126294    0.123032    0.0278312    
0.0763572    0.125641    0.123017    0.02798    0.0763572    0.125641    0.123017    0.02798    
-0.0762075    -0.125186    -0.123004    -0.0280853    -0.0762075    -0.125186    -0.123004    -0.0280853    
0.07612    0.12492    0.122995    0.0281476    0.07612    0.12492    0.122995    0.0281476    
0.076091    0.124831    0.122992    0.0281683    0.076091    0.124831    0.122992    0.0281683    
0.076117    0.12491    0.122994    0.0281498    0.076117    0.12491    0.122994    0.0281498    
0.0761943    0.125146    0.123002    0.0280948    0.0761943    0.125146    0.123002    0.0280948    
0.0763193    0.125526    0.123013    0.0280068    0.0763193    0.125526    0.123013    0.0280068    
0.0764883    0.126038    0.123025    0.0278895    0.0764883    0.126038    0.123025    0.0278895    
0.0766972    0.126669    0.123037    0.0277472    0.0766972    0.126669    0.123037    0.0277472    
-0.0769417    -0.127404    -0.123047    -0.0275844    -0.0769417    -0.127404    -0.123047    -0.0275844    
0.0772168    0.128227    0.123052    0.0274058    0.0772168    0.128227    0.123052    0.0274058    
0.077517    0.129118    0.123052    0.0272161    0.077517    0.129118    0.123052    0.0272161    
0.0778359    0.130057    0.123044    0.0270204    0.0778359    0.130057    0.123044    0.0270204    
0.0781664    0.131022    0.12303    0.0268234    0.0781664    0.131022    0.12303    0.0268234    
0.0785008    0.13199    0.123009    0.0266299    0.0785008    0.13199    0.123009    0.0266299    
0.0788307    0.132935    0.122982    0.0264444    0.0788307    0.132935    0.122982    0.0264444    
-0.0791473    -0.133835    -0.122952    -0.0262711    -0.0791473    -0.133835    -0.122952    -0.0262711    
0.0794418    0.134664    0.12292    0.0261138    0.0794418    0.134664    0.12292    0.0261138    
-0.0797061    -0.135401    -0.122888    -0.0259758    -0.0797061    -0.135401    -0.122888    -0.0259758    
0.0799326    0.136029    0.122859    0.0258597    0.0799326    0.136029    0.122859    0.0258597    
-0.0801153    -0.136532    -0.122834    -0.0257675    -0.0801153    -0.136532    -0.122834    -0.0257675    
0.0802498    0.136901    0.122815    0.0257004    0.0802498    0.136901    0.122815    0.0257004    
0.0803339    0.137131    0.122802    0.0256588    0.0803339    0.137131    0.122802    0.0256588    
-0.0803671    -0.137222    -0.122798    -0.0256423    -0.0803671    -0.137222    -0.122798    -0.0256423    
-0.0803515    -0.137179    -0.1228    -0.02565    -0.0803515    -0.137179    -0.1228    -0.02565    
0.0802908    0.137013    0.122809    0.02568    0.0802908    0.137013    0.122809    0.02568    
0.0801901    0.136738    0.122823    0.02573    0.0801901    0.136738    0.122823    0.02573    
-0.0800559    -0.136369    -0.122842    -0.0257972    -0.0800559    -0.136369    -0.122842    -0.0257972    
0.0798954    0.135927    0.122864    0.0258785    0.0798954    0.135927    0.122864    0.0258785    
-0.079716    -0.135429    -0.122887    -0.0259705    -0.079716    -0.135429    -0.122887    -0.0259705    
-0.0795248    -0.134896    -0.122911    -0.02607    -0.0795248    -0.134896    -0.122911    -0.02607    
-0.0793288    -0.134347    -0.122933    -0.0261735    -0.0793288    -0.134347    -0.122933    -0.0261735    
0.0791341    0.133797    0.122954    0.026278    0.0791341    0.133797    0.122954    0.026278    
-0.0789461    -0.133264    -0.122972    -0.0263804    -0.0789461    -0.133264    -0.122972    -0.0263804    
0.0787694    0.132761    0.122988    0.0264782    0.0787694    0.132761    0.122988    0.0264782    
0.0786076    0.132297    0.123001    0.026569    0.0786076    0.132297    0.123001    0.026569    
0.0784635    0.131882    0.123012    0.0266509    0.0784635    0.131882    0.123012    0.0266509    
0.0783392    0.131523    0.12302    0.0267224    0.0783392    0.131523    0.12302    0.0267224    
0.078236    0.131224    0.123026    0.0267824    0.078236    0.131224    0.123026    0.0267824    
-0.0781548    -0.130988    -0.123031    -0.02683    -0.0781548    -0.130988    -0.123031    -0.02683    
0.0780956    0.130816    0.123034    0.0268648    0.0780956    0.130816    0.123034    0.0268648    
0.0780583    0.130708    0.123036    0.0268869    0.0780583    0.130708    0.123036    0.0268869    
-0.0780422    -0.130661    -0.123036    -0.0268965    -0.0780422    -0.130661    -0.123036    -0.0268965    
0.0780462    0.130672    0.123036    0.0268941    0.0780462    0.130672    0.123036    0.0268941    
-0.078069    -0.130739    -0.123035    -0.0268806    -0.078069    -0.130739    -0.123035    -0.0268806    
0.078109    0.130855    0.123033    0.026857    0.078109    0.130855    0.123033    0.026857    
-0.0781642    -0.131016    -0.12303    -0.0268245    -0.0781642    -0.131016    -0.12303    -0.0268245    
-0.0782326    -0.131215    -0.123026    -0.0267844    -0.0782326    -0.131215    -0.123026    -0.0267844    
-0.0783119    -0.131444    -0.123022    -0.0267383    -0.0783119    -0.131444    -0.123022    -0.0267383    
0.0783997    0.131698    0.123016    0.0266876    0.0783997    0.131698    0.123016    0.0266876    
-0.0784934    -0.131969    -0.12301    -0.026634    -0.0784934    -0.131969    -0.12301    -0.026634    
0.0785905    0.132248    0.123002    0.0265788    0.0785905    0.132248    0.123002    0.0265788    
0.0786883    0.132528    0.122995    0.0265237    0.0786883    0.132528    0.122995    0.0265237    
0.0787843    0.132803    0.122987    0.02647    0.0787843    0.132803    0.122987    0.02647    
-0.0788762    -0.133065    -0.122978    -0.0264191    -0.0788762    -0.133065    -0.122978    -0.0264191    
0.0789616    0.133308    0.122971    0.026372    0.0789616    0.133308    0.122971    0.026372    
0.0790387    0.133527    0.122963    0.0263299    0.0790387    0.133527    0.122963    0.0263299    
-0.0791058    -0.133717    -0.122956    -0.0262934    -0.0791058    -0.133717    -0.122956    -0.0262934    
0.0791614    0.133875    0.122951    0.0262633    0.0791614    0.133875    0.122951    0.0262633    
-0.0792048    -0.133997    -0.122946    -0.0262399    -0.0792048    -0.133997    -0.122946    -0.0262399    
0.0792354    0.134084    0.122943    0.0262235    0.0792354    0.134084    0.122943    0.0262235    
0.0792531    0.134133    0.122941    0.0262141    0.0792531    0.134133    0.122941    0.0262141    
-0.0792581    -0.134147    -0.122941    -0.0262114    -0.0792581    -0.134147    -0.122941    -0.0262114    
0.0792511    0.134128    0.122941    0.0262151    0.0792511    0.134128    0.122941    0.0262151    
-0.0792331    -0.134077    -0.122943    -0.0262248    -0.0792331    -0.134077    -0.122943    -0.0262248    
0.0792053    0.133999    0.122946    0.0262397    0.0792053    0.133999    0.122946    0.0262397    
0.0791692    0.133897    0.12295    0.0262591    0.0791692    0.133897    0.12295    0.0262591    
0.0791263    0.133775    0.122955    0.0262823    0.0791263    0.133775    0.122955    0.0262823    
-0.0790783    -0.133639    -0.122959    -0.0263083    -0.0790783    -0.133639    -0.122959    -0.0263083    
0.0790269    0.133494    0.122964    0.0263363    0.0790269    0.133494    0.122964    0.0263363    
-0.0789737    -0.133343    -0.12297    -0.0263654    -0.0789737    -0.133343    -0.12297    -0.0263654    
-0.0789203    -0.133191    -0.122975    -0.0263947    -0.0789203    -0.133191    -0.122975    -0.0263947    
-0.0788682    -0.133043    -0.122979    -0.0264234    -0.0788682    -0.133043    -0.122979    -0.0264234    
0.0788186    0.132901    0.122984    0.0264509    0.0788186    0.132901    0.122984    0.0264509    
0.0787727    0.13277    0.122988    0.0264764    0.0787727    0.13277    0.122988    0.0264764    
-0.0787314    -0.132652    -0.122991    -0.0264995    -0.0787314    -0.132652    -0.122991    -0.0264995    
-0.0786954    -0.132549    -0.122994    -0.0265196    -0.0786954    -0.132549    -0.122994    -0.0265196    
-0.0786653    -0.132463    -0.122997    -0.0265365    -0.0786653    -0.132463    -0.122997    -0.0265365    
0.0786415    0.132394    0.122999    0.0265499    0.0786415    0.132394    0.122999    0.0265499    
0.0786242    0.132345    0.123    0.0265597    0.0786242    0.132345    0.123    0.0265597    
-0.0786133    -0.132314    -0.123001    -0.0265658    -0.0786133    -0.132314    -0.123001    -0.0265658    
0.0786088    0.1323    0.123001    0.0265684    0.0786088    0.1323    0.123001    0.0265684    
0.0786103    0.132305    0.123001    0.0265676    0.0786103    0.132305    0.123001    0.0265676    
-0.0786174    -0.132325    -0.123    -0.0265636    -0.0786174    -0.132325    -0.123    -0.0265636    
-0.0786295    -0.13236    -0.122999    -0.0265567    -0.0786295    -0.13236    -0.122999    -0.0265567    
0.0786462    0.132408    0.122998    0.0265473    0.0786462    0.132408    0.122998    0.0265473    
0.0786666    0.132466    0.122996    0.0265358    0.0786666    0.132466    0.122996    0.0265358    
-0.07869    -0.132533    -0.122995    -0.0265227    -0.07869    -0.132533    -0.122995    -0.0265227    
0.0787157    0.132607    0.122992    0.0265083    0.0787157    0.132607    0.122992    0.0265083    
0.0787429    0.132685    0.12299    0.0264931    0.0787429    0.132685    0.12299    0.0264931    
0.0787707    0.132764    0.122988    0.0264776    0.0787707    0.132764    0.122988    0.0264776    
0.0787984    0.132843    0.122985    0.0264621    0.0787984    0.132843    0.122985    0.0264621    
0.0788253    0.13292    0.122983    0.0264472    0.0788253    0.13292    0.122983    0.0264472    
-0.0788508    -0.132993    -0.122981    -0.0264331    -0.0788508    -0.132993    -0.122981    -0.0264331    
-0.0788742    -0.13306    -0.122979    -0.0264202    -0.0788742    -0.13306    -0.122979    -0.0264202    
0.078895    0.133119    0.122977    0.0264086    0.078895    0.133119    0.122977    0.0264086    
0.0789129    0.13317    0.122975    0.0263988    0.0789129    0.13317    0.122975    0.0263988    
-0.0789276    -0.133212    -0.122974    -0.0263907    -0.0789276    -0.133212    -0.122974    -0.0263907    
0.0789388    0.133243    0.122973    0.0263846    0.0789388    0.133243    0.122973    0.0263846    
-0.0789464    -0.133265    -0.122972    -0.0263803    -0.0789464    -0.133265    -0.122972    -0.0263803    
0.0789506    0.133277    0.122972    0.026378    0.0789506    0.133277    0.122972    0.026378    
-0.0789514    -0.133279    -0.122972    -0.0263776    -0.0789514    -0.133279    -0.122972    -0.0263776    
0.0789489    0.133272    0.122972    0.026379    0.0789489    0.133272    0.122972    0.026379    
-0.0789435    -0.133257    -0.122972    -0.0263819    -0.0789435    -0.133257    -0.122972    -0.0263819    
0.0789355    0.133234    0.122973    0.0263863    0.0789355    0.133234    0.122973    0.0263863    
-0.0789253    -0.133205    -0.122974    -0.026392    -0.0789253    -0.133205    -0.122974    -0.026392    
0.0789132    0.133171    0.122975    0.0263986    0.0789132    0.133171    0.122975    0.0263986    
-0.0788998    -0.133133    -0.122976    -0.026406    -0.0788998    -0.133133    -0.122976    -0.026406    
-0.0788855    -0.133092    -0.122978    -0.0264139    -0.0788855    -0.133092    -0.122978    -0.0264139    
0.0788707    0.13305    0.122979    0.0264221    0.0788707    0.13305    0.122979    0.0264221    
-0.0788558    -0.133007    -0.12298    -0.0264303    -0.0788558    -0.133007    -0.12298    -0.0264303    
0.0788413    0.132966    0.122982    0.0264383    0.0788413    0.132966    0.122982    0.0264383    
0.0788275    0.132926    0.122983    0.026446    0.0788275    0.132926    0.122983    0.026446    
0.0788146    0.13289    0.122984    0.0264531    0.0788146    0.13289    0.122984    0.0264531    
-0.0788031    -0.132857    -0.122985    -0.0264595    -0.0788031    -0.132857    -0.122985    -0.0264595    
0.0787931    0.132828    0.122986    0.0264651    0.0787931    0.132828    0.122986    0.0264651    
0.0787847    0.132804    0.122987    0.0264697    0.0787847    0.132804    0.122987    0.0264697    
0.0787782    0.132786    0.122987    0.0264734    0.0787782    0.132786    0.122987    0.0264734    
0.0787734    0.132772    0.122988    0.026476    0.0787734    0.132772    0.122988    0.026476    
-0.0787705    -0.132764    -0.122988    -0.0264776    -0.0787705    -0.132764    -0.122988    -0.0264776    
0.0787694    0.132761    0.122988    0.0264783    0.0787694    0.132761    0.122988    0.0264783    
0.0787701    0.132762    0.122988    0.0264779    0.0787701    0.132762    0.122988    0.0264779    
0.0787723    0.132769    0.122988    0.0264767    0.0787723    0.132769    0.122988    0.0264767    
-0.0787759    -0.132779    -0.122987    -0.0264747    -0.0787759    -0.132779    -0.122987    -0.0264747    
-0.0787808    -0.132793    -0.122987    -0.0264719    -0.0787808    -0.132793    -0.122987    -0.0264719    
-0.0787867    -0.13281    -0.122986    -0.0264686    -0.0787867    -0.13281    -0.122986    -0.0264686    
0.0787934    0.132829    0.122986    0.0264649    0.0787934    0.132829    0.122986    0.0264649    
0.0788008    0.13285    0.122985    0.0264608    0.0788008    0.13285    0.122985    0.0264608    
0.0788085    0.132872    0.122985    0.0264565    0.0788085    0.132872    0.122985    0.0264565    
0.0788164    0.132895    0.122984    0.0264522    0.0788164    0.132895    0.122984    0.0264522    
-0.0788241    -0.132917    -0.122983    -0.0264478    -0.0788241    -0.132917    -0.122983    -0.0264478    
-0.0788317    -0.132938    -0.122983    -0.0264437    -0.0788317    -0.132938    -0.122983    -0.0264437    
-0.0788387    -0.132958    -0.122982    -0.0264398    -0.0788387    -0.132958    -0.122982    -0.0264398    
0.0788452    0.132977    0.122981    0.0264362    0.0788452    0.132977    0.122981    0.0264362    
0.0788509    0.132993    0.122981    0.026433    0.0788509    0.132993    0.122981    0.026433    
-0.0788557    -0.133007    -0.12298    -0.0264303    -0.0788557    -0.133007    -0.12298    -0.0264303    
0.0788597    0.133018    0.12298    0.0264282    0.0788597    0.133018    0.12298    0.0264282    
0.0788626    0.133027    0.12298    0.0264265    0.0788626    0.133027    0.12298    0.0264265    
0.0788646    0.133032    0.12298    0.0264254    0.0788646    0.133032    0.12298    0.0264254    
0.0788656    0.133035    0.122979    0.0264249    0.0788656    0.133035    0.122979    0.0264249    
0.0788657    0.133035    0.122979    0.0264248    0.0788657    0.133035    0.122979    0.0264248    
0.0788649    0.133033    0.12298    0.0264253    0.0788649    0.133033    0.12298    0.0264253    
0.0788633    0.133029    0.12298    0.0264262    0.0788633    0.133029    0.12298    0.0264262    
0.078861    0.133022    0.12298    0.0264274    0.078861    0.133022    0.12298    0.0264274    
-0.078858    -0.133014    -0.12298    -0.0264291    -0.078858    -0.133014    -0.12298    -0.0264291    
-0.0788546    -0.133004    -0.12298    -0.026431    -0.0788546    -0.133004    -0.12298    -0.026431    
-0.0788508    -0.132993    -0.122981    -0.0264331    -0.0788508    -0.132993    -0.122981    -0.0264331    
0.0788468    0.132981    0.122981    0.0264353    0.0788468    0.132981    0.122981    0.0264353    
0.0788426    0.13297    0.122982    0.0264376    0.0788426    0.13297    0.122982    0.0264376    
0.0788385    0.132958    0.122982    0.0264399    0.0788385    0.132958    0.122982    0.0264399    
-0.0788344    -0.132946    -0.122982    -0.0264421    -0.0788344    -0.132946    -0.122982    -0.0264421    
0.0788305    0.132935    0.122983    0.0264443    0.0788305    0.132935    0.122983    0.0264443    
0.078827    0.132925    0.122983    0.0264463    0.078827    0.132925    0.122983    0.0264463    
-0.0788238    -0.132916    -0.122983    -0.026448    -0.0788238    -0.132916    -0.122983    -0.026448    
-0.078821    -0.132908    -0.122983    -0.0264496    -0.078821    -0.132908    -0.122983    -0.0264496    
-0.0788187    -0.132902    -0.122984    -0.0264508    -0.0788187    -0.132902    -0.122984    -0.0264508    
0.078817    0.132896    0.122984    0.0264518    0.078817    0.132896    0.122984    0.0264518    
-0.0788157    -0.132893    -0.122984    -0.0264525    -0.0788157    -0.132893    -0.122984    -0.0264525    
0.0788149    0.132891    0.122984    0.0264529    0.0788149    0.132891    0.122984    0.0264529    
-0.0788147    -0.13289    -0.122984    -0.0264531    -0.0788147    -0.13289    -0.122984    -0.0264531    
0.0788149    0.132891    0.122984    0.0264529    0.0788149    0.132891    0.122984    0.0264529    
-0.0788156    -0.132893    -0.122984    -0.0264526    -0.0788156    -0.132893    -0.122984    -0.0264526    
0.0788167    0.132896    0.122984    0.026452    0.0788167    0.132896    0.122984    0.026452    
0.0788181    0.1329    0.122984    0.0264512    0.0788181    0.1329    0.122984    0.0264512    
0.0788198    0.132905    0.122984    0.0264502    0.0788198    0.132905    0.122984    0.0264502    
0.0788217    0.13291    0.122983    0.0264492    0.0788217    0.13291    0.122983    0.0264492    
-0.0788238    -0.132916    -0.122983    -0.026448    -0.0788238    -0.132916    -0.122983    -0.026448    
-0.078826    -0.132922    -0.122983    -0.0264468    -0.078826    -0.132922    -0.122983    -0.0264468    
-0.0788282    -0.132929    -0.122983    -0.0264456    -0.0788282    -0.132929    -0.122983    -0.0264456    
-0.0788304    -0.132935    -0.122983    -0.0264444    -0.0788304    -0.132935    -0.122983    -0.0264444    
-0.0788325    -0.132941    -0.122982    -0.0264432    -0.0788325    -0.132941    -0.122982    -0.0264432    
-0.0788344    -0.132946    -0.122982    -0.0264421    -0.0788344    -0.132946    -0.122982    -0.0264421    
0.0788362    0.132951    0.122982    0.0264411    0.0788362    0.132951    0.122982    0.0264411    
0.0788378    0.132956    0.122982    0.0264403    0.0788378    0.132956    0.122982    0.0264403    
0.0788391    0.13296    0.122982    0.0264395    0.0788391    0.13296    0.122982    0.0264395    
0.0788402    0.132963    0.122982    0.0264389    0.0788402    0.132963    0.122982    0.0264389    
-0.078841    -0.132965    -0.122982    -0.0264385    -0.078841    -0.132965    -0.122982    -0.0264385    
-0.0788415    -0.132966    -0.122982    -0.0264382    -0.0788415    -0.132966    -0.122982    -0.0264382    
0.0788417    0.132967    0.122982    0.0264381    0.0788417    0.132967    0.122982    0.0264381    
0.0788417    0.132967    0.122982    0.0264381    0.0788417    0.132967    0.122982    0.0264381    
0.0788415    0.132966    0.122982    0.0264382    0.0788415    0.132966    0.122982    0.0264382    
-0.078841    -0.132965    -0.122982    -0.0264385    -0.078841    -0.132965    -0.122982    -0.0264385    
0.0788403    0.132963    0.122982    0.0264389    0.0788403    0.132963    0.122982    0.0264389    
-0.0788395    -0.132961    -0.122982    -0.0264393    -0.0788395    -0.132961    -0.122982    -0.0264393    
-0.0788385    -0.132958    -0.122982    -0.0264399    -0.0788385    -0.132958    -0.122982    -0.0264399    
0.0788374    0.132955    0.122982    0.0264405    0.0788374    0.132955    0.122982    0.0264405    
0.0788363    0.132952    0.122982    0.0264411    0.0788363    0.132952    0.122982    0.0264411    
-0.0788351    -0.132948    -0.122982    -0.0264418    -0.0788351    -0.132948    -0.122982    -0.0264418    
0.0788339    0.132945    0.122982    0.0264424    0.0788339    0.132945    0.122982    0.0264424    
-0.0788328    -0.132942    -0.122982    -0.026443    -0.0788328    -0.132942    -0.122982    -0.026443    
0.0788317    0.132939    0.122983    0.0264436    0.0788317    0.132939    0.122983    0.0264436    
-0.0788307    -0.132936    -0.122983    -0.0264442    -0.0788307    -0.132936    -0.122983    -0.0264442    
-0.0788299    -0.132933    -0.122983    -0.0264447    -0.0788299    -0.132933    -0.122983    -0.0264447    
0.0788291    0.132931    0.122983    0.0264451    0.0788291    0.132931    0.122983    0.0264451    
0.0788285    0.132929    0.122983    0.0264454    0.0788285    0.132929    0.122983    0.0264454    
-0.078828    -0.132928    -0.122983    -0.0264457    -0.078828    -0.132928    -0.122983    -0.0264457    
-0.0788277    -0.132927    -0.122983    -0.0264459    -0.0788277    -0.132927    -0.122983    -0.0264459    
0.0788275    0.132926    0.122983    0.026446    0.0788275    0.132926    0.122983    0.026446    
-0.0788274    -0.132926    -0.122983    -0.026446    -0.0788274    -0.132926    -0.122983    -0.026446    
0.0788275    0.132927    0.122983    0.026446    0.0788275    0.132927    0.122983    0.026446    
-0.0788277    -0.132927    -0.122983    -0.0264459    -0.0788277    -0.132927    -0.122983    -0.0264459    
0.078828    0.132928    0.122983    0.0264457    0.078828    0.132928    0.122983    0.0264457    
-0.0788284    -0.132929    -0.122983    -0.0264455    -0.0788284    -0.132929    -0.122983    -0.0264455    
0.0788289    0.132931    0.122983    0.0264452    0.0788289    0.132931    0.122983    0.0264452    
-0.0788295    -0.132932    -0.122983    -0.0264449    -0.0788295    -0.132932    -0.122983    -0.0264449    
-0.0788301    -0.132934    -0.122983    -0.0264446    -0.0788301    -0.132934    -0.122983    -0.0264446    
-0.0788307    -0.132936    -0.122983    -0.0264442    -0.0788307    -0.132936    -0.122983    -0.0264442    
-0.0788313    -0.132937    -0.122983    -0.0264439    -0.0788313    -0.132937    -0.122983    -0.0264439    
-0.0788319    -0.132939    -0.122983    -0.0264435    -0.0788319    -0.132939    -0.122983    -0.0264435    
-0.0788325    -0.132941    -0.122982    -0.0264432    -0.0788325    -0.132941    -0.122982    -0.0264432    
-0.078833    -0.132942    -0.122982    -0.0264429    -0.078833    -0.132942    -0.122982    -0.0264429    
-0.0788335    -0.132944    -0.122982    -0.0264426    -0.0788335    -0.132944    -0.122982    -0.0264426    
0.078834    0.132945    0.122982    0.0264424    0.078834    0.132945    0.122982    0.0264424    
-0.0788343    -0.132946    -0.122982    -0.0264422    -0.0788343    -0.132946    -0.122982    -0.0264422    
-0.0788346    -0.132947    -0.122982    -0.026442    -0.0788346    -0.132947    -0.122982    -0.026442    
-0.0788348    -0.132947    -0.122982    -0.0264419    -0.0788348    -0.132947    -0.122982    -0.0264419    
-0.078835    -0.132948    -0.122982    -0.0264418    -0.078835    -0.132948    -0.122982    -0.0264418    
-0.078835    -0.132948    -0.122982    -0.0264418    -0.078835    -0.132948    -0.122982    -0.0264418    
-0.078835    -0.132948    -0.122982    -0.0264418    -0.078835    -0.132948    -0.122982    -0.0264418    
0.0788349    0.132948    0.122982    0.0264419    0.0788349    0.132948    0.122982    0.0264419    
0.0788348    0.132947    0.122982    0.0264419    0.0788348    0.132947    0.122982    0.0264419    
0.0788346    0.132947    0.122982    0.026442    0.0788346    0.132947    0.122982    0.026442    
-0.0788343    -0.132946    -0.122982    -0.0264422    -0.0788343    -0.132946    -0.122982    -0.0264422    
0.0788341    0.132945    0.122982    0.0264423    0.0788341    0.132945    0.122982    0.0264423    
0.0788338    0.132944    0.122982    0.0264425    0.0788338    0.132944    0.122982    0.0264425    
0.0788334    0.132943    0.122982    0.0264427    0.0788334    0.132943    0.122982    0.0264427    
0.0788331    0.132942    0.122982    0.0264429    0.0788331    0.132942    0.122982    0.0264429    
0.0788328    0.132942    0.122982    0.026443    0.0788328    0.132942    0.122982    0.026443    
-0.0788325    -0.132941    -0.122982    -0.0264432    -0.0788325    -0.132941    -0.122982    -0.0264432    
-0.0788322    -0.13294    -0.122982    -0.0264434    -0.0788322    -0.13294    -0.122982    -0.0264434    
0.0788319    0.132939    0.122983    0.0264435    0.0788319    0.132939    0.122983    0.0264435    
0.0788317    0.132938    0.122983    0.0264437    0.0788317    0.132938    0.122983    0.0264437    
0.0788314    0.132938    0.122983    0.0264438    0.0788314    0.132938    0.122983    0.0264438    
-0.0788313    -0.132937    -0.122983    -0.0264439    -0.0788313    -0.132937    -0.122983    -0.0264439    
0.0788311    0.132937    0.122983    0.026444    0.0788311    0.132937    0.122983    0.026444    
-0.0788311    -0.132937    -0.122983    -0.026444    -0.0788311    -0.132937    -0.122983    -0.026444    
0.078831    0.132936    0.122983    0.026444    0.078831    0.132936    0.122983    0.026444    
0.078831    0.132936    0.122983    0.026444    0.078831    0.132936    0.122983    0.026444    
0.078831    0.132937    0.122983    0.026444    0.078831    0.132937    0.122983    0.026444    
-0.0788311    -0.132937    -0.122983    -0.026444    -0.0788311    -0.132937    -0.122983    -0.026444    
-0.0788312    -0.132937    -0.122983    -0.0264439    -0.0788312    -0.132937    -0.122983    -0.0264439    
0.0788313    0.132937    0.122983    0.0264439    0.0788313    0.132937    0.122983    0.0264439    
-0.0788314    -0.132938    -0.122983    -0.0264438    -0.0788314    -0.132938    -0.122983    -0.0264438    
-0.0788316    -0.132938    -0.122983    -0.0264437    -0.0788316    -0.132938    -0.122983    -0.0264437    
0.0788318    0.132939    0.122983    0.0264436    0.0788318    0.132939    0.122983    0.0264436    
-0.0788319    -0.132939    -0.122983    -0.0264435    -0.0788319    -0.132939    -0.122983    -0.0264435    
-0.0788321    -0.13294    -0.122982    -0.0264434    -0.0788321    -0.13294    -0.122982    -0.0264434    
-0.0788323    -0.13294    -0.122982    -0.0264433    -0.0788323    -0.13294    -0.122982    -0.0264433    
-0.0788324    -0.132941    -0.122982    -0.0264432    -0.0788324    -0.132941    -0.122982    -0.0264432    
0.0788326    0.132941    0.122982    0.0264432    0.0788326    0.132941    0.122982    0.0264432    
0.0788327    0.132941    0.122982    0.0264431    0.0788327    0.132941    0.122982    0.0264431    
-0.0788328    -0.132942    -0.122982    -0.026443    -0.0788328    -0.132942    -0.122982    -0.026443    
0.0788329    0.132942    0.122982    0.026443    0.0788329    0.132942    0.122982    0.026443    
0.078833    0.132942    0.122982    0.0264429    0.078833    0.132942    0.122982    0.0264429    
-0.0788331    -0.132942    -0.122982    -0.0264429    -0.0788331    -0.132942    -0.122982    -0.0264429    
0.0788331    0.132943    0.122982    0.0264429    0.0788331    0.132943    0.122982    0.0264429    
-0.0788331    -0.132943    -0.122982    -0.0264429    -0.0788331    -0.132943    -0.122982    -0.0264429    
0.0788331    0.132943    0.122982    0.0264429    0.0788331    0.132943    0.122982    0.0264429    
0.0788331    0.132942    0.122982    0.0264429    0.0788331    0.132942    0.122982    0.0264429    
-0.0788331    -0.132942    -0.122982    -0.0264429    -0.0788331    -0.132942    -0.122982    -0.0264429    
0.078833    0.132942    0.122982    0.0264429    0.078833    0.132942    0.122982    0.0264429    
-0.0788329    -0.132942    -0.122982    -0.026443    -0.0788329    -0.132942    -0.122982    -0.026443    
0.0788328    0.132942    0.122982    0.026443    0.0788328    0.132942    0.122982    0.026443    
-0.0788328    -0.132941    -0.122982    -0.0264431    -0.0788328    -0.132941    -0.122982    -0.0264431    
0.0788327    0.132941    0.122982    0.0264431    0.0788327    0.132941    0.122982    0.0264431    
0.0788326    0.132941    0.122982    0.0264432    0.0788326    0.132941    0.122982    0.0264432    
0.0788325    0.132941    0.122982    0.0264432    0.0788325    0.132941    0.122982    0.0264432    
-0.0788324    -0.13294    -0.122982    -0.0264433    -0.0788324    -0.13294    -0.122982    -0.0264433    
0.0788323    0.13294    0.122982    0.0264433    0.0788323    0.13294    0.122982    0.0264433    
-0.0788322    -0.13294    -0.122982    -0.0264433    -0.0788322    -0.13294    -0.122982    -0.0264433    
0.0788322    0.13294    0.122982    0.0264434    0.0788322    0.13294    0.122982    0.0264434    
0.0788321    0.13294    0.122982    0.0264434    0.0788321    0.13294    0.122982    0.0264434    
0.0788321    0.13294    0.122983    0.0264434    0.0788321    0.13294    0.122983    0.0264434    
0.078832    0.132939    0.122983    0.0264435    0.078832    0.132939    0.122983    0.0264435    
0.078832    0.132939    0.122983    0.0264435    0.078832    0.132939    0.122983    0.0264435    
0.078832    0.132939    0.122983    0.0264435    0.078832    0.132939    0.122983    0.0264435    
-0.078832    -0.132939    -0.122983    -0.0264435    -0.078832    -0.132939    -0.122983    -0.0264435    
-0.078832    -0.132939    -0.122983    -0.0264435    -0.078832    -0.132939    -0.122983    -0.0264435    
0.078832    0.132939    0.122983    0.0264435    0.078832    0.132939    0.122983    0.0264435    
0.0788321    0.132939    0.122983    0.0264434    0.0788321    0.132939    0.122983    0.0264434    
0.0788321    0.13294    0.122982    0.0264434    0.0788321    0.13294    0.122982    0.0264434    
0.0788321    0.13294    0.122982    0.0264434    0.0788321    0.13294    0.122982    0.0264434    
0.0788322    0.13294    0.122982    0.0264434    0.0788322    0.13294    0.122982    0.0264434    
-0.0788322    -0.13294    -0.122982    -0.0264434    -0.0788322    -0.13294    -0.122982    -0.0264434    
0.0788323    0.13294    0.122982    0.0264433    0.0788323    0.13294    0.122982    0.0264433    
0.0788323    0.13294    0.122982    0.0264433    0.0788323    0.13294    0.122982    0.0264433    
0.0788324    0.13294    0.122982    0.0264433    0.0788324    0.13294    0.122982    0.0264433    
0.0788324    0.13294    0.122982    0.0264433    0.0788324    0.13294    0.122982    0.0264433    
0.0788325    0.132941    0.122982    0.0264432    0.0788325    0.132941    0.122982    0.0264432    
-0.0788325    -0.132941    -0.122982    -0.0264432    -0.0788325    -0.132941    -0.122982    -0.0264432    
-0.0788325    -0.132941    -0.122982    -0.0264432    -0.0788325    -0.132941    -0.122982    -0.0264432    
0.0788326    0.132941    0.122982    0.0264432    0.0788326    0.132941    0.122982    0.0264432    
0.0788326    0.132941    0.122982    0.0264432    0.0788326    0.132941    0.122982    0.0264432    
-0.0788326    -0.132941    -0.122982    -0.0264432    -0.0788326    -0.132941    -0.122982    -0.0264432    
0.0788326    0.132941    0.122982    0.0264432    0.0788326    0.132941    0.122982    0.0264432    
0.0788326    0.132941    0.122982    0.0264431    0.0788326    0.132941    0.122982    0.0264431    
-0.0788326    -0.132941    -0.122982    -0.0264432    -0.0788326    -0.132941    -0.122982    -0.0264432    
0.0788326    0.132941    0.122982    0.0264432    0.0788326    0.132941    0.122982    0.0264432    
0.0788326    0.132941    0.122982    0.0264432    0.0788326    0.132941    0.122982    0.0264432    
0.0788326    0.132941    0.122982    0.0264432    0.0788326    0.132941    0.122982    0.0264432    
0.0788325    0.132941    0.122982    0.0264432    0.0788325    0.132941    0.122982    0.0264432    
-0.0788325    -0.132941    -0.122982    -0.0264432    -0.0788325    -0.132941    -0.122982    -0.0264432    
-0.0788325    -0.132941    -0.122982    -0.0264432    -0.0788325    -0.132941    -0.122982    -0.0264432    
-0.0788325    -0.132941    -0.122982    -0.0264432    -0.0788325    -0.132941    -0.122982    -0.0264432    
-0.0788324    -0.132941    -0.122982    -0.0264432    -0.0788324    -0.132941    -0.122982    -0.0264432    
0.0788324    0.132941    0.122982    0.0264433    0.0788324    0.132941    0.122982    0.0264433    
0.0788324    0.13294    0.122982    0.0264433    0.0788324    0.13294    0.122982    0.0264433    
-0.0788324    -0.13294    -0.122982    -0.0264433    -0.0788324    -0.13294    -0.122982    -0.0264433    
-0.0788323    -0.13294    -0.122982    -0.0264433    -0.0788323    -0.13294    -0.122982    -0.0264433    
-0.0788323    -0.13294    -0.122982    -0.0264433    -0.0788323    -0.13294    -0.122982    -0.0264433    
0.0788323    0.13294    0.122982    0.0264433    0.0788323    0.13294    0.122982    0.0264433    
-0.0788323    -0.13294    -0.122982    -0.0264433    -0.0788323    -0.13294    -0.122982    -0.0264433    
0.0788323    0.13294    0.122982    0.0264433    0.0788323    0.13294    0.122982    0.0264433    
-0.0788323    -0.13294    -0.122982    -0.0264433    -0.0788323    -0.13294    -0.122982    -0.0264433    
-0.0788323    -0.13294    -0.122982    -0.0264433    -0.0788323    -0.13294    -0.122982    -0.0264433    
0.0788323    0.13294    0.122982    0.0264433    0.0788323    0.13294    0.122982    0.0264433    
-0.0788323    -0.13294    -0.122982    -0.0264433    -0.0788323    -0.13294    -0.122982    -0.0264433    
0.0788323    0.13294    0.122982    0.0264433    0.0788323    0.13294    0.122982    0.0264433    
0.0788323    0.13294    0.122982    0.0264433    0.0788323    0.13294    0.122982    0.0264433    
0.0788323    0.13294    0.122982    0.0264433    0.0788323    0.13294    0.122982    0.0264433    
-0.0788323    -0.13294    -0.122982    -0.0264433    -0.0788323    -0.13294    -0.122982    -0.0264433    
-0.0788323    -0.13294    -0.122982    -0.0264433    -0.0788323    -0.13294    -0.122982    -0.0264433    
-0.0788323    -0.13294    -0.122982    -0.0264433    -0.0788323    -0.13294    -0.122982    -0.0264433    
0.0788324    0.13294    0.122982    0.0264433    0.0788324    0.13294    0.122982    0.0264433    
0.0788324    0.13294    0.122982    0.0264433    0.0788324    0.13294    0.122982    0.0264433    
0.0788324    0.13294    0.122982    0.0264433    0.0788324    0.13294    0.122982    0.0264433    
-0.0788324    -0.13294    -0.122982    -0.0264433    -0.0788324    -0.13294    -0.122982    -0.0264433    
0.0788324    0.13294    0.122982    0.0264433    0.0788324    0.13294    0.122982    0.0264433    
0.0788324    0.132941    0.122982    0.0264432    0.0788324    0.132941    0.122982    0.0264432    
0.0788324    0.132941    0.122982    0.0264432    0.0788324    0.132941    0.122982    0.0264432    
0.0788324    0.132941    0.122982    0.0264432    0.0788324    0.132941    0.122982    0.0264432    
0.0788324    0.132941    0.122982    0.0264432    0.0788324    0.132941    0.122982    0.0264432    
0.0788324    0.132941    0.122982    0.0264432    0.0788324    0.132941    0.122982    0.0264432    
-0.0788324    -0.132941    -0.122982    -0.0264432    -0.0788324    -0.132941    -0.122982    -0.0264432    
-0.0788324    -0.132941    -0.122982    -0.0264432    -0.0788324    -0.132941    -0.122982    -0.0264432    
-0.0788324    -0.132941    -0.122982    -0.0264432    -0.0788324    -0.132941    -0.122982    -0.0264432    
-0.0788324    -0.132941    -0.122982    -0.0264432    -0.0788324    -0.132941    -0.122982    -0.0264432    
0.0788324    0.132941    0.122982    0.0264432    0.0788324    0.132941    0.122982    0.0264432    
0.0788324    0.132941    0.122982    0.0264432    0.0788324    0.132941    0.122982    0.0264432    
-0.0788324    -0.132941    -0.122982    -0.0264432    -0.0788324    -0.132941    -0.122982    -0.0264432    
0.0788324    0.132941    0.122982    0.0264432    0.0788324    0.132941    0.122982    0.0264432    
-0.0788324    -0.132941    -0.122982    -0.0264432    -0.0788324    -0.132941    -0.122982    -0.0264432    
0.0788324    0.13294    0.122982    0.0264433    0.0788324    0.13294    0.122982    0.0264433    
0.0788324    0.13294    0.122982    0.0264433    0.0788324    0.13294    0.122982    0.0264433    
-0.0788324    -0.13294    -0.122982    -0.0264433    -0.0788324    -0.13294    -0.122982    -0.0264433    
0.0788324    0.13294    0.122982    0.0264433    0.0788324    0.13294    0.122982    0.0264433    
-0.0788324    -0.13294    -0.122982    -0.0264433    -0.0788324    -0.13294    -0.122982    -0.0264433    
0.0788324    0.13294    0.122982    0.0264433    0.0788324    0.13294    0.122982    0.0264433    
0.0788324    0.13294    0.122982    0.0264433    0.0788324    0.13294    0.122982    0.0264433    
0.0788324    0.13294    0.122982    0.0264433    0.0788324    0.13294    0.122982    0.0264433    
0.0788324    0.13294    0.122982    0.0264433    0.0788324    0.13294    0.122982    0.0264433    
-0.0788324    -0.13294    -0.122982    -0.0264433    -0.0788324    -0.13294    -0.122982    -0.0264433    
0.0788324    0.13294    0.122982    0.0264433    0.0788324    0.13294    0.122982    0.0264433    
0.0788324    0.13294    0.122982    0.0264433    0.0788324    0.13294    0.122982    0.0264433    
0.0788324    0.13294    0.122982    0.0264433    0.0788324    0.13294    0.122982    0.0264433    
0.0788324    0.13294    0.122982    0.0264433    0.0788324    0.13294    0.122982    0.0264433    
-0.0788324    -0.13294    -0.122982    -0.0264433    -0.0788324    -0.13294    -0.122982    -0.0264433    
-0.0788324    -0.13294    -0.122982    -0.0264433    -0.0788324    -0.13294    -0.122982    -0.0264433    
-0.0788324    -0.13294    -0.122982    -0.0264433    -0.0788324    -0.13294    -0.122982    -0.0264433    
0.0788324    0.13294    0.122982    0.0264433    0.0788324    0.13294    0.122982    0.0264433    
-0.0788324    -0.13294    -0.122982    -0.0264433    -0.0788324    -0.13294    -0.122982    -0.0264433    
-0.0788324    -0.13294    -0.122982    -0.0264433    -0.0788324    -0.13294    -0.122982    -0.0264433    
0.0788324    0.13294    0.122982    0.0264433    0.0788324    0.13294    0.122982    0.0264433    
-0.0788324    -0.13294    -0.122982    -0.0264433    -0.0788324    -0.13294    -0.122982    -0.0264433    
0.0788324    0.13294    0.122982    0.0264433    0.0788324    0.13294    0.122982    0.0264433    
0.0788324    0.13294    0.122982    0.0264433    0.0788324    0.13294    0.122982    0.0264433    
0.0788324    0.13294    0.122982    0.0264433    0.0788324    0.13294    0.122982    0.0264433    
-0.0788324    -0.13294    -0.122982    -0.0264433    -0.0788324    -0.13294    -0.122982    -0.0264433    
-0.0788324    -0.13294    -0.122982    -0.0264433    -0.0788324    -0.13294    -0.122982    -0.0264433    
-0.0788324    -0.13294    -0.122982    -0.0264433    -0.0788324    -0.13294    -0.122982    -0.0264433    
-0.0788324    -0.13294    -0.122982    -0.0264433    -0.0788324    -0.13294    -0.122982    -0.0264433    
0.0788324    0.13294    0.122982    0.0264433    0.0788324    0.13294    0.122982    0.0264433    
-0.0788324    -0.13294    -0.122982    -0.0264433    -0.0788324    -0.13294    -0.122982    -0.0264433    
0.0788324    0.13294    0.122982    0.0264433    0.0788324    0.13294    0.122982    0.0264433    
-0.0788324    -0.13294    -0.122982    -0.0264433    -0.0788324    -0.13294    -0.122982    -0.0264433    
-0.0788324    -0.13294    -0.122982    -0.0264433    -0.0788324    -0.13294    -0.122982    -0.0264433    
-0.0788324    -0.13294    -0.122982    -0.0264433    -0.0788324    -0.13294    -0.122982    -0.0264433    
0.0788324    0.13294    0.122982    0.0264433    0.0788324    0.13294    0.122982    0.0264433    
0.0788324    0.13294    0.122982    0.0264433    0.0788324    0.13294    0.122982    0.0264433    
-0.0788324    -0.13294    -0.122982    -0.0264433    -0.0788324    -0.13294    -0.122982    -0.0264433    
0.0788324    0.13294    0.122982    0.0264433    0.0788324    0.13294    0.122982    0.0264433    
-0.0788324    -0.13294    -0.122982    -0.0264433    -0.0788324    -0.13294    -0.122982    -0.0264433    
-0.0788324    -0.13294    -0.122982    -0.0264433    -0.0788324    -0.13294    -0.122982    -0.0264433    
-0.0788324    -0.13294    -0.122982    -0.0264433    -0.0788324    -0.13294    -0.122982    -0.0264433    
-0.0788324    -0.13294    -0.122982    -0.0264433    -0.0788324    -0.13294    -0.122982    -0.0264433    
-0.0788324    -0.13294    -0.122982    -0.0264433    -0.0788324    -0.13294    -0.122982    -0.0264433    
0.0788324    0.13294    0.122982    0.0264433    0.0788324    0.13294    0.122982    0.0264433    
0.0788324    0.13294    0.122982    0.0264433    0.0788324    0.13294    0.122982    0.0264433    
-0.0788324    -0.13294    -0.122982    -0.0264433    -0.0788324    -0.13294    -0.122982    -0.0264433    
-0.0788324    -0.13294    -0.122982    -0.0264433    -0.0788324    -0.13294    -0.122982    -0.0264433    
0.0788324    0.13294    0.122982    0.0264433    0.0788324    0.13294    0.122982    0.0264433    
0.0788324    0.13294    0.122982    0.0264433    0.0788324    0.13294    0.122982    0.0264433    
-0.0788324    -0.13294    -0.122982    -0.0264433    -0.0788324    -0.13294    -0.122982    -0.0264433    
-0.0788324    -0.13294    -0.122982    -0.0264433    -0.0788324    -0.13294    -0.122982    -0.0264433    
-0.0788324    -0.13294    -0.122982    -0.0264433    -0.0788324    -0.13294    -0.122982    -0.0264433    
-0.0788324    -0.13294    -0.122982    -0.0264433    -0.0788324    -0.13294    -0.122982    -0.0264433    
0.0788324    0.13294    0.122982    0.0264433    0.0788324    0.13294    0.122982    0.0264433    
-0.0788324    -0.13294    -0.122982    -0.0264433    -0.0788324    -0.13294    -0.122982    -0.0264433    
-0.0788324    -0.13294    -0.122982    -0.0264433    -0.0788324    -0.13294    -0.122982    -0.0264433    
0.0788324    0.13294    0.122982    0.0264433    0.0788324    0.13294    0.122982    0.0264433    
0.0788324    0.13294    0.122982    0.0264433    0.0788324    0.13294    0.122982    0.0264433    
-0.0788324    -0.13294    -0.122982    -0.0264433    -0.0788324    -0.13294    -0.122982    -0.0264433    
-0.0788324    -0.13294    -0.122982    -0.0264433    -0.0788324    -0.13294    -0.122982    -0.0264433    
0.0788324    0.13294    0.122982    0.0264433    0.0788324    0.13294    0.122982    0.0264433    
0.0788324    0.13294    0.122982    0.0264433    0.0788324    0.13294    0.122982    0.0264433    
0.0788324    0.13294    0.122982    0.0264433    0.0788324    0.13294    0.122982    0.0264433    
0.0788324    0.13294    0.122982    0.0264433    0.0788324    0.13294    0.122982    0.0264433    
-0.0788324    -0.13294    -0.122982    -0.0264433    -0.0788324    -0.13294    -0.122982    -0.0264433    
0.0788324    0.13294    0.122982    0.0264433    0.0788324    0.13294    0.122982    0.0264433    
0.0788324    0.13294    0.122982    0.0264433    0.0788324    0.13294    0.122982    0.0264433    
0.0788324    0.13294    0.122982    0.0264433    0.0788324    0.13294    0.122982    0.0264433    
0.0788324    0.13294    0.122982    0.0264433    0.0788324    0.13294    0.122982    0.0264433    
-0.0788324    -0.13294    -0.122982    -0.0264433    -0.0788324    -0.13294    -0.122982    -0.0264433    
-0.0788324    -0.13294    -0.122982    -0.0264433    -0.0788324    -0.13294    -0.122982    -0.0264433    
0.0788324    0.13294    0.122982    0.0264433    0.0788324    0.13294    0.122982    0.0264433    
0.0788324    0.13294    0.122982    0.0264433    0.0788324    0.13294    0.122982    0.0264433    
-0.0788324    -0.13294    -0.122982    -0.0264433    -0.0788324    -0.13294    -0.122982    -0.0264433    
-0.0788324    -0.13294    -0.122982    -0.0264433    -0.0788324    -0.13294    -0.122982    -0.0264433    
-0.0788324    -0.13294    -0.122982    -0.0264433    -0.0788324    -0.13294    -0.122982    -0.0264433    
0.0788324    0.13294    0.122982    0.0264433    0.0788324    0.13294    0.122982    0.0264433    
-0.0788324    -0.13294    -0.122982    -0.0264433    -0.0788324    -0.13294    -0.122982    -0.0264433    
0.0788324    0.13294    0.122982    0.0264433    0.0788324    0.13294    0.122982    0.0264433    
0.0788324    0.13294    0.122982    0.0264433    0.0788324    0.13294    0.122982    0.0264433    
0.0788324    0.13294    0.122982    0.0264433    0.0788324    0.13294    0.122982    0.0264433    
0.0788324    0.13294    0.122982    0.0264433    0.0788324    0.13294    0.122982    0.0264433    
-0.0788324    -0.13294    -0.122982    -0.0264433    -0.0788324    -0.13294    -0.122982    -0.0264433    
-0.0788324    -0.13294    -0.122982    -0.0264433    -0.0788324    -0.13294    -0.122982    -0.0264433    
-0.0788324    -0.13294    -0.122982    -0.0264433    -0.0788324    -0.13294    -0.122982    -0.0264433    
0.0788324    0.13294    0.122982    0.0264433    0.0788324    0.13294    0.122982    0.0264433    
-0.0788324    -0.13294    -0.122982    -0.0264433    -0.0788324    -0.13294    -0.122982    -0.0264433    
-0.0788324    -0.13294    -0.122982    -0.0264433    -0.0788324    -0.13294    -0.122982    -0.0264433    
0.0788324    0.13294    0.122982    0.0264433    0.0788324    0.13294    0.122982    0.0264433    
0.0788324    0.13294    0.122982    0.0264433    0.0788324    0.13294    0.122982    0.0264433    
0.0788324    0.13294    0.122982    0.0264433    0.0788324    0.13294    0.122982    0.0264433    
0.0788324    0.13294    0.122982    0.0264433    0.0788324    0.13294    0.122982    0.0264433    
0.0788324    0.13294    0.122982    0.0264433    0.0788324    0.13294    0.122982    0.0264433    
-0.0788324    -0.13294    -0.122982    -0.0264433    -0.0788324    -0.13294    -0.122982    -0.0264433    
0.0788324    0.13294    0.122982    0.0264433    0.0788324    0.13294    0.122982    0.0264433    
0.0788324    0.13294    0.122982    0.0264433    0.0788324    0.13294    0.122982    0.0264433    
-0.0788324    -0.13294    -0.122982    -0.0264433    -0.0788324    -0.13294    -0.122982    -0.0264433    
0.0788324    0.13294    0.122982    0.0264433    0.0788324    0.13294    0.122982    0.0264433    
-0.0788324    -0.13294    -0.122982    -0.0264433    -0.0788324    -0.13294    -0.122982    -0.0264433    
-0.0788324    -0.13294    -0.122982    -0.0264433    -0.0788324    -0.13294    -0.122982    -0.0264433    
-0.0788324    -0.13294    -0.122982    -0.0264433    -0.0788324    -0.13294    -0.122982    -0.0264433    
0.0788324    0.13294    0.122982    0.0264433    0.0788324    0.13294    0.122982    0.0264433    
0.0788324    0.13294    0.122982    0.0264433    0.0788324    0.13294    0.122982    0.0264433    
-0.0788324    -0.13294    -0.122982    -0.0264433    -0.0788324    -0.13294    -0.122982    -0.0264433    
0.0788324    0.13294    0.122982    0.0264433    0.0788324    0.13294    0.122982    0.0264433    
0.0788324    0.13294    0.122982    0.0264433    0.0788324    0.13294    0.122982    0.0264433    
0.0788324    0.13294    0.122982    0.0264433    0.0788324    0.13294    0.122982    0.0264433    
0.0788324    0.13294    0.122982    0.0264433    0.0788324    0.13294    0.122982    0.0264433    
-0.0788324    -0.13294    -0.122982    -0.0264433    -0.0788324    -0.13294    -0.122982    -0.0264433    
0.0788324    0.13294    0.122982    0.0264433    0.0788324    0.13294    0.122982    0.0264433    
0.0788324    0.13294    0.122982    0.0264433    0.0788324    0.13294    0.122982    0.0264433    
-0.0788324    -0.13294    -0.122982    -0.0264433    -0.0788324    -0.13294    -0.122982    -0.0264433    
-0.0788324    -0.13294    -0.122982    -0.0264433    -0.0788324    -0.13294    -0.122982    -0.0264433    
-0.0788324    -0.13294    -0.122982    -0.0264433    -0.0788324    -0.13294    -0.122982    -0.0264433    
0.0788324    0.13294    0.122982    0.0264433    0.0788324    0.13294    0.122982    0.0264433    
0.0788324    0.13294    0.122982    0.0264433    0.0788324    0.13294    0.122982    0.0264433    
0.0788324    0.13294    0.122982    0.0264433    0.0788324    0.13294    0.122982    0.0264433    
-0.0788324    -0.13294    -0.122982    -0.0264433    -0.0788324    -0.13294    -0.122982    -0.0264433    
-0.0788324    -0.13294    -0.122982    -0.0264433    -0.0788324    -0.13294    -0.122982    -0.0264433    
0.0788324    0.13294    0.122982    0.0264433    0.0788324    0.13294    0.122982    0.0264433    
0.0788324    0.13294    0.122982    0.0264433    0.0788324    0.13294    0.122982    0.0264433    
0.0788324    0.13294    0.122982    0.0264433    0.0788324    0.13294    0.122982    0.0264433    
0.0788324    0.13294    0.122982    0.0264433    0.0788324    0.13294    0.122982    0.0264433    
-0.0788324    -0.13294    -0.122982    -0.0264433    -0.0788324    -0.13294    -0.122982    -0.0264433    
0.0788324    0.13294    0.122982    0.0264433    0.0788324    0.13294    0.122982    0.0264433    
-0.0788324    -0.13294    -0.122982    -0.0264433    -0.0788324    -0.13294    -0.122982    -0.0264433    
-0.0788324    -0.13294    -0.122982    -0.0264433    -0.0788324    -0.13294    -0.122982    -0.0264433    
0.0788324    0.13294    0.122982    0.0264433    0.0788324    0.13294    0.122982    0.0264433    
-0.0788324    -0.13294    -0.122982    -0.0264433    -0.0788324    -0.13294    -0.122982    -0.0264433    
-0.0788324    -0.13294    -0.122982    -0.0264433    -0.0788324    -0.13294    -0.122982    -0.0264433    
0.0788324    0.13294    0.122982    0.0264433    0.0788324    0.13294    0.122982    0.0264433    
0.0788324    0.13294    0.122982    0.0264433    0.0788324    0.13294    0.122982    0.0264433    
0.0788324    0.13294    0.122982    0.0264433    0.0788324    0.13294    0.122982    0.0264433    
-0.0788324    -0.13294    -0.122982    -0.0264433    -0.0788324    -0.13294    -0.122982    -0.0264433    
0.0788324    0.13294    0.122982    0.0264433    0.0788324    0.13294    0.122982    0.0264433    
-0.0788324    -0.13294    -0.122982    -0.0264433    -0.0788324    -0.13294    -0.122982    -0.0264433    
0.0788324    0.13294    0.122982    0.0264433    0.0788324    0.13294    0.122982    0.0264433    
-0.0788324    -0.13294    -0.122982    -0.0264433    -0.0788324    -0.13294    -0.122982    -0.0264433    
0.0788324    0.13294    0.122982    0.0264433    0.0788324    0.13294    0.122982    0.0264433    
-0.0788324    -0.13294    -0.122982    -0.0264433    -0.0788324    -0.13294    -0.122982    -0.0264433    
0.0788324    0.13294    0.122982    0.0264433    0.0788324    0.13294    0.122982    0.0264433    
-0.0788324    -0.13294    -0.122982    -0.0264433    -0.0788324    -0.13294    -0.122982    -0.0264433    
0.0788324    0.13294    0.122982    0.0264433    0.0788324    0.13294    0.122982    0.0264433    
0.0788324    0.13294    0.122982    0.0264433    0.0788324    0.13294    0.122982    0.0264433    
0.0788324    0.13294    0.122982    0.0264433    0.0788324    0.13294    0.122982    0.0264433    
0.0788324    0.13294    0.122982    0.0264433    0.0788324    0.13294    0.122982    0.0264433    
0.0788324    0.13294    0.122982    0.0264433    0.0788324    0.13294    0.122982    0.0264433    
0.0788324    0.13294    0.122982    0.0264433    0.0788324    0.13294    0.122982    0.0264433    
0.0788324    0.13294    0.122982    0.0264433    0.0788324    0.13294    0.122982    0.0264433    
-0.0788324    -0.13294    -0.122982    -0.0264433    -0.0788324    -0.13294    -0.122982    -0.0264433    
0.0788324    0.13294    0.122982    0.0264433    0.0788324    0.13294    0.122982    0.0264433    
-0.0788324    -0.13294    -0.122982    -0.0264433    -0.0788324    -0.13294    -0.122982    -0.0264433    
0.0788324    0.13294    0.122982    0.0264433    0.0788324    0.13294    0.122982    0.0264433    
0.0788324    0.13294    0.122982    0.0264433    0.0788324    0.13294    0.122982    0.0264433    
0.0788324    0.13294    0.122982    0.0264433    0.0788324    0.13294    0.122982    0.0264433    
-0.0788324    -0.13294    -0.122982    -0.0264433    -0.0788324    -0.13294    -0.122982    -0.0264433    
0.0788324    0.13294    0.122982    0.0264433    0.0788324    0.13294    0.122982    0.0264433    
0.0788324    0.13294    0.122982    0.0264433    0.0788324    0.13294    0.122982    0.0264433    
-0.0788324    -0.13294    -0.122982    -0.0264433    -0.0788324    -0.13294    -0.122982    -0.0264433    
-0.0788324    -0.13294    -0.122982    -0.0264433    -0.0788324    -0.13294    -0.122982    -0.0264433    
0.0788324    0.13294    0.122982    0.0264433    0.0788324    0.13294    0.122982    0.0264433    
0.0788324    0.13294    0.122982    0.0264433    0.0788324    0.13294    0.122982    0.0264433    
0.0788324    0.13294    0.122982    0.0264433    0.0788324    0.13294    0.122982    0.0264433    
0.0788324    0.13294    0.122982    0.0264433    0.0788324    0.13294    0.122982    0.0264433    
-0.0788324    -0.13294    -0.122982    -0.0264433    -0.0788324    -0.13294    -0.122982    -0.0264433    
-0.0788324    -0.13294    -0.122982    -0.0264433    -0.0788324    -0.13294    -0.122982    -0.0264433    
0.0788324    0.13294    0.122982    0.0264433    0.0788324    0.13294    0.122982    0.0264433    
0.0788324    0.13294    0.122982    0.0264433    0.0788324    0.13294    0.122982    0.0264433    
-0.0788324    -0.13294    -0.122982    -0.0264433    -0.0788324    -0.13294    -0.122982    -0.0264433    
0.0788324    0.13294    0.122982    0.0264433    0.0788324    0.13294    0.122982    0.0264433    
0.0788324    0.13294    0.122982    0.0264433    0.0788324    0.13294    0.122982    0.0264433    
-0.0788324    -0.13294    -0.122982    -0.0264433    -0.0788324    -0.13294    -0.122982    -0.0264433    
0.0788324    0.13294    0.122982    0.0264433    0.0788324    0.13294    0.122982    0.0264433    
-0.0788324    -0.13294    -0.122982    -0.0264433    -0.0788324    -0.13294    -0.122982    -0.0264433    
0.0788324    0.13294    0.122982    0.0264433    0.0788324    0.13294    0.122982    0.0264433    
0.0788324    0.13294    0.122982    0.0264433    0.0788324    0.13294    0.122982    0.0264433    
-0.0788324    -0.13294    -0.122982    -0.0264433    -0.0788324    -0.13294    -0.122982    -0.0264433    
0.0788324    0.13294    0.122982    0.0264433    0.0788324    0.13294    0.122982    0.0264433    
-0.0788324    -0.13294    -0.122982    -0.0264433    -0.0788324    -0.13294    -0.122982    -0.0264433    
0.0788324    0.13294    0.122982    0.0264433    0.0788324    0.13294    0.122982    0.0264433    
0.0788324    0.13294    0.122982    0.0264433    0.0788324    0.13294    0.122982    0.0264433    
0.0788324    0.13294    0.122982    0.0264433    0.0788324    0.13294    0.122982    0.0264433    
-0.0788324    -0.13294    -0.122982    -0.0264433    -0.0788324    -0.13294    -0.122982    -0.0264433    
0.0788324    0.13294    0.122982    0.0264433    0.0788324    0.13294    0.122982    0.0264433    
0.0788324    0.13294    0.122982    0.0264433    0.0788324    0.13294    0.122982    0.0264433    
-0.0788324    -0.13294    -0.122982    -0.0264433    -0.0788324    -0.13294    -0.122982    -0.0264433    
-0.0788324    -0.13294    -0.122982    -0.0264433    -0.0788324    -0.13294    -0.122982    -0.0264433    
-0.0788324    -0.13294    -0.122982    -0.0264433    -0.0788324    -0.13294    -0.122982    -0.0264433    
-0.0788324    -0.13294    -0.122982    -0.0264433    -0.0788324    -0.13294    -0.122982    -0.0264433    
0.0788324    0.13294    0.122982    0.0264433    0.0788324    0.13294    0.122982    0.0264433    
0.0788324    0.13294    0.122982    0.0264433    0.0788324    0.13294    0.122982    0.0264433    
0.0788324    0.13294    0.122982    0.0264433    0.0788324    0.13294    0.122982    0.0264433    
0.0788324    0.13294    0.122982    0.0264433    0.0788324    0.13294    0.122982    0.0264433    
0.0788324    0.13294    0.122982    0.0264433    0.0788324    0.13294    0.122982    0.0264433    
-0.0788324    -0.13294    -0.122982    -0.0264433    -0.0788324    -0.13294    -0.122982    -0.0264433    
0.0788324    0.13294    0.122982    0.0264433    0.0788324    0.13294    0.122982    0.0264433    
0.0788324    0.13294    0.122982    0.0264433    0.0788324    0.13294    0.122982    0.0264433    
-0.0788324    -0.13294    -0.122982    -0.0264433    -0.0788324    -0.13294    -0.122982    -0.0264433    
0.0788324    0.13294    0.122982    0.0264433    0.0788324    0.13294    0.122982    0.0264433    
0.0788324    0.13294    0.122982    0.0264433    0.0788324    0.13294    0.122982    0.0264433    
-0.0788324    -0.13294    -0.122982    -0.0264433    -0.0788324    -0.13294    -0.122982    -0.0264433    
-0.0788324    -0.13294    -0.122982    -0.0264433    -0.0788324    -0.13294    -0.122982    -0.0264433    
0.0788324    0.13294    0.122982    0.0264433    0.0788324    0.13294    0.122982    0.0264433    
0.0788324    0.13294    0.122982    0.0264433    0.0788324    0.13294    0.122982    0.0264433    
0.0788324    0.13294    0.122982    0.0264433    0.0788324    0.13294    0.122982    0.0264433    
0.0788324    0.13294    0.122982    0.0264433    0.0788324    0.13294    0.122982    0.0264433    
0.0788324    0.13294    0.122982    0.0264433    0.0788324    0.13294    0.122982    0.0264433    
-0.0788324    -0.13294    -0.122982    -0.0264433    -0.0788324    -0.13294    -0.122982    -0.0264433    
0.0788324    0.13294    0.122982    0.0264433    0.0788324    0.13294    0.122982    0.0264433    
-0.0788324    -0.13294    -0.122982    -0.0264433    -0.0788324    -0.13294    -0.122982    -0.0264433    
-0.0788324    -0.13294    -0.122982    -0.0264433    -0.0788324    -0.13294    -0.122982    -0.0264433    
0.0788324    0.13294    0.122982    0.0264433    0.0788324    0.13294    0.122982    0.0264433    
0.0788324    0.13294    0.122982    0.0264433    0.0788324    0.13294    0.122982    0.0264433    
-0.0788324    -0.13294    -0.122982    -0.0264433    -0.0788324    -0.13294    -0.122982    -0.0264433    
-0.0788324    -0.13294    -0.122982    -0.0264433    -0.0788324    -0.13294    -0.122982    -0.0264433    
-0.0788324    -0.13294    -0.122982    -0.0264433    -0.0788324    -0.13294    -0.122982    -0.0264433    
-0.0788324    -0.13294    -0.122982    -0.0264433    -0.0788324    -0.13294    -0.122982    -0.0264433    
0.0788324    0.13294    0.122982    0.0264433    0.0788324    0.13294    0.122982    0.0264433    
-0.0788324    -0.13294    -0.122982    -0.0264433    -0.0788324    -0.13294    -0.122982    -0.0264433    
-0.0788324    -0.13294    -0.122982    -0.0264433    -0.0788324    -0.13294    -0.122982    -0.0264433    
-0.0788324    -0.13294    -0.122982    -0.0264433    -0.0788324    -0.13294    -0.122982    -0.0264433    
-0.0788324    -0.13294    -0.122982    -0.0264433    -0.0788324    -0.13294    -0.122982    -0.0264433    
0.0788324    0.13294    0.122982    0.0264433    0.0788324    0.13294    0.122982    0.0264433    
-0.0788324    -0.13294    -0.122982    -0.0264433    -0.0788324    -0.13294    -0.122982    -0.0264433    
-0.0788324    -0.13294    -0.122982    -0.0264433    -0.0788324    -0.13294    -0.122982    -0.0264433    
-0.0788324    -0.13294    -0.122982    -0.0264433    -0.0788324    -0.13294    -0.122982    -0.0264433    
0.0788324    0.13294    0.122982    0.0264433    0.0788324    0.13294    0.122982    0.0264433    
0.0788324    0.13294    0.122982    0.0264433    0.0788324    0.13294    0.122982    0.0264433    
-0.0788324    -0.13294    -0.122982    -0.0264433    -0.0788324    -0.13294    -0.122982    -0.0264433    
-0.0788324    -0.13294    -0.122982    -0.0264433    -0.0788324    -0.13294    -0.122982    -0.0264433    
-0.0788324    -0.13294    -0.122982    -0.0264433    -0.0788324    -0.13294    -0.122982    -0.0264433    
0.0788324    0.13294    0.122982    0.0264433    0.0788324    0.13294    0.122982    0.0264433    
0.0788324    0.13294    0.122982    0.0264433    0.0788324    0.13294    0.122982    0.0264433    
-0.0788324    -0.13294    -0.122982    -0.0264433    -0.0788324    -0.13294    -0.122982    -0.0264433    
-0.0788324    -0.13294    -0.122982    -0.0264433    -0.0788324    -0.13294    -0.122982    -0.0264433    
0.0788324    0.13294    0.122982    0.0264433    0.0788324    0.13294    0.122982    0.0264433    
0.0788324    0.13294    0.122982    0.0264433    0.0788324    0.13294    0.122982    0.0264433    
0.0788324    0.13294    0.122982    0.0264433    0.0788324    0.13294    0.122982    0.0264433    
0.0788324    0.13294    0.122982    0.0264433    0.0788324    0.13294    0.122982    0.0264433    
0.0788324    0.13294    0.122982    0.0264433    0.0788324    0.13294    0.122982    0.0264433    
0.0788324    0.13294    0.122982    0.0264433    0.0788324    0.13294    0.122982    0.0264433    
0.0788324    0.13294    0.122982    0.0264433    0.0788324    0.13294    0.122982    0.0264433    
0.0788324    0.13294    0.122982    0.0264433    0.0788324    0.13294    0.122982    0.0264433    
-0.0788324    -0.13294    -0.122982    -0.0264433    -0.0788324    -0.13294    -0.122982    -0.0264433    
-0.0788324    -0.13294    -0.122982    -0.0264433    -0.0788324    -0.13294    -0.122982    -0.0264433    
0.0788324    0.13294    0.122982    0.0264433    0.0788324    0.13294    0.122982    0.0264433    
0.0788324    0.13294    0.122982    0.0264433    0.0788324    0.13294    0.122982    0.0264433    
-0.0788324    -0.13294    -0.122982    -0.0264433    -0.0788324    -0.13294    -0.122982    -0.0264433    
-0.0788324    -0.13294    -0.122982    -0.0264433    -0.0788324    -0.13294    -0.122982    -0.0264433    
0.0788324    0.13294    0.122982    0.0264433    0.0788324    0.13294    0.122982    0.0264433    
-0.0788324    -0.13294    -0.122982    -0.0264433    -0.0788324    -0.13294    -0.122982    -0.0264433    
-0.0788324    -0.13294    -0.122982    -0.0264433    -0.0788324    -0.13294    -0.122982    -0.0264433    
-0.0788324    -0.13294    -0.122982    -0.0264433    -0.0788324    -0.13294    -0.122982    -0.0264433    
0.0788324    0.13294    0.122982    0.0264433    0.0788324    0.13294    0.122982    0.0264433    
0.0788324    0.13294    0.122982    0.0264433    0.0788324    0.13294    0.122982    0.0264433    
-0.0788324    -0.13294    -0.122982    -0.0264433    -0.0788324    -0.13294    -0.122982    -0.0264433    
0.0788324    0.13294    0.122982    0.0264433    0.0788324    0.13294    0.122982    0.0264433    
0.0788324    0.13294    0.122982    0.0264433    0.0788324    0.13294    0.122982    0.0264433    
-0.0788324    -0.13294    -0.122982    -0.0264433    -0.0788324    -0.13294    -0.122982    -0.0264433    
-0.0788324    -0.13294    -0.122982    -0.0264433    -0.0788324    -0.13294    -0.122982    -0.0264433    
0.0788324    0.13294    0.122982    0.0264433    0.0788324    0.13294    0.122982    0.0264433    
0.0788324    0.13294    0.122982    0.0264433    0.0788324    0.13294    0.122982    0.0264433    
0.0788324    0.13294    0.122982    0.0264433    0.0788324    0.13294    0.122982    0.0264433    
-0.0788324    -0.13294    -0.122982    -0.0264433    -0.0788324    -0.13294    -0.122982    -0.0264433    
-0.0788324    -0.13294    -0.122982    -0.0264433    -0.0788324    -0.13294    -0.122982    -0.0264433    
0.0788324    0.13294    0.122982    0.0264433    0.0788324    0.13294    0.122982    0.0264433    
-0.0788324    -0.13294    -0.122982    -0.0264433    -0.0788324    -0.13294    -0.122982    -0.0264433    
0.0788324    0.13294    0.122982    0.0264433    0.0788324    0.13294    0.122982    0.0264433    
0.0788324    0.13294    0.122982    0.0264433    0.0788324    0.13294    0.122982    0.0264433    
-0.0788324    -0.13294    -0.122982    -0.0264433    -0.0788324    -0.13294    -0.122982    -0.0264433    
0.0788324    0.13294    0.122982    0.0264433    0.0788324    0.13294    0.122982    0.0264433    
0.0788324    0.13294    0.122982    0.0264433    0.0788324    0.13294    0.122982    0.0264433    
-0.0788324    -0.13294    -0.122982    -0.0264433    -0.0788324    -0.13294    -0.122982    -0.0264433    
0.0788324    0.13294    0.122982    0.0264433    0.0788324    0.13294    0.122982    0.0264433    
0.0788324    0.13294    0.122982    0.0264433    0.0788324    0.13294    0.122982    0.0264433    
0.0788324    0.13294    0.122982    0.0264433    0.0788324    0.13294    0.122982    0.0264433    
0.0788324    0.13294    0.122982    0.0264433    0.0788324    0.13294    0.122982    0.0264433    
-0.0788324    -0.13294    -0.122982    -0.0264433    -0.0788324    -0.13294    -0.122982    -0.0264433    
0.0788324    0.13294    0.122982    0.0264433    0.0788324    0.13294    0.122982    0.0264433    
-0.0788324    -0.13294    -0.122982    -0.0264433    -0.0788324    -0.13294    -0.122982    -0.0264433    
-0.0788324    -0.13294    -0.122982    -0.0264433    -0.0788324    -0.13294    -0.122982    -0.0264433    
-0.0788324    -0.13294    -0.122982    -0.0264433    -0.0788324    -0.13294    -0.122982    -0.0264433    
0.0788324    0.13294    0.122982    0.0264433    0.0788324    0.13294    0.122982    0.0264433    
0.0788324    0.13294    0.122982    0.0264433    0.0788324    0.13294    0.122982    0.0264433    
0.0788324    0.13294    0.122982    0.0264433    0.0788324    0.13294    0.122982    0.0264433    
-0.0788324    -0.13294    -0.122982    -0.0264433    -0.0788324    -0.13294    -0.122982    -0.0264433    
0.0788324    0.13294    0.122982    0.0264433    0.0788324    0.13294    0.122982    0.0264433    
0.0788324    0.13294    0.122982    0.0264433    0.0788324    0.13294    0.122982    0.0264433    
0.0788324    0.13294    0.122982    0.0264433    0.0788324    0.13294    0.122982    0.0264433    
0.0788324    0.13294    0.122982    0.0264433    0.0788324    0.13294    0.122982    0.0264433    
-0.0788324    -0.13294    -0.122982    -0.0264433    -0.0788324    -0.13294    -0.122982    -0.0264433    
0.0788324    0.13294    0.122982    0.0264433    0.0788324    0.13294    0.122982    0.0264433    
0.0788324    0.13294    0.122982    0.0264433    0.0788324    0.13294    0.122982    0.0264433    
-0.0788324    -0.13294    -0.122982    -0.0264433    -0.0788324    -0.13294    -0.122982    -0.0264433    
-0.0788324    -0.13294    -0.122982    -0.0264433    -0.0788324    -0.13294    -0.122982    -0.0264433    
0.0788324    0.13294    0.122982    0.0264433    0.0788324    0.13294    0.122982    0.0264433    
0.0788324    0.13294    0.122982    0.0264433    0.0788324    0.13294    0.122982    0.0264433    
0.0788324    0.13294    0.122982    0.0264433    0.0788324    0.13294    0.122982    0.0264433    
0.0788324    0.13294    0.122982    0.0264433    0.0788324    0.13294    0.122982    0.0264433    
0.0788324    0.13294    0.122982    0.0264433    0.0788324    0.13294    0.122982    0.0264433    
0.0788324    0.13294    0.122982    0.0264433    0.0788324    0.13294    0.122982    0.0264433    
-0.0788324    -0.13294    -0.122982    -0.0264433    -0.0788324    -0.13294    -0.122982    -0.0264433    
-0.0788324    -0.13294    -0.122982    -0.0264433    -0.0788324    -0.13294    -0.122982    -0.0264433    
-0.0788324    -0.13294    -0.122982    -0.0264433    -0.0788324    -0.13294    -0.122982    -0.0264433    
0.0788324    0.13294    0.122982    0.0264433    0.0788324    0.13294    0.122982    0.0264433    
0.0788324    0.13294    0.122982    0.0264433    0.0788324    0.13294    0.122982    0.0264433    
-0.0788324    -0.13294    -0.122982    -0.0264433    -0.0788324    -0.13294    -0.122982    -0.0264433    
0.0788324    0.13294    0.122982    0.0264433    0.0788324    0.13294    0.122982    0.0264433    
-0.0788324    -0.13294    -0.122982    -0.0264433    -0.0788324    -0.13294    -0.122982    -0.0264433    
-0.0788324    -0.13294    -0.122982    -0.0264433    -0.0788324    -0.13294    -0.122982    -0.0264433    
0.0788324    0.13294    0.122982    0.0264433    0.0788324    0.13294    0.122982    0.0264433    
-0.0788324    -0.13294    -0.122982    -0.0264433    -0.0788324    -0.13294    -0.122982    -0.0264433    
0.0788324    0.13294    0.122982    0.0264433    0.0788324    0.13294    0.122982    0.0264433    
0.0788324    0.13294    0.122982    0.0264433    0.0788324    0.13294    0.122982    0.0264433    
0.0788324    0.13294    0.122982    0.0264433    0.0788324    0.13294    0.122982    0.0264433    
0.0788324    0.13294    0.122982    0.0264433    0.0788324    0.13294    0.122982    0.0264433    
-0.0788324    -0.13294    -0.122982    -0.0264433    -0.0788324    -0.13294    -0.122982    -0.0264433    
0.0788324    0.13294    0.122982    0.0264433    0.0788324    0.13294    0.122982    0.0264433    
-0.0788324    -0.13294    -0.122982    -0.0264433    -0.0788324    -0.13294    -0.122982    -0.0264433    
0.0788324    0.13294    0.122982    0.0264433    0.0788324    0.13294    0.122982    0.0264433    
-0.0788324    -0.13294    -0.122982    -0.0264433    -0.0788324    -0.13294    -0.122982    -0.0264433    
0.0788324    0.13294    0.122982    0.0264433    0.0788324    0.13294    0.122982    0.0264433    
-0.0788324    -0.13294    -0.122982    -0.0264433    -0.0788324    -0.13294    -0.122982    -0.0264433    
-0.0788324    -0.13294    -0.122982    -0.0264433    -0.0788324    -0.13294    -0.122982    -0.0264433    
-0.0788324    -0.13294    -0.122982    -0.0264433    -0.0788324    -0.13294    -0.122982    -0.0264433    
0.0788324    0.13294    0.122982    0.0264433    0.0788324    0.13294    0.122982    0.0264433    
0.0788324    0.13294    0.122982    0.0264433    0.0788324    0.13294    0.122982    0.0264433    
-0.0788324    -0.13294    -0.122982    -0.0264433    -0.0788324    -0.13294    -0.122982    -0.0264433    
0.0788324    0.13294    0.122982    0.0264433    0.0788324    0.13294    0.122982    0.0264433    
-0.0788324    -0.13294    -0.122982    -0.0264433    -0.0788324    -0.13294    -0.122982    -0.0264433    
0.0788324    0.13294    0.122982    0.0264433    0.0788324    0.13294    0.122982    0.0264433    
-0.0788324    -0.13294    -0.122982    -0.0264433    -0.0788324    -0.13294    -0.122982    -0.0264433    
-0.0788324    -0.13294    -0.122982    -0.0264433    -0.0788324    -0.13294    -0.122982    -0.0264433    
-0.0788324    -0.13294    -0.122982    -0.0264433    -0.0788324    -0.13294    -0.122982    -0.0264433    
0.0788324    0.13294    0.122982    0.0264433    0.0788324    0.13294    0.122982    0.0264433    
-0.0788324    -0.13294    -0.122982    -0.0264433    -0.0788324    -0.13294    -0.122982    -0.0264433    
0.0788324    0.13294    0.122982    0.0264433    0.0788324    0.13294    0.122982    0.0264433    
0.0788324    0.13294    0.122982    0.0264433    0.0788324    0.13294    0.122982    0.0264433    
0.0788324    0.13294    0.122982    0.0264433    0.0788324    0.13294    0.122982    0.0264433    
-0.0788324    -0.13294    -0.122982    -0.0264433    -0.0788324    -0.13294    -0.122982    -0.0264433    
-0.0788324    -0.13294    -0.122982    -0.0264433    -0.0788324    -0.13294    -0.122982    -0.0264433    
0.0788324    0.13294    0.122982    0.0264433    0.0788324    0.13294    0.122982    0.0264433    
-0.0788324    -0.13294    -0.122982    -0.0264433    -0.0788324    -0.13294    -0.122982    -0.0264433    
-0.0788324    -0.13294    -0.122982    -0.0264433    -0.0788324    -0.13294    -0.122982    -0.0264433    
0.0788324    0.13294    0.122982    0.0264433    0.0788324    0.13294    0.122982    0.0264433    
-0.0788324    -0.13294    -0.122982    -0.0264433    -0.0788324    -0.13294    -0.122982    -0.0264433    
-0.0788324    -0.13294    -0.122982    -0.0264433    -0.0788324    -0.13294    -0.122982    -0.0264433    
-0.0788324    -0.13294    -0.122982    -0.0264433    -0.0788324    -0.13294    -0.122982    -0.0264433    
0.0788324    0.13294    0.122982    0.0264433    0.0788324    0.13294    0.122982    0.0264433    
-0.0788324    -0.13294    -0.122982    -0.0264433    -0.0788324    -0.13294    -0.122982    -0.0264433    
0.0788324    0.13294    0.122982    0.0264433    0.0788324    0.13294    0.122982    0.0264433    
-0.0788324    -0.13294    -0.122982    -0.0264433    -0.0788324    -0.13294    -0.122982    -0.0264433    
0.0788324    0.13294    0.122982    0.0264433    0.0788324    0.13294    0.122982    0.0264433    
0.0788324    0.13294    0.122982    0.0264433    0.0788324    0.13294    0.122982    0.0264433    
-0.0788324    -0.13294    -0.122982    -0.0264433    -0.0788324    -0.13294    -0.122982    -0.0264433    
0.0788324    0.13294    0.122982    0.0264433    0.0788324    0.13294    0.122982    0.0264433    
-0.0788324    -0.13294    -0.122982    -0.0264433    -0.0788324    -0.13294    -0.122982    -0.0264433    
0.0788324    0.13294    0.122982    0.0264433    0.0788324    0.13294    0.122982    0.0264433    
0.0788324    0.13294    0.122982    0.0264433    0.0788324    0.13294    0.122982    0.0264433    
-0.0788324    -0.13294    -0.122982    -0.0264433    -0.0788324    -0.13294    -0.122982    -0.0264433    
-0.0788324    -0.13294    -0.122982    -0.0264433    -0.0788324    -0.13294    -0.122982    -0.0264433    
-0.0788324    -0.13294    -0.122982    -0.0264433    -0.0788324    -0.13294    -0.122982    -0.0264433    
0.0788324    0.13294    0.122982    0.0264433    0.0788324    0.13294    0.122982    0.0264433    
0.0788324    0.13294    0.122982    0.0264433    0.0788324    0.13294    0.122982    0.0264433    
0.0788324    0.13294    0.122982    0.0264433    0.0788324    0.13294    0.122982    0.0264433    
0.0788324    0.13294    0.122982    0.0264433    0.0788324    0.13294    0.122982    0.0264433    
0.0788324    0.13294    0.122982    0.0264433    0.0788324    0.13294    0.122982    0.0264433    
0.0788324    0.13294    0.122982    0.0264433    0.0788324    0.13294    0.122982    0.0264433    
0.0788324    0.13294    0.122982    0.0264433    0.0788324    0.13294    0.122982    0.0264433    
0.0788324    0.13294    0.122982    0.0264433    0.0788324    0.13294    0.122982    0.0264433    
-0.0788324    -0.13294    -0.122982    -0.0264433    -0.0788324    -0.13294    -0.122982    -0.0264433    
0.0788324    0.13294    0.122982    0.0264433    0.0788324    0.13294    0.122982    0.0264433    
-0.0788324    -0.13294    -0.122982    -0.0264433    -0.0788324    -0.13294    -0.122982    -0.0264433    
0.0788324    0.13294    0.122982    0.0264433    0.0788324    0.13294    0.122982    0.0264433    
0.0788324    0.13294    0.122982    0.0264433    0.0788324    0.13294    0.122982    0.0264433    
-0.0788324    -0.13294    -0.122982    -0.0264433    -0.0788324    -0.13294    -0.122982    -0.0264433    
-0.0788324    -0.13294    -0.122982    -0.0264433    -0.0788324    -0.13294    -0.122982    -0.0264433    
0.0788324    0.13294    0.122982    0.0264433    0.0788324    0.13294    0.122982    0.0264433    
-0.0788324    -0.13294    -0.122982    -0.0264433    -0.0788324    -0.13294    -0.122982    -0.0264433    
-0.0788324    -0.13294    -0.122982    -0.0264433    -0.0788324    -0.13294    -0.122982    -0.0264433    
-0.0788324    -0.13294    -0.122982    -0.0264433    -0.0788324    -0.13294    -0.122982    -0.0264433    
0.0788324    0.13294    0.122982    0.0264433    0.0788324    0.13294    0.122982    0.0264433    
-0.0788324    -0.13294    -0.122982    -0.0264433    -0.0788324    -0.13294    -0.122982    -0.0264433    
-0.0788324    -0.13294    -0.122982    -0.0264433    -0.0788324    -0.13294    -0.122982    -0.0264433    
0.0788324    0.13294    0.122982    0.0264433    0.0788324    0.13294    0.122982    0.0264433    
0.0788324    0.13294    0.122982    0.0264433    0.0788324    0.13294    0.122982    0.0264433    
0.0788324    0.13294    0.122982    0.0264433    0.0788324    0.13294    0.122982    0.0264433    
0.0788324    0.13294    0.122982    0.0264433    0.0788324    0.13294    0.122982    0.0264433    
0.0788324    0.13294    0.122982    0.0264433    0.0788324    0.13294    0.122982    0.0264433    
0.0788324    0.13294    0.122982    0.0264433    0.0788324    0.13294    0.122982    0.0264433    
0.0788324    0.13294    0.122982    0.0264433    0.0788324    0.13294    0.122982    0.0264433    
0.0788324    0.13294    0.122982    0.0264433    0.0788324    0.13294    0.122982    0.0264433    
-0.0788324    -0.13294    -0.122982    -0.0264433    -0.0788324    -0.13294    -0.122982    -0.0264433    
0.0788324    0.13294    0.122982    0.0264433    0.0788324    0.13294    0.122982    0.0264433    
-0.0788324    -0.13294    -0.122982    -0.0264433    -0.0788324    -0.13294    -0.122982    -0.0264433    
0.0788324    0.13294    0.122982    0.0264433    0.0788324    0.13294    0.122982    0.0264433    
0.0788324    0.13294    0.122982    0.0264433    0.0788324    0.13294    0.122982    0.0264433    
0.0788324    0.13294    0.122982    0.0264433    0.0788324    0.13294    0.122982    0.0264433    
0.0788324    0.13294    0.122982    0.0264433    0.0788324    0.13294    0.122982    0.0264433    
-0.0788324    -0.13294    -0.122982    -0.0264433    -0.0788324    -0.13294    -0.122982    -0.0264433    
0.0788324    0.13294    0.122982    0.0264433    0.0788324    0.13294    0.122982    0.0264433    
-0.0788324    -0.13294    -0.122982    -0.0264433    -0.0788324    -0.13294    -0.122982    -0.0264433    
-0.0788324    -0.13294    -0.122982    -0.0264433    -0.0788324    -0.13294    -0.122982    -0.0264433    
0.0788324    0.13294    0.122982    0.0264433    0.0788324    0.13294    0.122982    0.0264433    
-0.0788324    -0.13294    -0.122982    -0.0264433    -0.0788324    -0.13294    -0.122982    -0.0264433    
0.0788324    0.13294    0.122982    0.0264433    0.0788324    0.13294    0.122982    0.0264433    
-0.0788324    -0.13294    -0.122982    -0.0264433    -0.0788324    -0.13294    -0.122982    -0.0264433    
0.0788324    0.13294    0.122982    0.0264433    0.0788324    0.13294    0.122982    0.0264433    
0.0788324    0.13294    0.122982    0.0264433    0.0788324    0.13294    0.122982    0.0264433    
0.0788324    0.13294    0.122982    0.0264433    0.0788324    0.13294    0.122982    0.0264433    
0.0788324    0.13294    0.122982    0.0264433    0.0788324    0.13294    0.122982    0.0264433    
0.0788324    0.13294    0.122982    0.0264433    0.0788324    0.13294    0.122982    0.0264433    
0.0788324    0.13294    0.122982    0.0264433    0.0788324    0.13294    0.122982    0.0264433    
-0.0788324    -0.13294    -0.122982    -0.0264433    -0.0788324    -0.13294    -0.122982    -0.0264433    
-0.0788324    -0.13294    -0.122982    -0.0264433    -0.0788324    -0.13294    -0.122982    -0.0264433    
0.0788324    0.13294    0.122982    0.0264433    0.0788324    0.13294    0.122982    0.0264433    
-0.0788324    -0.13294    -0.122982    -0.0264433    -0.0788324    -0.13294    -0.122982    -0.0264433    
0.0788324    0.13294    0.122982    0.0264433    0.0788324    0.13294    0.122982    0.0264433    
-0.0788324    -0.13294    -0.122982    -0.0264433    -0.0788324    -0.13294    -0.122982    -0.0264433    
0.0788324    0.13294    0.122982    0.0264433    0.0788324    0.13294    0.122982    0.0264433    
0.0788324    0.13294    0.122982    0.0264433    0.0788324    0.13294    0.122982    0.0264433    
0.0788324    0.13294    0.122982    0.0264433    0.0788324    0.13294    0.122982    0.0264433    
-0.0788324    -0.13294    -0.122982    -0.0264433    -0.0788324    -0.13294    -0.122982    -0.0264433    
-0.0788324    -0.13294    -0.122982    -0.0264433    -0.0788324    -0.13294    -0.122982    -0.0264433    
0.0788324    0.13294    0.122982    0.0264433    0.0788324    0.13294    0.122982    0.0264433    
-0.0788324    -0.13294    -0.122982    -0.0264433    -0.0788324    -0.13294    -0.122982    -0.0264433    
-0.0788324    -0.13294    -0.122982    -0.0264433    -0.0788324    -0.13294    -0.122982    -0.0264433    
-0.0788324    -0.13294    -0.122982    -0.0264433    -0.0788324    -0.13294    -0.122982    -0.0264433    
0.0788324    0.13294    0.122982    0.0264433    0.0788324    0.13294    0.122982    0.0264433    
0.0788324    0.13294    0.122982    0.0264433    0.0788324    0.13294    0.122982    0.0264433    
0.0788324    0.13294    0.122982    0.0264433    0.0788324    0.13294    0.122982    0.0264433    
0.0788324    0.13294    0.122982    0.0264433    0.0788324    0.13294    0.122982    0.0264433    
-0.0788324    -0.13294    -0.122982    -0.0264433    -0.0788324    -0.13294    -0.122982    -0.0264433    
0.0788324    0.13294    0.122982    0.0264433    0.0788324    0.13294    0.122982    0.0264433    
0.0788324    0.13294    0.122982    0.0264433    0.0788324    0.13294    0.122982    0.0264433    
0.0788324    0.13294    0.122982    0.0264433    0.0788324    0.13294    0.122982    0.0264433    
0.0788324    0.13294    0.122982    0.0264433    0.0788324    0.13294    0.122982    0.0264433    
0.0788324    0.13294    0.122982    0.0264433    0.0788324    0.13294    0.122982    0.0264433    
0.0788324    0.13294    0.122982    0.0264433    0.0788324    0.13294    0.122982    0.0264433    
0.0788324    0.13294    0.122982    0.0264433    0.0788324    0.13294    0.122982    0.0264433    
