-0.084465    -0.147747    -0.122007    -0.0238627    -0.084465    -0.147747    -0.122007    -0.0238627    
-0.0781906    -0.131092    -0.123027    -0.0268096    -0.0781906    -0.131092    -0.123027    -0.0268096    
-0.0755443    -0.123158    -0.122916    -0.0285718    -0.0755443    -0.123158    -0.122916    -0.0285718    
-0.0758101    -0.123973    -0.122957    -0.0283728    -0.0758101    -0.123973    -0.122957    -0.0283728    
0.0779335    0.130343    0.123042    0.026961    0.0779335    0.130343    0.123042    0.026961    
0.0803754    0.137244    0.122797    0.0256381    0.0803754    0.137244    0.122797    0.0256381    
0.0807043    0.138136    0.122746    0.0254784    0.0807043    0.138136    0.122746    0.0254784    
-0.0791762    -0.133916    -0.122949    -0.0262555    -0.0791762    -0.133916    -0.122949    -0.0262555    
-0.077967    -0.130441    -0.123039    -0.0269415    -0.077967    -0.130441    -0.123039    -0.0269415    
0.0778372    0.130061    0.123045    0.0270193    0.0778372    0.130061    0.123045    0.0270193    
0.0784986    0.131983    0.123008    0.0266313    0.0784986    0.131983    0.123008    0.0266313    
0.0792386    0.134092    0.122942    0.0262221    0.0792386    0.134092    0.122942    0.0262221    
0.079405    0.134561    0.122924    0.0261332    0.079405    0.134561    0.122924    0.0261332    
-0.0790273    -0.133495    -0.122965    -0.0263359    -0.0790273    -0.133495    -0.122965    -0.0263359    
0.0786206    0.132335    0.123001    0.0265615    0.0786206    0.132335    0.123001    0.0265615    
0.078521    0.132048    0.123008    0.0266181    0.078521    0.132048    0.123008    0.0266181    
-0.0787018    -0.132567    -0.122993    -0.0265161    -0.0787018    -0.132567    -0.122993    -0.0265161    
-0.0789314    -0.133222    -0.122973    -0.0263887    -0.0789314    -0.133222    -0.122973    -0.0263887    
0.0790056    0.133433    0.122966    0.026348    0.0790056    0.133433    0.122966    0.026348    
-0.0789119    -0.133167    -0.122975    -0.0263993    -0.0789119    -0.133167    -0.122975    -0.0263993    
-0.0787843    -0.132803    -0.122987    -0.0264699    -0.0787843    -0.132803    -0.122987    -0.0264699    
-0.0787381    -0.132671    -0.122991    -0.0264957    -0.0787381    -0.132671    -0.122991    -0.0264957    
-0.0787834    -0.132801    -0.122987    -0.0264705    -0.0787834    -0.132801    -0.122987    -0.0264705    
0.078854    0.133002    0.12298    0.0264313    0.078854    0.133002    0.12298    0.0264313    
0.0788839    0.133087    0.122978    0.0264148    0.0788839    0.133087    0.122978    0.0264148    
-0.0788617    -0.133024    -0.12298    -0.026427    -0.0788617    -0.133024    -0.12298    -0.026427    
0.0788229    0.132913    0.122983    0.0264485    0.0788229    0.132913    0.122983    0.0264485    
0.0788046    0.132861    0.122985    0.0264587    0.0788046    0.132861    0.122985    0.0264587    
-0.0788149    -0.132891    -0.122984    -0.026453    -0.0788149    -0.132891    -0.122984    -0.026453    
-0.0788362    -0.132951    -0.122982    -0.0264412    -0.0788362    -0.132951    -0.122982    -0.0264412    
-0.0788474    -0.132983    -0.122981    -0.026435    -0.0788474    -0.132983    -0.122981    -0.026435    
-0.0788426    -0.13297    -0.122982    -0.0264376    -0.0788426    -0.13297    -0.122982    -0.0264376    
-0.0788311    -0.132937    -0.122983    -0.026444    -0.0788311    -0.132937    -0.122983    -0.026444    
0.0788244    0.132918    0.122983    0.0264477    0.0788244    0.132918    0.122983    0.0264477    
-0.0788264    -0.132923    -0.122983    -0.0264466    -0.0788264    -0.132923    -0.122983    -0.0264466    
-0.0788327    -0.132941    -0.122982    -0.0264431    -0.0788327    -0.132941    -0.122982    -0.0264431    
0.0788366    0.132953    0.122982    0.0264409    0.0788366    0.132953    0.122982    0.0264409    
-0.0788358    -0.13295    -0.122982    -0.0264414    -0.0788358    -0.13295    -0.122982    -0.0264414    
0.0788325    0.132941    0.122982    0.0264432    0.0788325    0.132941    0.122982    0.0264432    
-0.0788302    -0.132934    -0.122983    -0.0264445    -0.0788302    -0.132934    -0.122983    -0.0264445    
0.0788304    0.132935    0.122983    0.0264444    0.0788304    0.132935    0.122983    0.0264444    
0.0788322    0.13294    0.122982    0.0264434    0.0788322    0.13294    0.122982    0.0264434    
-0.0788336    -0.132944    -0.122982    -0.0264426    -0.0788336    -0.132944    -0.122982    -0.0264426    
0.0788335    0.132944    0.122982    0.0264426    0.0788335    0.132944    0.122982    0.0264426    
0.0788326    0.132941    0.122982    0.0264432    0.0788326    0.132941    0.122982    0.0264432    
0.0788318    0.132939    0.122983    0.0264436    0.0788318    0.132939    0.122983    0.0264436    
-0.0788318    -0.132939    -0.122983    -0.0264436    -0.0788318    -0.132939    -0.122983    -0.0264436    
0.0788323    0.13294    0.122982    0.0264433    0.0788323    0.13294    0.122982    0.0264433    
0.0788327    0.132941    0.122982    0.0264431    0.0788327    0.132941    0.122982    0.0264431    
0.0788327    0.132941    0.122982    0.0264431    0.0788327    0.132941    0.122982    0.0264431    
-0.0788325    -0.132941    -0.122982    -0.0264432    -0.0788325    -0.132941    -0.122982    -0.0264432    
0.0788322    0.13294    0.122982    0.0264434    0.0788322    0.13294    0.122982    0.0264434    
-0.0788322    -0.13294    -0.122982    -0.0264434    -0.0788322    -0.13294    -0.122982    -0.0264434    
0.0788323    0.13294    0.122982    0.0264433    0.0788323    0.13294    0.122982    0.0264433    
0.0788325    0.132941    0.122982    0.0264432    0.0788325    0.132941    0.122982    0.0264432    
0.0788325    0.132941    0.122982    0.0264432    0.0788325    0.132941    0.122982    0.0264432    
-0.0788324    -0.132941    -0.122982    -0.0264432    -0.0788324    -0.132941    -0.122982    -0.0264432    
0.0788324    0.13294    0.122982    0.0264433    0.0788324    0.13294    0.122982    0.0264433    
0.0788323    0.13294    0.122982    0.0264433    0.0788323    0.13294    0.122982    0.0264433    
-0.0788324    -0.13294    -0.122982    -0.0264433    -0.0788324    -0.13294    -0.122982    -0.0264433    
-0.0788324    -0.13294    -0.122982    -0.0264433    -0.0788324    -0.13294    -0.122982    -0.0264433    
0.0788324    0.132941    0.122982    0.0264432    0.0788324    0.132941    0.122982    0.0264432    
0.0788324    0.13294    0.122982    0.0264433    0.0788324    0.13294    0.122982    0.0264433    
0.0788324    0.13294    0.122982    0.0264433    0.0788324    0.13294    0.122982    0.0264433    
-0.0788324    -0.13294    -0.122982    -0.0264433    -0.0788324    -0.13294    -0.122982    -0.0264433    
-0.0788324    -0.13294    -0.122982    -0.0264433    -0.0788324    -0.13294    -0.122982    -0.0264433    
0.0788324    0.13294    0.122982    0.0264433    0.0788324    0.13294    0.122982    0.0264433    
0.0788324    0.13294    0.122982    0.0264433    0.0788324    0.13294    0.122982    0.0264433    
0.0788324    0.13294    0.122982    0.0264433    0.0788324    0.13294    0.122982    0.0264433    
0.0788324    0.13294    0.122982    0.0264433    0.0788324    0.13294    0.122982    0.0264433    
-0.0788324    -0.13294    -0.122982    -0.0264433    -0.0788324    -0.13294    -0.122982    -0.0264433    
0.0788324    0.13294    0.122982    0.0264433    0.0788324    0.13294    0.122982    0.0264433    
0.0788324    0.13294    0.122982    0.0264433    0.0788324    0.13294    0.122982    0.0264433    
0.0788324    0.13294    0.122982    0.0264433    0.0788324    0.13294    0.122982    0.0264433    
-0.0788324    -0.13294    -0.122982    -0.0264433    -0.0788324    -0.13294    -0.122982    -0.0264433    
-0.0788324    -0.13294    -0.122982    -0.0264433    -0.0788324    -0.13294    -0.122982    -0.0264433    
-0.0788324    -0.13294    -0.122982    -0.0264433    -0.0788324    -0.13294    -0.122982    -0.0264433    
-0.0788324    -0.13294    -0.122982    -0.0264433    -0.0788324    -0.13294    -0.122982    -0.0264433    
0.0788324    0.13294    0.122982    0.0264433    0.0788324    0.13294    0.122982    0.0264433    
0.0788324    0.13294    0.122982    0.0264433    0.0788324    0.13294    0.122982    0.0264433    
0.0788324    0.13294    0.122982    0.0264433    0.0788324    0.13294    0.122982    0.0264433    
0.0788324    0.13294    0.122982    0.0264433    0.0788324    0.13294    0.122982    0.0264433    
0.0788324    0.13294    0.122982    0.0264433    0.0788324    0.13294    0.122982    0.0264433    
0.0788324    0.13294    0.122982    0.0264433    0.0788324    0.13294    0.122982    0.0264433    
0.0788324    0.13294    0.122982    0.0264433    0.0788324    0.13294    0.122982    0.0264433    
0.0788324    0.13294    0.122982    0.0264433    0.0788324    0.13294    0.122982    0.0264433    
0.0788324    0.13294    0.122982    0.0264433    0.0788324    0.13294    0.122982    0.0264433    
0.0788324    0.13294    0.122982    0.0264433    0.0788324    0.13294    0.122982    0.0264433    
0.0788324    0.13294    0.122982    0.0264433    0.0788324    0.13294    0.122982    0.0264433    
0.0788324    0.13294    0.122982    0.0264433    0.0788324    0.13294    0.122982    0.0264433    
-0.0788324    -0.13294    -0.122982    -0.0264433    -0.0788324    -0.13294    -0.122982    -0.0264433    
0.0788324    0.13294    0.122982    0.0264433    0.0788324    0.13294    0.122982    0.0264433    
0.0788324    0.13294    0.122982    0.0264433    0.0788324    0.13294    0.122982    0.0264433    
0.0788324    0.13294    0.122982    0.0264433    0.0788324    0.13294    0.122982    0.0264433    
0.0788324    0.13294    0.122982    0.0264433    0.0788324    0.13294    0.122982    0.0264433    
0.0788324    0.13294    0.122982    0.0264433    0.0788324    0.13294    0.122982    0.0264433    
-0.0788324    -0.13294    -0.122982    -0.0264433    -0.0788324    -0.13294    -0.122982    -0.0264433    
0.0788324    0.13294    0.122982    0.0264433    0.0788324    0.13294    0.122982    0.0264433    
-0.0788324    -0.13294    -0.122982    -0.0264433    -0.0788324    -0.13294    -0.122982    -0.0264433    
0.0788324    0.13294    0.122982    0.0264433    0.0788324    0.13294    0.122982    0.0264433    
-0.0788324    -0.13294    -0.122982    -0.0264433    -0.0788324    -0.13294    -0.122982    -0.0264433    
0.0788324    0.13294    0.122982    0.0264433    0.0788324    0.13294    0.122982    0.0264433    
0.0788324    0.13294    0.122982    0.0264433    0.0788324    0.13294    0.122982    0.0264433    
0.0788324    0.13294    0.122982    0.0264433    0.0788324    0.13294    0.122982    0.0264433    
-0.0788324    -0.13294    -0.122982    -0.0264433    -0.0788324    -0.13294    -0.122982    -0.0264433    
-0.0788324    -0.13294    -0.122982    -0.0264433    -0.0788324    -0.13294    -0.122982    -0.0264433    
-0.0788324    -0.13294    -0.122982    -0.0264433    -0.0788324    -0.13294    -0.122982    -0.0264433    
0.0788324    0.13294    0.122982    0.0264433    0.0788324    0.13294    0.122982    0.0264433    
-0.0788324    -0.13294    -0.122982    -0.0264433    -0.0788324    -0.13294    -0.122982    -0.0264433    
0.0788324    0.13294    0.122982    0.0264433    0.0788324    0.13294    0.122982    0.0264433    
0.0788324    0.13294    0.122982    0.0264433    0.0788324    0.13294    0.122982    0.0264433    
0.0788324    0.13294    0.122982    0.0264433    0.0788324    0.13294    0.122982    0.0264433    
0.0788324    0.13294    0.122982    0.0264433    0.0788324    0.13294    0.122982    0.0264433    
0.0788324    0.13294    0.122982    0.0264433    0.0788324    0.13294    0.122982    0.0264433    
-0.0788324    -0.13294    -0.122982    -0.0264433    -0.0788324    -0.13294    -0.122982    -0.0264433    
0.0788324    0.13294    0.122982    0.0264433    0.0788324    0.13294    0.122982    0.0264433    
0.0788324    0.13294    0.122982    0.0264433    0.0788324    0.13294    0.122982    0.0264433    
-0.0788324    -0.13294    -0.122982    -0.0264433    -0.0788324    -0.13294    -0.122982    -0.0264433    
0.0788324    0.13294    0.122982    0.0264433    0.0788324    0.13294    0.122982    0.0264433    
0.0788324    0.13294    0.122982    0.0264433    0.0788324    0.13294    0.122982    0.0264433    
0.0788324    0.13294    0.122982    0.0264433    0.0788324    0.13294    0.122982    0.0264433    
-0.0788324    -0.13294    -0.122982    -0.0264433    -0.0788324    -0.13294    -0.122982    -0.0264433    
0.0788324    0.13294    0.122982    0.0264433    0.0788324    0.13294    0.122982    0.0264433    
-0.0788324    -0.13294    -0.122982    -0.0264433    -0.0788324    -0.13294    -0.122982    -0.0264433    
-0.0788324    -0.13294    -0.122982    -0.0264433    -0.0788324    -0.13294    -0.122982    -0.0264433    
0.0788324    0.13294    0.122982    0.0264433    0.0788324    0.13294    0.122982    0.0264433    
0.0788324    0.13294    0.122982    0.0264433    0.0788324    0.13294    0.122982    0.0264433    
0.0788324    0.13294    0.122982    0.0264433    0.0788324    0.13294    0.122982    0.0264433    
0.0788324    0.13294    0.122982    0.0264433    0.0788324    0.13294    0.122982    0.0264433    
0.0788324    0.13294    0.122982    0.0264433    0.0788324    0.13294    0.122982    0.0264433    
-0.0788324    -0.13294    -0.122982    -0.0264433    -0.0788324    -0.13294    -0.122982    -0.0264433    
0.0788324    0.13294    0.122982    0.0264433    0.0788324    0.13294    0.122982    0.0264433    
-0.0788324    -0.13294    -0.122982    -0.0264433    -0.0788324    -0.13294    -0.122982    -0.0264433    
-0.0788324    -0.13294    -0.122982    -0.0264433    -0.0788324    -0.13294    -0.122982    -0.0264433    
0.0788324    0.13294    0.122982    0.0264433    0.0788324    0.13294    0.122982    0.0264433    
0.0788324    0.13294    0.122982    0.0264433    0.0788324    0.13294    0.122982    0.0264433    
0.0788324    0.13294    0.122982    0.0264433    0.0788324    0.13294    0.122982    0.0264433    
0.0788324    0.13294    0.122982    0.0264433    0.0788324    0.13294    0.122982    0.0264433    
0.0788324    0.13294    0.122982    0.0264433    0.0788324    0.13294    0.122982    0.0264433    
-0.0788324    -0.13294    -0.122982    -0.0264433    -0.0788324    -0.13294    -0.122982    -0.0264433    
0.0788324    0.13294    0.122982    0.0264433    0.0788324    0.13294    0.122982    0.0264433    
0.0788324    0.13294    0.122982    0.0264433    0.0788324    0.13294    0.122982    0.0264433    
-0.0788324    -0.13294    -0.122982    -0.0264433    -0.0788324    -0.13294    -0.122982    -0.0264433    
0.0788324    0.13294    0.122982    0.0264433    0.0788324    0.13294    0.122982    0.0264433    
-0.0788324    -0.13294    -0.122982    -0.0264433    -0.0788324    -0.13294    -0.122982    -0.0264433    
0.0788324    0.13294    0.122982    0.0264433    0.0788324    0.13294    0.122982    0.0264433    
0.0788324    0.13294    0.122982    0.0264433    0.0788324    0.13294    0.122982    0.0264433    
0.0788324    0.13294    0.122982    0.0264433    0.0788324    0.13294    0.122982    0.0264433    
-0.0788324    -0.13294    -0.122982    -0.0264433    -0.0788324    -0.13294    -0.122982    -0.0264433    
-0.0788324    -0.13294    -0.122982    -0.0264433    -0.0788324    -0.13294    -0.122982    -0.0264433    
0.0788324    0.13294    0.122982    0.0264433    0.0788324    0.13294    0.122982    0.0264433    
-0.0788324    -0.13294    -0.122982    -0.0264433    -0.0788324    -0.13294    -0.122982    -0.0264433    
0.0788324    0.13294    0.122982    0.0264433    0.0788324    0.13294    0.122982    0.0264433    
-0.0788324    -0.13294    -0.122982    -0.0264433    -0.0788324    -0.13294    -0.122982    -0.0264433    
0.0788324    0.13294    0.122982    0.0264433    0.0788324    0.13294    0.122982    0.0264433    
0.0788324    0.13294    0.122982    0.0264433    0.0788324    0.13294    0.122982    0.0264433    
-0.0788324    -0.13294    -0.122982    -0.0264433    -0.0788324    -0.13294    -0.122982    -0.0264433    
-0.0788324    -0.13294    -0.122982    -0.0264433    -0.0788324    -0.13294    -0.122982    -0.0264433    
-0.0788324    -0.13294    -0.122982    -0.0264433    -0.0788324    -0.13294    -0.122982    -0.0264433    
0.0788324    0.13294    0.122982    0.0264433    0.0788324    0.13294    0.122982    0.0264433    
0.0788324    0.13294    0.122982    0.0264433    0.0788324    0.13294    0.122982    0.0264433    
-0.0788324    -0.13294    -0.122982    -0.0264433    -0.0788324    -0.13294    -0.122982    -0.0264433    
-0.0788324    -0.13294    -0.122982    -0.0264433    -0.0788324    -0.13294    -0.122982    -0.0264433    
0.0788324    0.13294    0.122982    0.0264433    0.0788324    0.13294    0.122982    0.0264433    
-0.0788324    -0.13294    -0.122982    -0.0264433    -0.0788324    -0.13294    -0.122982    -0.0264433    
0.0788324    0.13294    0.122982    0.0264433    0.0788324    0.13294    0.122982    0.0264433    
0.0788324    0.13294    0.122982    0.0264433    0.0788324    0.13294    0.122982    0.0264433    
-0.0788324    -0.13294    -0.122982    -0.0264433    -0.0788324    -0.13294    -0.122982    -0.0264433    
0.0788324    0.13294    0.122982    0.0264433    0.0788324    0.13294    0.122982    0.0264433    
-0.0788324    -0.13294    -0.122982    -0.0264433    -0.0788324    -0.13294    -0.122982    -0.0264433    
0.0788324    0.13294    0.122982    0.0264433    0.0788324    0.13294    0.122982    0.0264433    
-0.0788324    -0.13294    -0.122982    -0.0264433    -0.0788324    -0.13294    -0.122982    -0.0264433    
0.0788324    0.13294    0.122982    0.0264433    0.0788324    0.13294    0.122982    0.0264433    
0.0788324    0.13294    0.122982    0.0264433    0.0788324    0.13294    0.122982    0.0264433    
0.0788324    0.13294    0.122982    0.0264433    0.0788324    0.13294    0.122982    0.0264433    
0.0788324    0.13294    0.122982    0.0264433    0.0788324    0.13294    0.122982    0.0264433    
0.0788324    0.13294    0.122982    0.0264433    0.0788324    0.13294    0.122982    0.0264433    
-0.0788324    -0.13294    -0.122982    -0.0264433    -0.0788324    -0.13294    -0.122982    -0.0264433    
-0.0788324    -0.13294    -0.122982    -0.0264433    -0.0788324    -0.13294    -0.122982    -0.0264433    
-0.0788324    -0.13294    -0.122982    -0.0264433    -0.0788324    -0.13294    -0.122982    -0.0264433    
-0.0788324    -0.13294    -0.122982    -0.0264433    -0.0788324    -0.13294    -0.122982    -0.0264433    
0.0788324    0.13294    0.122982    0.0264433    0.0788324    0.13294    0.122982    0.0264433    
0.0788324    0.13294    0.122982    0.0264433    0.0788324    0.13294    0.122982    0.0264433    
0.0788324    0.13294    0.122982    0.0264433    0.0788324    0.13294    0.122982    0.0264433    
0.0788324    0.13294    0.122982    0.0264433    0.0788324    0.13294    0.122982    0.0264433    
-0.0788324    -0.13294    -0.122982    -0.0264433    -0.0788324    -0.13294    -0.122982    -0.0264433    
-0.0788324    -0.13294    -0.122982    -0.0264433    -0.0788324    -0.13294    -0.122982    -0.0264433    
0.0788324    0.13294    0.122982    0.0264433    0.0788324    0.13294    0.122982    0.0264433    
-0.0788324    -0.13294    -0.122982    -0.0264433    -0.0788324    -0.13294    -0.122982    -0.0264433    
-0.0788324    -0.13294    -0.122982    -0.0264433    -0.0788324    -0.13294    -0.122982    -0.0264433    
-0.0788324    -0.13294    -0.122982    -0.0264433    -0.0788324    -0.13294    -0.122982    -0.0264433    
0.0788324    0.13294    0.122982    0.0264433    0.0788324    0.13294    0.122982    0.0264433    
0.0788324    0.13294    0.122982    0.0264433    0.0788324    0.13294    0.122982    0.0264433    
-0.0788324    -0.13294    -0.122982    -0.0264433    -0.0788324    -0.13294    -0.122982    -0.0264433    
-0.0788324    -0.13294    -0.122982    -0.0264433    -0.0788324    -0.13294    -0.122982    -0.0264433    
0.0788324    0.13294    0.122982    0.0264433    0.0788324    0.13294    0.122982    0.0264433    
-0.0788324    -0.13294    -0.122982    -0.0264433    -0.0788324    -0.13294    -0.122982    -0.0264433    
0.0788324    0.13294    0.122982    0.0264433    0.0788324    0.13294    0.122982    0.0264433    
-0.0788324    -0.13294    -0.122982    -0.0264433    -0.0788324    -0.13294    -0.122982    -0.0264433    
-0.0788324    -0.13294    -0.122982    -0.0264433    -0.0788324    -0.13294    -0.122982    -0.0264433    
0.0788324    0.13294    0.122982    0.0264433    0.0788324    0.13294    0.122982    0.0264433    
-0.0788324    -0.13294    -0.122982    -0.0264433    -0.0788324    -0.13294    -0.122982    -0.0264433    
0.0788324    0.13294    0.122982    0.0264433    0.0788324    0.13294    0.122982    0.0264433    
-0.0788324    -0.13294    -0.122982    -0.0264433    -0.0788324    -0.13294    -0.122982    -0.0264433    
-0.0788324    -0.13294    -0.122982    -0.0264433    -0.0788324    -0.13294    -0.122982    -0.0264433    
0.0788324    0.13294    0.122982    0.0264433    0.0788324    0.13294    0.122982    0.0264433    
-0.0788324    -0.13294    -0.122982    -0.0264433    -0.0788324    -0.13294    -0.122982    -0.0264433    
-0.0788324    -0.13294    -0.122982    -0.0264433    -0.0788324    -0.13294    -0.122982    -0.0264433    
0.0788324    0.13294    0.122982    0.0264433    0.0788324    0.13294    0.122982    0.0264433    
-0.0788324    -0.13294    -0.122982    -0.0264433    -0.0788324    -0.13294    -0.122982    -0.0264433    
-0.0788324    -0.13294    -0.122982    -0.0264433    -0.0788324    -0.13294    -0.122982    -0.0264433    
-0.0788324    -0.13294    -0.122982    -0.0264433    -0.0788324    -0.13294    -0.122982    -0.0264433    
-0.0788324    -0.13294    -0.122982    -0.0264433    -0.0788324    -0.13294    -0.122982    -0.0264433    
-0.0788324    -0.13294    -0.122982    -0.0264433    -0.0788324    -0.13294    -0.122982    -0.0264433    
-0.0788324    -0.13294    -0.122982    -0.0264433    -0.0788324    -0.13294    -0.122982    -0.0264433    
0.0788324    0.13294    0.122982    0.0264433    0.0788324    0.13294    0.122982    0.0264433    
-0.0788324    -0.13294    -0.122982    -0.0264433    -0.0788324    -0.13294    -0.122982    -0.0264433    
-0.0788324    -0.13294    -0.122982    -0.0264433    -0.0788324    -0.13294    -0.122982    -0.0264433    
-0.0788324    -0.13294    -0.122982    -0.0264433    -0.0788324    -0.13294    -0.122982    -0.0264433    
0.0788324    0.13294    0.122982    0.0264433    0.0788324    0.13294    0.122982    0.0264433    
0.0788324    0.13294    0.122982    0.0264433    0.0788324    0.13294    0.122982    0.0264433    
-0.0788324    -0.13294    -0.122982    -0.0264433    -0.0788324    -0.13294    -0.122982    -0.0264433    
-0.0788324    -0.13294    -0.122982    -0.0264433    -0.0788324    -0.13294    -0.122982    -0.0264433    
-0.0788324    -0.13294    -0.122982    -0.0264433    -0.0788324    -0.13294    -0.122982    -0.0264433    
-0.0788324    -0.13294    -0.122982    -0.0264433    -0.0788324    -0.13294    -0.122982    -0.0264433    
0.0788324    0.13294    0.122982    0.0264433    0.0788324    0.13294    0.122982    0.0264433    
0.0788324    0.13294    0.122982    0.0264433    0.0788324    0.13294    0.122982    0.0264433    
0.0788324    0.13294    0.122982    0.0264433    0.0788324    0.13294    0.122982    0.0264433    
0.0788324    0.13294    0.122982    0.0264433    0.0788324    0.13294    0.122982    0.0264433    
-0.0788324    -0.13294    -0.122982    -0.0264433    -0.0788324    -0.13294    -0.122982    -0.0264433    
-0.0788324    -0.13294    -0.122982    -0.0264433    -0.0788324    -0.13294    -0.122982    -0.0264433    
0.0788324    0.13294    0.122982    0.0264433    0.0788324    0.13294    0.122982    0.0264433    
-0.0788324    -0.13294    -0.122982    -0.0264433    -0.0788324    -0.13294    -0.122982    -0.0264433    
-0.0788324    -0.13294    -0.122982    -0.0264433    -0.0788324    -0.13294    -0.122982    -0.0264433    
-0.0788324    -0.13294    -0.122982    -0.0264433    -0.0788324    -0.13294    -0.122982    -0.0264433    
0.0788324    0.13294    0.122982    0.0264433    0.0788324    0.13294    0.122982    0.0264433    
-0.0788324    -0.13294    -0.122982    -0.0264433    -0.0788324    -0.13294    -0.122982    -0.0264433    
0.0788324    0.13294    0.122982    0.0264433    0.0788324    0.13294    0.122982    0.0264433    
-0.0788324    -0.13294    -0.122982    -0.0264433    -0.0788324    -0.13294    -0.122982    -0.0264433    
-0.0788324    -0.13294    -0.122982    -0.0264433    -0.0788324    -0.13294    -0.122982    -0.0264433    
-0.0788324    -0.13294    -0.122982    -0.0264433    -0.0788324    -0.13294    -0.122982    -0.0264433    
-0.0788324    -0.13294    -0.122982    -0.0264433    -0.0788324    -0.13294    -0.122982    -0.0264433    
-0.0788324    -0.13294    -0.122982    -0.0264433    -0.0788324    -0.13294    -0.122982    -0.0264433    
0.0788324    0.13294    0.122982    0.0264433    0.0788324    0.13294    0.122982    0.0264433    
-0.0788324    -0.13294    -0.122982    -0.0264433    -0.0788324    -0.13294    -0.122982    -0.0264433    
-0.0788324    -0.13294    -0.122982    -0.0264433    -0.0788324    -0.13294    -0.122982    -0.0264433    
-0.0788324    -0.13294    -0.122982    -0.0264433    -0.0788324    -0.13294    -0.122982    -0.0264433    
-0.0788324    -0.13294    -0.122982    -0.0264433    -0.0788324    -0.13294    -0.122982    -0.0264433    
-0.0788324    -0.13294    -0.122982    -0.0264433    -0.0788324    -0.13294    -0.122982    -0.0264433    
-0.0788324    -0.13294    -0.122982    -0.0264433    -0.0788324    -0.13294    -0.122982    -0.0264433    
0.0788324    0.13294    0.122982    0.0264433    0.0788324    0.13294    0.122982    0.0264433    
-0.0788324    -0.13294    -0.122982    -0.0264433    -0.0788324    -0.13294    -0.122982    -0.0264433    
0.0788324    0.13294    0.122982    0.0264433    0.0788324    0.13294    0.122982    0.0264433    
-0.0788324    -0.13294    -0.122982    -0.0264433    -0.0788324    -0.13294    -0.122982    -0.0264433    
0.0788324    0.13294    0.122982    0.0264433    0.0788324    0.13294    0.122982    0.0264433    
0.0788324    0.13294    0.122982    0.0264433    0.0788324    0.13294    0.122982    0.0264433    
-0.0788324    -0.13294    -0.122982    -0.0264433    -0.0788324    -0.13294    -0.122982    -0.0264433    
-0.0788324    -0.13294    -0.122982    -0.0264433    -0.0788324    -0.13294    -0.122982    -0.0264433    
0.0788324    0.13294    0.122982    0.0264433    0.0788324    0.13294    0.122982    0.0264433    
0.0788324    0.13294    0.122982    0.0264433    0.0788324    0.13294    0.122982    0.0264433    
-0.0788324    -0.13294    -0.122982    -0.0264433    -0.0788324    -0.13294    -0.122982    -0.0264433    
-0.0788324    -0.13294    -0.122982    -0.0264433    -0.0788324    -0.13294    -0.122982    -0.0264433    
0.0788324    0.13294    0.122982    0.0264433    0.0788324    0.13294    0.122982    0.0264433    
-0.0788324    -0.13294    -0.122982    -0.0264433    -0.0788324    -0.13294    -0.122982    -0.0264433    
-0.0788324    -0.13294    -0.122982    -0.0264433    -0.0788324    -0.13294    -0.122982    -0.0264433    
0.0788324    0.13294    0.122982    0.0264433    0.0788324    0.13294    0.122982    0.0264433    
0.0788324    0.13294    0.122982    0.0264433    0.0788324    0.13294    0.122982    0.0264433    
0.0788324    0.13294    0.122982    0.0264433    0.0788324    0.13294    0.122982    0.0264433    
-0.0788324    -0.13294    -0.122982    -0.0264433    -0.0788324    -0.13294    -0.122982    -0.0264433    
0.0788324    0.13294    0.122982    0.0264433    0.0788324    0.13294    0.122982    0.0264433    
-0.0788324    -0.13294    -0.122982    -0.0264433    -0.0788324    -0.13294    -0.122982    -0.0264433    
-0.0788324    -0.13294    -0.122982    -0.0264433    -0.0788324    -0.13294    -0.122982    -0.0264433    
-0.0788324    -0.13294    -0.122982    -0.0264433    -0.0788324    -0.13294    -0.122982    -0.0264433    
-0.0788324    -0.13294    -0.122982    -0.0264433    -0.0788324    -0.13294    -0.122982    -0.0264433    
-0.0788324    -0.13294    -0.122982    -0.0264433    -0.0788324    -0.13294    -0.122982    -0.0264433    
0.0788324    0.13294    0.122982    0.0264433    0.0788324    0.13294    0.122982    0.0264433    
-0.0788324    -0.13294    -0.122982    -0.0264433    -0.0788324    -0.13294    -0.122982    -0.0264433    
0.0788324    0.13294    0.122982    0.0264433    0.0788324    0.13294    0.122982    0.0264433    
-0.0788324    -0.13294    -0.122982    -0.0264433    -0.0788324    -0.13294    -0.122982    -0.0264433    
-0.0788324    -0.13294    -0.122982    -0.0264433    -0.0788324    -0.13294    -0.122982    -0.0264433    
-0.0788324    -0.13294    -0.122982    -0.0264433    -0.0788324    -0.13294    -0.122982    -0.0264433    
0.0788324    0.13294    0.122982    0.0264433    0.0788324    0.13294    0.122982    0.0264433    
0.0788324    0.13294    0.122982    0.0264433    0.0788324    0.13294    0.122982    0.0264433    
0.0788324    0.13294    0.122982    0.0264433    0.0788324    0.13294    0.122982    0.0264433    
-0.0788324    -0.13294    -0.122982    -0.0264433    -0.0788324    -0.13294    -0.122982    -0.0264433    
0.0788324    0.13294    0.122982    0.0264433    0.0788324    0.13294    0.122982    0.0264433    
0.0788324    0.13294    0.122982    0.0264433    0.0788324    0.13294    0.122982    0.0264433    
-0.0788324    -0.13294    -0.122982    -0.0264433    -0.0788324    -0.13294    -0.122982    -0.0264433    
0.0788324    0.13294    0.122982    0.0264433    0.0788324    0.13294    0.122982    0.0264433    
-0.0788324    -0.13294    -0.122982    -0.0264433    -0.0788324    -0.13294    -0.122982    -0.0264433    
-0.0788324    -0.13294    -0.122982    -0.0264433    -0.0788324    -0.13294    -0.122982    -0.0264433    
-0.0788324    -0.13294    -0.122982    -0.0264433    -0.0788324    -0.13294    -0.122982    -0.0264433    
-0.0788324    -0.13294    -0.122982    -0.0264433    -0.0788324    -0.13294    -0.122982    -0.0264433    
0.0788324    0.13294    0.122982    0.0264433    0.0788324    0.13294    0.122982    0.0264433    
-0.0788324    -0.13294    -0.122982    -0.0264433    -0.0788324    -0.13294    -0.122982    -0.0264433    
0.0788324    0.13294    0.122982    0.0264433    0.0788324    0.13294    0.122982    0.0264433    
0.0788324    0.13294    0.122982    0.0264433    0.0788324    0.13294    0.122982    0.0264433    
-0.0788324    -0.13294    -0.122982    -0.0264433    -0.0788324    -0.13294    -0.122982    -0.0264433    
0.0788324    0.13294    0.122982    0.0264433    0.0788324    0.13294    0.122982    0.0264433    
0.0788324    0.13294    0.122982    0.0264433    0.0788324    0.13294    0.122982    0.0264433    
0.0788324    0.13294    0.122982    0.0264433    0.0788324    0.13294    0.122982    0.0264433    
-0.0788324    -0.13294    -0.122982    -0.0264433    -0.0788324    -0.13294    -0.122982    -0.0264433    
-0.0788324    -0.13294    -0.122982    -0.0264433    -0.0788324    -0.13294    -0.122982    -0.0264433    
-0.0788324    -0.13294    -0.122982    -0.0264433    -0.0788324    -0.13294    -0.122982    -0.0264433    
-0.0788324    -0.13294    -0.122982    -0.0264433    -0.0788324    -0.13294    -0.122982    -0.0264433    
-0.0788324    -0.13294    -0.122982    -0.0264433    -0.0788324    -0.13294    -0.122982    -0.0264433    
-0.0788324    -0.13294    -0.122982    -0.0264433    -0.0788324    -0.13294    -0.122982    -0.0264433    
0.0788324    0.13294    0.122982    0.0264433    0.0788324    0.13294    0.122982    0.0264433    
-0.0788324    -0.13294    -0.122982    -0.0264433    -0.0788324    -0.13294    -0.122982    -0.0264433    
-0.0788324    -0.13294    -0.122982    -0.0264433    -0.0788324    -0.13294    -0.122982    -0.0264433    
0.0788324    0.13294    0.122982    0.0264433    0.0788324    0.13294    0.122982    0.0264433    
0.0788324    0.13294    0.122982    0.0264433    0.0788324    0.13294    0.122982    0.0264433    
0.0788324    0.13294    0.122982    0.0264433    0.0788324    0.13294    0.122982    0.0264433    
-0.0788324    -0.13294    -0.122982    -0.0264433    -0.0788324    -0.13294    -0.122982    -0.0264433    
-0.0788324    -0.13294    -0.122982    -0.0264433    -0.0788324    -0.13294    -0.122982    -0.0264433    
-0.0788324    -0.13294    -0.122982    -0.0264433    -0.0788324    -0.13294    -0.122982    -0.0264433    
-0.0788324    -0.13294    -0.122982    -0.0264433    -0.0788324    -0.13294    -0.122982    -0.0264433    
-0.0788324    -0.13294    -0.122982    -0.0264433    -0.0788324    -0.13294    -0.122982    -0.0264433    
0.0788324    0.13294    0.122982    0.0264433    0.0788324    0.13294    0.122982    0.0264433    
0.0788324    0.13294    0.122982    0.0264433    0.0788324    0.13294    0.122982    0.0264433    
0.0788324    0.13294    0.122982    0.0264433    0.0788324    0.13294    0.122982    0.0264433    
0.0788324    0.13294    0.122982    0.0264433    0.0788324    0.13294    0.122982    0.0264433    
-0.0788324    -0.13294    -0.122982    -0.0264433    -0.0788324    -0.13294    -0.122982    -0.0264433    
0.0788324    0.13294    0.122982    0.0264433    0.0788324    0.13294    0.122982    0.0264433    
0.0788324    0.13294    0.122982    0.0264433    0.0788324    0.13294    0.122982    0.0264433    
0.0788324    0.13294    0.122982    0.0264433    0.0788324    0.13294    0.122982    0.0264433    
-0.0788324    -0.13294    -0.122982    -0.0264433    -0.0788324    -0.13294    -0.122982    -0.0264433    
-0.0788324    -0.13294    -0.122982    -0.0264433    -0.0788324    -0.13294    -0.122982    -0.0264433    
-0.0788324    -0.13294    -0.122982    -0.0264433    -0.0788324    -0.13294    -0.122982    -0.0264433    
0.0788324    0.13294    0.122982    0.0264433    0.0788324    0.13294    0.122982    0.0264433    
0.0788324    0.13294    0.122982    0.0264433    0.0788324    0.13294    0.122982    0.0264433    
-0.0788324    -0.13294    -0.122982    -0.0264433    -0.0788324    -0.13294    -0.122982    -0.0264433    
-0.0788324    -0.13294    -0.122982    -0.0264433    -0.0788324    -0.13294    -0.122982    -0.0264433    
-0.0788324    -0.13294    -0.122982    -0.0264433    -0.0788324    -0.13294    -0.122982    -0.0264433    
0.0788324    0.13294    0.122982    0.0264433    0.0788324    0.13294    0.122982    0.0264433    
0.0788324    0.13294    0.122982    0.0264433    0.0788324    0.13294    0.122982    0.0264433    
-0.0788324    -0.13294    -0.122982    -0.0264433    -0.0788324    -0.13294    -0.122982    -0.0264433    
0.0788324    0.13294    0.122982    0.0264433    0.0788324    0.13294    0.122982    0.0264433    
-0.0788324    -0.13294    -0.122982    -0.0264433    -0.0788324    -0.13294    -0.122982    -0.0264433    
-0.0788324    -0.13294    -0.122982    -0.0264433    -0.0788324    -0.13294    -0.122982    -0.0264433    
-0.0788324    -0.13294    -0.122982    -0.0264433    -0.0788324    -0.13294    -0.122982    -0.0264433    
-0.0788324    -0.13294    -0.122982    -0.0264433    -0.0788324    -0.13294    -0.122982    -0.0264433    
0.0788324    0.13294    0.122982    0.0264433    0.0788324    0.13294    0.122982    0.0264433    
-0.0788324    -0.13294    -0.122982    -0.0264433    -0.0788324    -0.13294    -0.122982    -0.0264433    
0.0788324    0.13294    0.122982    0.0264433    0.0788324    0.13294    0.122982    0.0264433    
-0.0788324    -0.13294    -0.122982    -0.0264433    -0.0788324    -0.13294    -0.122982    -0.0264433    
0.0788324    0.13294    0.122982    0.0264433    0.0788324    0.13294    0.122982    0.0264433    
0.0788324    0.13294    0.122982    0.0264433    0.0788324    0.13294    0.122982    0.0264433    
0.0788324    0.13294    0.122982    0.0264433    0.0788324    0.13294    0.122982    0.0264433    
-0.0788324    -0.13294    -0.122982    -0.0264433    -0.0788324    -0.13294    -0.122982    -0.0264433    
0.0788324    0.13294    0.122982    0.0264433    0.0788324    0.13294    0.122982    0.0264433    
0.0788324    0.13294    0.122982    0.0264433    0.0788324    0.13294    0.122982    0.0264433    
0.0788324    0.13294    0.122982    0.0264433    0.0788324    0.13294    0.122982    0.0264433    
-0.0788324    -0.13294    -0.122982    -0.0264433    -0.0788324    -0.13294    -0.122982    -0.0264433    
-0.0788324    -0.13294    -0.122982    -0.0264433    -0.0788324    -0.13294    -0.122982    -0.0264433    
-0.0788324    -0.13294    -0.122982    -0.0264433    -0.0788324    -0.13294    -0.122982    -0.0264433    
-0.0788324    -0.13294    -0.122982    -0.0264433    -0.0788324    -0.13294    -0.122982    -0.0264433    
-0.0788324    -0.13294    -0.122982    -0.0264433    -0.0788324    -0.13294    -0.122982    -0.0264433    
-0.0788324    -0.13294    -0.122982    -0.0264433    -0.0788324    -0.13294    -0.122982    -0.0264433    
0.0788324    0.13294    0.122982    0.0264433    0.0788324    0.13294    0.122982    0.0264433    
0.0788324    0.13294    0.122982    0.0264433    0.0788324    0.13294    0.122982    0.0264433    
-0.0788324    -0.13294    -0.122982    -0.0264433    -0.0788324    -0.13294    -0.122982    -0.0264433    
-0.0788324    -0.13294    -0.122982    -0.0264433    -0.0788324    -0.13294    -0.122982    -0.0264433    
-0.0788324    -0.13294    -0.122982    -0.0264433    -0.0788324    -0.13294    -0.122982    -0.0264433    
0.0788324    0.13294    0.122982    0.0264433    0.0788324    0.13294    0.122982    0.0264433    
0.0788324    0.13294    0.122982    0.0264433    0.0788324    0.13294    0.122982    0.0264433    
0.0788324    0.13294    0.122982    0.0264433    0.0788324    0.13294    0.122982    0.0264433    
-0.0788324    -0.13294    -0.122982    -0.0264433    -0.0788324    -0.13294    -0.122982    -0.0264433    
0.0788324    0.13294    0.122982    0.0264433    0.0788324    0.13294    0.122982    0.0264433    
-0.0788324    -0.13294    -0.122982    -0.0264433    -0.0788324    -0.13294    -0.122982    -0.0264433    
-0.0788324    -0.13294    -0.122982    -0.0264433    -0.0788324    -0.13294    -0.122982    -0.0264433    
-0.0788324    -0.13294    -0.122982    -0.0264433    -0.0788324    -0.13294    -0.122982    -0.0264433    
-0.0788324    -0.13294    -0.122982    -0.0264433    -0.0788324    -0.13294    -0.122982    -0.0264433    
0.0788324    0.13294    0.122982    0.0264433    0.0788324    0.13294    0.122982    0.0264433    
0.0788324    0.13294    0.122982    0.0264433    0.0788324    0.13294    0.122982    0.0264433    
0.0788324    0.13294    0.122982    0.0264433    0.0788324    0.13294    0.122982    0.0264433    
-0.0788324    -0.13294    -0.122982    -0.0264433    -0.0788324    -0.13294    -0.122982    -0.0264433    
0.0788324    0.13294    0.122982    0.0264433    0.0788324    0.13294    0.122982    0.0264433    
0.0788324    0.13294    0.122982    0.0264433    0.0788324    0.13294    0.122982    0.0264433    
0.0788324    0.13294    0.122982    0.0264433    0.0788324    0.13294    0.122982    0.0264433    
0.0788324    0.13294    0.122982    0.0264433    0.0788324    0.13294    0.122982    0.0264433    
-0.0788324    -0.13294    -0.122982    -0.0264433    -0.0788324    -0.13294    -0.122982    -0.0264433    
-0.0788324    -0.13294    -0.122982    -0.0264433    -0.0788324    -0.13294    -0.122982    -0.0264433    
0.0788324    0.13294    0.122982    0.0264433    0.0788324    0.13294    0.122982    0.0264433    
-0.0788324    -0.13294    -0.122982    -0.0264433    -0.0788324    -0.13294    -0.122982    -0.0264433    
0.0788324    0.13294    0.122982    0.0264433    0.0788324    0.13294    0.122982    0.0264433    
0.0788324    0.13294    0.122982    0.0264433    0.0788324    0.13294    0.122982    0.0264433    
-0.0788324    -0.13294    -0.122982    -0.0264433    -0.0788324    -0.13294    -0.122982    -0.0264433    
-0.0788324    -0.13294    -0.122982    -0.0264433    -0.0788324    -0.13294    -0.122982    -0.0264433    
0.0788324    0.13294    0.122982    0.0264433    0.0788324    0.13294    0.122982    0.0264433    
0.0788324    0.13294    0.122982    0.0264433    0.0788324    0.13294    0.122982    0.0264433    
-0.0788324    -0.13294    -0.122982    -0.0264433    -0.0788324    -0.13294    -0.122982    -0.0264433    
-0.0788324    -0.13294    -0.122982    -0.0264433    -0.0788324    -0.13294    -0.122982    -0.0264433    
0.0788324    0.13294    0.122982    0.0264433    0.0788324    0.13294    0.122982    0.0264433    
-0.0788324    -0.13294    -0.122982    -0.0264433    -0.0788324    -0.13294    -0.122982    -0.0264433    
0.0788324    0.13294    0.122982    0.0264433    0.0788324    0.13294    0.122982    0.0264433    
0.0788324    0.13294    0.122982    0.0264433    0.0788324    0.13294    0.122982    0.0264433    
-0.0788324    -0.13294    -0.122982    -0.0264433    -0.0788324    -0.13294    -0.122982    -0.0264433    
-0.0788324    -0.13294    -0.122982    -0.0264433    -0.0788324    -0.13294    -0.122982    -0.0264433    
-0.0788324    -0.13294    -0.122982    -0.0264433    -0.0788324    -0.13294    -0.122982    -0.0264433    
-0.0788324    -0.13294    -0.122982    -0.0264433    -0.0788324    -0.13294    -0.122982    -0.0264433    
-0.0788324    -0.13294    -0.122982    -0.0264433    -0.0788324    -0.13294    -0.122982    -0.0264433    
-0.0788324    -0.13294    -0.122982    -0.0264433    -0.0788324    -0.13294    -0.122982    -0.0264433    
-0.0788324    -0.13294    -0.122982    -0.0264433    -0.0788324    -0.13294    -0.122982    -0.0264433    
-0.0788324    -0.13294    -0.122982    -0.0264433    -0.0788324    -0.13294    -0.122982    -0.0264433    
-0.0788324    -0.13294    -0.122982    -0.0264433    -0.0788324    -0.13294    -0.122982    -0.0264433    
-0.0788324    -0.13294    -0.122982    -0.0264433    -0.0788324    -0.13294    -0.122982    -0.0264433    
-0.0788324    -0.13294    -0.122982    -0.0264433    -0.0788324    -0.13294    -0.122982    -0.0264433    
-0.0788324    -0.13294    -0.122982    -0.0264433    -0.0788324    -0.13294    -0.122982    -0.0264433    
-0.0788324    -0.13294    -0.122982    -0.0264433    -0.0788324    -0.13294    -0.122982    -0.0264433    
0.0788324    0.13294    0.122982    0.0264433    0.0788324    0.13294    0.122982    0.0264433    
-0.0788324    -0.13294    -0.122982    -0.0264433    -0.0788324    -0.13294    -0.122982    -0.0264433    
0.0788324    0.13294    0.122982    0.0264433    0.0788324    0.13294    0.122982    0.0264433    
-0.0788324    -0.13294    -0.122982    -0.0264433    -0.0788324    -0.13294    -0.122982    -0.0264433    
0.0788324    0.13294    0.122982    0.0264433    0.0788324    0.13294    0.122982    0.0264433    
-0.0788324    -0.13294    -0.122982    -0.0264433    -0.0788324    -0.13294    -0.122982    -0.0264433    
0.0788324    0.13294    0.122982    0.0264433    0.0788324    0.13294    0.122982    0.0264433    
0.0788324    0.13294    0.122982    0.0264433    0.0788324    0.13294    0.122982    0.0264433    
-0.0788324    -0.13294    -0.122982    -0.0264433    -0.0788324    -0.13294    -0.122982    -0.0264433    
0.0788324    0.13294    0.122982    0.0264433    0.0788324    0.13294    0.122982    0.0264433    
-0.0788324    -0.13294    -0.122982    -0.0264433    -0.0788324    -0.13294    -0.122982    -0.0264433    
0.0788324    0.13294    0.122982    0.0264433    0.0788324    0.13294    0.122982    0.0264433    
-0.0788324    -0.13294    -0.122982    -0.0264433    -0.0788324    -0.13294    -0.122982    -0.0264433    
0.0788324    0.13294    0.122982    0.0264433    0.0788324    0.13294    0.122982    0.0264433    
-0.0788324    -0.13294    -0.122982    -0.0264433    -0.0788324    -0.13294    -0.122982    -0.0264433    
0.0788324    0.13294    0.122982    0.0264433    0.0788324    0.13294    0.122982    0.0264433    
-0.0788324    -0.13294    -0.122982    -0.0264433    -0.0788324    -0.13294    -0.122982    -0.0264433    
-0.0788324    -0.13294    -0.122982    -0.0264433    -0.0788324    -0.13294    -0.122982    -0.0264433    
0.0788324    0.13294    0.122982    0.0264433    0.0788324    0.13294    0.122982    0.0264433    
-0.0788324    -0.13294    -0.122982    -0.0264433    -0.0788324    -0.13294    -0.122982    -0.0264433    
-0.0788324    -0.13294    -0.122982    -0.0264433    -0.0788324    -0.13294    -0.122982    -0.0264433    
-0.0788324    -0.13294    -0.122982    -0.0264433    -0.0788324    -0.13294    -0.122982    -0.0264433    
-0.0788324    -0.13294    -0.122982    -0.0264433    -0.0788324    -0.13294    -0.122982    -0.0264433    
-0.0788324    -0.13294    -0.122982    -0.0264433    -0.0788324    -0.13294    -0.122982    -0.0264433    
-0.0788324    -0.13294    -0.122982    -0.0264433    -0.0788324    -0.13294    -0.122982    -0.0264433    
0.0788324    0.13294    0.122982    0.0264433    0.0788324    0.13294    0.122982    0.0264433    
-0.0788324    -0.13294    -0.122982    -0.0264433    -0.0788324    -0.13294    -0.122982    -0.0264433    
0.0788324    0.13294    0.122982    0.0264433    0.0788324    0.13294    0.122982    0.0264433    
-0.0788324    -0.13294    -0.122982    -0.0264433    -0.0788324    -0.13294    -0.122982    -0.0264433    
0.0788324    0.13294    0.122982    0.0264433    0.0788324    0.13294    0.122982    0.0264433    
-0.0788324    -0.13294    -0.122982    -0.0264433    -0.0788324    -0.13294    -0.122982    -0.0264433    
-0.0788324    -0.13294    -0.122982    -0.0264433    -0.0788324    -0.13294    -0.122982    -0.0264433    
0.0788324    0.13294    0.122982    0.0264433    0.0788324    0.13294    0.122982    0.0264433    
0.0788324    0.13294    0.122982    0.0264433    0.0788324    0.13294    0.122982    0.0264433    
0.0788324    0.13294    0.122982    0.0264433    0.0788324    0.13294    0.122982    0.0264433    
-0.0788324    -0.13294    -0.122982    -0.0264433    -0.0788324    -0.13294    -0.122982    -0.0264433    
0.0788324    0.13294    0.122982    0.0264433    0.0788324    0.13294    0.122982    0.0264433    
-0.0788324    -0.13294    -0.122982    -0.0264433    -0.0788324    -0.13294    -0.122982    -0.0264433    
0.0788324    0.13294    0.122982    0.0264433    0.0788324    0.13294    0.122982    0.0264433    
-0.0788324    -0.13294    -0.122982    -0.0264433    -0.0788324    -0.13294    -0.122982    -0.0264433    
0.0788324    0.13294    0.122982    0.0264433    0.0788324    0.13294    0.122982    0.0264433    
0.0788324    0.13294    0.122982    0.0264433    0.0788324    0.13294    0.122982    0.0264433    
0.0788324    0.13294    0.122982    0.0264433    0.0788324    0.13294    0.122982    0.0264433    
-0.0788324    -0.13294    -0.122982    -0.0264433    -0.0788324    -0.13294    -0.122982    -0.0264433    
-0.0788324    -0.13294    -0.122982    -0.0264433    -0.0788324    -0.13294    -0.122982    -0.0264433    
0.0788324    0.13294    0.122982    0.0264433    0.0788324    0.13294    0.122982    0.0264433    
0.0788324    0.13294    0.122982    0.0264433    0.0788324    0.13294    0.122982    0.0264433    
0.0788324    0.13294    0.122982    0.0264433    0.0788324    0.13294    0.122982    0.0264433    
-0.0788324    -0.13294    -0.122982    -0.0264433    -0.0788324    -0.13294    -0.122982    -0.0264433    
0.0788324    0.13294    0.122982    0.0264433    0.0788324    0.13294    0.122982    0.0264433    
-0.0788324    -0.13294    -0.122982    -0.0264433    -0.0788324    -0.13294    -0.122982    -0.0264433    
-0.0788324    -0.13294    -0.122982    -0.0264433    -0.0788324    -0.13294    -0.122982    -0.0264433    
0.0788324    0.13294    0.122982    0.0264433    0.0788324    0.13294    0.122982    0.0264433    
0.0788324    0.13294    0.122982    0.0264433    0.0788324    0.13294    0.122982    0.0264433    
0.0788324    0.13294    0.122982    0.0264433    0.0788324    0.13294    0.122982    0.0264433    
0.0788324    0.13294    0.122982    0.0264433    0.0788324    0.13294    0.122982    0.0264433    
0.0788324    0.13294    0.122982    0.0264433    0.0788324    0.13294    0.122982    0.0264433    
0.0788324    0.13294    0.122982    0.0264433    0.0788324    0.13294    0.122982    0.0264433    
-0.0788324    -0.13294    -0.122982    -0.0264433    -0.0788324    -0.13294    -0.122982    -0.0264433    
-0.0788324    -0.13294    -0.122982    -0.0264433    -0.0788324    -0.13294    -0.122982    -0.0264433    
0.0788324    0.13294    0.122982    0.0264433    0.0788324    0.13294    0.122982    0.0264433    
0.0788324    0.13294    0.122982    0.0264433    0.0788324    0.13294    0.122982    0.0264433    
0.0788324    0.13294    0.122982    0.0264433    0.0788324    0.13294    0.122982    0.0264433    
-0.0788324    -0.13294    -0.122982    -0.0264433    -0.0788324    -0.13294    -0.122982    -0.0264433    
-0.0788324    -0.13294    -0.122982    -0.0264433    -0.0788324    -0.13294    -0.122982    -0.0264433    
-0.0788324    -0.13294    -0.122982    -0.0264433    -0.0788324    -0.13294    -0.122982    -0.0264433    
0.0788324    0.13294    0.122982    0.0264433    0.0788324    0.13294    0.122982    0.0264433    
-0.0788324    -0.13294    -0.122982    -0.0264433    -0.0788324    -0.13294    -0.122982    -0.0264433    
0.0788324    0.13294    0.122982    0.0264433    0.0788324    0.13294    0.122982    0.0264433    
-0.0788324    -0.13294    -0.122982    -0.0264433    -0.0788324    -0.13294    -0.122982    -0.0264433    
0.0788324    0.13294    0.122982    0.0264433    0.0788324    0.13294    0.122982    0.0264433    
0.0788324    0.13294    0.122982    0.0264433    0.0788324    0.13294    0.122982    0.0264433    
0.0788324    0.13294    0.122982    0.0264433    0.0788324    0.13294    0.122982    0.0264433    
-0.0788324    -0.13294    -0.122982    -0.0264433    -0.0788324    -0.13294    -0.122982    -0.0264433    
-0.0788324    -0.13294    -0.122982    -0.0264433    -0.0788324    -0.13294    -0.122982    -0.0264433    
-0.0788324    -0.13294    -0.122982    -0.0264433    -0.0788324    -0.13294    -0.122982    -0.0264433    
0.0788324    0.13294    0.122982    0.0264433    0.0788324    0.13294    0.122982    0.0264433    
0.0788324    0.13294    0.122982    0.0264433    0.0788324    0.13294    0.122982    0.0264433    
-0.0788324    -0.13294    -0.122982    -0.0264433    -0.0788324    -0.13294    -0.122982    -0.0264433    
0.0788324    0.13294    0.122982    0.0264433    0.0788324    0.13294    0.122982    0.0264433    
0.0788324    0.13294    0.122982    0.0264433    0.0788324    0.13294    0.122982    0.0264433    
-0.0788324    -0.13294    -0.122982    -0.0264433    -0.0788324    -0.13294    -0.122982    -0.0264433    
-0.0788324    -0.13294    -0.122982    -0.0264433    -0.0788324    -0.13294    -0.122982    -0.0264433    
-0.0788324    -0.13294    -0.122982    -0.0264433    -0.0788324    -0.13294    -0.122982    -0.0264433    
0.0788324    0.13294    0.122982    0.0264433    0.0788324    0.13294    0.122982    0.0264433    
-0.0788324    -0.13294    -0.122982    -0.0264433    -0.0788324    -0.13294    -0.122982    -0.0264433    
-0.0788324    -0.13294    -0.122982    -0.0264433    -0.0788324    -0.13294    -0.122982    -0.0264433    
0.0788324    0.13294    0.122982    0.0264433    0.0788324    0.13294    0.122982    0.0264433    
0.0788324    0.13294    0.122982    0.0264433    0.0788324    0.13294    0.122982    0.0264433    
-0.0788324    -0.13294    -0.122982    -0.0264433    -0.0788324    -0.13294    -0.122982    -0.0264433    
-0.0788324    -0.13294    -0.122982    -0.0264433    -0.0788324    -0.13294    -0.122982    -0.0264433    
0.0788324    0.13294    0.122982    0.0264433    0.0788324    0.13294    0.122982    0.0264433    
-0.0788324    -0.13294    -0.122982    -0.0264433    -0.0788324    -0.13294    -0.122982    -0.0264433    
-0.0788324    -0.13294    -0.122982    -0.0264433    -0.0788324    -0.13294    -0.122982    -0.0264433    
-0.0788324    -0.13294    -0.122982    -0.0264433    -0.0788324    -0.13294    -0.122982    -0.0264433    
-0.0788324    -0.13294    -0.122982    -0.0264433    -0.0788324    -0.13294    -0.122982    -0.0264433    
0.0788324    0.13294    0.122982    0.0264433    0.0788324    0.13294    0.122982    0.0264433    
0.0788324    0.13294    0.122982    0.0264433    0.0788324    0.13294    0.122982    0.0264433    
0.0788324    0.13294    0.122982    0.0264433    0.0788324    0.13294    0.122982    0.0264433    
-0.0788324    -0.13294    -0.122982    -0.0264433    -0.0788324    -0.13294    -0.122982    -0.0264433    
-0.0788324    -0.13294    -0.122982    -0.0264433    -0.0788324    -0.13294    -0.122982    -0.0264433    
-0.0788324    -0.13294    -0.122982    -0.0264433    -0.0788324    -0.13294    -0.122982    -0.0264433    
0.0788324    0.13294    0.122982    0.0264433    0.0788324    0.13294    0.122982    0.0264433    
-0.0788324    -0.13294    -0.122982    -0.0264433    -0.0788324    -0.13294    -0.122982    -0.0264433    
0.0788324    0.13294    0.122982    0.0264433    0.0788324    0.13294    0.122982    0.0264433    
-0.0788324    -0.13294    -0.122982    -0.0264433    -0.0788324    -0.13294    -0.122982    -0.0264433    
-0.0788324    -0.13294    -0.122982    -0.0264433    -0.0788324    -0.13294    -0.122982    -0.0264433    
-0.0788324    -0.13294    -0.122982    -0.0264433    -0.0788324    -0.13294    -0.122982    -0.0264433    
-0.0788324    -0.13294    -0.122982    -0.0264433    -0.0788324    -0.13294    -0.122982    -0.0264433    
0.0788324    0.13294    0.122982    0.0264433    0.0788324    0.13294    0.122982    0.0264433    
-0.0788324    -0.13294    -0.122982    -0.0264433    -0.0788324    -0.13294    -0.122982    -0.0264433    
-0.0788324    -0.13294    -0.122982    -0.0264433    -0.0788324    -0.13294    -0.122982    -0.0264433    
-0.0788324    -0.13294    -0.122982    -0.0264433    -0.0788324    -0.13294    -0.122982    -0.0264433    
0.0788324    0.13294    0.122982    0.0264433    0.0788324    0.13294    0.122982    0.0264433    
-0.0788324    -0.13294    -0.122982    -0.0264433    -0.0788324    -0.13294    -0.122982    -0.0264433    
0.0788324    0.13294    0.122982    0.0264433    0.0788324    0.13294    0.122982    0.0264433    
-0.0788324    -0.13294    -0.122982    -0.0264433    -0.0788324    -0.13294    -0.122982    -0.0264433    
0.0788324    0.13294    0.122982    0.0264433    0.0788324    0.13294    0.122982    0.0264433    
-0.0788324    -0.13294    -0.122982    -0.0264433    -0.0788324    -0.13294    -0.122982    -0.0264433    
-0.0788324    -0.13294    -0.122982    -0.0264433    -0.0788324    -0.13294    -0.122982    -0.0264433    
0.0788324    0.13294    0.122982    0.0264433    0.0788324    0.13294    0.122982    0.0264433    
-0.0788324    -0.13294    -0.122982    -0.0264433    -0.0788324    -0.13294    -0.122982    -0.0264433    
0.0788324    0.13294    0.122982    0.0264433    0.0788324    0.13294    0.122982    0.0264433    
0.0788324    0.13294    0.122982    0.0264433    0.0788324    0.13294    0.122982    0.0264433    
-0.0788324    -0.13294    -0.122982    -0.0264433    -0.0788324    -0.13294    -0.122982    -0.0264433    
-0.0788324    -0.13294    -0.122982    -0.0264433    -0.0788324    -0.13294    -0.122982    -0.0264433    
-0.0788324    -0.13294    -0.122982    -0.0264433    -0.0788324    -0.13294    -0.122982    -0.0264433    
-0.0788324    -0.13294    -0.122982    -0.0264433    -0.0788324    -0.13294    -0.122982    -0.0264433    
0.0788324    0.13294    0.122982    0.0264433    0.0788324    0.13294    0.122982    0.0264433    
-0.0788324    -0.13294    -0.122982    -0.0264433    -0.0788324    -0.13294    -0.122982    -0.0264433    
-0.0788324    -0.13294    -0.122982    -0.0264433    -0.0788324    -0.13294    -0.122982    -0.0264433    
-0.0788324    -0.13294    -0.122982    -0.0264433    -0.0788324    -0.13294    -0.122982    -0.0264433    
0.0788324    0.13294    0.122982    0.0264433    0.0788324    0.13294    0.122982    0.0264433    
-0.0788324    -0.13294    -0.122982    -0.0264433    -0.0788324    -0.13294    -0.122982    -0.0264433    
-0.0788324    -0.13294    -0.122982    -0.0264433    -0.0788324    -0.13294    -0.122982    -0.0264433    
0.0788324    0.13294    0.122982    0.0264433    0.0788324    0.13294    0.122982    0.0264433    
0.0788324    0.13294    0.122982    0.0264433    0.0788324    0.13294    0.122982    0.0264433    
0.0788324    0.13294    0.122982    0.0264433    0.0788324    0.13294    0.122982    0.0264433    
0.0788324    0.13294    0.122982    0.0264433    0.0788324    0.13294    0.122982    0.0264433    
0.0788324    0.13294    0.122982    0.0264433    0.0788324    0.13294    0.122982    0.0264433    
-0.0788324    -0.13294    -0.122982    -0.0264433    -0.0788324    -0.13294    -0.122982    -0.0264433    
-0.0788324    -0.13294    -0.122982    -0.0264433    -0.0788324    -0.13294    -0.122982    -0.0264433    
-0.0788324    -0.13294    -0.122982    -0.0264433    -0.0788324    -0.13294    -0.122982    -0.0264433    
-0.0788324    -0.13294    -0.122982    -0.0264433    -0.0788324    -0.13294    -0.122982    -0.0264433    
0.0788324    0.13294    0.122982    0.0264433    0.0788324    0.13294    0.122982    0.0264433    
0.0788324    0.13294    0.122982    0.0264433    0.0788324    0.13294    0.122982    0.0264433    
0.0788324    0.13294    0.122982    0.0264433    0.0788324    0.13294    0.122982    0.0264433    
-0.0788324    -0.13294    -0.122982    -0.0264433    -0.0788324    -0.13294    -0.122982    -0.0264433    
-0.0788324    -0.13294    -0.122982    -0.0264433    -0.0788324    -0.13294    -0.122982    -0.0264433    
-0.0788324    -0.13294    -0.122982    -0.0264433    -0.0788324    -0.13294    -0.122982    -0.0264433    
0.0788324    0.13294    0.122982    0.0264433    0.0788324    0.13294    0.122982    0.0264433    
-0.0788324    -0.13294    -0.122982    -0.0264433    -0.0788324    -0.13294    -0.122982    -0.0264433    
-0.0788324    -0.13294    -0.122982    -0.0264433    -0.0788324    -0.13294    -0.122982    -0.0264433    
-0.0788324    -0.13294    -0.122982    -0.0264433    -0.0788324    -0.13294    -0.122982    -0.0264433    
0.0788324    0.13294    0.122982    0.0264433    0.0788324    0.13294    0.122982    0.0264433    
0.0788324    0.13294    0.122982    0.0264433    0.0788324    0.13294    0.122982    0.0264433    
0.0788324    0.13294    0.122982    0.0264433    0.0788324    0.13294    0.122982    0.0264433    
-0.0788324    -0.13294    -0.122982    -0.0264433    -0.0788324    -0.13294    -0.122982    -0.0264433    
-0.0788324    -0.13294    -0.122982    -0.0264433    -0.0788324    -0.13294    -0.122982    -0.0264433    
-0.0788324    -0.13294    -0.122982    -0.0264433    -0.0788324    -0.13294    -0.122982    -0.0264433    
0.0788324    0.13294    0.122982    0.0264433    0.0788324    0.13294    0.122982    0.0264433    
-0.0788324    -0.13294    -0.122982    -0.0264433    -0.0788324    -0.13294    -0.122982    -0.0264433    
-0.0788324    -0.13294    -0.122982    -0.0264433    -0.0788324    -0.13294    -0.122982    -0.0264433    
-0.0788324    -0.13294    -0.122982    -0.0264433    -0.0788324    -0.13294    -0.122982    -0.0264433    
0.0788324    0.13294    0.122982    0.0264433    0.0788324    0.13294    0.122982    0.0264433    
-0.0788324    -0.13294    -0.122982    -0.0264433    -0.0788324    -0.13294    -0.122982    -0.0264433    
0.0788324    0.13294    0.122982    0.0264433    0.0788324    0.13294    0.122982    0.0264433    
0.0788324    0.13294    0.122982    0.0264433    0.0788324    0.13294    0.122982    0.0264433    
0.0788324    0.13294    0.122982    0.0264433    0.0788324    0.13294    0.122982    0.0264433    
-0.0788324    -0.13294    -0.122982    -0.0264433    -0.0788324    -0.13294    -0.122982    -0.0264433    
0.0788324    0.13294    0.122982    0.0264433    0.0788324    0.13294    0.122982    0.0264433    
0.0788324    0.13294    0.122982    0.0264433    0.0788324    0.13294    0.122982    0.0264433    
-0.0788324    -0.13294    -0.122982    -0.0264433    -0.0788324    -0.13294    -0.122982    -0.0264433    
0.0788324    0.13294    0.122982    0.0264433    0.0788324    0.13294    0.122982    0.0264433    
0.0788324    0.13294    0.122982    0.0264433    0.0788324    0.13294    0.122982    0.0264433    
0.0788324    0.13294    0.122982    0.0264433    0.0788324    0.13294    0.122982    0.0264433    
-0.0788324    -0.13294    -0.122982    -0.0264433    -0.0788324    -0.13294    -0.122982    -0.0264433    
-0.0788324    -0.13294    -0.122982    -0.0264433    -0.0788324    -0.13294    -0.122982    -0.0264433    
0.0788324    0.13294    0.122982    0.0264433    0.0788324    0.13294    0.122982    0.0264433    
0.0788324    0.13294    0.122982    0.0264433    0.0788324    0.13294    0.122982    0.0264433    
0.0788324    0.13294    0.122982    0.0264433    0.0788324    0.13294    0.122982    0.0264433    
-0.0788324    -0.13294    -0.122982    -0.0264433    -0.0788324    -0.13294    -0.122982    -0.0264433    
0.0788324    0.13294    0.122982    0.0264433    0.0788324    0.13294    0.122982    0.0264433    
-0.0788324    -0.13294    -0.122982    -0.0264433    -0.0788324    -0.13294    -0.122982    -0.0264433    
-0.0788324    -0.13294    -0.122982    -0.0264433    -0.0788324    -0.13294    -0.122982    -0.0264433    
0.0788324    0.13294    0.122982    0.0264433    0.0788324    0.13294    0.122982    0.0264433    
0.0788324    0.13294    0.122982    0.0264433    0.0788324    0.13294    0.122982    0.0264433    
-0.0788324    -0.13294    -0.122982    -0.0264433    -0.0788324    -0.13294    -0.122982    -0.0264433    
0.0788324    0.13294    0.122982    0.0264433    0.0788324    0.13294    0.122982    0.0264433    
0.0788324    0.13294    0.122982    0.0264433    0.0788324    0.13294    0.122982    0.0264433    
0.0788324    0.13294    0.122982    0.0264433    0.0788324    0.13294    0.122982    0.0264433    
-0.0788324    -0.13294    -0.122982    -0.0264433    -0.0788324    -0.13294    -0.122982    -0.0264433    
-0.0788324    -0.13294    -0.122982    -0.0264433    -0.0788324    -0.13294    -0.122982    -0.0264433    
-0.0788324    -0.13294    -0.122982    -0.0264433    -0.0788324    -0.13294    -0.122982    -0.0264433    
0.0788324    0.13294    0.122982    0.0264433    0.0788324    0.13294    0.122982    0.0264433    
0.0788324    0.13294    0.122982    0.0264433    0.0788324    0.13294    0.122982    0.0264433    
0.0788324    0.13294    0.122982    0.0264433    0.0788324    0.13294    0.122982    0.0264433    
0.0788324    0.13294    0.122982    0.0264433    0.0788324    0.13294    0.122982    0.0264433    
-0.0788324    -0.13294    -0.122982    -0.0264433    -0.0788324    -0.13294    -0.122982    -0.0264433    
0.0788324    0.13294    0.122982    0.0264433    0.0788324    0.13294    0.122982    0.0264433    
-0.0788324    -0.13294    -0.122982    -0.0264433    -0.0788324    -0.13294    -0.122982    -0.0264433    
0.0788324    0.13294    0.122982    0.0264433    0.0788324    0.13294    0.122982    0.0264433    
0.0788324    0.13294    0.122982    0.0264433    0.0788324    0.13294    0.122982    0.0264433    
-0.0788324    -0.13294    -0.122982    -0.0264433    -0.0788324    -0.13294    -0.122982    -0.0264433    
-0.0788324    -0.13294    -0.122982    -0.0264433    -0.0788324    -0.13294    -0.122982    -0.0264433    
-0.0788324    -0.13294    -0.122982    -0.0264433    -0.0788324    -0.13294    -0.122982    -0.0264433    
0.0788324    0.13294    0.122982    0.0264433    0.0788324    0.13294    0.122982    0.0264433    
0.0788324    0.13294    0.122982    0.0264433    0.0788324    0.13294    0.122982    0.0264433    
-0.0788324    -0.13294    -0.122982    -0.0264433    -0.0788324    -0.13294    -0.122982    -0.0264433    
-0.0788324    -0.13294    -0.122982    -0.0264433    -0.0788324    -0.13294    -0.122982    -0.0264433    
0.0788324    0.13294    0.122982    0.0264433    0.0788324    0.13294    0.122982    0.0264433    
0.0788324    0.13294    0.122982    0.0264433    0.0788324    0.13294    0.122982    0.0264433    
-0.0788324    -0.13294    -0.122982    -0.0264433    -0.0788324    -0.13294    -0.122982    -0.0264433    
0.0788324    0.13294    0.122982    0.0264433    0.0788324    0.13294    0.122982    0.0264433    
-0.0788324    -0.13294    -0.122982    -0.0264433    -0.0788324    -0.13294    -0.122982    -0.0264433    
-0.0788324    -0.13294    -0.122982    -0.0264433    -0.0788324    -0.13294    -0.122982    -0.0264433    
0.0788324    0.13294    0.122982    0.0264433    0.0788324    0.13294    0.122982    0.0264433    
-0.0788324    -0.13294    -0.122982    -0.0264433    -0.0788324    -0.13294    -0.122982    -0.0264433    
-0.0788324    -0.13294    -0.122982    -0.0264433    -0.0788324    -0.13294    -0.122982    -0.0264433    
0.0788324    0.13294    0.122982    0.0264433    0.0788324    0.13294    0.122982    0.0264433    
-0.0788324    -0.13294    -0.122982    -0.0264433    -0.0788324    -0.13294    -0.122982    -0.0264433    
-0.0788324    -0.13294    -0.122982    -0.0264433    -0.0788324    -0.13294    -0.122982    -0.0264433    
-0.0788324    -0.13294    -0.122982    -0.0264433    -0.0788324    -0.13294    -0.122982    -0.0264433    
0.0788324    0.13294    0.122982    0.0264433    0.0788324    0.13294    0.122982    0.0264433    
-0.0788324    -0.13294    -0.122982    -0.0264433    -0.0788324    -0.13294    -0.122982    -0.0264433    
-0.0788324    -0.13294    -0.122982    -0.0264433    -0.0788324    -0.13294    -0.122982    -0.0264433    
0.0788324    0.13294    0.122982    0.0264433    0.0788324    0.13294    0.122982    0.0264433    
0.0788324    0.13294    0.122982    0.0264433    0.0788324    0.13294    0.122982    0.0264433    
0.0788324    0.13294    0.122982    0.0264433    0.0788324    0.13294    0.122982    0.0264433    
0.0788324    0.13294    0.122982    0.0264433    0.0788324    0.13294    0.122982    0.0264433    
0.0788324    0.13294    0.122982    0.0264433    0.0788324    0.13294    0.122982    0.0264433    
-0.0788324    -0.13294    -0.122982    -0.0264433    -0.0788324    -0.13294    -0.122982    -0.0264433    
0.0788324    0.13294    0.122982    0.0264433    0.0788324    0.13294    0.122982    0.0264433    
0.0788324    0.13294    0.122982    0.0264433    0.0788324    0.13294    0.122982    0.0264433    
0.0788324    0.13294    0.122982    0.0264433    0.0788324    0.13294    0.122982    0.0264433    
-0.0788324    -0.13294    -0.122982    -0.0264433    -0.0788324    -0.13294    -0.122982    -0.0264433    
0.0788324    0.13294    0.122982    0.0264433    0.0788324    0.13294    0.122982    0.0264433    
0.0788324    0.13294    0.122982    0.0264433    0.0788324    0.13294    0.122982    0.0264433    
-0.0788324    -0.13294    -0.122982    -0.0264433    -0.0788324    -0.13294    -0.122982    -0.0264433    
-0.0788324    -0.13294    -0.122982    -0.0264433    -0.0788324    -0.13294    -0.122982    -0.0264433    
-0.0788324    -0.13294    -0.122982    -0.0264433    -0.0788324    -0.13294    -0.122982    -0.0264433    
-0.0788324    -0.13294    -0.122982    -0.0264433    -0.0788324    -0.13294    -0.122982    -0.0264433    
-0.0788324    -0.13294    -0.122982    -0.0264433    -0.0788324    -0.13294    -0.122982    -0.0264433    
0.0788324    0.13294    0.122982    0.0264433    0.0788324    0.13294    0.122982    0.0264433    
-0.0788324    -0.13294    -0.122982    -0.0264433    -0.0788324    -0.13294    -0.122982    -0.0264433    
-0.0788324    -0.13294    -0.122982    -0.0264433    -0.0788324    -0.13294    -0.122982    -0.0264433    
-0.0788324    -0.13294    -0.122982    -0.0264433    -0.0788324    -0.13294    -0.122982    -0.0264433    
0.0788324    0.13294    0.122982    0.0264433    0.0788324    0.13294    0.122982    0.0264433    
-0.0788324    -0.13294    -0.122982    -0.0264433    -0.0788324    -0.13294    -0.122982    -0.0264433    
-0.0788324    -0.13294    -0.122982    -0.0264433    -0.0788324    -0.13294    -0.122982    -0.0264433    
-0.0788324    -0.13294    -0.122982    -0.0264433    -0.0788324    -0.13294    -0.122982    -0.0264433    
0.0788324    0.13294    0.122982    0.0264433    0.0788324    0.13294    0.122982    0.0264433    
0.0788324    0.13294    0.122982    0.0264433    0.0788324    0.13294    0.122982    0.0264433    
-0.0788324    -0.13294    -0.122982    -0.0264433    -0.0788324    -0.13294    -0.122982    -0.0264433    
-0.0788324    -0.13294    -0.122982    -0.0264433    -0.0788324    -0.13294    -0.122982    -0.0264433    
-0.0788324    -0.13294    -0.122982    -0.0264433    -0.0788324    -0.13294    -0.122982    -0.0264433    
-0.0788324    -0.13294    -0.122982    -0.0264433    -0.0788324    -0.13294    -0.122982    -0.0264433    
0.0788324    0.13294    0.122982    0.0264433    0.0788324    0.13294    0.122982    0.0264433    
0.0788324    0.13294    0.122982    0.0264433    0.0788324    0.13294    0.122982    0.0264433    
-0.0788324    -0.13294    -0.122982    -0.0264433    -0.0788324    -0.13294    -0.122982    -0.0264433    
0.0788324    0.13294    0.122982    0.0264433    0.0788324    0.13294    0.122982    0.0264433    
0.0788324    0.13294    0.122982    0.0264433    0.0788324    0.13294    0.122982    0.0264433    
-0.0788324    -0.13294    -0.122982    -0.0264433    -0.0788324    -0.13294    -0.122982    -0.0264433    
-0.0788324    -0.13294    -0.122982    -0.0264433    -0.0788324    -0.13294    -0.122982    -0.0264433    
-0.0788324    -0.13294    -0.122982    -0.0264433    -0.0788324    -0.13294    -0.122982    -0.0264433    
-0.0788324    -0.13294    -0.122982    -0.0264433    -0.0788324    -0.13294    -0.122982    -0.0264433    
-0.0788324    -0.13294    -0.122982    -0.0264433    -0.0788324    -0.13294    -0.122982    -0.0264433    
0.0788324    0.13294    0.122982    0.0264433    0.0788324    0.13294    0.122982    0.0264433    
-0.0788324    -0.13294    -0.122982    -0.0264433    -0.0788324    -0.13294    -0.122982    -0.0264433    
0.0788324    0.13294    0.122982    0.0264433    0.0788324    0.13294    0.122982    0.0264433    
-0.0788324    -0.13294    -0.122982    -0.0264433    -0.0788324    -0.13294    -0.122982    -0.0264433    
-0.0788324    -0.13294    -0.122982    -0.0264433    -0.0788324    -0.13294    -0.122982    -0.0264433    
0.0788324    0.13294    0.122982    0.0264433    0.0788324    0.13294    0.122982    0.0264433    
0.0788324    0.13294    0.122982    0.0264433    0.0788324    0.13294    0.122982    0.0264433    
0.0788324    0.13294    0.122982    0.0264433    0.0788324    0.13294    0.122982    0.0264433    
-0.0788324    -0.13294    -0.122982    -0.0264433    -0.0788324    -0.13294    -0.122982    -0.0264433    
0.0788324    0.13294    0.122982    0.0264433    0.0788324    0.13294    0.122982    0.0264433    
0.0788324    0.13294    0.122982    0.0264433    0.0788324    0.13294    0.122982    0.0264433    
0.0788324    0.13294    0.122982    0.0264433    0.0788324    0.13294    0.122982    0.0264433    
0.0788324    0.13294    0.122982    0.0264433    0.0788324    0.13294    0.122982    0.0264433    
-0.0788324    -0.13294    -0.122982    -0.0264433    -0.0788324    -0.13294    -0.122982    -0.0264433    
-0.0788324    -0.13294    -0.122982    -0.0264433    -0.0788324    -0.13294    -0.122982    -0.0264433    
0.0788324    0.13294    0.122982    0.0264433    0.0788324    0.13294    0.122982    0.0264433    
0.0788324    0.13294    0.122982    0.0264433    0.0788324    0.13294    0.122982    0.0264433    
-0.0788324    -0.13294    -0.122982    -0.0264433    -0.0788324    -0.13294    -0.122982    -0.0264433    
0.0788324    0.13294    0.122982    0.0264433    0.0788324    0.13294    0.122982    0.0264433    
0.0788324    0.13294    0.122982    0.0264433    0.0788324    0.13294    0.122982    0.0264433    
-0.0788324    -0.13294    -0.122982    -0.0264433    -0.0788324    -0.13294    -0.122982    -0.0264433    
0.0788324    0.13294    0.122982    0.0264433    0.0788324    0.13294    0.122982    0.0264433    
-0.0788324    -0.13294    -0.122982    -0.0264433    -0.0788324    -0.13294    -0.122982    -0.0264433    
-0.0788324    -0.13294    -0.122982    -0.0264433    -0.0788324    -0.13294    -0.122982    -0.0264433    
-0.0788324    -0.13294    -0.122982    -0.0264433    -0.0788324    -0.13294    -0.122982    -0.0264433    
-0.0788324    -0.13294    -0.122982    -0.0264433    -0.0788324    -0.13294    -0.122982    -0.0264433    
-0.0788324    -0.13294    -0.122982    -0.0264433    -0.0788324    -0.13294    -0.122982    -0.0264433    
-0.0788324    -0.13294    -0.122982    -0.0264433    -0.0788324    -0.13294    -0.122982    -0.0264433    
-0.0788324    -0.13294    -0.122982    -0.0264433    -0.0788324    -0.13294    -0.122982    -0.0264433    
0.0788324    0.13294    0.122982    0.0264433    0.0788324    0.13294    0.122982    0.0264433    
0.0788324    0.13294    0.122982    0.0264433    0.0788324    0.13294    0.122982    0.0264433    
0.0788324    0.13294    0.122982    0.0264433    0.0788324    0.13294    0.122982    0.0264433    
-0.0788324    -0.13294    -0.122982    -0.0264433    -0.0788324    -0.13294    -0.122982    -0.0264433    
0.0788324    0.13294    0.122982    0.0264433    0.0788324    0.13294    0.122982    0.0264433    
0.0788324    0.13294    0.122982    0.0264433    0.0788324    0.13294    0.122982    0.0264433    
-0.0788324    -0.13294    -0.122982    -0.0264433    -0.0788324    -0.13294    -0.122982    -0.0264433    
-0.0788324    -0.13294    -0.122982    -0.0264433    -0.0788324    -0.13294    -0.122982    -0.0264433    
-0.0788324    -0.13294    -0.122982    -0.0264433    -0.0788324    -0.13294    -0.122982    -0.0264433    
0.0788324    0.13294    0.122982    0.0264433    0.0788324    0.13294    0.122982    0.0264433    
-0.0788324    -0.13294    -0.122982    -0.0264433    -0.0788324    -0.13294    -0.122982    -0.0264433    
-0.0788324    -0.13294    -0.122982    -0.0264433    -0.0788324    -0.13294    -0.122982    -0.0264433    
-0.0788324    -0.13294    -0.122982    -0.0264433    -0.0788324    -0.13294    -0.122982    -0.0264433    
0.0788324    0.13294    0.122982    0.0264433    0.0788324    0.13294    0.122982    0.0264433    
-0.0788324    -0.13294    -0.122982    -0.0264433    -0.0788324    -0.13294    -0.122982    -0.0264433    
0.0788324    0.13294    0.122982    0.0264433    0.0788324    0.13294    0.122982    0.0264433    
-0.0788324    -0.13294    -0.122982    -0.0264433    -0.0788324    -0.13294    -0.122982    -0.0264433    
-0.0788324    -0.13294    -0.122982    -0.0264433    -0.0788324    -0.13294    -0.122982    -0.0264433    
0.0788324    0.13294    0.122982    0.0264433    0.0788324    0.13294    0.122982    0.0264433    
0.0788324    0.13294    0.122982    0.0264433    0.0788324    0.13294    0.122982    0.0264433    
-0.0788324    -0.13294    -0.122982    -0.0264433    -0.0788324    -0.13294    -0.122982    -0.0264433    
-0.0788324    -0.13294    -0.122982    -0.0264433    -0.0788324    -0.13294    -0.122982    -0.0264433    
0.0788324    0.13294    0.122982    0.0264433    0.0788324    0.13294    0.122982    0.0264433    
0.0788324    0.13294    0.122982    0.0264433    0.0788324    0.13294    0.122982    0.0264433    
-0.0788324    -0.13294    -0.122982    -0.0264433    -0.0788324    -0.13294    -0.122982    -0.0264433    
-0.0788324    -0.13294    -0.122982    -0.0264433    -0.0788324    -0.13294    -0.122982    -0.0264433    
0.0788324    0.13294    0.122982    0.0264433    0.0788324    0.13294    0.122982    0.0264433    
-0.0788324    -0.13294    -0.122982    -0.0264433    -0.0788324    -0.13294    -0.122982    -0.0264433    
0.0788324    0.13294    0.122982    0.0264433    0.0788324    0.13294    0.122982    0.0264433    
-0.0788324    -0.13294    -0.122982    -0.0264433    -0.0788324    -0.13294    -0.122982    -0.0264433    
-0.0788324    -0.13294    -0.122982    -0.0264433    -0.0788324    -0.13294    -0.122982    -0.0264433    
-0.0788324    -0.13294    -0.122982    -0.0264433    -0.0788324    -0.13294    -0.122982    -0.0264433    
-0.0788324    -0.13294    -0.122982    -0.0264433    -0.0788324    -0.13294    -0.122982    -0.0264433    
0.0788324    0.13294    0.122982    0.0264433    0.0788324    0.13294    0.122982    0.0264433    
0.0788324    0.13294    0.122982    0.0264433    0.0788324    0.13294    0.122982    0.0264433    
-0.0788324    -0.13294    -0.122982    -0.0264433    -0.0788324    -0.13294    -0.122982    -0.0264433    
-0.0788324    -0.13294    -0.122982    -0.0264433    -0.0788324    -0.13294    -0.122982    -0.0264433    
-0.0788324    -0.13294    -0.122982    -0.0264433    -0.0788324    -0.13294    -0.122982    -0.0264433    
0.0788324    0.13294    0.122982    0.0264433    0.0788324    0.13294    0.122982    0.0264433    
0.0788324    0.13294    0.122982    0.0264433    0.0788324    0.13294    0.122982    0.0264433    
0.0788324    0.13294    0.122982    0.0264433    0.0788324    0.13294    0.122982    0.0264433    
-0.0788324    -0.13294    -0.122982    -0.0264433    -0.0788324    -0.13294    -0.122982    -0.0264433    
0.0788324    0.13294    0.122982    0.0264433    0.0788324    0.13294    0.122982    0.0264433    
-0.0788324    -0.13294    -0.122982    -0.0264433    -0.0788324    -0.13294    -0.122982    -0.0264433    
-0.0788324    -0.13294    -0.122982    -0.0264433    -0.0788324    -0.13294    -0.122982    -0.0264433    
-0.0788324    -0.13294    -0.122982    -0.0264433    -0.0788324    -0.13294    -0.122982    -0.0264433    
0.0788324    0.13294    0.122982    0.0264433    0.0788324    0.13294    0.122982    0.0264433    
0.0788324    0.13294    0.122982    0.0264433    0.0788324    0.13294    0.122982    0.0264433    
-0.0788324    -0.13294    -0.122982    -0.0264433    -0.0788324    -0.13294    -0.122982    -0.0264433    
-0.0788324    -0.13294    -0.122982    -0.0264433    -0.0788324    -0.13294    -0.122982    -0.0264433    
-0.0788324    -0.13294    -0.122982    -0.0264433    -0.0788324    -0.13294    -0.122982    -0.0264433    
-0.0788324    -0.13294    -0.122982    -0.0264433    -0.0788324    -0.13294    -0.122982    -0.0264433    
-0.0788324    -0.13294    -0.122982    -0.0264433    -0.0788324    -0.13294    -0.122982    -0.0264433    
-0.0788324    -0.13294    -0.122982    -0.0264433    -0.0788324    -0.13294    -0.122982    -0.0264433    
0.0788324    0.13294    0.122982    0.0264433    0.0788324    0.13294    0.122982    0.0264433    
-0.0788324    -0.13294    -0.122982    -0.0264433    -0.0788324    -0.13294    -0.122982    -0.0264433    
-0.0788324    -0.13294    -0.122982    -0.0264433    -0.0788324    -0.13294    -0.122982    -0.0264433    
-0.0788324    -0.13294    -0.122982    -0.0264433    -0.0788324    -0.13294    -0.122982    -0.0264433    
-0.0788324    -0.13294    -0.122982    -0.0264433    -0.0788324    -0.13294    -0.122982    -0.0264433    
-0.0788324    -0.13294    -0.122982    -0.0264433    -0.0788324    -0.13294    -0.122982    -0.0264433    
0.0788324    0.13294    0.122982    0.0264433    0.0788324    0.13294    0.122982    0.0264433    
0.0788324    0.13294    0.122982    0.0264433    0.0788324    0.13294    0.122982    0.0264433    
0.0788324    0.13294    0.122982    0.0264433    0.0788324    0.13294    0.122982    0.0264433    
-0.0788324    -0.13294    -0.122982    -0.0264433    -0.0788324    -0.13294    -0.122982    -0.0264433    
-0.0788324    -0.13294    -0.122982    -0.0264433    -0.0788324    -0.13294    -0.122982    -0.0264433    
0.0788324    0.13294    0.122982    0.0264433    0.0788324    0.13294    0.122982    0.0264433    
-0.0788324    -0.13294    -0.122982    -0.0264433    -0.0788324    -0.13294    -0.122982    -0.0264433    
-0.0788324    -0.13294    -0.122982    -0.0264433    -0.0788324    -0.13294    -0.122982    -0.0264433    
0.0788324    0.13294    0.122982    0.0264433    0.0788324    0.13294    0.122982    0.0264433    
0.0788324    0.13294    0.122982    0.0264433    0.0788324    0.13294    0.122982    0.0264433    
0.0788324    0.13294    0.122982    0.0264433    0.0788324    0.13294    0.122982    0.0264433    
0.0788324    0.13294    0.122982    0.0264433    0.0788324    0.13294    0.122982    0.0264433    
-0.0788324    -0.13294    -0.122982    -0.0264433    -0.0788324    -0.13294    -0.122982    -0.0264433    
-0.0788324    -0.13294    -0.122982    -0.0264433    -0.0788324    -0.13294    -0.122982    -0.0264433    
-0.0788324    -0.13294    -0.122982    -0.0264433    -0.0788324    -0.13294    -0.122982    -0.0264433    
-0.0788324    -0.13294    -0.122982    -0.0264433    -0.0788324    -0.13294    -0.122982    -0.0264433    
-0.0788324    -0.13294    -0.122982    -0.0264433    -0.0788324    -0.13294    -0.122982    -0.0264433    
0.0788324    0.13294    0.122982    0.0264433    0.0788324    0.13294    0.122982    0.0264433    
-0.0788324    -0.13294    -0.122982    -0.0264433    -0.0788324    -0.13294    -0.122982    -0.0264433    
0.0788324    0.13294    0.122982    0.0264433    0.0788324    0.13294    0.122982    0.0264433    
0.0788324    0.13294    0.122982    0.0264433    0.0788324    0.13294    0.122982    0.0264433    
0.0788324    0.13294    0.122982    0.0264433    0.0788324    0.13294    0.122982    0.0264433    
-0.0788324    -0.13294    -0.122982    -0.0264433    -0.0788324    -0.13294    -0.122982    -0.0264433    
-0.0788324    -0.13294    -0.122982    -0.0264433    -0.0788324    -0.13294    -0.122982    -0.0264433    
-0.0788324    -0.13294    -0.122982    -0.0264433    -0.0788324    -0.13294    -0.122982    -0.0264433    
0.0788324    0.13294    0.122982    0.0264433    0.0788324    0.13294    0.122982    0.0264433    
-0.0788324    -0.13294    -0.122982    -0.0264433    -0.0788324    -0.13294    -0.122982    -0.0264433    
0.0788324    0.13294    0.122982    0.0264433    0.0788324    0.13294    0.122982    0.0264433    
0.0788324    0.13294    0.122982    0.0264433    0.0788324    0.13294    0.122982    0.0264433    
0.0788324    0.13294    0.122982    0.0264433    0.0788324    0.13294    0.122982    0.0264433    
0.0788324    0.13294    0.122982    0.0264433    0.0788324    0.13294    0.122982    0.0264433    
-0.0788324    -0.13294    -0.122982    -0.0264433    -0.0788324    -0.13294    -0.122982    -0.0264433    
