1.2    -1.11796    0.0182804    -0.629992    -2.6426    0.147538
1.41417    -1.12642    0.00608341    -0.592931    -2.48123    0.243251
1.53772    -1.12282    7.51177e-05    -0.573907    -2.39845    0.270217
1.52399    -1.12343    0.00390189    -0.575941    -2.40732    0.267908
1.42504    -1.12629    0.00359231    -0.591187    -2.47367    0.246256
1.3301    -1.12585    5.37225e-05    -0.606823    -2.54169    0.215017
1.31849    -1.12553    0.0012553    -0.608808    -2.55032    0.210306
1.37461    -1.12651    0.000956248    -0.599367    -2.50924    0.231164
1.4236    -1.12631    1.22607e-05    -0.59142    -2.47467    0.24586
1.42914    -1.12623    0.000304685    -0.590535    -2.47083    0.247347
1.40149    -1.12651    0.000342071    -0.594974    -2.49012    0.239592
1.3722    -1.12649    1.6145e-05    -0.599767    -2.51097    0.230358
1.36583    -1.12645    8.48009e-05    -0.60082    -2.51556    0.228205
1.38042    -1.12653    0.00010399    -0.598409    -2.50508    0.233068
1.39657    -1.12653    6.46398e-06    -0.59577    -2.4936    0.238124
1.4006    -1.12651    2.12534e-05    -0.595117    -2.49076    0.239332
1.3933    -1.12654    3.31803e-05    -0.596304    -2.49592    0.237123
1.38417    -1.12654    3.37768e-06    -0.597795    -2.5024    0.23427
1.38126    -1.12654    5.41441e-06    -0.598272    -2.50448    0.233338
1.38495    -1.12654    1.02043e-05    -0.597667    -2.50185    0.234518
1.39001    -1.12654    1.35243e-06    -0.596839    -2.49825    0.236108
1.39185    -1.12654    1.30833e-06    -0.596539    -2.49694    0.236678
1.39004    -1.12654    3.1289e-06    -0.596835    -2.49823    0.236117
1.38723    -1.12654    5.57595e-07    -0.597293    -2.50022    0.23524
1.38605    -1.12654    3.06095e-07    -0.597486    -2.50106    0.234867
1.38693    -1.12654    9.46405e-07    -0.597343    -2.50044    0.235144
1.38847    -1.12654    2.10867e-07    -0.597091    -2.49934    0.235628
1.3892    -1.12654    6.77359e-08    -0.596972    -2.49883    0.235855
1.38878    -1.12654    2.82959e-07    -0.597039    -2.49912    0.235726
1.38794    -1.12654    7.86485e-08    -0.597177    -2.49972    0.235463
1.3875    -1.12654    1.39189e-08    -0.59725    -2.50003    0.235323
1.38768    -1.12654    8.36831e-08    -0.597219    -2.4999    0.235382
1.38814    -1.12654    2.82236e-08    -0.597144    -2.49958    0.235526
1.38841    -1.12654    2.56808e-09    -0.597101    -2.49939    0.235609
1.38833    -1.12654    2.44357e-08    -0.597114    -2.49944    0.235584
1.38808    -1.12654    9.9389e-09    -0.597154    -2.49962    0.235506
1.38792    -1.12654    3.93213e-10    -0.59718    -2.49973    0.235457
1.38795    -1.12654    7.05113e-09    -0.597175    -2.49971    0.235467
1.38809    -1.12654    3.42008e-09    -0.597153    -2.49961    0.235508
1.38818    -1.12654    4.11794e-11    -0.597138    -2.49955    0.235537
1.38817    -1.12654    2.00735e-09    -0.59714    -2.49956    0.235534
1.3881    -1.12654    1.15705e-09    -0.597151    -2.49961    0.235512
1.38805    -1.12654    1.04796e-12    -0.59716    -2.49964    0.235495
1.38805    -1.12654    5.6367e-10    -0.59716    -2.49964    0.235496
1.38808    -1.12654    3.84884e-10    -0.597154    -2.49962    0.235507
1.38812    -1.12654    6.75429e-13    -0.597149    -2.49959    0.235517
1.38812    -1.12654    1.55877e-10    -0.597148    -2.49959    0.235517
1.3881    -1.12654    1.26169e-10    -0.597152    -2.49961    0.235511
1.38808    -1.12654    1.47659e-12    -0.597155    -2.49962    0.235506
1.38808    -1.12654    4.23987e-11    -0.597155    -2.49962    0.235505
1.38809    -1.12654    4.07869e-11    -0.597153    -2.49961    0.235508
1.3881    -1.12654    1.17878e-12    -0.597152    -2.49961    0.235511
1.3881    -1.12654    1.13195e-11    -0.597151    -2.49961    0.235512
1.38809    -1.12654    1.30161e-11    -0.597152    -2.49961    0.23551
1.38809    -1.12654    6.79563e-13    -0.597153    -2.49961    0.235509
1.38809    -1.12654    2.95883e-12    -0.597153    -2.49962    0.235508
1.38809    -1.12654    4.10268e-12    -0.597153    -2.49961    0.235509
1.38809    -1.12654    3.32081e-13    -0.597152    -2.49961    0.23551
1.38809    -1.12654    7.54597e-13    -0.597152    -2.49961    0.23551
1.38809    -1.12654    1.27789e-12    -0.597152    -2.49961    0.23551
1.38809    -1.12654    1.46694e-13    -0.597153    -2.49961    0.235509
1.38809    -1.12654    1.8688e-13    -0.597153    -2.49961    0.235509
1.38809    -1.12654    3.93437e-13    -0.597153    -2.49961    0.235509
1.38809    -1.12654    6.04829e-14    -0.597152    -2.49961    0.23551
1.38809    -1.12654    4.46901e-14    -0.597152    -2.49961    0.23551
1.38809    -1.12654    1.19674e-13    -0.597152    -2.49961    0.23551
1.38809    -1.12654    2.36849e-14    -0.597153    -2.49961    0.235509
1.38809    -1.12654    1.01969e-14    -0.597153    -2.49961    0.235509
1.38809    -1.12654    3.5991e-14    -0.597153    -2.49961    0.235509
1.38809    -1.12654    8.90254e-15    -0.597153    -2.49961    0.23551
1.38809    -1.12654    2.18819e-15    -0.597153    -2.49961    0.23551
1.38809    -1.12654    1.06861e-14    -0.597153    -2.49961    0.23551
1.38809    -1.12654    3.24347e-15    -0.597153    -2.49961    0.23551
1.38809    -1.12654    4.30728e-16    -0.597153    -2.49961    0.235509
1.38809    -1.12654    3.13605e-15    -0.597153    -2.49961    0.23551
1.38809    -1.12654    1.15149e-15    -0.597153    -2.49961    0.23551
1.38809    -1.12654    7.41104e-17    -0.597153    -2.49961    0.23551
1.38809    -1.12654    9.09319e-16    -0.597153    -2.49961    0.23551
1.38809    -1.12654    3.99868e-16    -0.597153    -2.49961    0.23551
1.38809    -1.12654    9.99513e-18    -0.597153    -2.49961    0.23551
1.38809    -1.12654    2.60363e-16    -0.597153    -2.49961    0.23551
1.38809    -1.12654    1.36209e-16    -0.597153    -2.49961    0.23551
1.38809    -1.12654    7.42809e-19    -0.597153    -2.49961    0.23551
1.38809    -1.12654    7.35618e-17    -0.597153    -2.49961    0.23551
1.38809    -1.12654    4.56088e-17    -0.597153    -2.49961    0.23551
1.38809    -1.12654    1.4418e-22    -0.597153    -2.49961    0.23551
1.38809    -1.12654    2.04885e-17    -0.597153    -2.49961    0.23551
1.38809    -1.12654    1.50369e-17    -0.597153    -2.49961    0.23551
1.38809    -1.12654    7.53218e-20    -0.597153    -2.49961    0.23551
1.38809    -1.12654    5.61823e-18    -0.597153    -2.49961    0.23551
1.38809    -1.12654    4.88737e-18    -0.597153    -2.49961    0.23551
1.38809    -1.12654    8.86376e-20    -0.597153    -2.49961    0.23551
1.38809    -1.12654    1.51429e-18    -0.597153    -2.49961    0.23551
1.38809    -1.12654    1.56754e-18    -0.597153    -2.49961    0.23551
1.38809    -1.12654    5.9397e-20    -0.597153    -2.49961    0.23551
1.38809    -1.12654    4.00306e-19    -0.597153    -2.49961    0.23551
1.38809    -1.12654    4.96485e-19    -0.597153    -2.49961    0.23551
1.38809    -1.12654    3.14573e-20    -0.597153    -2.49961    0.23551
1.38809    -1.12654    1.03494e-19    -0.597153    -2.49961    0.23551
1.38809    -1.12654    1.55372e-19    -0.597153    -2.49961    0.23551
1.38809    -1.12654    1.46106e-20    -0.597153    -2.49961    0.23551
1.38809    -1.12654    2.60667e-20    -0.597153    -2.49961    0.23551
1.38809    -1.12654    4.80601e-20    -0.597153    -2.49961    0.23551
1.38809    -1.12654    6.23503e-21    -0.597153    -2.49961    0.23551
1.38809    -1.12654    6.36196e-21    -0.597153    -2.49961    0.23551
1.38809    -1.12654    1.46973e-20    -0.597153    -2.49961    0.23551
1.38809    -1.12654    2.50619e-21    -0.597153    -2.49961    0.23551
1.38809    -1.12654    1.49304e-21    -0.597153    -2.49961    0.23551
1.38809    -1.12654    4.44399e-21    -0.597153    -2.49961    0.23551
1.38809    -1.12654    9.63064e-22    -0.597153    -2.49961    0.23551
1.38809    -1.12654    3.331e-22    -0.597153    -2.49961    0.23551
1.38809    -1.12654    1.32854e-21    -0.597153    -2.49961    0.23551
1.38809    -1.12654    3.57238e-22    -0.597153    -2.49961    0.23551
1.38809    -1.12654    6.9355e-23    -0.597153    -2.49961    0.23551
1.38809    -1.12654    3.92634e-22    -0.597153    -2.49961    0.23551
1.38809    -1.12654    1.28713e-22    -0.597153    -2.49961    0.23551
1.38809    -1.12654    1.30453e-23    -0.597153    -2.49961    0.23551
1.38809    -1.12654    1.14662e-22    -0.597153    -2.49961    0.23551
1.38809    -1.12654    4.52412e-23    -0.597153    -2.49961    0.23551
1.38809    -1.12654    2.07414e-24    -0.597153    -2.49961    0.23551
1.38809    -1.12654    3.30636e-23    -0.597153    -2.49961    0.23551
1.38809    -1.12654    1.55975e-23    -0.597153    -2.49961    0.23551
1.38809    -1.12654    2.37421e-25    -0.597153    -2.49961    0.23551
1.38809    -1.12654    9.43201e-24    -0.597153    -2.49961    0.23551
1.38809    -1.12654    5.27085e-24    -0.597153    -2.49961    0.23551
1.38809    -1.12654    9.96137e-27    -0.597153    -2.49961    0.23551
1.38809    -1.12654    2.64591e-24    -0.597153    -2.49961    0.23551
1.38809    -1.12654    1.75478e-24    -0.597153    -2.49961    0.23551
1.38809    -1.12654    1.51862e-27    -0.597153    -2.49961    0.23551
1.38809    -1.12654    7.3429e-25    -0.597153    -2.49961    0.23551
1.38809    -1.12654    5.73414e-25    -0.597153    -2.49961    0.23551
1.38809    -1.12654    5.25218e-27    -0.597153    -2.49961    0.23551
1.38809    -1.12654    2.01089e-25    -0.597153    -2.49961    0.23551
1.38809    -1.12654    1.84113e-25    -0.597153    -2.49961    0.23551
1.38809    -1.12654    4.64121e-27    -0.597153    -2.49961    0.23551
1.38809    -1.12654    5.40819e-26    -0.597153    -2.49961    0.23551
1.38809    -1.12654    5.81997e-26    -0.597153    -2.49961    0.23551
1.38809    -1.12654    2.63221e-27    -0.597153    -2.49961    0.23551
1.38809    -1.12654    1.37661e-26    -0.597153    -2.49961    0.23551
1.38809    -1.12654    1.79963e-26    -0.597153    -2.49961    0.23551
1.38809    -1.12654    1.32833e-27    -0.597153    -2.49961    0.23551
1.38809    -1.12654    3.30314e-27    -0.597153    -2.49961    0.23551
1.38809    -1.12654    5.56137e-27    -0.597153    -2.49961    0.23551
1.38809    -1.12654    7.01912e-28    -0.597153    -2.49961    0.23551
1.38809    -1.12654    8.17748e-28    -0.597153    -2.49961    0.23551
1.38809    -1.12654    1.72164e-27    -0.597153    -2.49961    0.23551
1.38809    -1.12654    2.78261e-28    -0.597153    -2.49961    0.23551
1.38809    -1.12654    1.73626e-28    -0.597153    -2.49961    0.23551
1.38809    -1.12654    4.90538e-28    -0.597153    -2.49961    0.23551
1.38809    -1.12654    1.1955e-28    -0.597153    -2.49961    0.23551
1.38809    -1.12654    3.14397e-29    -0.597153    -2.49961    0.23551
1.38809    -1.12654    1.4197e-28    -0.597153    -2.49961    0.23551
1.38809    -1.12654    3.30314e-29    -0.597153    -2.49961    0.23551
1.38809    -1.12654    3.85137e-30    -0.597153    -2.49961    0.23551
1.38809    -1.12654    3.30314e-29    -0.597153    -2.49961    0.23551
1.38809    -1.12654    8.66558e-30    -0.597153    -2.49961    0.23551
1.38809    -1.12654    0    -0.597153    -2.49961    0.23551
1.38809    -1.12654    5.6788e-30    -0.597153    -2.49961    0.23551
1.38809    -1.12654    1.22811e-29    -0.597153    -2.49961    0.23551
1.38809    -1.12654    3.14397e-31    -0.597153    -2.49961    0.23551
1.38809    -1.12654    7.85993e-30    -0.597153    -2.49961    0.23551
1.38809    -1.12654    1.76849e-31    -0.597153    -2.49961    0.23551
1.38809    -1.12654    6.36655e-30    -0.597153    -2.49961    0.23551
1.38809    -1.12654    1.96498e-32    -0.597153    -2.49961    0.23551
1.38809    -1.12654    1.59164e-30    -0.597153    -2.49961    0.23551
1.38809    -1.12654    2.37763e-30    -0.597153    -2.49961    0.23551
1.38809    -1.12654    4.91246e-31    -0.597153    -2.49961    0.23551
1.38809    -1.12654    5.03036e-30    -0.597153    -2.49961    0.23551
1.38809    -1.12654    1.96498e-32    -0.597153    -2.49961    0.23551
1.38809    -1.12654    1.59164e-30    -0.597153    -2.49961    0.23551
1.38809    -1.12654    3.32082e-30    -0.597153    -2.49961    0.23551
1.38809    -1.12654    7.07394e-31    -0.597153    -2.49961    0.23551
1.38809    -1.12654    1.13183e-29    -0.597153    -2.49961    0.23551
1.38809    -1.12654    4.91246e-31    -0.597153    -2.49961    0.23551
1.38809    -1.12654    1.03948e-29    -0.597153    -2.49961    0.23551
1.38809    -1.12654    1.96498e-32    -0.597153    -2.49961    0.23551
1.38809    -1.12654    4.42121e-30    -0.597153    -2.49961    0.23551
1.38809    -1.12654    7.07394e-31    -0.597153    -2.49961    0.23551
1.38809    -1.12654    7.07394e-31    -0.597153    -2.49961    0.23551
1.38809    -1.12654    3.14397e-31    -0.597153    -2.49961    0.23551
1.38809    -1.12654    5.03036e-30    -0.597153    -2.49961    0.23551
1.38809    -1.12654    3.14397e-31    -0.597153    -2.49961    0.23551
1.38809    -1.12654    5.03036e-30    -0.597153    -2.49961    0.23551
1.38809    -1.12654    2.37763e-30    -0.597153    -2.49961    0.23551
1.38809    -1.12654    1.59164e-30    -0.597153    -2.49961    0.23551
1.38809    -1.12654    1.59164e-30    -0.597153    -2.49961    0.23551
1.38809    -1.12654    1.96498e-32    -0.597153    -2.49961    0.23551
1.38809    -1.12654    1.76849e-31    -0.597153    -2.49961    0.23551
1.38809    -1.12654    7.85993e-32    -0.597153    -2.49961    0.23551
1.38809    -1.12654    1.96498e-30    -0.597153    -2.49961    0.23551
1.38809    -1.12654    4.91246e-31    -0.597153    -2.49961    0.23551
1.38809    -1.12654    0    -0.597153    -2.49961    0.23551
1.38809    -1.12654    4.91246e-31    -0.597153    -2.49961    0.23551
1.38809    -1.12654    2.82958e-30    -0.597153    -2.49961    0.23551
1.38809    -1.12654    1.96498e-32    -0.597153    -2.49961    0.23551
1.38809    -1.12654    1.76849e-31    -0.597153    -2.49961    0.23551
1.38809    -1.12654    7.85993e-32    -0.597153    -2.49961    0.23551
1.38809    -1.12654    1.25759e-30    -0.597153    -2.49961    0.23551
1.38809    -1.12654    5.6788e-30    -0.597153    -2.49961    0.23551
1.38809    -1.12654    1.76849e-31    -0.597153    -2.49961    0.23551
1.38809    -1.12654    4.42121e-30    -0.597153    -2.49961    0.23551
1.38809    -1.12654    2.82958e-30    -0.597153    -2.49961    0.23551
1.38809    -1.12654    1.96498e-32    -0.597153    -2.49961    0.23551
1.38809    -1.12654    2.82958e-30    -0.597153    -2.49961    0.23551
1.38809    -1.12654    5.03036e-30    -0.597153    -2.49961    0.23551
1.38809    -1.12654    1.59164e-30    -0.597153    -2.49961    0.23551
1.38809    -1.12654    9.51052e-30    -0.597153    -2.49961    0.23551
1.38809    -1.12654    1.25759e-30    -0.597153    -2.49961    0.23551
1.38809    -1.12654    6.36655e-30    -0.597153    -2.49961    0.23551
1.38809    -1.12654    1.96498e-32    -0.597153    -2.49961    0.23551
1.38809    -1.12654    1.96498e-30    -0.597153    -2.49961    0.23551
1.38809    -1.12654    7.85993e-32    -0.597153    -2.49961    0.23551
1.38809    -1.12654    3.85137e-30    -0.597153    -2.49961    0.23551
1.38809    -1.12654    1.96498e-32    -0.597153    -2.49961    0.23551
1.38809    -1.12654    1.25759e-30    -0.597153    -2.49961    0.23551
1.38809    -1.12654    9.62842e-31    -0.597153    -2.49961    0.23551
1.38809    -1.12654    1.59164e-30    -0.597153    -2.49961    0.23551
1.38809    -1.12654    1.59164e-30    -0.597153    -2.49961    0.23551
1.38809    -1.12654    4.91246e-31    -0.597153    -2.49961    0.23551
1.38809    -1.12654    0    -0.597153    -2.49961    0.23551
1.38809    -1.12654    7.85993e-32    -0.597153    -2.49961    0.23551
1.38809    -1.12654    1.96498e-32    -0.597153    -2.49961    0.23551
1.38809    -1.12654    1.96498e-32    -0.597153    -2.49961    0.23551
1.38809    -1.12654    0    -0.597153    -2.49961    0.23551
1.38809    -1.12654    1.96498e-32    -0.597153    -2.49961    0.23551
1.38809    -1.12654    1.96498e-32    -0.597153    -2.49961    0.23551
1.38809    -1.12654    1.96498e-32    -0.597153    -2.49961    0.23551
1.38809    -1.12654    7.85993e-32    -0.597153    -2.49961    0.23551
1.38809    -1.12654    1.76849e-31    -0.597153    -2.49961    0.23551
1.38809    -1.12654    1.96498e-32    -0.597153    -2.49961    0.23551
1.38809    -1.12654    7.85993e-32    -0.597153    -2.49961    0.23551
1.38809    -1.12654    3.14397e-31    -0.597153    -2.49961    0.23551
1.38809    -1.12654    7.07394e-31    -0.597153    -2.49961    0.23551
1.38809    -1.12654    1.96498e-32    -0.597153    -2.49961    0.23551
1.38809    -1.12654    1.25759e-30    -0.597153    -2.49961    0.23551
1.38809    -1.12654    9.62842e-31    -0.597153    -2.49961    0.23551
1.38809    -1.12654    7.07394e-31    -0.597153    -2.49961    0.23551
1.38809    -1.12654    1.76849e-31    -0.597153    -2.49961    0.23551
1.38809    -1.12654    1.76849e-31    -0.597153    -2.49961    0.23551
1.38809    -1.12654    1.59164e-30    -0.597153    -2.49961    0.23551
1.38809    -1.12654    2.37763e-30    -0.597153    -2.49961    0.23551
1.38809    -1.12654    4.42121e-30    -0.597153    -2.49961    0.23551
1.38809    -1.12654    7.85993e-32    -0.597153    -2.49961    0.23551
1.38809    -1.12654    1.25759e-30    -0.597153    -2.49961    0.23551
1.38809    -1.12654    1.76849e-31    -0.597153    -2.49961    0.23551
1.38809    -1.12654    2.82958e-30    -0.597153    -2.49961    0.23551
1.38809    -1.12654    0    -0.597153    -2.49961    0.23551
1.38809    -1.12654    1.59164e-30    -0.597153    -2.49961    0.23551
1.38809    -1.12654    4.91246e-31    -0.597153    -2.49961    0.23551
1.38809    -1.12654    6.36655e-30    -0.597153    -2.49961    0.23551
1.38809    -1.12654    1.96498e-32    -0.597153    -2.49961    0.23551
1.38809    -1.12654    1.59164e-30    -0.597153    -2.49961    0.23551
1.38809    -1.12654    5.03036e-30    -0.597153    -2.49961    0.23551
1.38809    -1.12654    7.85993e-32    -0.597153    -2.49961    0.23551
1.38809    -1.12654    5.6788e-30    -0.597153    -2.49961    0.23551
1.38809    -1.12654    9.62842e-31    -0.597153    -2.49961    0.23551
1.38809    -1.12654    0    -0.597153    -2.49961    0.23551
1.38809    -1.12654    7.07394e-31    -0.597153    -2.49961    0.23551
1.38809    -1.12654    2.37763e-30    -0.597153    -2.49961    0.23551
1.38809    -1.12654    7.85993e-32    -0.597153    -2.49961    0.23551
1.38809    -1.12654    7.07394e-31    -0.597153    -2.49961    0.23551
1.38809    -1.12654    3.14397e-31    -0.597153    -2.49961    0.23551
1.38809    -1.12654    1.76849e-31    -0.597153    -2.49961    0.23551
1.38809    -1.12654    1.25759e-30    -0.597153    -2.49961    0.23551
1.38809    -1.12654    1.76849e-31    -0.597153    -2.49961    0.23551
1.38809    -1.12654    6.36655e-30    -0.597153    -2.49961    0.23551
1.38809    -1.12654    1.96498e-32    -0.597153    -2.49961    0.23551
1.38809    -1.12654    3.32082e-30    -0.597153    -2.49961    0.23551
1.38809    -1.12654    1.25759e-30    -0.597153    -2.49961    0.23551
1.38809    -1.12654    1.25759e-30    -0.597153    -2.49961    0.23551
1.38809    -1.12654    7.07394e-31    -0.597153    -2.49961    0.23551
1.38809    -1.12654    3.32082e-30    -0.597153    -2.49961    0.23551
1.38809    -1.12654    3.14397e-31    -0.597153    -2.49961    0.23551
1.38809    -1.12654    5.6788e-30    -0.597153    -2.49961    0.23551
1.38809    -1.12654    4.91246e-31    -0.597153    -2.49961    0.23551
1.38809    -1.12654    1.96498e-32    -0.597153    -2.49961    0.23551
1.38809    -1.12654    1.96498e-32    -0.597153    -2.49961    0.23551
1.38809    -1.12654    4.91246e-31    -0.597153    -2.49961    0.23551
1.38809    -1.12654    1.59164e-30    -0.597153    -2.49961    0.23551
1.38809    -1.12654    1.25759e-30    -0.597153    -2.49961    0.23551
1.38809    -1.12654    1.25759e-30    -0.597153    -2.49961    0.23551
1.38809    -1.12654    1.96498e-30    -0.597153    -2.49961    0.23551
1.38809    -1.12654    5.6788e-30    -0.597153    -2.49961    0.23551
1.38809    -1.12654    3.14397e-31    -0.597153    -2.49961    0.23551
1.38809    -1.12654    6.36655e-30    -0.597153    -2.49961    0.23551
1.38809    -1.12654    7.07394e-31    -0.597153    -2.49961    0.23551
1.38809    -1.12654    1.25759e-30    -0.597153    -2.49961    0.23551
1.38809    -1.12654    7.85993e-30    -0.597153    -2.49961    0.23551
1.38809    -1.12654    1.76849e-31    -0.597153    -2.49961    0.23551
1.38809    -1.12654    6.36655e-30    -0.597153    -2.49961    0.23551
1.38809    -1.12654    1.76849e-31    -0.597153    -2.49961    0.23551
1.38809    -1.12654    2.37763e-30    -0.597153    -2.49961    0.23551
1.38809    -1.12654    1.76849e-31    -0.597153    -2.49961    0.23551
1.38809    -1.12654    5.03036e-30    -0.597153    -2.49961    0.23551
1.38809    -1.12654    4.91246e-31    -0.597153    -2.49961    0.23551
1.38809    -1.12654    4.42121e-30    -0.597153    -2.49961    0.23551
1.38809    -1.12654    4.42121e-30    -0.597153    -2.49961    0.23551
1.38809    -1.12654    1.96498e-32    -0.597153    -2.49961    0.23551
1.38809    -1.12654    6.36655e-30    -0.597153    -2.49961    0.23551
1.38809    -1.12654    1.59164e-30    -0.597153    -2.49961    0.23551
1.38809    -1.12654    3.14397e-31    -0.597153    -2.49961    0.23551
1.38809    -1.12654    1.96498e-30    -0.597153    -2.49961    0.23551
1.38809    -1.12654    3.14397e-31    -0.597153    -2.49961    0.23551
1.38809    -1.12654    5.6788e-30    -0.597153    -2.49961    0.23551
1.38809    -1.12654    3.14397e-31    -0.597153    -2.49961    0.23551
1.38809    -1.12654    5.03036e-30    -0.597153    -2.49961    0.23551
1.38809    -1.12654    1.59164e-30    -0.597153    -2.49961    0.23551
1.38809    -1.12654    1.59164e-30    -0.597153    -2.49961    0.23551
1.38809    -1.12654    4.91246e-31    -0.597153    -2.49961    0.23551
1.38809    -1.12654    1.25759e-30    -0.597153    -2.49961    0.23551
1.38809    -1.12654    4.91246e-31    -0.597153    -2.49961    0.23551
1.38809    -1.12654    4.91246e-31    -0.597153    -2.49961    0.23551
1.38809    -1.12654    1.25759e-30    -0.597153    -2.49961    0.23551
1.38809    -1.12654    5.6788e-30    -0.597153    -2.49961    0.23551
1.38809    -1.12654    3.14397e-31    -0.597153    -2.49961    0.23551
1.38809    -1.12654    6.36655e-30    -0.597153    -2.49961    0.23551
1.38809    -1.12654    7.85993e-32    -0.597153    -2.49961    0.23551
1.38809    -1.12654    7.85993e-32    -0.597153    -2.49961    0.23551
1.38809    -1.12654    1.96498e-32    -0.597153    -2.49961    0.23551
1.38809    -1.12654    9.62842e-31    -0.597153    -2.49961    0.23551
1.38809    -1.12654    6.36655e-30    -0.597153    -2.49961    0.23551
1.38809    -1.12654    7.85993e-32    -0.597153    -2.49961    0.23551
1.38809    -1.12654    1.13183e-29    -0.597153    -2.49961    0.23551
1.38809    -1.12654    7.07394e-31    -0.597153    -2.49961    0.23551
1.38809    -1.12654    5.6788e-30    -0.597153    -2.49961    0.23551
1.38809    -1.12654    1.25759e-30    -0.597153    -2.49961    0.23551
1.38809    -1.12654    3.14397e-31    -0.597153    -2.49961    0.23551
1.38809    -1.12654    3.32082e-30    -0.597153    -2.49961    0.23551
1.38809    -1.12654    7.85993e-32    -0.597153    -2.49961    0.23551
1.38809    -1.12654    1.59164e-30    -0.597153    -2.49961    0.23551
1.38809    -1.12654    1.96498e-30    -0.597153    -2.49961    0.23551
1.38809    -1.12654    1.96498e-32    -0.597153    -2.49961    0.23551
1.38809    -1.12654    5.6788e-30    -0.597153    -2.49961    0.23551
1.38809    -1.12654    4.91246e-31    -0.597153    -2.49961    0.23551
1.38809    -1.12654    3.14397e-31    -0.597153    -2.49961    0.23551
1.38809    -1.12654    7.09359e-30    -0.597153    -2.49961    0.23551
1.38809    -1.12654    9.62842e-31    -0.597153    -2.49961    0.23551
1.38809    -1.12654    3.32082e-30    -0.597153    -2.49961    0.23551
1.38809    -1.12654    4.91246e-31    -0.597153    -2.49961    0.23551
1.38809    -1.12654    1.96498e-32    -0.597153    -2.49961    0.23551
1.38809    -1.12654    1.96498e-32    -0.597153    -2.49961    0.23551
1.38809    -1.12654    3.14397e-31    -0.597153    -2.49961    0.23551
1.38809    -1.12654    7.07394e-31    -0.597153    -2.49961    0.23551
1.38809    -1.12654    1.59164e-30    -0.597153    -2.49961    0.23551
1.38809    -1.12654    7.07394e-31    -0.597153    -2.49961    0.23551
1.38809    -1.12654    6.36655e-30    -0.597153    -2.49961    0.23551
1.38809    -1.12654    0    -0.597153    -2.49961    0.23551
1.38809    -1.12654    2.82958e-30    -0.597153    -2.49961    0.23551
1.38809    -1.12654    3.14397e-31    -0.597153    -2.49961    0.23551
1.38809    -1.12654    2.37763e-30    -0.597153    -2.49961    0.23551
1.38809    -1.12654    0    -0.597153    -2.49961    0.23551
1.38809    -1.12654    7.07394e-31    -0.597153    -2.49961    0.23551
1.38809    -1.12654    1.25759e-30    -0.597153    -2.49961    0.23551
1.38809    -1.12654    0    -0.597153    -2.49961    0.23551
1.38809    -1.12654    1.76849e-31    -0.597153    -2.49961    0.23551
1.38809    -1.12654    3.85137e-30    -0.597153    -2.49961    0.23551
1.38809    -1.12654    1.96498e-32    -0.597153    -2.49961    0.23551
1.38809    -1.12654    7.07394e-31    -0.597153    -2.49961    0.23551
1.38809    -1.12654    7.85993e-30    -0.597153    -2.49961    0.23551
1.38809    -1.12654    7.07394e-31    -0.597153    -2.49961    0.23551
1.38809    -1.12654    4.42121e-30    -0.597153    -2.49961    0.23551
1.38809    -1.12654    1.76849e-31    -0.597153    -2.49961    0.23551
1.38809    -1.12654    1.96498e-30    -0.597153    -2.49961    0.23551
1.38809    -1.12654    3.14397e-31    -0.597153    -2.49961    0.23551
1.38809    -1.12654    7.09359e-30    -0.597153    -2.49961    0.23551
1.38809    -1.12654    7.85993e-32    -0.597153    -2.49961    0.23551
1.38809    -1.12654    3.32082e-30    -0.597153    -2.49961    0.23551
1.38809    -1.12654    1.25759e-30    -0.597153    -2.49961    0.23551
1.38809    -1.12654    1.25759e-30    -0.597153    -2.49961    0.23551
1.38809    -1.12654    9.62842e-31    -0.597153    -2.49961    0.23551
1.38809    -1.12654    9.62842e-31    -0.597153    -2.49961    0.23551
1.38809    -1.12654    9.62842e-31    -0.597153    -2.49961    0.23551
1.38809    -1.12654    1.76849e-31    -0.597153    -2.49961    0.23551
1.38809    -1.12654    7.09359e-30    -0.597153    -2.49961    0.23551
1.38809    -1.12654    0    -0.597153    -2.49961    0.23551
1.38809    -1.12654    5.6788e-30    -0.597153    -2.49961    0.23551
1.38809    -1.12654    7.85993e-32    -0.597153    -2.49961    0.23551
1.38809    -1.12654    8.66558e-30    -0.597153    -2.49961    0.23551
1.38809    -1.12654    1.76849e-31    -0.597153    -2.49961    0.23551
1.38809    -1.12654    2.37763e-30    -0.597153    -2.49961    0.23551
1.38809    -1.12654    3.85137e-30    -0.597153    -2.49961    0.23551
1.38809    -1.12654    7.07394e-31    -0.597153    -2.49961    0.23551
1.38809    -1.12654    1.22811e-29    -0.597153    -2.49961    0.23551
1.38809    -1.12654    1.96498e-32    -0.597153    -2.49961    0.23551
1.38809    -1.12654    7.09359e-30    -0.597153    -2.49961    0.23551
1.38809    -1.12654    5.03036e-30    -0.597153    -2.49961    0.23551
1.38809    -1.12654    3.32082e-30    -0.597153    -2.49961    0.23551
1.38809    -1.12654    1.96498e-30    -0.597153    -2.49961    0.23551
1.38809    -1.12654    1.96498e-32    -0.597153    -2.49961    0.23551
1.38809    -1.12654    9.62842e-31    -0.597153    -2.49961    0.23551
1.38809    -1.12654    1.96498e-32    -0.597153    -2.49961    0.23551
1.38809    -1.12654    0    -0.597153    -2.49961    0.23551
1.38809    -1.12654    7.85993e-32    -0.597153    -2.49961    0.23551
1.38809    -1.12654    7.85993e-32    -0.597153    -2.49961    0.23551
1.38809    -1.12654    1.96498e-32    -0.597153    -2.49961    0.23551
1.38809    -1.12654    1.76849e-31    -0.597153    -2.49961    0.23551
1.38809    -1.12654    3.14397e-31    -0.597153    -2.49961    0.23551
1.38809    -1.12654    7.85993e-32    -0.597153    -2.49961    0.23551
1.38809    -1.12654    2.82958e-30    -0.597153    -2.49961    0.23551
1.38809    -1.12654    3.14397e-31    -0.597153    -2.49961    0.23551
1.38809    -1.12654    5.6788e-30    -0.597153    -2.49961    0.23551
1.38809    -1.12654    4.91246e-31    -0.597153    -2.49961    0.23551
1.38809    -1.12654    7.07394e-31    -0.597153    -2.49961    0.23551
1.38809    -1.12654    9.62842e-31    -0.597153    -2.49961    0.23551
1.38809    -1.12654    9.62842e-31    -0.597153    -2.49961    0.23551
1.38809    -1.12654    7.07394e-31    -0.597153    -2.49961    0.23551
1.38809    -1.12654    1.96498e-32    -0.597153    -2.49961    0.23551
1.38809    -1.12654    7.07394e-31    -0.597153    -2.49961    0.23551
1.38809    -1.12654    9.62842e-31    -0.597153    -2.49961    0.23551
1.38809    -1.12654    1.96498e-30    -0.597153    -2.49961    0.23551
1.38809    -1.12654    1.59164e-30    -0.597153    -2.49961    0.23551
1.38809    -1.12654    1.25759e-30    -0.597153    -2.49961    0.23551
1.38809    -1.12654    7.07394e-31    -0.597153    -2.49961    0.23551
1.38809    -1.12654    5.03036e-30    -0.597153    -2.49961    0.23551
1.38809    -1.12654    7.07394e-31    -0.597153    -2.49961    0.23551
1.38809    -1.12654    6.36655e-30    -0.597153    -2.49961    0.23551
1.38809    -1.12654    7.85993e-32    -0.597153    -2.49961    0.23551
1.38809    -1.12654    6.36655e-30    -0.597153    -2.49961    0.23551
1.38809    -1.12654    3.32082e-30    -0.597153    -2.49961    0.23551
1.38809    -1.12654    3.14397e-31    -0.597153    -2.49961    0.23551
1.38809    -1.12654    3.14397e-31    -0.597153    -2.49961    0.23551
1.38809    -1.12654    1.96498e-30    -0.597153    -2.49961    0.23551
1.38809    -1.12654    4.91246e-31    -0.597153    -2.49961    0.23551
1.38809    -1.12654    3.14397e-31    -0.597153    -2.49961    0.23551
1.38809    -1.12654    7.85993e-32    -0.597153    -2.49961    0.23551
1.38809    -1.12654    3.14397e-31    -0.597153    -2.49961    0.23551
1.38809    -1.12654    4.91246e-31    -0.597153    -2.49961    0.23551
1.38809    -1.12654    7.07394e-31    -0.597153    -2.49961    0.23551
1.38809    -1.12654    9.62842e-31    -0.597153    -2.49961    0.23551
1.38809    -1.12654    1.25759e-30    -0.597153    -2.49961    0.23551
1.38809    -1.12654    7.07394e-31    -0.597153    -2.49961    0.23551
1.38809    -1.12654    7.85993e-32    -0.597153    -2.49961    0.23551
1.38809    -1.12654    1.96498e-30    -0.597153    -2.49961    0.23551
1.38809    -1.12654    3.14397e-31    -0.597153    -2.49961    0.23551
1.38809    -1.12654    6.36655e-30    -0.597153    -2.49961    0.23551
1.38809    -1.12654    1.96498e-32    -0.597153    -2.49961    0.23551
1.38809    -1.12654    1.25759e-30    -0.597153    -2.49961    0.23551
1.38809    -1.12654    9.62842e-31    -0.597153    -2.49961    0.23551
1.38809    -1.12654    4.91246e-31    -0.597153    -2.49961    0.23551
1.38809    -1.12654    7.85993e-32    -0.597153    -2.49961    0.23551
1.38809    -1.12654    1.96498e-32    -0.597153    -2.49961    0.23551
1.38809    -1.12654    7.85993e-32    -0.597153    -2.49961    0.23551
1.38809    -1.12654    1.76849e-31    -0.597153    -2.49961    0.23551
1.38809    -1.12654    7.85993e-32    -0.597153    -2.49961    0.23551
1.38809    -1.12654    3.14397e-31    -0.597153    -2.49961    0.23551
1.38809    -1.12654    4.42121e-30    -0.597153    -2.49961    0.23551
1.38809    -1.12654    7.85993e-32    -0.597153    -2.49961    0.23551
1.38809    -1.12654    1.96498e-30    -0.597153    -2.49961    0.23551
1.38809    -1.12654    7.07394e-31    -0.597153    -2.49961    0.23551
1.38809    -1.12654    6.36655e-30    -0.597153    -2.49961    0.23551
1.38809    -1.12654    7.85993e-32    -0.597153    -2.49961    0.23551
1.38809    -1.12654    3.32082e-30    -0.597153    -2.49961    0.23551
1.38809    -1.12654    2.82958e-30    -0.597153    -2.49961    0.23551
1.38809    -1.12654    9.62842e-31    -0.597153    -2.49961    0.23551
1.38809    -1.12654    5.6788e-30    -0.597153    -2.49961    0.23551
1.38809    -1.12654    0    -0.597153    -2.49961    0.23551
1.38809    -1.12654    1.96498e-30    -0.597153    -2.49961    0.23551
1.38809    -1.12654    9.62842e-31    -0.597153    -2.49961    0.23551
1.38809    -1.12654    7.07394e-31    -0.597153    -2.49961    0.23551
1.38809    -1.12654    4.91246e-31    -0.597153    -2.49961    0.23551
1.38809    -1.12654    1.59164e-30    -0.597153    -2.49961    0.23551
1.38809    -1.12654    4.91246e-31    -0.597153    -2.49961    0.23551
1.38809    -1.12654    7.07394e-31    -0.597153    -2.49961    0.23551
1.38809    -1.12654    2.82958e-30    -0.597153    -2.49961    0.23551
1.38809    -1.12654    0    -0.597153    -2.49961    0.23551
1.38809    -1.12654    9.62842e-31    -0.597153    -2.49961    0.23551
1.38809    -1.12654    1.96498e-32    -0.597153    -2.49961    0.23551
1.38809    -1.12654    3.14397e-31    -0.597153    -2.49961    0.23551
1.38809    -1.12654    2.37763e-30    -0.597153    -2.49961    0.23551
1.38809    -1.12654    1.96498e-32    -0.597153    -2.49961    0.23551
1.38809    -1.12654    9.62842e-31    -0.597153    -2.49961    0.23551
1.38809    -1.12654    1.76849e-31    -0.597153    -2.49961    0.23551
1.38809    -1.12654    1.96498e-32    -0.597153    -2.49961    0.23551
1.38809    -1.12654    7.85993e-32    -0.597153    -2.49961    0.23551
1.38809    -1.12654    1.59164e-30    -0.597153    -2.49961    0.23551
1.38809    -1.12654    7.07394e-31    -0.597153    -2.49961    0.23551
1.38809    -1.12654    7.85993e-32    -0.597153    -2.49961    0.23551
1.38809    -1.12654    3.85137e-30    -0.597153    -2.49961    0.23551
1.38809    -1.12654    4.91246e-31    -0.597153    -2.49961    0.23551
1.38809    -1.12654    5.03036e-30    -0.597153    -2.49961    0.23551
1.38809    -1.12654    0    -0.597153    -2.49961    0.23551
1.38809    -1.12654    2.82958e-30    -0.597153    -2.49961    0.23551
1.38809    -1.12654    1.25759e-30    -0.597153    -2.49961    0.23551
1.38809    -1.12654    1.96498e-32    -0.597153    -2.49961    0.23551
1.38809    -1.12654    1.76849e-31    -0.597153    -2.49961    0.23551
1.38809    -1.12654    2.37763e-30    -0.597153    -2.49961    0.23551
1.38809    -1.12654    4.91246e-31    -0.597153    -2.49961    0.23551
1.38809    -1.12654    1.25759e-30    -0.597153    -2.49961    0.23551
1.38809    -1.12654    1.96498e-32    -0.597153    -2.49961    0.23551
1.38809    -1.12654    7.85993e-32    -0.597153    -2.49961    0.23551
1.38809    -1.12654    3.14397e-31    -0.597153    -2.49961    0.23551
1.38809    -1.12654    2.82958e-30    -0.597153    -2.49961    0.23551
1.38809    -1.12654    3.14397e-31    -0.597153    -2.49961    0.23551
1.38809    -1.12654    7.85993e-30    -0.597153    -2.49961    0.23551
1.38809    -1.12654    1.76849e-31    -0.597153    -2.49961    0.23551
1.38809    -1.12654    7.85993e-30    -0.597153    -2.49961    0.23551
1.38809    -1.12654    3.14397e-31    -0.597153    -2.49961    0.23551
1.38809    -1.12654    1.59164e-30    -0.597153    -2.49961    0.23551
1.38809    -1.12654    1.59164e-30    -0.597153    -2.49961    0.23551
1.38809    -1.12654    2.82958e-30    -0.597153    -2.49961    0.23551
1.38809    -1.12654    1.76849e-31    -0.597153    -2.49961    0.23551
1.38809    -1.12654    4.91246e-31    -0.597153    -2.49961    0.23551
1.38809    -1.12654    0    -0.597153    -2.49961    0.23551
1.38809    -1.12654    1.96498e-32    -0.597153    -2.49961    0.23551
1.38809    -1.12654    0    -0.597153    -2.49961    0.23551
1.38809    -1.12654    1.96498e-32    -0.597153    -2.49961    0.23551
1.38809    -1.12654    4.91246e-31    -0.597153    -2.49961    0.23551
1.38809    -1.12654    1.96498e-30    -0.597153    -2.49961    0.23551
1.38809    -1.12654    3.32082e-30    -0.597153    -2.49961    0.23551
1.38809    -1.12654    7.85993e-32    -0.597153    -2.49961    0.23551
1.38809    -1.12654    3.85137e-30    -0.597153    -2.49961    0.23551
1.38809    -1.12654    7.85993e-32    -0.597153    -2.49961    0.23551
1.38809    -1.12654    3.85137e-30    -0.597153    -2.49961    0.23551
1.38809    -1.12654    3.32082e-30    -0.597153    -2.49961    0.23551
1.38809    -1.12654    9.62842e-31    -0.597153    -2.49961    0.23551
1.38809    -1.12654    2.37763e-30    -0.597153    -2.49961    0.23551
1.38809    -1.12654    9.62842e-31    -0.597153    -2.49961    0.23551
1.38809    -1.12654    4.91246e-31    -0.597153    -2.49961    0.23551
1.38809    -1.12654    4.42121e-30    -0.597153    -2.49961    0.23551
1.38809    -1.12654    1.76849e-31    -0.597153    -2.49961    0.23551
1.38809    -1.12654    5.03036e-30    -0.597153    -2.49961    0.23551
1.38809    -1.12654    9.62842e-31    -0.597153    -2.49961    0.23551
1.38809    -1.12654    4.91246e-31    -0.597153    -2.49961    0.23551
1.38809    -1.12654    7.09359e-30    -0.597153    -2.49961    0.23551
1.38809    -1.12654    3.14397e-31    -0.597153    -2.49961    0.23551
1.38809    -1.12654    5.03036e-30    -0.597153    -2.49961    0.23551
1.38809    -1.12654    1.25759e-30    -0.597153    -2.49961    0.23551
1.38809    -1.12654    1.25759e-30    -0.597153    -2.49961    0.23551
1.38809    -1.12654    1.25759e-30    -0.597153    -2.49961    0.23551
1.38809    -1.12654    4.91246e-31    -0.597153    -2.49961    0.23551
1.38809    -1.12654    1.25759e-30    -0.597153    -2.49961    0.23551
1.38809    -1.12654    7.85993e-32    -0.597153    -2.49961    0.23551
1.38809    -1.12654    2.37763e-30    -0.597153    -2.49961    0.23551
1.38809    -1.12654    1.76849e-31    -0.597153    -2.49961    0.23551
1.38809    -1.12654    1.76849e-31    -0.597153    -2.49961    0.23551
1.38809    -1.12654    1.59164e-30    -0.597153    -2.49961    0.23551
1.38809    -1.12654    1.59164e-30    -0.597153    -2.49961    0.23551
1.38809    -1.12654    7.07394e-31    -0.597153    -2.49961    0.23551
1.38809    -1.12654    1.76849e-31    -0.597153    -2.49961    0.23551
1.38809    -1.12654    0    -0.597153    -2.49961    0.23551
1.38809    -1.12654    0    -0.597153    -2.49961    0.23551
1.38809    -1.12654    7.85993e-32    -0.597153    -2.49961    0.23551
1.38809    -1.12654    1.76849e-31    -0.597153    -2.49961    0.23551
1.38809    -1.12654    1.96498e-32    -0.597153    -2.49961    0.23551
1.38809    -1.12654    1.96498e-32    -0.597153    -2.49961    0.23551
1.38809    -1.12654    1.76849e-31    -0.597153    -2.49961    0.23551
1.38809    -1.12654    3.14397e-31    -0.597153    -2.49961    0.23551
1.38809    -1.12654    3.14397e-31    -0.597153    -2.49961    0.23551
1.38809    -1.12654    1.25759e-30    -0.597153    -2.49961    0.23551
1.38809    -1.12654    3.85137e-30    -0.597153    -2.49961    0.23551
1.38809    -1.12654    3.14397e-31    -0.597153    -2.49961    0.23551
1.38809    -1.12654    5.6788e-30    -0.597153    -2.49961    0.23551
1.38809    -1.12654    7.07394e-31    -0.597153    -2.49961    0.23551
1.38809    -1.12654    1.43247e-29    -0.597153    -2.49961    0.23551
1.38809    -1.12654    9.62842e-31    -0.597153    -2.49961    0.23551
1.38809    -1.12654    1.13183e-29    -0.597153    -2.49961    0.23551
1.38809    -1.12654    3.14397e-31    -0.597153    -2.49961    0.23551
1.38809    -1.12654    7.07394e-31    -0.597153    -2.49961    0.23551
1.38809    -1.12654    2.82958e-30    -0.597153    -2.49961    0.23551
1.38809    -1.12654    1.96498e-30    -0.597153    -2.49961    0.23551
1.38809    -1.12654    1.96498e-30    -0.597153    -2.49961    0.23551
1.38809    -1.12654    7.07394e-31    -0.597153    -2.49961    0.23551
1.38809    -1.12654    0    -0.597153    -2.49961    0.23551
1.38809    -1.12654    1.76849e-31    -0.597153    -2.49961    0.23551
1.38809    -1.12654    0    -0.597153    -2.49961    0.23551
1.38809    -1.12654    1.96498e-32    -0.597153    -2.49961    0.23551
1.38809    -1.12654    4.91246e-31    -0.597153    -2.49961    0.23551
1.38809    -1.12654    5.03036e-30    -0.597153    -2.49961    0.23551
1.38809    -1.12654    1.76849e-31    -0.597153    -2.49961    0.23551
1.38809    -1.12654    2.37763e-30    -0.597153    -2.49961    0.23551
1.38809    -1.12654    4.91246e-31    -0.597153    -2.49961    0.23551
1.38809    -1.12654    1.76849e-31    -0.597153    -2.49961    0.23551
1.38809    -1.12654    7.09359e-30    -0.597153    -2.49961    0.23551
1.38809    -1.12654    7.85993e-32    -0.597153    -2.49961    0.23551
1.38809    -1.12654    3.32082e-30    -0.597153    -2.49961    0.23551
1.38809    -1.12654    8.66558e-30    -0.597153    -2.49961    0.23551
1.38809    -1.12654    1.96498e-32    -0.597153    -2.49961    0.23551
1.38809    -1.12654    5.03036e-30    -0.597153    -2.49961    0.23551
1.38809    -1.12654    4.42121e-30    -0.597153    -2.49961    0.23551
1.38809    -1.12654    1.96498e-32    -0.597153    -2.49961    0.23551
1.38809    -1.12654    5.03036e-30    -0.597153    -2.49961    0.23551
1.38809    -1.12654    4.91246e-31    -0.597153    -2.49961    0.23551
1.38809    -1.12654    7.07394e-31    -0.597153    -2.49961    0.23551
1.38809    -1.12654    1.96498e-32    -0.597153    -2.49961    0.23551
1.38809    -1.12654    0    -0.597153    -2.49961    0.23551
1.38809    -1.12654    4.91246e-31    -0.597153    -2.49961    0.23551
1.38809    -1.12654    3.85137e-30    -0.597153    -2.49961    0.23551
1.38809    -1.12654    1.76849e-31    -0.597153    -2.49961    0.23551
1.38809    -1.12654    2.82958e-30    -0.597153    -2.49961    0.23551
1.38809    -1.12654    1.96498e-30    -0.597153    -2.49961    0.23551
1.38809    -1.12654    7.07394e-31    -0.597153    -2.49961    0.23551
1.38809    -1.12654    5.6788e-30    -0.597153    -2.49961    0.23551
1.38809    -1.12654    7.07394e-31    -0.597153    -2.49961    0.23551
1.38809    -1.12654    2.37763e-30    -0.597153    -2.49961    0.23551
1.38809    -1.12654    1.76849e-31    -0.597153    -2.49961    0.23551
1.38809    -1.12654    1.76849e-31    -0.597153    -2.49961    0.23551
1.38809    -1.12654    1.96498e-32    -0.597153    -2.49961    0.23551
1.38809    -1.12654    1.76849e-31    -0.597153    -2.49961    0.23551
1.38809    -1.12654    0    -0.597153    -2.49961    0.23551
1.38809    -1.12654    3.14397e-31    -0.597153    -2.49961    0.23551
1.38809    -1.12654    4.91246e-31    -0.597153    -2.49961    0.23551
1.38809    -1.12654    1.96498e-32    -0.597153    -2.49961    0.23551
1.38809    -1.12654    3.32082e-30    -0.597153    -2.49961    0.23551
1.38809    -1.12654    7.85993e-32    -0.597153    -2.49961    0.23551
1.38809    -1.12654    2.82958e-30    -0.597153    -2.49961    0.23551
1.38809    -1.12654    4.91246e-31    -0.597153    -2.49961    0.23551
1.38809    -1.12654    5.6788e-30    -0.597153    -2.49961    0.23551
1.38809    -1.12654    7.85993e-32    -0.597153    -2.49961    0.23551
1.38809    -1.12654    9.62842e-31    -0.597153    -2.49961    0.23551
1.38809    -1.12654    7.07394e-31    -0.597153    -2.49961    0.23551
1.38809    -1.12654    7.07394e-31    -0.597153    -2.49961    0.23551
1.38809    -1.12654    3.14397e-31    -0.597153    -2.49961    0.23551
1.38809    -1.12654    1.96498e-32    -0.597153    -2.49961    0.23551
1.38809    -1.12654    2.82958e-30    -0.597153    -2.49961    0.23551
1.38809    -1.12654    5.6788e-30    -0.597153    -2.49961    0.23551
1.38809    -1.12654    4.91246e-31    -0.597153    -2.49961    0.23551
1.38809    -1.12654    3.85137e-30    -0.597153    -2.49961    0.23551
1.38809    -1.12654    3.85137e-30    -0.597153    -2.49961    0.23551
1.38809    -1.12654    1.96498e-30    -0.597153    -2.49961    0.23551
1.38809    -1.12654    1.25759e-30    -0.597153    -2.49961    0.23551
1.38809    -1.12654    4.91246e-31    -0.597153    -2.49961    0.23551
1.38809    -1.12654    3.14397e-31    -0.597153    -2.49961    0.23551
1.38809    -1.12654    4.42121e-30    -0.597153    -2.49961    0.23551
1.38809    -1.12654    7.85993e-32    -0.597153    -2.49961    0.23551
1.38809    -1.12654    4.91246e-31    -0.597153    -2.49961    0.23551
1.38809    -1.12654    6.36655e-30    -0.597153    -2.49961    0.23551
1.38809    -1.12654    4.91246e-31    -0.597153    -2.49961    0.23551
1.38809    -1.12654    5.03036e-30    -0.597153    -2.49961    0.23551
1.38809    -1.12654    5.03036e-30    -0.597153    -2.49961    0.23551
1.38809    -1.12654    3.14397e-31    -0.597153    -2.49961    0.23551
1.38809    -1.12654    2.82958e-30    -0.597153    -2.49961    0.23551
1.38809    -1.12654    3.14397e-31    -0.597153    -2.49961    0.23551
1.38809    -1.12654    6.36655e-30    -0.597153    -2.49961    0.23551
1.38809    -1.12654    1.76849e-31    -0.597153    -2.49961    0.23551
1.38809    -1.12654    5.03036e-30    -0.597153    -2.49961    0.23551
1.38809    -1.12654    1.25759e-30    -0.597153    -2.49961    0.23551
1.38809    -1.12654    4.42121e-30    -0.597153    -2.49961    0.23551
1.38809    -1.12654    2.82958e-30    -0.597153    -2.49961    0.23551
1.38809    -1.12654    4.91246e-31    -0.597153    -2.49961    0.23551
1.38809    -1.12654    9.62842e-31    -0.597153    -2.49961    0.23551
1.38809    -1.12654    7.85993e-32    -0.597153    -2.49961    0.23551
1.38809    -1.12654    1.76849e-31    -0.597153    -2.49961    0.23551
1.38809    -1.12654    1.96498e-32    -0.597153    -2.49961    0.23551
1.38809    -1.12654    7.85993e-32    -0.597153    -2.49961    0.23551
1.38809    -1.12654    3.14397e-31    -0.597153    -2.49961    0.23551
1.38809    -1.12654    7.85993e-32    -0.597153    -2.49961    0.23551
1.38809    -1.12654    9.62842e-31    -0.597153    -2.49961    0.23551
1.38809    -1.12654    1.96498e-32    -0.597153    -2.49961    0.23551
1.38809    -1.12654    2.82958e-30    -0.597153    -2.49961    0.23551
1.38809    -1.12654    2.37763e-30    -0.597153    -2.49961    0.23551
1.38809    -1.12654    1.59164e-30    -0.597153    -2.49961    0.23551
1.38809    -1.12654    1.96498e-30    -0.597153    -2.49961    0.23551
1.38809    -1.12654    7.07394e-31    -0.597153    -2.49961    0.23551
1.38809    -1.12654    1.96498e-32    -0.597153    -2.49961    0.23551
1.38809    -1.12654    0    -0.597153    -2.49961    0.23551
1.38809    -1.12654    0    -0.597153    -2.49961    0.23551
1.38809    -1.12654    7.85993e-32    -0.597153    -2.49961    0.23551
1.38809    -1.12654    7.85993e-32    -0.597153    -2.49961    0.23551
1.38809    -1.12654    1.96498e-32    -0.597153    -2.49961    0.23551
1.38809    -1.12654    1.96498e-32    -0.597153    -2.49961    0.23551
1.38809    -1.12654    7.85993e-32    -0.597153    -2.49961    0.23551
1.38809    -1.12654    0    -0.597153    -2.49961    0.23551
1.38809    -1.12654    7.85993e-32    -0.597153    -2.49961    0.23551
1.38809    -1.12654    7.85993e-32    -0.597153    -2.49961    0.23551
1.38809    -1.12654    3.32082e-30    -0.597153    -2.49961    0.23551
1.38809    -1.12654    1.96498e-32    -0.597153    -2.49961    0.23551
1.38809    -1.12654    3.85137e-30    -0.597153    -2.49961    0.23551
1.38809    -1.12654    2.82958e-30    -0.597153    -2.49961    0.23551
1.38809    -1.12654    3.14397e-31    -0.597153    -2.49961    0.23551
1.38809    -1.12654    3.14397e-31    -0.597153    -2.49961    0.23551
1.38809    -1.12654    7.07394e-31    -0.597153    -2.49961    0.23551
1.38809    -1.12654    7.85993e-32    -0.597153    -2.49961    0.23551
1.38809    -1.12654    0    -0.597153    -2.49961    0.23551
1.38809    -1.12654    0    -0.597153    -2.49961    0.23551
1.38809    -1.12654    7.85993e-32    -0.597153    -2.49961    0.23551
1.38809    -1.12654    2.82958e-30    -0.597153    -2.49961    0.23551
1.38809    -1.12654    7.07394e-31    -0.597153    -2.49961    0.23551
1.38809    -1.12654    7.07394e-31    -0.597153    -2.49961    0.23551
1.38809    -1.12654    4.91246e-31    -0.597153    -2.49961    0.23551
1.38809    -1.12654    4.91246e-31    -0.597153    -2.49961    0.23551
1.38809    -1.12654    3.85137e-30    -0.597153    -2.49961    0.23551
1.38809    -1.12654    1.76849e-31    -0.597153    -2.49961    0.23551
1.38809    -1.12654    3.32082e-30    -0.597153    -2.49961    0.23551
1.38809    -1.12654    3.85137e-30    -0.597153    -2.49961    0.23551
1.38809    -1.12654    1.96498e-32    -0.597153    -2.49961    0.23551
1.38809    -1.12654    1.59164e-30    -0.597153    -2.49961    0.23551
1.38809    -1.12654    1.03948e-29    -0.597153    -2.49961    0.23551
1.38809    -1.12654    1.76849e-31    -0.597153    -2.49961    0.23551
1.38809    -1.12654    5.03036e-30    -0.597153    -2.49961    0.23551
1.38809    -1.12654    1.32833e-29    -0.597153    -2.49961    0.23551
1.38809    -1.12654    1.96498e-32    -0.597153    -2.49961    0.23551
1.38809    -1.12654    8.66558e-30    -0.597153    -2.49961    0.23551
1.38809    -1.12654    2.82958e-30    -0.597153    -2.49961    0.23551
1.38809    -1.12654    1.76849e-31    -0.597153    -2.49961    0.23551
1.38809    -1.12654    1.59164e-30    -0.597153    -2.49961    0.23551
1.38809    -1.12654    1.96498e-30    -0.597153    -2.49961    0.23551
1.38809    -1.12654    7.07394e-31    -0.597153    -2.49961    0.23551
1.38809    -1.12654    4.42121e-30    -0.597153    -2.49961    0.23551
1.38809    -1.12654    9.62842e-31    -0.597153    -2.49961    0.23551
1.38809    -1.12654    9.51052e-30    -0.597153    -2.49961    0.23551
1.38809    -1.12654    1.76849e-31    -0.597153    -2.49961    0.23551
1.38809    -1.12654    2.37763e-30    -0.597153    -2.49961    0.23551
1.38809    -1.12654    6.36655e-30    -0.597153    -2.49961    0.23551
1.38809    -1.12654    2.37763e-30    -0.597153    -2.49961    0.23551
1.38809    -1.12654    4.91246e-31    -0.597153    -2.49961    0.23551
1.38809    -1.12654    3.14397e-31    -0.597153    -2.49961    0.23551
1.38809    -1.12654    5.6788e-30    -0.597153    -2.49961    0.23551
1.38809    -1.12654    0    -0.597153    -2.49961    0.23551
1.38809    -1.12654    3.32082e-30    -0.597153    -2.49961    0.23551
1.38809    -1.12654    1.59164e-30    -0.597153    -2.49961    0.23551
1.38809    -1.12654    1.96498e-30    -0.597153    -2.49961    0.23551
1.38809    -1.12654    2.37763e-30    -0.597153    -2.49961    0.23551
1.38809    -1.12654    0    -0.597153    -2.49961    0.23551
1.38809    -1.12654    9.62842e-31    -0.597153    -2.49961    0.23551
1.38809    -1.12654    7.85993e-32    -0.597153    -2.49961    0.23551
1.38809    -1.12654    1.96498e-30    -0.597153    -2.49961    0.23551
1.38809    -1.12654    0    -0.597153    -2.49961    0.23551
1.38809    -1.12654    9.62842e-31    -0.597153    -2.49961    0.23551
1.38809    -1.12654    3.14397e-31    -0.597153    -2.49961    0.23551
1.38809    -1.12654    4.91246e-31    -0.597153    -2.49961    0.23551
1.38809    -1.12654    9.62842e-31    -0.597153    -2.49961    0.23551
1.38809    -1.12654    1.76849e-31    -0.597153    -2.49961    0.23551
1.38809    -1.12654    1.96498e-32    -0.597153    -2.49961    0.23551
1.38809    -1.12654    3.14397e-31    -0.597153    -2.49961    0.23551
1.38809    -1.12654    7.85993e-32    -0.597153    -2.49961    0.23551
1.38809    -1.12654    3.14397e-31    -0.597153    -2.49961    0.23551
1.38809    -1.12654    2.37763e-30    -0.597153    -2.49961    0.23551
1.38809    -1.12654    1.96498e-32    -0.597153    -2.49961    0.23551
1.38809    -1.12654    4.91246e-31    -0.597153    -2.49961    0.23551
1.38809    -1.12654    1.96498e-30    -0.597153    -2.49961    0.23551
1.38809    -1.12654    3.14397e-31    -0.597153    -2.49961    0.23551
1.38809    -1.12654    5.03036e-30    -0.597153    -2.49961    0.23551
1.38809    -1.12654    7.85993e-32    -0.597153    -2.49961    0.23551
1.38809    -1.12654    1.59164e-30    -0.597153    -2.49961    0.23551
1.38809    -1.12654    1.59164e-30    -0.597153    -2.49961    0.23551
1.38809    -1.12654    1.96498e-32    -0.597153    -2.49961    0.23551
1.38809    -1.12654    7.07394e-31    -0.597153    -2.49961    0.23551
1.38809    -1.12654    4.91246e-31    -0.597153    -2.49961    0.23551
1.38809    -1.12654    1.25759e-30    -0.597153    -2.49961    0.23551
1.38809    -1.12654    4.91246e-31    -0.597153    -2.49961    0.23551
1.38809    -1.12654    1.25759e-30    -0.597153    -2.49961    0.23551
1.38809    -1.12654    4.91246e-31    -0.597153    -2.49961    0.23551
1.38809    -1.12654    5.03036e-30    -0.597153    -2.49961    0.23551
1.38809    -1.12654    1.25759e-30    -0.597153    -2.49961    0.23551
1.38809    -1.12654    7.07394e-31    -0.597153    -2.49961    0.23551
1.38809    -1.12654    8.66558e-30    -0.597153    -2.49961    0.23551
1.38809    -1.12654    1.76849e-31    -0.597153    -2.49961    0.23551
1.38809    -1.12654    4.42121e-30    -0.597153    -2.49961    0.23551
1.38809    -1.12654    1.25759e-30    -0.597153    -2.49961    0.23551
1.38809    -1.12654    1.76849e-31    -0.597153    -2.49961    0.23551
1.38809    -1.12654    2.37763e-30    -0.597153    -2.49961    0.23551
1.38809    -1.12654    7.07394e-31    -0.597153    -2.49961    0.23551
1.38809    -1.12654    1.96498e-32    -0.597153    -2.49961    0.23551
1.38809    -1.12654    1.25759e-30    -0.597153    -2.49961    0.23551
1.38809    -1.12654    2.82958e-30    -0.597153    -2.49961    0.23551
1.38809    -1.12654    7.85993e-32    -0.597153    -2.49961    0.23551
1.38809    -1.12654    1.96498e-32    -0.597153    -2.49961    0.23551
1.38809    -1.12654    3.32082e-30    -0.597153    -2.49961    0.23551
1.38809    -1.12654    1.96498e-32    -0.597153    -2.49961    0.23551
1.38809    -1.12654    9.62842e-31    -0.597153    -2.49961    0.23551
1.38809    -1.12654    7.07394e-31    -0.597153    -2.49961    0.23551
1.38809    -1.12654    1.25759e-30    -0.597153    -2.49961    0.23551
1.38809    -1.12654    1.96498e-32    -0.597153    -2.49961    0.23551
1.38809    -1.12654    0    -0.597153    -2.49961    0.23551
1.38809    -1.12654    0    -0.597153    -2.49961    0.23551
1.38809    -1.12654    7.85993e-32    -0.597153    -2.49961    0.23551
1.38809    -1.12654    0    -0.597153    -2.49961    0.23551
1.38809    -1.12654    1.96498e-32    -0.597153    -2.49961    0.23551
1.38809    -1.12654    4.91246e-31    -0.597153    -2.49961    0.23551
1.38809    -1.12654    3.32082e-30    -0.597153    -2.49961    0.23551
1.38809    -1.12654    1.96498e-32    -0.597153    -2.49961    0.23551
1.38809    -1.12654    1.25759e-30    -0.597153    -2.49961    0.23551
1.38809    -1.12654    7.07394e-31    -0.597153    -2.49961    0.23551
1.38809    -1.12654    3.85137e-30    -0.597153    -2.49961    0.23551
1.38809    -1.12654    3.14397e-31    -0.597153    -2.49961    0.23551
1.38809    -1.12654    1.13183e-29    -0.597153    -2.49961    0.23551
1.38809    -1.12654    7.85993e-32    -0.597153    -2.49961    0.23551
1.38809    -1.12654    6.36655e-30    -0.597153    -2.49961    0.23551
1.38809    -1.12654    3.32082e-30    -0.597153    -2.49961    0.23551
1.38809    -1.12654    1.76849e-31    -0.597153    -2.49961    0.23551
1.38809    -1.12654    5.6788e-30    -0.597153    -2.49961    0.23551
1.38809    -1.12654    1.76849e-31    -0.597153    -2.49961    0.23551
1.38809    -1.12654    9.62842e-31    -0.597153    -2.49961    0.23551
1.38809    -1.12654    5.03036e-30    -0.597153    -2.49961    0.23551
1.38809    -1.12654    7.85993e-32    -0.597153    -2.49961    0.23551
1.38809    -1.12654    7.09359e-30    -0.597153    -2.49961    0.23551
1.38809    -1.12654    3.32082e-30    -0.597153    -2.49961    0.23551
1.38809    -1.12654    9.62842e-31    -0.597153    -2.49961    0.23551
1.38809    -1.12654    5.6788e-30    -0.597153    -2.49961    0.23551
1.38809    -1.12654    1.76849e-31    -0.597153    -2.49961    0.23551
1.38809    -1.12654    3.32082e-30    -0.597153    -2.49961    0.23551
1.38809    -1.12654    1.76849e-31    -0.597153    -2.49961    0.23551
1.38809    -1.12654    1.96498e-30    -0.597153    -2.49961    0.23551
1.38809    -1.12654    5.6788e-30    -0.597153    -2.49961    0.23551
1.38809    -1.12654    0    -0.597153    -2.49961    0.23551
1.38809    -1.12654    1.96498e-30    -0.597153    -2.49961    0.23551
1.38809    -1.12654    1.59164e-30    -0.597153    -2.49961    0.23551
1.38809    -1.12654    3.14397e-31    -0.597153    -2.49961    0.23551
