1.2    -1.11796    0.00226738    -0.629992    -2.6426    0.147538
1.22357    -1.12017    0.00671774    -0.625636    -2.62362    0.162469
1.26414    -1.1231    0.0100727    -0.618307    -2.59168    0.185129
1.31382    -1.12538    0.0108298    -0.60961    -2.55381    0.208351
1.36534    -1.12644    0.00928211    -0.600902    -2.51592    0.228034
1.41303    -1.12643    0.0065404    -0.593112    -2.48203    0.242936
1.45306    -1.12578    0.00370943    -0.586766    -2.45443    0.253357
1.48321    -1.12495    0.00152263    -0.582101    -2.43413    0.260107
1.50252    -1.12429    0.0002947    -0.579159    -2.42135    0.263989
1.51102    -1.12396    1.03328e-05    -0.577879    -2.41577    0.265587
1.50943    -1.12402    0.000443041    -0.57812    -2.41681    0.26529
1.49901    -1.12441    0.00126208    -0.579694    -2.42365    0.263302
1.48143    -1.12501    0.00211963    -0.582375    -2.43532    0.25973
1.45864    -1.12565    0.00272152    -0.585897    -2.45064    0.25467
1.43281    -1.12617    0.00288387    -0.589955    -2.46829    0.248304
1.40623    -1.12648    0.00257053    -0.594208    -2.48679    0.240984
1.38113    -1.12654    0.00189826    -0.598294    -2.50457    0.233294
1.35957    -1.12638    0.00109611    -0.601863    -2.5201    0.226025
1.34318    -1.12613    0.000419981    -0.60461    -2.53205    0.220062
1.33303    -1.12592    5.12917e-05    -0.606326    -2.53952    0.21617
1.32949    -1.12583    2.92457e-05    -0.606929    -2.54214    0.214772
1.33216    -1.1259    0.000254049    -0.606473    -2.54016    0.21583
1.34005    -1.12607    0.000554711    -0.605136    -2.53435    0.218883
1.35171    -1.12628    0.000775761    -0.603174    -2.52581    0.22322
1.3655    -1.12644    0.000835002    -0.600874    -2.5158    0.228093
1.3798    -1.12653    0.000733673    -0.59851    -2.50552    0.232869
1.39321    -1.12654    0.000530721    -0.596316    -2.49598    0.2371
1.40462    -1.12649    0.000304739    -0.594466    -2.48793    0.240519
1.41326    -1.12642    0.000122203    -0.593074    -2.48187    0.243004
1.41873    -1.12637    2.01083e-05    -0.592196    -2.47806    0.244532
1.42095    -1.12634    2.8594e-06    -0.591842    -2.47651    0.245142
1.42011    -1.12635    4.92325e-05    -0.591976    -2.47709    0.244912
1.41664    -1.12639    0.000124458    -0.592532    -2.47951    0.243951
1.41112    -1.12644    0.000193097    -0.593419    -2.48337    0.242394
1.40424    -1.12649    0.000229456    -0.594528    -2.48819    0.240405
1.39674    -1.12653    0.000223429    -0.595744    -2.49348    0.238171
1.38934    -1.12654    0.000180855    -0.596949    -2.49872    0.235899
1.38268    -1.12654    0.000118912    -0.598039    -2.50346    0.233794
1.37728    -1.12652    5.84912e-05    -0.598926    -2.50732    0.232046
1.3735    -1.1265    1.64049e-05    -0.59955    -2.51004    0.230796
1.37149    -1.12649    2.34902e-07    -0.599881    -2.51148    0.230127
1.37125    -1.12649    7.37327e-06    -0.599921    -2.51165    0.230046
1.3726    -1.1265    2.79688e-05    -0.599699    -2.51069    0.230496
1.37522    -1.12651    4.99358e-05    -0.599266    -2.50881    0.231366
1.37871    -1.12653    6.36851e-05    -0.59869    -2.5063    0.232514
1.38266    -1.12654    6.48584e-05    -0.598041    -2.50348    0.23379
1.38665    -1.12654    5.45527e-05    -0.597388    -2.50064    0.235057
1.39031    -1.12654    3.76062e-05    -0.59679    -2.49804    0.236201
1.39334    -1.12654    2.00607e-05    -0.596296    -2.49589    0.237138
1.39556    -1.12653    6.87481e-06    -0.595935    -2.49432    0.237815
1.39686    -1.12653    5.62341e-07    -0.595724    -2.4934    0.238209
1.39723    -1.12653    9.43904e-07    -0.595664    -2.49314    0.238321
1.39675    -1.12653    5.80536e-06    -0.595742    -2.49347    0.238175
1.39556    -1.12653    1.20435e-05    -0.595936    -2.49432    0.237813
1.39384    -1.12654    1.6839e-05    -0.596215    -2.49553    0.237289
1.39181    -1.12654    1.84932e-05    -0.596546    -2.49697    0.236665
1.38968    -1.12654    1.67382e-05    -0.596894    -2.49848    0.236005
1.38765    -1.12654    1.25254e-05    -0.597224    -2.49992    0.235371
1.3859    -1.12654    7.45949e-06    -0.597511    -2.50117    0.234819
1.38455    -1.12654    3.1283e-06    -0.597732    -2.50213    0.234391
1.38367    -1.12654    5.71848e-07    -0.597876    -2.50276    0.234112
1.3833    -1.12654    4.34402e-08    -0.597937    -2.50303    0.233992
1.3834    -1.12654    1.08715e-06    -0.59792    -2.50295    0.234025
1.38392    -1.12654    2.84087e-06    -0.597836    -2.50258    0.23419
1.38475    -1.12654    4.41292e-06    -0.597699    -2.50199    0.234456
1.38579    -1.12654    5.18638e-06    -0.597529    -2.50125    0.234786
1.38692    -1.12654    4.96278e-06    -0.597344    -2.50045    0.235141
1.38802    -1.12654    3.93287e-06    -0.597164    -2.49966    0.235488
1.389    -1.12654    2.52415e-06    -0.597003    -2.49896    0.235795
1.38979    -1.12654    1.2049e-06    -0.596875    -2.4984    0.23604
1.39033    -1.12654    3.19505e-07    -0.596786    -2.49802    0.236209
1.39061    -1.12654    1.92369e-09    -0.596741    -2.49782    0.236296
1.39064    -1.12654    1.77451e-07    -0.596737    -2.4978    0.236303
1.39043    -1.12654    6.32178e-07    -0.596771    -2.49795    0.236238
1.39003    -1.12654    1.11262e-06    -0.596835    -2.49823    0.236116
1.38951    -1.12654    1.41665e-06    -0.596921    -2.4986    0.235953
1.38892    -1.12654    1.44821e-06    -0.597017    -2.49902    0.235769
1.38833    -1.12654    1.22562e-06    -0.597114    -2.49945    0.235583
1.38778    -1.12654    8.50679e-07    -0.597204    -2.49983    0.235411
1.38732    -1.12654    4.56748e-07    -0.597278    -2.50016    0.235268
1.38699    -1.12654    1.57491e-07    -0.597333    -2.5004    0.235162
1.38679    -1.12654    1.3055e-08    -0.597365    -2.50054    0.235101
1.38673    -1.12654    2.13242e-08    -0.597375    -2.50058    0.235083
1.38681    -1.12654    1.31828e-07    -0.597363    -2.50053    0.235106
1.38699    -1.12654    2.72807e-07    -0.597333    -2.5004    0.235162
1.38724    -1.12654    3.79516e-07    -0.597291    -2.50021    0.235244
1.38755    -1.12654    4.14037e-07    -0.597241    -2.5    0.235339
1.38787    -1.12654    3.71835e-07    -0.597189    -2.49977    0.235439
1.38817    -1.12654    2.75796e-07    -0.59714    -2.49956    0.235534
1.38843    -1.12654    1.62515e-07    -0.597097    -2.49937    0.235616
1.38863    -1.12654    6.70803e-08    -0.597065    -2.49923    0.235678
1.38876    -1.12654    1.17216e-08    -0.597044    -2.49914    0.235718
1.38881    -1.12654    1.20938e-09    -0.597035    -2.4991    0.235735
1.38879    -1.12654    2.5023e-08    -0.597038    -2.49911    0.235729
1.38872    -1.12654    6.40902e-08    -0.597051    -2.49917    0.235705
1.38859    -1.12654    9.88807e-08    -0.597071    -2.49926    0.235666
1.38843    -1.12654    1.15899e-07    -0.597096    -2.49937    0.235617
1.38827    -1.12654    1.10787e-07    -0.597124    -2.49949    0.235564
1.3881    -1.12654    8.77443e-08    -0.597151    -2.4996    0.235513
1.38795    -1.12654    5.62542e-08    -0.597175    -2.49971    0.235467
1.38784    -1.12654    2.67721e-08    -0.597194    -2.49979    0.23543
1.38776    -1.12654    7.02778e-09    -0.597207    -2.49985    0.235404
1.38771    -1.12654    3.25761e-11    -0.597214    -2.49988    0.235391
1.38771    -1.12654    4.08471e-09    -0.597215    -2.49988    0.23539
1.38774    -1.12654    1.4338e-08    -0.597209    -2.49986    0.2354
1.3878    -1.12654    2.50748e-08    -0.5972    -2.49982    0.235419
1.38788    -1.12654    3.17747e-08    -0.597187    -2.49976    0.235444
1.38797    -1.12654    3.23379e-08    -0.597172    -2.4997    0.235471
1.38806    -1.12654    2.72408e-08    -0.597158    -2.49964    0.235499
1.38814    -1.12654    1.88066e-08    -0.597145    -2.49958    0.235525
1.38821    -1.12654    1.00247e-08    -0.597133    -2.49953    0.235546
1.38826    -1.12654    3.40885e-09    -0.597125    -2.49949    0.235562
1.38829    -1.12654    2.63088e-10    -0.597121    -2.49947    0.235571
1.38829    -1.12654    5.07825e-10    -0.597119    -2.49947    0.235573
1.38828    -1.12654    3.0021e-09    -0.597121    -2.49948    0.23557
1.38826    -1.12654    6.14676e-09    -0.597126    -2.49949    0.235561
1.38822    -1.12654    8.50835e-09    -0.597132    -2.49952    0.235549
1.38817    -1.12654    9.25306e-09    -0.597139    -2.49955    0.235535
1.38812    -1.12654    8.28875e-09    -0.597147    -2.49959    0.23552
1.38808    -1.12654    6.13127e-09    -0.597155    -2.49962    0.235506
1.38804    -1.12654    3.59915e-09    -0.597161    -2.49965    0.235494
1.38801    -1.12654    1.47475e-09    -0.597166    -2.49967    0.235484
1.38799    -1.12654    2.51259e-10    -0.597169    -2.49968    0.235478
1.38798    -1.12654    3.04965e-11    -0.59717    -2.49969    0.235476
1.38799    -1.12654    5.72734e-10    -0.59717    -2.49969    0.235477
1.388    -1.12654    1.44887e-09    -0.597168    -2.49968    0.23548
1.38802    -1.12654    2.22235e-09    -0.597165    -2.49966    0.235486
1.38804    -1.12654    2.59414e-09    -0.597161    -2.49965    0.235494
1.38807    -1.12654    2.47074e-09    -0.597157    -2.49963    0.235502
1.38809    -1.12654    1.9495e-09    -0.597153    -2.49961    0.235509
1.38811    -1.12654    1.24409e-09    -0.597149    -2.4996    0.235516
1.38813    -1.12654    5.87808e-10    -0.597146    -2.49958    0.235522
1.38814    -1.12654    1.51574e-10    -0.597144    -2.49958    0.235525
1.38815    -1.12654    4.21626e-13    -0.597143    -2.49957    0.235527
1.38815    -1.12654    9.45755e-11    -0.597143    -2.49957    0.235527
1.38814    -1.12654    3.24992e-10    -0.597144    -2.49957    0.235526
1.38813    -1.12654    5.64119e-10    -0.597146    -2.49958    0.235523
1.38812    -1.12654    7.11777e-10    -0.597147    -2.49959    0.235519
1.38811    -1.12654    7.22041e-10    -0.59715    -2.4996    0.235515
1.3881    -1.12654    6.06379e-10    -0.597152    -2.49961    0.235511
1.38808    -1.12654    4.17149e-10    -0.597154    -2.49962    0.235507
1.38807    -1.12654    2.21188e-10    -0.597155    -2.49962    0.235504
1.38807    -1.12654    7.43793e-11    -0.597157    -2.49963    0.235502
1.38806    -1.12654    5.39252e-12    -0.597157    -2.49963    0.2355
1.38806    -1.12654    1.19802e-11    -0.597158    -2.49963    0.2355
1.38806    -1.12654    6.83237e-11    -0.597157    -2.49963    0.235501
1.38807    -1.12654    1.38594e-10    -0.597157    -2.49963    0.235502
1.38807    -1.12654    1.90885e-10    -0.597156    -2.49963    0.235504
1.38808    -1.12654    2.0683e-10    -0.597154    -2.49962    0.235506
1.38809    -1.12654    1.84656e-10    -0.597153    -2.49962    0.235508
1.38809    -1.12654    1.36095e-10    -0.597152    -2.49961    0.23551
1.3881    -1.12654    7.95008e-11    -0.597151    -2.49961    0.235512
1.3881    -1.12654    3.22913e-11    -0.597151    -2.4996    0.235513
1.38811    -1.12654    5.34186e-12    -0.59715    -2.4996    0.235514
1.38811    -1.12654    7.72003e-13    -0.59715    -2.4996    0.235515
1.38811    -1.12654    1.31138e-11    -0.59715    -2.4996    0.235514
1.38811    -1.12654    3.27389e-11    -0.59715    -2.4996    0.235514
1.3881    -1.12654    4.99204e-11    -0.597151    -2.4996    0.235513
1.3881    -1.12654    5.80463e-11    -0.597151    -2.49961    0.235512
1.3881    -1.12654    5.51066e-11    -0.597152    -2.49961    0.235511
1.38809    -1.12654    4.33379e-11    -0.597153    -2.49961    0.23551
1.38809    -1.12654    2.75425e-11    -0.597153    -2.49961    0.235509
1.38809    -1.12654    1.29265e-11    -0.597153    -2.49962    0.235508
1.38808    -1.12654    3.2767e-12    -0.597154    -2.49962    0.235507
1.38808    -1.12654    4.66898e-15    -0.597154    -2.49962    0.235507
1.38808    -1.12654    2.18618e-12    -0.597154    -2.49962    0.235507
1.38808    -1.12654    7.36563e-12    -0.597154    -2.49962    0.235507
1.38808    -1.12654    1.26933e-11    -0.597154    -2.49962    0.235508
1.38809    -1.12654    1.59462e-11    -0.597153    -2.49962    0.235508
1.38809    -1.12654    1.61208e-11    -0.597153    -2.49961    0.235509
1.38809    -1.12654    1.34939e-11    -0.597153    -2.49961    0.235509
1.38809    -1.12654    9.24734e-12    -0.597152    -2.49961    0.23551
1.38809    -1.12654    4.87577e-12    -0.597152    -2.49961    0.23551
1.3881    -1.12654    1.62033e-12    -0.597152    -2.49961    0.235511
1.3881    -1.12654    1.09728e-13    -0.597152    -2.49961    0.235511
1.3881    -1.12654    2.82497e-13    -0.597152    -2.49961    0.235511
1.3881    -1.12654    1.55461e-12    -0.597152    -2.49961    0.235511
1.38809    -1.12654    3.12417e-12    -0.597152    -2.49961    0.235511
1.38809    -1.12654    4.28165e-12    -0.597152    -2.49961    0.23551
1.38809    -1.12654    4.62272e-12    -0.597152    -2.49961    0.23551
1.38809    -1.12654    4.11386e-12    -0.597152    -2.49961    0.23551
1.38809    -1.12654    3.02134e-12    -0.597153    -2.49961    0.235509
1.38809    -1.12654    1.75656e-12    -0.597153    -2.49961    0.235509
1.38809    -1.12654    7.0731e-13    -0.597153    -2.49961    0.235509
1.38809    -1.12654    1.1353e-13    -0.597153    -2.49961    0.235509
1.38809    -1.12654    1.93787e-14    -0.597153    -2.49961    0.235509
1.38809    -1.12654    3.0014e-13    -0.597153    -2.49961    0.235509
1.38809    -1.12654    7.39678e-13    -0.597153    -2.49961    0.235509
1.38809    -1.12654    1.12129e-12    -0.597153    -2.49961    0.235509
1.38809    -1.12654    1.29874e-12    -0.597153    -2.49961    0.235509
1.38809    -1.12654    1.22891e-12    -0.597153    -2.49961    0.235509
1.38809    -1.12654    9.63204e-13    -0.597153    -2.49961    0.23551
1.38809    -1.12654    6.09559e-13    -0.597152    -2.49961    0.23551
1.38809    -1.12654    2.84083e-13    -0.597152    -2.49961    0.23551
1.38809    -1.12654    7.07255e-14    -0.597152    -2.49961    0.23551
1.38809    -1.12654    3.39361e-17    -0.597152    -2.49961    0.23551
1.38809    -1.12654    5.05232e-14    -0.597152    -2.49961    0.23551
1.38809    -1.12654    1.66899e-13    -0.597152    -2.49961    0.23551
1.38809    -1.12654    2.85522e-13    -0.597152    -2.49961    0.23551
1.38809    -1.12654    3.57107e-13    -0.597152    -2.49961    0.23551
1.38809    -1.12654    3.59759e-13    -0.597152    -2.49961    0.23551
1.38809    -1.12654    3.00125e-13    -0.597153    -2.49961    0.23551
1.38809    -1.12654    2.04869e-13    -0.597153    -2.49961    0.235509
1.38809    -1.12654    1.07399e-13    -0.597153    -2.49961    0.235509
1.38809    -1.12654    3.52597e-14    -0.597153    -2.49961    0.235509
1.38809    -1.12654    2.21976e-15    -0.597153    -2.49961    0.235509
1.38809    -1.12654    6.6483e-15    -0.597153    -2.49961    0.235509
1.38809    -1.12654    3.5344e-14    -0.597153    -2.49961    0.235509
1.38809    -1.12654    7.0366e-14    -0.597153    -2.49961    0.235509
1.38809    -1.12654    9.59516e-14    -0.597153    -2.49961    0.235509
1.38809    -1.12654    1.03214e-13    -0.597153    -2.49961    0.235509
1.38809    -1.12654    9.15462e-14    -0.597153    -2.49961    0.235509
1.38809    -1.12654    6.69891e-14    -0.597153    -2.49961    0.23551
1.38809    -1.12654    3.8755e-14    -0.597153    -2.49961    0.23551
1.38809    -1.12654    1.54657e-14    -0.597153    -2.49961    0.23551
1.38809    -1.12654    2.40619e-15    -0.597152    -2.49961    0.23551
1.38809    -1.12654    4.82575e-16    -0.597152    -2.49961    0.23551
1.38809    -1.12654    6.85764e-15    -0.597152    -2.49961    0.23551
1.38809    -1.12654    1.66881e-14    -0.597153    -2.49961    0.23551
1.38809    -1.12654    2.51492e-14    -0.597153    -2.49961    0.23551
1.38809    -1.12654    2.9014e-14    -0.597153    -2.49961    0.23551
1.38809    -1.12654    2.7362e-14    -0.597153    -2.49961    0.23551
1.38809    -1.12654    2.13721e-14    -0.597153    -2.49961    0.23551
1.38809    -1.12654    1.34668e-14    -0.597153    -2.49961    0.23551
1.38809    -1.12654    6.23313e-15    -0.597153    -2.49961    0.235509
1.38809    -1.12654    1.52417e-15    -0.597153    -2.49961    0.235509
1.38809    -1.12654    5.31524e-20    -0.597153    -2.49961    0.235509
1.38809    -1.12654    1.16403e-15    -0.597153    -2.49961    0.235509
1.38809    -1.12654    3.77391e-15    -0.597153    -2.49961    0.235509
1.38809    -1.12654    6.41106e-15    -0.597153    -2.49961    0.235509
1.38809    -1.12654    7.98437e-15    -0.597153    -2.49961    0.235509
1.38809    -1.12654    8.01669e-15    -0.597153    -2.49961    0.23551
1.38809    -1.12654    6.66615e-15    -0.597153    -2.49961    0.23551
1.38809    -1.12654    4.53309e-15    -0.597153    -2.49961    0.23551
1.38809    -1.12654    2.363e-15    -0.597153    -2.49961    0.23551
1.38809    -1.12654    7.66454e-16    -0.597153    -2.49961    0.23551
1.38809    -1.12654    4.47159e-17    -0.597153    -2.49961    0.23551
1.38809    -1.12654    1.55924e-16    -0.597153    -2.49961    0.23551
1.38809    -1.12654    8.02242e-16    -0.597153    -2.49961    0.23551
1.38809    -1.12654    1.58288e-15    -0.597153    -2.49961    0.23551
1.38809    -1.12654    2.148e-15    -0.597153    -2.49961    0.23551
1.38809    -1.12654    2.3024e-15    -0.597153    -2.49961    0.23551
1.38809    -1.12654    2.03557e-15    -0.597153    -2.49961    0.23551
1.38809    -1.12654    1.48428e-15    -0.597153    -2.49961    0.23551
1.38809    -1.12654    8.54569e-16    -0.597153    -2.49961    0.23551
1.38809    -1.12654    3.38007e-16    -0.597153    -2.49961    0.23551
1.38809    -1.12654    5.09367e-17    -0.597153    -2.49961    0.23551
1.38809    -1.12654    1.19269e-17    -0.597153    -2.49961    0.23551
1.38809    -1.12654    1.56512e-16    -0.597153    -2.49961    0.23551
1.38809    -1.12654    3.76231e-16    -0.597153    -2.49961    0.23551
1.38809    -1.12654    5.63769e-16    -0.597153    -2.49961    0.23551
1.38809    -1.12654    6.47923e-16    -0.597153    -2.49961    0.23551
1.38809    -1.12654    6.0905e-16    -0.597153    -2.49961    0.23551
1.38809    -1.12654    4.74127e-16    -0.597153    -2.49961    0.23551
1.38809    -1.12654    2.9749e-16    -0.597153    -2.49961    0.23551
1.38809    -1.12654    1.36739e-16    -0.597153    -2.49961    0.23551
1.38809    -1.12654    3.28264e-17    -0.597153    -2.49961    0.23551
1.38809    -1.12654    3.71449e-21    -0.597153    -2.49961    0.23551
1.38809    -1.12654    2.68023e-17    -0.597153    -2.49961    0.23551
1.38809    -1.12654    8.53211e-17    -0.597153    -2.49961    0.23551
1.38809    -1.12654    1.4394e-16    -0.597153    -2.49961    0.23551
1.38809    -1.12654    1.78507e-16    -0.597153    -2.49961    0.23551
1.38809    -1.12654    1.7863e-16    -0.597153    -2.49961    0.23551
1.38809    -1.12654    1.48055e-16    -0.597153    -2.49961    0.23551
1.38809    -1.12654    1.00295e-16    -0.597153    -2.49961    0.23551
1.38809    -1.12654    5.19843e-17    -0.597153    -2.49961    0.23551
1.38809    -1.12654    1.66549e-17    -0.597153    -2.49961    0.23551
1.38809    -1.12654    8.95977e-19    -0.597153    -2.49961    0.23551
1.38809    -1.12654    3.65195e-18    -0.597153    -2.49961    0.23551
1.38809    -1.12654    1.82051e-17    -0.597153    -2.49961    0.23551
1.38809    -1.12654    3.56031e-17    -0.597153    -2.49961    0.23551
1.38809    -1.12654    4.80824e-17    -0.597153    -2.49961    0.23551
1.38809    -1.12654    5.13568e-17    -0.597153    -2.49961    0.23551
1.38809    -1.12654    4.52594e-17    -0.597153    -2.49961    0.23551
1.38809    -1.12654    3.28849e-17    -0.597153    -2.49961    0.23551
1.38809    -1.12654    1.88417e-17    -0.597153    -2.49961    0.23551
1.38809    -1.12654    7.38549e-18    -0.597153    -2.49961    0.23551
1.38809    -1.12654    1.07679e-18    -0.597153    -2.49961    0.23551
1.38809    -1.12654    2.93246e-19    -0.597153    -2.49961    0.23551
1.38809    -1.12654    3.57081e-18    -0.597153    -2.49961    0.23551
1.38809    -1.12654    8.48098e-18    -0.597153    -2.49961    0.23551
1.38809    -1.12654    1.2637e-17    -0.597153    -2.49961    0.23551
1.38809    -1.12654    1.44682e-17    -0.597153    -2.49961    0.23551
1.38809    -1.12654    1.35561e-17    -0.597153    -2.49961    0.23551
1.38809    -1.12654    1.05176e-17    -0.597153    -2.49961    0.23551
1.38809    -1.12654    6.57117e-18    -0.597153    -2.49961    0.23551
1.38809    -1.12654    2.9992e-18    -0.597153    -2.49961    0.23551
1.38809    -1.12654    7.06552e-19    -0.597153    -2.49961    0.23551
1.38809    -1.12654    5.43895e-22    -0.597153    -2.49961    0.23551
1.38809    -1.12654    6.16759e-19    -0.597153    -2.49961    0.23551
1.38809    -1.12654    1.92862e-18    -0.597153    -2.49961    0.23551
1.38809    -1.12654    3.23143e-18    -0.597153    -2.49961    0.23551
1.38809    -1.12654    3.99065e-18    -0.597153    -2.49961    0.23551
1.38809    -1.12654    3.98006e-18    -0.597153    -2.49961    0.23551
1.38809    -1.12654    3.28811e-18    -0.597153    -2.49961    0.23551
1.38809    -1.12654    2.21887e-18    -0.597153    -2.49961    0.23551
1.38809    -1.12654    1.14347e-18    -0.597153    -2.49961    0.23551
1.38809    -1.12654    3.61778e-19    -0.597153    -2.49961    0.23551
1.38809    -1.12654    1.78462e-20    -0.597153    -2.49961    0.23551
1.38809    -1.12654    8.54224e-20    -0.597153    -2.49961    0.23551
1.38809    -1.12654    4.13029e-19    -0.597153    -2.49961    0.23551
1.38809    -1.12654    8.00722e-19    -0.597153    -2.49961    0.23551
1.38809    -1.12654    1.07624e-18    -0.597153    -2.49961    0.23551
1.38809    -1.12654    1.14549e-18    -0.597153    -2.49961    0.23551
1.38809    -1.12654    1.00625e-18    -0.597153    -2.49961    0.23551
1.38809    -1.12654    7.28529e-19    -0.597153    -2.49961    0.23551
1.38809    -1.12654    4.15382e-19    -0.597153    -2.49961    0.23551
1.38809    -1.12654    1.61335e-19    -0.597153    -2.49961    0.23551
1.38809    -1.12654    2.27304e-20    -0.597153    -2.49961    0.23551
1.38809    -1.12654    7.17587e-21    -0.597153    -2.49961    0.23551
1.38809    -1.12654    8.14395e-20    -0.597153    -2.49961    0.23551
1.38809    -1.12654    1.91153e-19    -0.597153    -2.49961    0.23551
1.38809    -1.12654    2.83241e-19    -0.597153    -2.49961    0.23551
1.38809    -1.12654    3.23057e-19    -0.597153    -2.49961    0.23551
1.38809    -1.12654    3.01712e-19    -0.597153    -2.49961    0.23551
1.38809    -1.12654    2.33299e-19    -0.597153    -2.49961    0.23551
1.38809    -1.12654    1.45137e-19    -0.597153    -2.49961    0.23551
1.38809    -1.12654    6.57727e-20    -0.597153    -2.49961    0.23551
1.38809    -1.12654    1.51979e-20    -0.597153    -2.49961    0.23551
1.38809    -1.12654    3.13995e-23    -0.597153    -2.49961    0.23551
1.38809    -1.12654    1.41845e-20    -0.597153    -2.49961    0.23551
1.38809    -1.12654    4.35881e-20    -0.597153    -2.49961    0.23551
1.38809    -1.12654    7.25391e-20    -0.597153    -2.49961    0.23551
1.38809    -1.12654    8.9208e-20    -0.597153    -2.49961    0.23551
1.38809    -1.12654    8.86753e-20    -0.597153    -2.49961    0.23551
1.38809    -1.12654    7.302e-20    -0.597153    -2.49961    0.23551
1.38809    -1.12654    4.90847e-20    -0.597153    -2.49961    0.23551
1.38809    -1.12654    2.51483e-20    -0.597153    -2.49961    0.23551
1.38809    -1.12654    7.85537e-21    -0.597153    -2.49961    0.23551
1.38809    -1.12654    3.53085e-22    -0.597153    -2.49961    0.23551
1.38809    -1.12654    1.99564e-21    -0.597153    -2.49961    0.23551
1.38809    -1.12654    9.36839e-21    -0.597153    -2.49961    0.23551
1.38809    -1.12654    1.80065e-20    -0.597153    -2.49961    0.23551
1.38809    -1.12654    2.40879e-20    -0.597153    -2.49961    0.23551
1.38809    -1.12654    2.5548e-20    -0.597153    -2.49961    0.23551
1.38809    -1.12654    2.23707e-20    -0.597153    -2.49961    0.23551
1.38809    -1.12654    1.61389e-20    -0.597153    -2.49961    0.23551
1.38809    -1.12654    9.15651e-21    -0.597153    -2.49961    0.23551
1.38809    -1.12654    3.52351e-21    -0.597153    -2.49961    0.23551
1.38809    -1.12654    4.79082e-22    -0.597153    -2.49961    0.23551
1.38809    -1.12654    1.74858e-22    -0.597153    -2.49961    0.23551
1.38809    -1.12654    1.85679e-21    -0.597153    -2.49961    0.23551
1.38809    -1.12654    4.30779e-21    -0.597153    -2.49961    0.23551
1.38809    -1.12654    6.34794e-21    -0.597153    -2.49961    0.23551
1.38809    -1.12654    7.21308e-21    -0.597153    -2.49961    0.23551
1.38809    -1.12654    6.71477e-21    -0.597153    -2.49961    0.23551
1.38809    -1.12654    5.17481e-21    -0.597153    -2.49961    0.23551
1.38809    -1.12654    3.20544e-21    -0.597153    -2.49961    0.23551
1.38809    -1.12654    1.4422e-21    -0.597153    -2.49961    0.23551
1.38809    -1.12654    3.26725e-22    -0.597153    -2.49961    0.23551
1.38809    -1.12654    1.329e-24    -0.597153    -2.49961    0.23551
1.38809    -1.12654    3.26012e-22    -0.597153    -2.49961    0.23551
1.38809    -1.12654    9.84908e-22    -0.597153    -2.49961    0.23551
1.38809    -1.12654    1.62821e-21    -0.597153    -2.49961    0.23551
1.38809    -1.12654    1.99403e-21    -0.597153    -2.49961    0.23551
1.38809    -1.12654    1.97553e-21    -0.597153    -2.49961    0.23551
1.38809    -1.12654    1.62152e-21    -0.597153    -2.49961    0.23551
1.38809    -1.12654    1.0858e-21    -0.597153    -2.49961    0.23551
1.38809    -1.12654    5.53035e-22    -0.597153    -2.49961    0.23551
1.38809    -1.12654    1.70519e-22    -0.597153    -2.49961    0.23551
1.38809    -1.12654    6.93795e-24    -0.597153    -2.49961    0.23551
1.38809    -1.12654    4.6562e-23    -0.597153    -2.49961    0.23551
1.38809    -1.12654    2.12454e-22    -0.597153    -2.49961    0.23551
1.38809    -1.12654    4.04855e-22    -0.597153    -2.49961    0.23551
1.38809    -1.12654    5.39094e-22    -0.597153    -2.49961    0.23551
1.38809    -1.12654    5.69763e-22    -0.597153    -2.49961    0.23551
1.38809    -1.12654    4.97318e-22    -0.597153    -2.49961    0.23551
1.38809    -1.12654    3.57516e-22    -0.597153    -2.49961    0.23551
1.38809    -1.12654    2.01854e-22    -0.597153    -2.49961    0.23551
1.38809    -1.12654    7.69518e-23    -0.597153    -2.49961    0.23551
1.38809    -1.12654    1.00833e-23    -0.597153    -2.49961    0.23551
1.38809    -1.12654    4.24475e-24    -0.597153    -2.49961    0.23551
1.38809    -1.12654    4.23228e-23    -0.597153    -2.49961    0.23551
1.38809    -1.12654    9.70781e-23    -0.597153    -2.49961    0.23551
1.38809    -1.12654    1.42286e-22    -0.597153    -2.49961    0.23551
1.38809    -1.12654    1.61071e-22    -0.597153    -2.49961    0.23551
1.38809    -1.12654    1.49436e-22    -0.597153    -2.49961    0.23551
1.38809    -1.12654    1.14772e-22    -0.597153    -2.49961    0.23551
1.38809    -1.12654    7.07847e-23    -0.597153    -2.49961    0.23551
1.38809    -1.12654    3.16211e-23    -0.597153    -2.49961    0.23551
1.38809    -1.12654    7.0209e-24    -0.597153    -2.49961    0.23551
1.38809    -1.12654    4.81146e-26    -0.597153    -2.49961    0.23551
1.38809    -1.12654    7.48964e-24    -0.597153    -2.49961    0.23551
1.38809    -1.12654    2.22473e-23    -0.597153    -2.49961    0.23551
1.38809    -1.12654    3.65356e-23    -0.597153    -2.49961    0.23551
1.38809    -1.12654    4.45637e-23    -0.597153    -2.49961    0.23551
1.38809    -1.12654    4.40144e-23    -0.597153    -2.49961    0.23551
1.38809    -1.12654    3.60223e-23    -0.597153    -2.49961    0.23551
1.38809    -1.12654    2.40249e-23    -0.597153    -2.49961    0.23551
1.38809    -1.12654    1.21635e-23    -0.597153    -2.49961    0.23551
1.38809    -1.12654    3.70144e-24    -0.597153    -2.49961    0.23551
1.38809    -1.12654    1.35297e-25    -0.597153    -2.49961    0.23551
1.38809    -1.12654    1.08488e-24    -0.597153    -2.49961    0.23551
1.38809    -1.12654    4.81342e-24    -0.597153    -2.49961    0.23551
1.38809    -1.12654    9.10275e-24    -0.597153    -2.49961    0.23551
1.38809    -1.12654    1.20667e-23    -0.597153    -2.49961    0.23551
1.38809    -1.12654    1.27077e-23    -0.597153    -2.49961    0.23551
1.38809    -1.12654    1.10572e-23    -0.597153    -2.49961    0.23551
1.38809    -1.12654    7.92041e-24    -0.597153    -2.49961    0.23551
1.38809    -1.12654    4.45429e-24    -0.597153    -2.49961    0.23551
1.38809    -1.12654    1.68289e-24    -0.597153    -2.49961    0.23551
1.38809    -1.12654    2.11813e-25    -0.597153    -2.49961    0.23551
1.38809    -1.12654    1.02578e-25    -0.597153    -2.49961    0.23551
1.38809    -1.12654    9.65044e-25    -0.597153    -2.49961    0.23551
1.38809    -1.12654    2.1899e-24    -0.597153    -2.49961    0.23551
1.38809    -1.12654    3.19052e-24    -0.597153    -2.49961    0.23551
1.38809    -1.12654    3.59861e-24    -0.597153    -2.49961    0.23551
1.38809    -1.12654    3.32818e-24    -0.597153    -2.49961    0.23551
1.38809    -1.12654    2.54581e-24    -0.597153    -2.49961    0.23551
1.38809    -1.12654    1.56291e-24    -0.597153    -2.49961    0.23551
1.38809    -1.12654    6.9313e-25    -0.597153    -2.49961    0.23551
1.38809    -1.12654    1.50206e-25    -0.597153    -2.49961    0.23551
1.38809    -1.12654    1.66626e-27    -0.597153    -2.49961    0.23551
1.38809    -1.12654    1.72909e-25    -0.597153    -2.49961    0.23551
1.38809    -1.12654    5.02947e-25    -0.597153    -2.49961    0.23551
1.38809    -1.12654    8.20222e-25    -0.597153    -2.49961    0.23551
1.38809    -1.12654    9.96137e-25    -0.597153    -2.49961    0.23551
1.38809    -1.12654    9.79197e-25    -0.597153    -2.49961    0.23551
1.38809    -1.12654    7.9763e-25    -0.597153    -2.49961    0.23551
1.38809    -1.12654    5.31332e-25    -0.597153    -2.49961    0.23551
1.38809    -1.12654    2.67496e-25    -0.597153    -2.49961    0.23551
1.38809    -1.12654    8.01157e-26    -0.597153    -2.49961    0.23551
1.38809    -1.12654    2.66106e-27    -0.597153    -2.49961    0.23551
1.38809    -1.12654    2.50731e-26    -0.597153    -2.49961    0.23551
1.38809    -1.12654    1.08997e-25    -0.597153    -2.49961    0.23551
1.38809    -1.12654    2.04852e-25    -0.597153    -2.49961    0.23551
1.38809    -1.12654    2.70287e-25    -0.597153    -2.49961    0.23551
1.38809    -1.12654    2.83505e-25    -0.597153    -2.49961    0.23551
1.38809    -1.12654    2.46578e-25    -0.597153    -2.49961    0.23551
1.38809    -1.12654    1.75907e-25    -0.597153    -2.49961    0.23551
1.38809    -1.12654    9.8595e-26    -0.597153    -2.49961    0.23551
1.38809    -1.12654    3.66872e-26    -0.597153    -2.49961    0.23551
1.38809    -1.12654    4.34804e-27    -0.597153    -2.49961    0.23551
1.38809    -1.12654    2.52403e-27    -0.597153    -2.49961    0.23551
1.38809    -1.12654    2.23125e-26    -0.597153    -2.49961    0.23551
1.38809    -1.12654    4.97017e-26    -0.597153    -2.49961    0.23551
1.38809    -1.12654    7.17146e-26    -0.597153    -2.49961    0.23551
1.38809    -1.12654    8.01157e-26    -0.597153    -2.49961    0.23551
1.38809    -1.12654    7.38931e-26    -0.597153    -2.49961    0.23551
1.38809    -1.12654    5.65211e-26    -0.597153    -2.49961    0.23551
1.38809    -1.12654    3.43209e-26    -0.597153    -2.49961    0.23551
1.38809    -1.12654    1.48866e-26    -0.597153    -2.49961    0.23551
1.38809    -1.12654    3.04417e-27    -0.597153    -2.49961    0.23551
1.38809    -1.12654    8.04857e-29    -0.597153    -2.49961    0.23551
1.38809    -1.12654    4.23053e-27    -0.597153    -2.49961    0.23551
1.38809    -1.12654    1.16867e-26    -0.597153    -2.49961    0.23551
1.38809    -1.12654    1.85954e-26    -0.597153    -2.49961    0.23551
1.38809    -1.12654    2.20452e-26    -0.597153    -2.49961    0.23551
1.38809    -1.12654    2.13843e-26    -0.597153    -2.49961    0.23551
1.38809    -1.12654    1.7039e-26    -0.597153    -2.49961    0.23551
1.38809    -1.12654    1.10177e-26    -0.597153    -2.49961    0.23551
1.38809    -1.12654    5.34606e-27    -0.597153    -2.49961    0.23551
1.38809    -1.12654    1.41977e-27    -0.597153    -2.49961    0.23551
1.38809    -1.12654    1.62984e-29    -0.597153    -2.49961    0.23551
1.38809    -1.12654    6.53745e-28    -0.597153    -2.49961    0.23551
1.38809    -1.12654    2.47916e-27    -0.597153    -2.49961    0.23551
1.38809    -1.12654    4.52732e-27    -0.597153    -2.49961    0.23551
1.38809    -1.12654    5.74688e-27    -0.597153    -2.49961    0.23551
1.38809    -1.12654    5.95272e-27    -0.597153    -2.49961    0.23551
1.38809    -1.12654    5.02311e-27    -0.597153    -2.49961    0.23551
1.38809    -1.12654    3.50596e-27    -0.597153    -2.49961    0.23551
1.38809    -1.12654    1.89323e-27    -0.597153    -2.49961    0.23551
1.38809    -1.12654    6.76885e-28    -0.597153    -2.49961    0.23551
1.38809    -1.12654    5.15109e-29    -0.597153    -2.49961    0.23551
1.38809    -1.12654    8.04857e-29    -0.597153    -2.49961    0.23551
1.38809    -1.12654    5.03036e-28    -0.597153    -2.49961    0.23551
1.38809    -1.12654    1.04309e-27    -0.597153    -2.49961    0.23551
1.38809    -1.12654    1.48818e-27    -0.597153    -2.49961    0.23551
1.38809    -1.12654    1.62984e-27    -0.597153    -2.49961    0.23551
1.38809    -1.12654    1.52299e-27    -0.597153    -2.49961    0.23551
1.38809    -1.12654    1.10185e-27    -0.597153    -2.49961    0.23551
1.38809    -1.12654    6.53745e-28    -0.597153    -2.49961    0.23551
1.38809    -1.12654    2.75462e-28    -0.597153    -2.49961    0.23551
1.38809    -1.12654    5.15109e-29    -0.597153    -2.49961    0.23551
1.38809    -1.12654    1.81093e-30    -0.597153    -2.49961    0.23551
1.38809    -1.12654    8.04857e-29    -0.597153    -2.49961    0.23551
1.38809    -1.12654    2.19122e-28    -0.597153    -2.49961    0.23551
1.38809    -1.12654    3.72045e-28    -0.597153    -2.49961    0.23551
1.38809    -1.12654    4.44482e-28    -0.597153    -2.49961    0.23551
1.38809    -1.12654    4.44482e-28    -0.597153    -2.49961    0.23551
1.38809    -1.12654    3.72045e-28    -0.597153    -2.49961    0.23551
1.38809    -1.12654    2.32604e-28    -0.597153    -2.49961    0.23551
1.38809    -1.12654    9.73877e-29    -0.597153    -2.49961    0.23551
1.38809    -1.12654    2.43469e-29    -0.597153    -2.49961    0.23551
1.38809    -1.12654    2.01214e-31    -0.597153    -2.49961    0.23551
1.38809    -1.12654    9.8595e-30    -0.597153    -2.49961    0.23551
1.38809    -1.12654    3.9438e-29    -0.597153    -2.49961    0.23551
1.38809    -1.12654    7.26384e-29    -0.597153    -2.49961    0.23551
1.38809    -1.12654    1.06442e-28    -0.597153    -2.49961    0.23551
1.38809    -1.12654    1.25759e-28    -0.597153    -2.49961    0.23551
1.38809    -1.12654    1.06442e-28    -0.597153    -2.49961    0.23551
1.38809    -1.12654    7.26384e-29    -0.597153    -2.49961    0.23551
1.38809    -1.12654    3.40052e-29    -0.597153    -2.49961    0.23551
1.38809    -1.12654    9.8595e-30    -0.597153    -2.49961    0.23551
1.38809    -1.12654    8.04857e-31    -0.597153    -2.49961    0.23551
1.38809    -1.12654    1.81093e-30    -0.597153    -2.49961    0.23551
1.38809    -1.12654    7.24372e-30    -0.597153    -2.49961    0.23551
1.38809    -1.12654    2.43469e-29    -0.597153    -2.49961    0.23551
1.38809    -1.12654    2.89749e-29    -0.597153    -2.49961    0.23551
1.38809    -1.12654    3.40052e-29    -0.597153    -2.49961    0.23551
1.38809    -1.12654    2.43469e-29    -0.597153    -2.49961    0.23551
1.38809    -1.12654    2.01214e-29    -0.597153    -2.49961    0.23551
1.38809    -1.12654    9.8595e-30    -0.597153    -2.49961    0.23551
1.38809    -1.12654    3.21943e-30    -0.597153    -2.49961    0.23551
1.38809    -1.12654    2.01214e-31    -0.597153    -2.49961    0.23551
1.38809    -1.12654    8.04857e-31    -0.597153    -2.49961    0.23551
1.38809    -1.12654    3.21943e-30    -0.597153    -2.49961    0.23551
1.38809    -1.12654    7.24372e-30    -0.597153    -2.49961    0.23551
1.38809    -1.12654    9.8595e-30    -0.597153    -2.49961    0.23551
1.38809    -1.12654    7.24372e-30    -0.597153    -2.49961    0.23551
1.38809    -1.12654    5.03036e-30    -0.597153    -2.49961    0.23551
1.38809    -1.12654    3.21943e-30    -0.597153    -2.49961    0.23551
1.38809    -1.12654    8.04857e-31    -0.597153    -2.49961    0.23551
1.38809    -1.12654    2.01214e-31    -0.597153    -2.49961    0.23551
1.38809    -1.12654    2.01214e-31    -0.597153    -2.49961    0.23551
1.38809    -1.12654    8.04857e-31    -0.597153    -2.49961    0.23551
1.38809    -1.12654    1.81093e-30    -0.597153    -2.49961    0.23551
1.38809    -1.12654    3.21943e-30    -0.597153    -2.49961    0.23551
1.38809    -1.12654    8.04857e-31    -0.597153    -2.49961    0.23551
1.38809    -1.12654    8.04857e-31    -0.597153    -2.49961    0.23551
1.38809    -1.12654    2.01214e-31    -0.597153    -2.49961    0.23551
1.38809    -1.12654    2.01214e-31    -0.597153    -2.49961    0.23551
1.38809    -1.12654    2.01214e-31    -0.597153    -2.49961    0.23551
1.38809    -1.12654    2.01214e-31    -0.597153    -2.49961    0.23551
1.38809    -1.12654    8.04857e-31    -0.597153    -2.49961    0.23551
1.38809    -1.12654    8.04857e-31    -0.597153    -2.49961    0.23551
1.38809    -1.12654    2.01214e-31    -0.597153    -2.49961    0.23551
1.38809    -1.12654    8.04857e-31    -0.597153    -2.49961    0.23551
1.38809    -1.12654    2.01214e-31    -0.597153    -2.49961    0.23551
1.38809    -1.12654    0    -0.597153    -2.49961    0.23551
1.38809    -1.12654    2.01214e-31    -0.597153    -2.49961    0.23551
1.38809    -1.12654    2.01214e-31    -0.597153    -2.49961    0.23551
1.38809    -1.12654    0    -0.597153    -2.49961    0.23551
1.38809    -1.12654    2.01214e-31    -0.597153    -2.49961    0.23551
1.38809    -1.12654    8.04857e-31    -0.597153    -2.49961    0.23551
1.38809    -1.12654    2.01214e-31    -0.597153    -2.49961    0.23551
1.38809    -1.12654    2.01214e-31    -0.597153    -2.49961    0.23551
1.38809    -1.12654    0    -0.597153    -2.49961    0.23551
1.38809    -1.12654    0    -0.597153    -2.49961    0.23551
1.38809    -1.12654    0    -0.597153    -2.49961    0.23551
1.38809    -1.12654    0    -0.597153    -2.49961    0.23551
1.38809    -1.12654    2.01214e-31    -0.597153    -2.49961    0.23551
1.38809    -1.12654    2.01214e-31    -0.597153    -2.49961    0.23551
1.38809    -1.12654    2.01214e-31    -0.597153    -2.49961    0.23551
1.38809    -1.12654    2.01214e-31    -0.597153    -2.49961    0.23551
1.38809    -1.12654    0    -0.597153    -2.49961    0.23551
1.38809    -1.12654    2.01214e-31    -0.597153    -2.49961    0.23551
1.38809    -1.12654    2.01214e-31    -0.597153    -2.49961    0.23551
1.38809    -1.12654    2.01214e-31    -0.597153    -2.49961    0.23551
1.38809    -1.12654    2.01214e-31    -0.597153    -2.49961    0.23551
1.38809    -1.12654    2.01214e-31    -0.597153    -2.49961    0.23551
1.38809    -1.12654    0    -0.597153    -2.49961    0.23551
1.38809    -1.12654    0    -0.597153    -2.49961    0.23551
1.38809    -1.12654    0    -0.597153    -2.49961    0.23551
1.38809    -1.12654    0    -0.597153    -2.49961    0.23551
1.38809    -1.12654    0    -0.597153    -2.49961    0.23551
1.38809    -1.12654    0    -0.597153    -2.49961    0.23551
1.38809    -1.12654    0    -0.597153    -2.49961    0.23551
1.38809    -1.12654    0    -0.597153    -2.49961    0.23551
1.38809    -1.12654    0    -0.597153    -2.49961    0.23551
1.38809    -1.12654    0    -0.597153    -2.49961    0.23551
1.38809    -1.12654    0    -0.597153    -2.49961    0.23551
1.38809    -1.12654    0    -0.597153    -2.49961    0.23551
1.38809    -1.12654    0    -0.597153    -2.49961    0.23551
1.38809    -1.12654    0    -0.597153    -2.49961    0.23551
1.38809    -1.12654    2.01214e-31    -0.597153    -2.49961    0.23551
1.38809    -1.12654    8.04857e-31    -0.597153    -2.49961    0.23551
1.38809    -1.12654    0    -0.597153    -2.49961    0.23551
1.38809    -1.12654    1.81093e-30    -0.597153    -2.49961    0.23551
1.38809    -1.12654    1.81093e-30    -0.597153    -2.49961    0.23551
1.38809    -1.12654    8.04857e-31    -0.597153    -2.49961    0.23551
1.38809    -1.12654    2.01214e-31    -0.597153    -2.49961    0.23551
1.38809    -1.12654    0    -0.597153    -2.49961    0.23551
1.38809    -1.12654    8.04857e-31    -0.597153    -2.49961    0.23551
1.38809    -1.12654    8.04857e-31    -0.597153    -2.49961    0.23551
1.38809    -1.12654    8.04857e-31    -0.597153    -2.49961    0.23551
1.38809    -1.12654    2.01214e-31    -0.597153    -2.49961    0.23551
1.38809    -1.12654    8.04857e-31    -0.597153    -2.49961    0.23551
1.38809    -1.12654    2.01214e-31    -0.597153    -2.49961    0.23551
1.38809    -1.12654    0    -0.597153    -2.49961    0.23551
1.38809    -1.12654    2.01214e-31    -0.597153    -2.49961    0.23551
1.38809    -1.12654    8.04857e-31    -0.597153    -2.49961    0.23551
1.38809    -1.12654    2.01214e-31    -0.597153    -2.49961    0.23551
1.38809    -1.12654    2.01214e-31    -0.597153    -2.49961    0.23551
1.38809    -1.12654    0    -0.597153    -2.49961    0.23551
1.38809    -1.12654    0    -0.597153    -2.49961    0.23551
1.38809    -1.12654    0    -0.597153    -2.49961    0.23551
1.38809    -1.12654    0    -0.597153    -2.49961    0.23551
1.38809    -1.12654    0    -0.597153    -2.49961    0.23551
1.38809    -1.12654    0    -0.597153    -2.49961    0.23551
1.38809    -1.12654    0    -0.597153    -2.49961    0.23551
1.38809    -1.12654    0    -0.597153    -2.49961    0.23551
1.38809    -1.12654    2.01214e-31    -0.597153    -2.49961    0.23551
1.38809    -1.12654    2.01214e-31    -0.597153    -2.49961    0.23551
1.38809    -1.12654    2.01214e-31    -0.597153    -2.49961    0.23551
1.38809    -1.12654    2.01214e-31    -0.597153    -2.49961    0.23551
1.38809    -1.12654    0    -0.597153    -2.49961    0.23551
1.38809    -1.12654    8.04857e-31    -0.597153    -2.49961    0.23551
1.38809    -1.12654    8.04857e-31    -0.597153    -2.49961    0.23551
1.38809    -1.12654    8.04857e-31    -0.597153    -2.49961    0.23551
1.38809    -1.12654    8.04857e-31    -0.597153    -2.49961    0.23551
1.38809    -1.12654    2.01214e-31    -0.597153    -2.49961    0.23551
1.38809    -1.12654    0    -0.597153    -2.49961    0.23551
1.38809    -1.12654    2.01214e-31    -0.597153    -2.49961    0.23551
1.38809    -1.12654    2.01214e-31    -0.597153    -2.49961    0.23551
1.38809    -1.12654    0    -0.597153    -2.49961    0.23551
1.38809    -1.12654    2.01214e-31    -0.597153    -2.49961    0.23551
1.38809    -1.12654    8.04857e-31    -0.597153    -2.49961    0.23551
1.38809    -1.12654    2.01214e-31    -0.597153    -2.49961    0.23551
1.38809    -1.12654    2.01214e-31    -0.597153    -2.49961    0.23551
1.38809    -1.12654    0    -0.597153    -2.49961    0.23551
1.38809    -1.12654    0    -0.597153    -2.49961    0.23551
1.38809    -1.12654    0    -0.597153    -2.49961    0.23551
1.38809    -1.12654    0    -0.597153    -2.49961    0.23551
1.38809    -1.12654    2.01214e-31    -0.597153    -2.49961    0.23551
1.38809    -1.12654    2.01214e-31    -0.597153    -2.49961    0.23551
1.38809    -1.12654    2.01214e-31    -0.597153    -2.49961    0.23551
1.38809    -1.12654    0    -0.597153    -2.49961    0.23551
1.38809    -1.12654    0    -0.597153    -2.49961    0.23551
1.38809    -1.12654    0    -0.597153    -2.49961    0.23551
1.38809    -1.12654    0    -0.597153    -2.49961    0.23551
1.38809    -1.12654    2.01214e-31    -0.597153    -2.49961    0.23551
1.38809    -1.12654    2.01214e-31    -0.597153    -2.49961    0.23551
1.38809    -1.12654    2.01214e-31    -0.597153    -2.49961    0.23551
1.38809    -1.12654    2.01214e-31    -0.597153    -2.49961    0.23551
1.38809    -1.12654    0    -0.597153    -2.49961    0.23551
1.38809    -1.12654    0    -0.597153    -2.49961    0.23551
1.38809    -1.12654    0    -0.597153    -2.49961    0.23551
1.38809    -1.12654    0    -0.597153    -2.49961    0.23551
1.38809    -1.12654    0    -0.597153    -2.49961    0.23551
1.38809    -1.12654    0    -0.597153    -2.49961    0.23551
1.38809    -1.12654    0    -0.597153    -2.49961    0.23551
1.38809    -1.12654    0    -0.597153    -2.49961    0.23551
1.38809    -1.12654    0    -0.597153    -2.49961    0.23551
1.38809    -1.12654    0    -0.597153    -2.49961    0.23551
1.38809    -1.12654    0    -0.597153    -2.49961    0.23551
1.38809    -1.12654    0    -0.597153    -2.49961    0.23551
1.38809    -1.12654    0    -0.597153    -2.49961    0.23551
1.38809    -1.12654    0    -0.597153    -2.49961    0.23551
1.38809    -1.12654    0    -0.597153    -2.49961    0.23551
1.38809    -1.12654    2.01214e-31    -0.597153    -2.49961    0.23551
1.38809    -1.12654    8.04857e-31    -0.597153    -2.49961    0.23551
1.38809    -1.12654    2.01214e-31    -0.597153    -2.49961    0.23551
1.38809    -1.12654    0    -0.597153    -2.49961    0.23551
1.38809    -1.12654    2.01214e-31    -0.597153    -2.49961    0.23551
1.38809    -1.12654    8.04857e-31    -0.597153    -2.49961    0.23551
1.38809    -1.12654    2.01214e-31    -0.597153    -2.49961    0.23551
1.38809    -1.12654    2.01214e-31    -0.597153    -2.49961    0.23551
1.38809    -1.12654    0    -0.597153    -2.49961    0.23551
1.38809    -1.12654    0    -0.597153    -2.49961    0.23551
1.38809    -1.12654    0    -0.597153    -2.49961    0.23551
1.38809    -1.12654    0    -0.597153    -2.49961    0.23551
1.38809    -1.12654    0    -0.597153    -2.49961    0.23551
1.38809    -1.12654    0    -0.597153    -2.49961    0.23551
1.38809    -1.12654    0    -0.597153    -2.49961    0.23551
1.38809    -1.12654    0    -0.597153    -2.49961    0.23551
1.38809    -1.12654    0    -0.597153    -2.49961    0.23551
1.38809    -1.12654    0    -0.597153    -2.49961    0.23551
1.38809    -1.12654    0    -0.597153    -2.49961    0.23551
1.38809    -1.12654    0    -0.597153    -2.49961    0.23551
1.38809    -1.12654    2.01214e-31    -0.597153    -2.49961    0.23551
1.38809    -1.12654    0    -0.597153    -2.49961    0.23551
1.38809    -1.12654    0    -0.597153    -2.49961    0.23551
1.38809    -1.12654    0    -0.597153    -2.49961    0.23551
1.38809    -1.12654    0    -0.597153    -2.49961    0.23551
1.38809    -1.12654    0    -0.597153    -2.49961    0.23551
1.38809    -1.12654    0    -0.597153    -2.49961    0.23551
1.38809    -1.12654    0    -0.597153    -2.49961    0.23551
1.38809    -1.12654    0    -0.597153    -2.49961    0.23551
1.38809    -1.12654    0    -0.597153    -2.49961    0.23551
1.38809    -1.12654    0    -0.597153    -2.49961    0.23551
1.38809    -1.12654    0    -0.597153    -2.49961    0.23551
1.38809    -1.12654    0    -0.597153    -2.49961    0.23551
1.38809    -1.12654    0    -0.597153    -2.49961    0.23551
1.38809    -1.12654    2.01214e-31    -0.597153    -2.49961    0.23551
1.38809    -1.12654    2.01214e-31    -0.597153    -2.49961    0.23551
1.38809    -1.12654    2.01214e-31    -0.597153    -2.49961    0.23551
1.38809    -1.12654    8.04857e-31    -0.597153    -2.49961    0.23551
1.38809    -1.12654    2.01214e-31    -0.597153    -2.49961    0.23551
1.38809    -1.12654    0    -0.597153    -2.49961    0.23551
1.38809    -1.12654    2.01214e-31    -0.597153    -2.49961    0.23551
1.38809    -1.12654    2.01214e-31    -0.597153    -2.49961    0.23551
1.38809    -1.12654    0    -0.597153    -2.49961    0.23551
1.38809    -1.12654    2.01214e-31    -0.597153    -2.49961    0.23551
1.38809    -1.12654    8.04857e-31    -0.597153    -2.49961    0.23551
1.38809    -1.12654    2.01214e-31    -0.597153    -2.49961    0.23551
1.38809    -1.12654    2.01214e-31    -0.597153    -2.49961    0.23551
1.38809    -1.12654    0    -0.597153    -2.49961    0.23551
1.38809    -1.12654    0    -0.597153    -2.49961    0.23551
1.38809    -1.12654    0    -0.597153    -2.49961    0.23551
1.38809    -1.12654    0    -0.597153    -2.49961    0.23551
1.38809    -1.12654    0    -0.597153    -2.49961    0.23551
1.38809    -1.12654    0    -0.597153    -2.49961    0.23551
1.38809    -1.12654    0    -0.597153    -2.49961    0.23551
1.38809    -1.12654    0    -0.597153    -2.49961    0.23551
1.38809    -1.12654    0    -0.597153    -2.49961    0.23551
1.38809    -1.12654    0    -0.597153    -2.49961    0.23551
1.38809    -1.12654    2.01214e-31    -0.597153    -2.49961    0.23551
1.38809    -1.12654    2.01214e-31    -0.597153    -2.49961    0.23551
1.38809    -1.12654    2.01214e-31    -0.597153    -2.49961    0.23551
1.38809    -1.12654    0    -0.597153    -2.49961    0.23551
1.38809    -1.12654    0    -0.597153    -2.49961    0.23551
1.38809    -1.12654    0    -0.597153    -2.49961    0.23551
1.38809    -1.12654    0    -0.597153    -2.49961    0.23551
1.38809    -1.12654    0    -0.597153    -2.49961    0.23551
1.38809    -1.12654    0    -0.597153    -2.49961    0.23551
1.38809    -1.12654    0    -0.597153    -2.49961    0.23551
1.38809    -1.12654    0    -0.597153    -2.49961    0.23551
1.38809    -1.12654    0    -0.597153    -2.49961    0.23551
1.38809    -1.12654    0    -0.597153    -2.49961    0.23551
1.38809    -1.12654    0    -0.597153    -2.49961    0.23551
1.38809    -1.12654    0    -0.597153    -2.49961    0.23551
1.38809    -1.12654    2.01214e-31    -0.597153    -2.49961    0.23551
1.38809    -1.12654    2.01214e-31    -0.597153    -2.49961    0.23551
1.38809    -1.12654    2.01214e-31    -0.597153    -2.49961    0.23551
1.38809    -1.12654    2.01214e-31    -0.597153    -2.49961    0.23551
1.38809    -1.12654    0    -0.597153    -2.49961    0.23551
1.38809    -1.12654    0    -0.597153    -2.49961    0.23551
1.38809    -1.12654    0    -0.597153    -2.49961    0.23551
1.38809    -1.12654    0    -0.597153    -2.49961    0.23551
1.38809    -1.12654    0    -0.597153    -2.49961    0.23551
1.38809    -1.12654    0    -0.597153    -2.49961    0.23551
1.38809    -1.12654    0    -0.597153    -2.49961    0.23551
1.38809    -1.12654    0    -0.597153    -2.49961    0.23551
1.38809    -1.12654    0    -0.597153    -2.49961    0.23551
1.38809    -1.12654    0    -0.597153    -2.49961    0.23551
1.38809    -1.12654    0    -0.597153    -2.49961    0.23551
1.38809    -1.12654    0    -0.597153    -2.49961    0.23551
1.38809    -1.12654    0    -0.597153    -2.49961    0.23551
1.38809    -1.12654    0    -0.597153    -2.49961    0.23551
1.38809    -1.12654    0    -0.597153    -2.49961    0.23551
1.38809    -1.12654    2.01214e-31    -0.597153    -2.49961    0.23551
1.38809    -1.12654    8.04857e-31    -0.597153    -2.49961    0.23551
1.38809    -1.12654    2.01214e-31    -0.597153    -2.49961    0.23551
1.38809    -1.12654    0    -0.597153    -2.49961    0.23551
1.38809    -1.12654    2.01214e-31    -0.597153    -2.49961    0.23551
1.38809    -1.12654    2.01214e-31    -0.597153    -2.49961    0.23551
1.38809    -1.12654    0    -0.597153    -2.49961    0.23551
1.38809    -1.12654    2.01214e-31    -0.597153    -2.49961    0.23551
1.38809    -1.12654    8.04857e-31    -0.597153    -2.49961    0.23551
1.38809    -1.12654    8.04857e-31    -0.597153    -2.49961    0.23551
1.38809    -1.12654    2.01214e-31    -0.597153    -2.49961    0.23551
1.38809    -1.12654    2.01214e-31    -0.597153    -2.49961    0.23551
1.38809    -1.12654    2.01214e-31    -0.597153    -2.49961    0.23551
1.38809    -1.12654    2.01214e-31    -0.597153    -2.49961    0.23551
1.38809    -1.12654    0    -0.597153    -2.49961    0.23551
1.38809    -1.12654    2.01214e-31    -0.597153    -2.49961    0.23551
1.38809    -1.12654    8.04857e-31    -0.597153    -2.49961    0.23551
1.38809    -1.12654    8.04857e-31    -0.597153    -2.49961    0.23551
1.38809    -1.12654    2.01214e-31    -0.597153    -2.49961    0.23551
1.38809    -1.12654    2.01214e-31    -0.597153    -2.49961    0.23551
1.38809    -1.12654    8.04857e-31    -0.597153    -2.49961    0.23551
1.38809    -1.12654    0    -0.597153    -2.49961    0.23551
1.38809    -1.12654    8.04857e-31    -0.597153    -2.49961    0.23551
1.38809    -1.12654    2.01214e-31    -0.597153    -2.49961    0.23551
1.38809    -1.12654    0    -0.597153    -2.49961    0.23551
1.38809    -1.12654    2.01214e-31    -0.597153    -2.49961    0.23551
1.38809    -1.12654    8.04857e-31    -0.597153    -2.49961    0.23551
1.38809    -1.12654    0    -0.597153    -2.49961    0.23551
1.38809    -1.12654    8.04857e-31    -0.597153    -2.49961    0.23551
1.38809    -1.12654    2.01214e-31    -0.597153    -2.49961    0.23551
1.38809    -1.12654    0    -0.597153    -2.49961    0.23551
1.38809    -1.12654    2.01214e-31    -0.597153    -2.49961    0.23551
1.38809    -1.12654    8.04857e-31    -0.597153    -2.49961    0.23551
1.38809    -1.12654    0    -0.597153    -2.49961    0.23551
1.38809    -1.12654    8.04857e-31    -0.597153    -2.49961    0.23551
1.38809    -1.12654    0    -0.597153    -2.49961    0.23551
1.38809    -1.12654    2.01214e-31    -0.597153    -2.49961    0.23551
1.38809    -1.12654    2.01214e-31    -0.597153    -2.49961    0.23551
1.38809    -1.12654    0    -0.597153    -2.49961    0.23551
1.38809    -1.12654    2.01214e-31    -0.597153    -2.49961    0.23551
1.38809    -1.12654    2.01214e-31    -0.597153    -2.49961    0.23551
1.38809    -1.12654    0    -0.597153    -2.49961    0.23551
1.38809    -1.12654    2.01214e-31    -0.597153    -2.49961    0.23551
1.38809    -1.12654    8.04857e-31    -0.597153    -2.49961    0.23551
1.38809    -1.12654    2.01214e-31    -0.597153    -2.49961    0.23551
1.38809    -1.12654    2.01214e-31    -0.597153    -2.49961    0.23551
1.38809    -1.12654    0    -0.597153    -2.49961    0.23551
1.38809    -1.12654    0    -0.597153    -2.49961    0.23551
1.38809    -1.12654    2.01214e-31    -0.597153    -2.49961    0.23551
1.38809    -1.12654    0    -0.597153    -2.49961    0.23551
1.38809    -1.12654    0    -0.597153    -2.49961    0.23551
1.38809    -1.12654    0    -0.597153    -2.49961    0.23551
1.38809    -1.12654    2.01214e-31    -0.597153    -2.49961    0.23551
1.38809    -1.12654    2.01214e-31    -0.597153    -2.49961    0.23551
1.38809    -1.12654    0    -0.597153    -2.49961    0.23551
1.38809    -1.12654    0    -0.597153    -2.49961    0.23551
1.38809    -1.12654    0    -0.597153    -2.49961    0.23551
1.38809    -1.12654    2.01214e-31    -0.597153    -2.49961    0.23551
1.38809    -1.12654    8.04857e-31    -0.597153    -2.49961    0.23551
1.38809    -1.12654    0    -0.597153    -2.49961    0.23551
1.38809    -1.12654    8.04857e-31    -0.597153    -2.49961    0.23551
1.38809    -1.12654    2.01214e-31    -0.597153    -2.49961    0.23551
1.38809    -1.12654    2.01214e-31    -0.597153    -2.49961    0.23551
1.38809    -1.12654    0    -0.597153    -2.49961    0.23551
1.38809    -1.12654    0    -0.597153    -2.49961    0.23551
1.38809    -1.12654    0    -0.597153    -2.49961    0.23551
1.38809    -1.12654    0    -0.597153    -2.49961    0.23551
