1.2    -1.11796    0.00148522    -0.629992    -2.6426    0.147538
1.21526    -1.11943    0.00480844    -0.627163    -2.63028    0.157365
1.24272    -1.12168    0.00816566    -0.622151    -2.60843    0.173617
1.27851    -1.1239    0.010272    -0.615761    -2.5806    0.192319
1.31864    -1.12553    0.0106826    -0.608782    -2.55021    0.210369
1.35957    -1.12638    0.00962261    -0.601861    -2.52009    0.226029
1.39842    -1.12652    0.00764524    -0.595471    -2.49229    0.238677
1.43304    -1.12617    0.00534695    -0.589917    -2.46814    0.248367
1.462    -1.12556    0.00320789    -0.58537    -2.44837    0.25546
1.48443    -1.12491    0.00153616    -0.581911    -2.43332    0.260369
1.49995    -1.12438    0.000473156    -0.579549    -2.42304    0.263491
1.50856    -1.12406    2.57211e-05    -0.578249    -2.41738    0.265131
1.51057    -1.12398    0.000105053    -0.577947    -2.41606    0.265503
1.50651    -1.12413    0.00056338    -0.578559    -2.41872    0.264743
1.49711    -1.12448    0.00122546    -0.579981    -2.42491    0.262931
1.48325    -1.12495    0.00191509    -0.582095    -2.4341    0.260115
1.46592    -1.12546    0.00247765    -0.584765    -2.44572    0.256344
1.44621    -1.12593    0.00279904    -0.587841    -2.4591    0.251695
1.42526    -1.12629    0.00282034    -0.591155    -2.47352    0.246307
1.40423    -1.12649    0.00254574    -0.59453    -2.4882    0.2404
1.38425    -1.12654    0.00204057    -0.597783    -2.50235    0.234293
1.36636    -1.12645    0.00141682    -0.600733    -2.51518    0.228384
1.35145    -1.12627    0.00080656    -0.603218    -2.526    0.223123
1.34021    -1.12607    0.000328397    -0.605111    -2.53423    0.218939
1.33303    -1.12592    5.70496e-05    -0.606326    -2.53952    0.216169
1.33004    -1.12584    6.54461e-06    -0.606835    -2.54174    0.214991
1.33105    -1.12587    0.00013328    -0.606662    -2.54099    0.215392
1.33562    -1.12598    0.000356681    -0.605886    -2.53761    0.217181
1.3431    -1.12613    0.000588054    -0.604622    -2.53211    0.220037
1.35271    -1.12629    0.000756282    -0.603008    -2.52509    0.22358
1.3636    -1.12642    0.00082258    -0.60119    -2.51718    0.227436
1.37495    -1.12651    0.000782559    -0.599309    -2.509    0.231281
1.38603    -1.12654    0.000658654    -0.597489    -2.50108    0.234863
1.3962    -1.12653    0.000488008    -0.595831    -2.49387    0.238009
1.40494    -1.12649    0.00031036    -0.594413    -2.4877    0.240614
1.41192    -1.12644    0.000158804    -0.593289    -2.48281    0.242625
1.41691    -1.12639    5.44949e-05    -0.592488    -2.47932    0.244028
1.41983    -1.12636    5.11155e-06    -0.59202    -2.47729    0.244836
1.42073    -1.12634    6.25144e-06    -0.591877    -2.47666    0.245082
1.41974    -1.12636    4.46971e-05    -0.592035    -2.47735    0.24481
1.41709    -1.12639    0.000102565    -0.592459    -2.4792    0.244077
1.41308    -1.12643    0.000161494    -0.593103    -2.48199    0.242952
1.40805    -1.12647    0.000206217    -0.593913    -2.48552    0.241514
1.40236    -1.12651    0.000227038    -0.594832    -2.48951    0.239853
1.39639    -1.12653    0.000220938    -0.595799    -2.49372    0.238067
1.39051    -1.12654    0.000191244    -0.596758    -2.49789    0.236263
1.38503    -1.12654    0.000146049    -0.597653    -2.50179    0.234544
1.38025    -1.12653    9.58012e-05    -0.598439    -2.5052    0.23301
1.37637    -1.12652    5.06494e-05    -0.599076    -2.50798    0.231746
1.37355    -1.1265    1.81722e-05    -0.599541    -2.51    0.230814
1.37186    -1.12649    2.00099e-06    -0.59982    -2.51122    0.230251
1.3713    -1.12649    1.57393e-06    -0.599913    -2.51162    0.230063
1.3718    -1.12649    1.29399e-05    -0.599831    -2.51126    0.23023
1.37322    -1.1265    3.02562e-05    -0.599595    -2.51024    0.230705
1.3754    -1.12651    4.74868e-05    -0.599236    -2.50867    0.231428
1.37813    -1.12653    5.98352e-05    -0.598786    -2.50672    0.232324
1.3812    -1.12654    6.46061e-05    -0.598282    -2.50453    0.233318
1.38438    -1.12654    6.14014e-05    -0.59776    -2.50226    0.234337
1.38748    -1.12654    5.17468e-05    -0.597252    -2.50005    0.235319
1.39033    -1.12654    3.83601e-05    -0.596787    -2.49802    0.236208
1.39278    -1.12654    2.43106e-05    -0.596387    -2.49628    0.236966
1.39474    -1.12654    1.22772e-05    -0.596069    -2.4949    0.237564
1.39612    -1.12653    4.0457e-06    -0.595843    -2.49392    0.237986
1.39692    -1.12653    2.96434e-07    -0.595714    -2.49335    0.238227
1.39713    -1.12653    6.66176e-07    -0.595679    -2.4932    0.238292
1.39681    -1.12653    4.01432e-06    -0.595731    -2.49343    0.238195
1.39602    -1.12653    8.80031e-06    -0.59586    -2.49399    0.237954
1.39484    -1.12654    1.34759e-05    -0.596051    -2.49482    0.237597
1.39339    -1.12654    1.68104e-05    -0.596288    -2.49585    0.237152
1.39177    -1.12654    1.80956e-05    -0.596553    -2.497    0.236653
1.39008    -1.12654    1.72063e-05    -0.596828    -2.4982    0.236131
1.38844    -1.12654    1.4528e-05    -0.597096    -2.49936    0.235618
1.38693    -1.12654    1.0787e-05    -0.597343    -2.50044    0.235144
1.38563    -1.12654    6.83345e-06    -0.597555    -2.50136    0.234734
1.38459    -1.12654    3.43282e-06    -0.597725    -2.5021    0.234405
1.38386    -1.12654    1.10964e-06    -0.597845    -2.50262    0.234172
1.38344    -1.12654    7.10072e-08    -0.597914    -2.50292    0.234039
1.38334    -1.12654    2.14071e-07    -0.597931    -2.503    0.234005
1.38352    -1.12654    1.202e-06    -0.597901    -2.50287    0.234063
1.38395    -1.12654    2.57953e-06    -0.59783    -2.50256    0.234202
1.38459    -1.12654    3.89483e-06    -0.597725    -2.5021    0.234404
1.38537    -1.12654    4.79869e-06    -0.597597    -2.50155    0.234653
1.38624    -1.12654    5.10262e-06    -0.597455    -2.50093    0.234927
1.38713    -1.12654    4.79053e-06    -0.597309    -2.50029    0.235209
1.388    -1.12654    3.98998e-06    -0.597167    -2.49968    0.235481
1.38879    -1.12654    2.91717e-06    -0.597038    -2.49911    0.235729
1.38947    -1.12654    1.81286e-06    -0.596928    -2.49863    0.23594
1.39    -1.12654    8.84927e-07    -0.59684    -2.49825    0.236106
1.39037    -1.12654    2.68855e-07    -0.59678    -2.49799    0.236222
1.39058    -1.12654    1.11976e-08    -0.596746    -2.49784    0.236286
1.39062    -1.12654    7.5309e-08    -0.596739    -2.49781    0.236298
1.39051    -1.12654    3.63967e-07    -0.596757    -2.49789    0.236265
1.39027    -1.12654    7.50978e-07    -0.596796    -2.49806    0.236191
1.38993    -1.12654    1.11339e-06    -0.596852    -2.4983    0.236084
1.38951    -1.12654    1.35732e-06    -0.59692    -2.4986    0.235954
1.38905    -1.12654    1.43304e-06    -0.596996    -2.49893    0.23581
1.38858    -1.12654    1.33782e-06    -0.597073    -2.49927    0.235662
1.38812    -1.12654    1.10817e-06    -0.597148    -2.49959    0.235518
1.3877    -1.12654    8.04884e-07    -0.597216    -2.49989    0.235388
1.38735    -1.12654    4.95366e-07    -0.597274    -2.50014    0.235276
1.38707    -1.12654    2.37625e-07    -0.59732    -2.50034    0.235188
1.38688    -1.12654    6.90899e-08    -0.597351    -2.50048    0.235127
1.38677    -1.12654    1.92314e-09    -0.597368    -2.50055    0.235095
1.38675    -1.12654    2.4726e-08    -0.597371    -2.50056    0.235089
1.38682    -1.12654    1.09139e-07    -0.597361    -2.50052    0.235109
1.38695    -1.12654    2.19023e-07    -0.59734    -2.50043    0.23515
1.38713    -1.12654    3.19722e-07    -0.597309    -2.50029    0.235208
1.38736    -1.12654    3.85358e-07    -0.597273    -2.50013    0.235279
1.3876    -1.12654    4.0288e-07    -0.597233    -2.49996    0.235356
1.38785    -1.12654    3.72575e-07    -0.597191    -2.49978    0.235435
1.3881    -1.12654    3.05568e-07    -0.597152    -2.49961    0.235511
1.38831    -1.12654    2.19392e-07    -0.597116    -2.49945    0.235579
1.3885    -1.12654    1.32971e-07    -0.597086    -2.49932    0.235637
1.38864    -1.12654    6.22061e-08    -0.597062    -2.49922    0.235683
1.38874    -1.12654    1.7017e-08    -0.597046    -2.49915    0.235713
1.38879    -1.12654    2.25767e-10    -0.597038    -2.49911    0.23573
1.3888    -1.12654    8.18779e-09    -0.597037    -2.49911    0.235731
1.38876    -1.12654    3.27194e-08    -0.597043    -2.49913    0.23572
1.38869    -1.12654    6.36708e-08    -0.597054    -2.49918    0.235698
1.38859    -1.12654    9.14699e-08    -0.597071    -2.49926    0.235667
1.38847    -1.12654    1.0909e-07    -0.59709    -2.49934    0.235629
1.38834    -1.12654    1.13118e-07    -0.597112    -2.49943    0.235588
1.38821    -1.12654    1.03839e-07    -0.597133    -2.49953    0.235546
1.38808    -1.12654    8.45153e-08    -0.597154    -2.49962    0.235506
1.38797    -1.12654    6.01275e-08    -0.597173    -2.4997    0.23547
1.38787    -1.12654    3.5976e-08    -0.597189    -2.49977    0.23544
1.38779    -1.12654    1.64549e-08    -0.597201    -2.49982    0.235416
1.38774    -1.12654    4.24347e-09    -0.597209    -2.49986    0.2354
1.38772    -1.12654    1.68884e-11    -0.597214    -2.49988    0.235392
1.38772    -1.12654    2.64812e-09    -0.597214    -2.49988    0.235392
1.38774    -1.12654    9.76904e-09    -0.597211    -2.49986    0.235398
1.38778    -1.12654    1.85044e-08    -0.597204    -2.49984    0.235411
1.38783    -1.12654    2.61866e-08    -0.597195    -2.4998    0.235427
1.38789    -1.12654    3.0898e-08    -0.597185    -2.49975    0.235448
1.38796    -1.12654    3.17526e-08    -0.597173    -2.4997    0.235469
1.38803    -1.12654    2.89021e-08    -0.597162    -2.49965    0.235491
1.3881    -1.12654    2.33136e-08    -0.597151    -2.4996    0.235513
1.38816    -1.12654    1.641e-08    -0.597141    -2.49956    0.235532
1.38821    -1.12654    9.67427e-09    -0.597133    -2.49953    0.235547
1.38825    -1.12654    4.31265e-09    -0.597126    -2.4995    0.23556
1.38828    -1.12654    1.03795e-09    -0.597122    -2.49948    0.235568
1.38829    -1.12654    2.32682e-16    -0.59712    -2.49947    0.235572
1.38829    -1.12654    8.5141e-10    -0.59712    -2.49947    0.235572
1.38828    -1.12654    2.91039e-09    -0.597122    -2.49948    0.235568
1.38826    -1.12654    5.3677e-09    -0.597125    -2.49949    0.235561
1.38823    -1.12654    7.48465e-09    -0.59713    -2.49951    0.235552
1.38819    -1.12654    8.74064e-09    -0.597136    -2.49954    0.235542
1.38816    -1.12654    8.90694e-09    -0.597142    -2.49957    0.23553
1.38812    -1.12654    8.04365e-09    -0.597148    -2.49959    0.235518
1.38808    -1.12654    6.43431e-09    -0.597154    -2.49962    0.235507
1.38805    -1.12654    4.4833e-09    -0.597159    -2.49964    0.235497
1.38803    -1.12654    2.60521e-09    -0.597163    -2.49966    0.235489
1.38801    -1.12654    1.13167e-09    -0.597167    -2.49967    0.235483
1.38799    -1.12654    2.53018e-10    -0.597169    -2.49968    0.235478
1.38799    -1.12654    1.20244e-12    -0.59717    -2.49969    0.235476
1.38799    -1.12654    2.7051e-10    -0.59717    -2.49969    0.235477
1.38799    -1.12654    8.64707e-10    -0.597169    -2.49968    0.235479
1.388    -1.12654    1.55564e-09    -0.597167    -2.49967    0.235482
1.38802    -1.12654    2.13845e-09    -0.597164    -2.49966    0.235487
1.38804    -1.12654    2.47181e-09    -0.597161    -2.49965    0.235493
1.38806    -1.12654    2.49723e-09    -0.597158    -2.49964    0.235499
1.38808    -1.12654    2.23676e-09    -0.597155    -2.49962    0.235505
1.3881    -1.12654    1.77357e-09    -0.597152    -2.49961    0.235511
1.38811    -1.12654    1.22262e-09    -0.597149    -2.4996    0.235516
1.38813    -1.12654    6.9965e-10    -0.597147    -2.49959    0.235521
1.38814    -1.12654    2.95563e-10    -0.597145    -2.49958    0.235524
1.38814    -1.12654    6.08015e-11    -0.597144    -2.49957    0.235526
1.38815    -1.12654    1.3758e-12    -0.597143    -2.49957    0.235527
1.38815    -1.12654    8.53227e-11    -0.597143    -2.49957    0.235527
1.38814    -1.12654    2.56323e-10    -0.597144    -2.49957    0.235526
1.38814    -1.12654    4.50228e-10    -0.597145    -2.49958    0.235524
1.38813    -1.12654    6.10361e-10    -0.597146    -2.49959    0.235521
1.38812    -1.12654    6.98477e-10    -0.597148    -2.49959    0.235518
1.38811    -1.12654    6.99744e-10    -0.59715    -2.4996    0.235515
1.3881    -1.12654    6.2174e-10    -0.597151    -2.49961    0.235512
1.38809    -1.12654    4.88727e-10    -0.597153    -2.49961    0.235508
1.38808    -1.12654    3.33317e-10    -0.597155    -2.49962    0.235506
1.38807    -1.12654    1.87793e-10    -0.597156    -2.49963    0.235503
1.38807    -1.12654    7.70572e-11    -0.597157    -2.49963    0.235502
1.38806    -1.12654    1.44543e-11    -0.597157    -2.49963    0.235501
1.38806    -1.12654    8.66434e-13    -0.597157    -2.49963    0.2355
1.38806    -1.12654    2.66992e-11    -0.597157    -2.49963    0.2355
1.38806    -1.12654    7.58095e-11    -0.597157    -2.49963    0.235501
1.38807    -1.12654    1.30166e-10    -0.597156    -2.49963    0.235502
1.38807    -1.12654    1.74097e-10    -0.597156    -2.49963    0.235503
1.38808    -1.12654    1.97268e-10    -0.597155    -2.49962    0.235505
1.38808    -1.12654    1.95967e-10    -0.597154    -2.49962    0.235507
1.38809    -1.12654    1.72709e-10    -0.597153    -2.49961    0.235509
1.38809    -1.12654    1.34561e-10    -0.597152    -2.49961    0.23551
1.3881    -1.12654    9.07652e-11    -0.597151    -2.49961    0.235512
1.3881    -1.12654    5.03142e-11    -0.597151    -2.4996    0.235513
1.3881    -1.12654    2.00162e-11    -0.59715    -2.4996    0.235514
1.38811    -1.12654    3.3818e-12    -0.59715    -2.4996    0.235514
1.38811    -1.12654    4.31464e-13    -0.59715    -2.4996    0.235514
1.38811    -1.12654    8.30155e-12    -0.59715    -2.4996    0.235514
1.38811    -1.12654    2.2374e-11    -0.59715    -2.4996    0.235514
1.3881    -1.12654    3.75882e-11    -0.597151    -2.4996    0.235513
1.3881    -1.12654    4.96179e-11    -0.597151    -2.4996    0.235513
1.3881    -1.12654    5.56778e-11    -0.597151    -2.49961    0.235512
1.3881    -1.12654    5.48512e-11    -0.597152    -2.49961    0.235511
1.38809    -1.12654    4.79509e-11    -0.597152    -2.49961    0.23551
1.38809    -1.12654    3.70282e-11    -0.597153    -2.49961    0.235509
1.38809    -1.12654    2.46983e-11    -0.597153    -2.49961    0.235508
1.38809    -1.12654    1.34639e-11    -0.597153    -2.49962    0.235508
1.38808    -1.12654    5.18392e-12    -0.597154    -2.49962    0.235507
1.38808    -1.12654    7.77731e-13    -0.597154    -2.49962    0.235507
1.38808    -1.12654    1.88419e-13    -0.597154    -2.49962    0.235507
1.38808    -1.12654    2.56568e-12    -0.597154    -2.49962    0.235507
1.38808    -1.12654    6.59025e-12    -0.597154    -2.49962    0.235507
1.38808    -1.12654    1.08431e-11    -0.597154    -2.49962    0.235507
1.38809    -1.12654    1.41312e-11    -0.597153    -2.49962    0.235508
1.38809    -1.12654    1.57057e-11    -0.597153    -2.49961    0.235508
1.38809    -1.12654    1.53444e-11    -0.597153    -2.49961    0.235509
1.38809    -1.12654    1.3305e-11    -0.597153    -2.49961    0.235509
1.38809    -1.12654    1.01818e-11    -0.597152    -2.49961    0.23551
1.38809    -1.12654    6.71391e-12    -0.597152    -2.49961    0.23551
1.38809    -1.12654    3.59695e-12    -0.597152    -2.49961    0.23551
1.3881    -1.12654    1.3375e-12    -0.597152    -2.49961    0.235511
1.3881    -1.12654    1.74952e-13    -0.597152    -2.49961    0.235511
1.3881    -1.12654    7.58141e-14    -0.597152    -2.49961    0.235511
1.3881    -1.12654    7.88729e-13    -0.597152    -2.49961    0.235511
1.3881    -1.12654    1.93738e-12    -0.597152    -2.49961    0.235511
1.38809    -1.12654    3.12453e-12    -0.597152    -2.49961    0.235511
1.38809    -1.12654    4.02152e-12    -0.597152    -2.49961    0.23551
1.38809    -1.12654    4.42755e-12    -0.597152    -2.49961    0.23551
1.38809    -1.12654    4.29013e-12    -0.597152    -2.49961    0.23551
1.38809    -1.12654    3.68972e-12    -0.597153    -2.49961    0.23551
1.38809    -1.12654    2.79795e-12    -0.597153    -2.49961    0.235509
1.38809    -1.12654    1.8235e-12    -0.597153    -2.49961    0.235509
1.38809    -1.12654    9.59514e-13    -0.597153    -2.49961    0.235509
1.38809    -1.12654    3.43773e-13    -0.597153    -2.49961    0.235509
1.38809    -1.12654    3.8306e-14    -0.597153    -2.49961    0.235509
1.38809    -1.12654    2.88211e-14    -0.597153    -2.49961    0.235509
1.38809    -1.12654    2.41289e-13    -0.597153    -2.49961    0.235509
1.38809    -1.12654    5.68546e-13    -0.597153    -2.49961    0.235509
1.38809    -1.12654    8.99413e-13    -0.597153    -2.49961    0.235509
1.38809    -1.12654    1.14353e-12    -0.597153    -2.49961    0.235509
1.38809    -1.12654    1.24722e-12    -0.597153    -2.49961    0.235509
1.38809    -1.12654    1.19863e-12    -0.597153    -2.49961    0.235509
1.38809    -1.12654    1.02248e-12    -0.597153    -2.49961    0.235509
1.38809    -1.12654    7.68172e-13    -0.597153    -2.49961    0.23551
1.38809    -1.12654    4.94641e-13    -0.597152    -2.49961    0.23551
1.38809    -1.12654    2.55435e-13    -0.597152    -2.49961    0.23551
1.38809    -1.12654    8.7961e-14    -0.597152    -2.49961    0.23551
1.38809    -1.12654    8.10239e-15    -0.597152    -2.49961    0.23551
1.38809    -1.12654    1.05038e-14    -0.597152    -2.49961    0.23551
1.38809    -1.12654    7.3458e-14    -0.597152    -2.49961    0.23551
1.38809    -1.12654    1.66501e-13    -0.597152    -2.49961    0.23551
1.38809    -1.12654    2.58574e-13    -0.597152    -2.49961    0.23551
1.38809    -1.12654    3.24867e-13    -0.597152    -2.49961    0.23551
1.38809    -1.12654    3.51077e-13    -0.597152    -2.49961    0.23551
1.38809    -1.12654    3.34624e-13    -0.597153    -2.49961    0.23551
1.38809    -1.12654    2.83087e-13    -0.597153    -2.49961    0.23551
1.38809    -1.12654    2.10698e-13    -0.597153    -2.49961    0.235509
1.38809    -1.12654    1.34019e-13    -0.597153    -2.49961    0.235509
1.38809    -1.12654    6.78761e-14    -0.597153    -2.49961    0.235509
1.38809    -1.12654    2.24028e-14    -0.597153    -2.49961    0.235509
1.38809    -1.12654    1.63778e-15    -0.597153    -2.49961    0.235509
1.38809    -1.12654    3.707e-15    -0.597153    -2.49961    0.235509
1.38809    -1.12654    2.22674e-14    -0.597153    -2.49961    0.235509
1.38809    -1.12654    4.86721e-14    -0.597153    -2.49961    0.235509
1.38809    -1.12654    7.4255e-14    -0.597153    -2.49961    0.235509
1.38809    -1.12654    9.22139e-14    -0.597153    -2.49961    0.235509
1.38809    -1.12654    9.87518e-14    -0.597153    -2.49961    0.235509
1.38809    -1.12654    9.33594e-14    -0.597153    -2.49961    0.235509
1.38809    -1.12654    7.83302e-14    -0.597153    -2.49961    0.23551
1.38809    -1.12654    5.77496e-14    -0.597153    -2.49961    0.23551
1.38809    -1.12654    3.6274e-14    -0.597153    -2.49961    0.23551
1.38809    -1.12654    1.80034e-14    -0.597153    -2.49961    0.23551
1.38809    -1.12654    5.6771e-15    -0.597153    -2.49961    0.23551
1.38809    -1.12654    3.1078e-16    -0.597152    -2.49961    0.23551
1.38809    -1.12654    1.27593e-15    -0.597152    -2.49961    0.23551
1.38809    -1.12654    6.7246e-15    -0.597152    -2.49961    0.23551
1.38809    -1.12654    1.42058e-14    -0.597153    -2.49961    0.23551
1.38809    -1.12654    2.13041e-14    -0.597153    -2.49961    0.23551
1.38809    -1.12654    2.61573e-14    -0.597153    -2.49961    0.23551
1.38809    -1.12654    2.77612e-14    -0.597153    -2.49961    0.23551
1.38809    -1.12654    2.60328e-14    -0.597153    -2.49961    0.23551
1.38809    -1.12654    2.16612e-14    -0.597153    -2.49961    0.23551
1.38809    -1.12654    1.58169e-14    -0.597153    -2.49961    0.23551
1.38809    -1.12654    9.80777e-15    -0.597153    -2.49961    0.235509
1.38809    -1.12654    4.76609e-15    -0.597153    -2.49961    0.235509
1.38809    -1.12654    1.43071e-15    -0.597153    -2.49961    0.235509
1.38809    -1.12654    5.37024e-17    -0.597153    -2.49961    0.235509
1.38809    -1.12654    4.30336e-16    -0.597153    -2.49961    0.235509
1.38809    -1.12654    2.02374e-15    -0.597153    -2.49961    0.235509
1.38809    -1.12654    4.14003e-15    -0.597153    -2.49961    0.235509
1.38809    -1.12654    6.10675e-15    -0.597153    -2.49961    0.235509
1.38809    -1.12654    7.41485e-15    -0.597153    -2.49961    0.235509
1.38809    -1.12654    7.79984e-15    -0.597153    -2.49961    0.23551
1.38809    -1.12654    7.2551e-15    -0.597153    -2.49961    0.23551
1.38809    -1.12654    5.98652e-15    -0.597153    -2.49961    0.23551
1.38809    -1.12654    4.32885e-15    -0.597153    -2.49961    0.23551
1.38809    -1.12654    2.64894e-15    -0.597153    -2.49961    0.23551
1.38809    -1.12654    1.25918e-15    -0.597153    -2.49961    0.23551
1.38809    -1.12654    3.58355e-16    -0.597153    -2.49961    0.23551
1.38809    -1.12654    7.9583e-18    -0.597153    -2.49961    0.23551
1.38809    -1.12654    1.42724e-16    -0.597153    -2.49961    0.23551
1.38809    -1.12654    6.07071e-16    -0.597153    -2.49961    0.23551
1.38809    -1.12654    1.20482e-15    -0.597153    -2.49961    0.23551
1.38809    -1.12654    1.74894e-15    -0.597153    -2.49961    0.23551
1.38809    -1.12654    2.10051e-15    -0.597153    -2.49961    0.23551
1.38809    -1.12654    2.19022e-15    -0.597153    -2.49961    0.23551
1.38809    -1.12654    2.02082e-15    -0.597153    -2.49961    0.23551
1.38809    -1.12654    1.6535e-15    -0.597153    -2.49961    0.23551
1.38809    -1.12654    1.18384e-15    -0.597153    -2.49961    0.23551
1.38809    -1.12654    7.14638e-16    -0.597153    -2.49961    0.23551
1.38809    -1.12654    3.31956e-16    -0.597153    -2.49961    0.23551
1.38809    -1.12654    8.91469e-17    -0.597153    -2.49961    0.23551
1.38809    -1.12654    8.7369e-19    -0.597153    -2.49961    0.23551
1.38809    -1.12654    4.66711e-17    -0.597153    -2.49961    0.23551
1.38809    -1.12654    1.8156e-16    -0.597153    -2.49961    0.23551
1.38809    -1.12654    3.5014e-16    -0.597153    -2.49961    0.23551
1.38809    -1.12654    5.00458e-16    -0.597153    -2.49961    0.23551
1.38809    -1.12654    5.9466e-16    -0.597153    -2.49961    0.23551
1.38809    -1.12654    6.14675e-16    -0.597153    -2.49961    0.23551
1.38809    -1.12654    5.62565e-16    -0.597153    -2.49961    0.23551
1.38809    -1.12654    4.56423e-16    -0.597153    -2.49961    0.23551
1.38809    -1.12654    3.23502e-16    -0.597153    -2.49961    0.23551
1.38809    -1.12654    1.92573e-16    -0.597153    -2.49961    0.23551
1.38809    -1.12654    8.73149e-17    -0.597153    -2.49961    0.23551
1.38809    -1.12654    2.20072e-17    -0.597153    -2.49961    0.23551
1.38809    -1.12654    3.99864e-20    -0.597153    -2.49961    0.23551
1.38809    -1.12654    1.50786e-17    -0.597153    -2.49961    0.23551
1.38809    -1.12654    5.41482e-17    -0.597153    -2.49961    0.23551
1.38809    -1.12654    1.01623e-16    -0.597153    -2.49961    0.23551
1.38809    -1.12654    1.43086e-16    -0.597153    -2.49961    0.23551
1.38809    -1.12654    1.68242e-16    -0.597153    -2.49961    0.23551
1.38809    -1.12654    1.72409e-16    -0.597153    -2.49961    0.23551
1.38809    -1.12654    1.56522e-16    -0.597153    -2.49961    0.23551
1.38809    -1.12654    1.25911e-16    -0.597153    -2.49961    0.23551
1.38809    -1.12654    8.83319e-17    -0.597153    -2.49961    0.23551
1.38809    -1.12654    5.18298e-17    -0.597153    -2.49961    0.23551
1.38809    -1.12654    2.29112e-17    -0.597153    -2.49961    0.23551
1.38809    -1.12654    5.38582e-18    -0.597153    -2.49961    0.23551
1.38809    -1.12654    2.4709e-21    -0.597153    -2.49961    0.23551
1.38809    -1.12654    4.82112e-18    -0.597153    -2.49961    0.23551
1.38809    -1.12654    1.61067e-17    -0.597153    -2.49961    0.23551
1.38809    -1.12654    2.94571e-17    -0.597153    -2.49961    0.23551
1.38809    -1.12654    4.08764e-17    -0.597153    -2.49961    0.23551
1.38809    -1.12654    4.75694e-17    -0.597153    -2.49961    0.23551
1.38809    -1.12654    4.83318e-17    -0.597153    -2.49961    0.23551
1.38809    -1.12654    4.3525e-17    -0.597153    -2.49961    0.23551
1.38809    -1.12654    3.47125e-17    -0.597153    -2.49961    0.23551
1.38809    -1.12654    2.40994e-17    -0.597153    -2.49961    0.23551
1.38809    -1.12654    1.39322e-17    -0.597153    -2.49961    0.23551
1.38809    -1.12654    5.99646e-18    -0.597153    -2.49961    0.23551
1.38809    -1.12654    1.30507e-18    -0.597153    -2.49961    0.23551
1.38809    -1.12654    1.17439e-20    -0.597153    -2.49961    0.23551
1.38809    -1.12654    1.52751e-18    -0.597153    -2.49961    0.23551
1.38809    -1.12654    4.77925e-18    -0.597153    -2.49961    0.23551
1.38809    -1.12654    8.52821e-18    -0.597153    -2.49961    0.23551
1.38809    -1.12654    1.16681e-17    -0.597153    -2.49961    0.23551
1.38809    -1.12654    1.34416e-17    -0.597153    -2.49961    0.23551
1.38809    -1.12654    1.35415e-17    -0.597153    -2.49961    0.23551
1.38809    -1.12654    1.20965e-17    -0.597153    -2.49961    0.23551
1.38809    -1.12654    9.56386e-18    -0.597153    -2.49961    0.23551
1.38809    -1.12654    6.56955e-18    -0.597153    -2.49961    0.23551
1.38809    -1.12654    3.74023e-18    -0.597153    -2.49961    0.23551
1.38809    -1.12654    1.56513e-18    -0.597153    -2.49961    0.23551
1.38809    -1.12654    3.12645e-19    -0.597153    -2.49961    0.23551
1.38809    -1.12654    1.01277e-20    -0.597153    -2.49961    0.23551
1.38809    -1.12654    4.80104e-19    -0.597153    -2.49961    0.23551
1.38809    -1.12654    1.41483e-18    -0.597153    -2.49961    0.23551
1.38809    -1.12654    2.46612e-18    -0.597153    -2.49961    0.23551
1.38809    -1.12654    3.32806e-18    -0.597153    -2.49961    0.23551
1.38809    -1.12654    3.79582e-18    -0.597153    -2.49961    0.23551
1.38809    -1.12654    3.7919e-18    -0.597153    -2.49961    0.23551
1.38809    -1.12654    3.35997e-18    -0.597153    -2.49961    0.23551
1.38809    -1.12654    2.63331e-18    -0.597153    -2.49961    0.23551
1.38809    -1.12654    1.78935e-18    -0.597153    -2.49961    0.23551
1.38809    -1.12654    1.00274e-18    -0.597153    -2.49961    0.23551
1.38809    -1.12654    4.07322e-19    -0.597153    -2.49961    0.23551
1.38809    -1.12654    7.39066e-20    -0.597153    -2.49961    0.23551
1.38809    -1.12654    5.78887e-21    -0.597153    -2.49961    0.23551
1.38809    -1.12654    1.49829e-19    -0.597153    -2.49961    0.23551
1.38809    -1.12654    4.17926e-19    -0.597153    -2.49961    0.23551
1.38809    -1.12654    7.12324e-19    -0.597153    -2.49961    0.23551
1.38809    -1.12654    9.48529e-19    -0.597153    -2.49961    0.23551
1.38809    -1.12654    1.07127e-18    -0.597153    -2.49961    0.23551
1.38809    -1.12654    1.06123e-18    -0.597153    -2.49961    0.23551
1.38809    -1.12654    9.32755e-19    -0.597153    -2.49961    0.23551
1.38809    -1.12654    7.2458e-19    -0.597153    -2.49961    0.23551
1.38809    -1.12654    4.86943e-19    -0.597153    -2.49961    0.23551
1.38809    -1.12654    2.68452e-19    -0.597153    -2.49961    0.23551
1.38809    -1.12654    1.0567e-19    -0.597153    -2.49961    0.23551
1.38809    -1.12654    1.71973e-20    -0.597153    -2.49961    0.23551
1.38809    -1.12654    2.73527e-21    -0.597153    -2.49961    0.23551
1.38809    -1.12654    4.64612e-20    -0.597153    -2.49961    0.23551
1.38809    -1.12654    1.23196e-19    -0.597153    -2.49961    0.23551
1.38809    -1.12654    2.05524e-19    -0.597153    -2.49961    0.23551
1.38809    -1.12654    2.70136e-19    -0.597153    -2.49961    0.23551
1.38809    -1.12654    3.02154e-19    -0.597153    -2.49961    0.23551
1.38809    -1.12654    2.96841e-19    -0.597153    -2.49961    0.23551
1.38809    -1.12654    2.58793e-19    -0.597153    -2.49961    0.23551
1.38809    -1.12654    1.99242e-19    -0.597153    -2.49961    0.23551
1.38809    -1.12654    1.32394e-19    -0.597153    -2.49961    0.23551
1.38809    -1.12654    7.17639e-20    -0.597153    -2.49961    0.23551
1.38809    -1.12654    2.73211e-20    -0.597153    -2.49961    0.23551
1.38809    -1.12654    3.92657e-21    -0.597153    -2.49961    0.23551
1.38809    -1.12654    1.1574e-21    -0.597153    -2.49961    0.23551
1.38809    -1.12654    1.43249e-20    -0.597153    -2.49961    0.23551
1.38809    -1.12654    3.62444e-20    -0.597153    -2.49961    0.23551
1.38809    -1.12654    5.9235e-20    -0.597153    -2.49961    0.23551
1.38809    -1.12654    7.68759e-20    -0.597153    -2.49961    0.23551
1.38809    -1.12654    8.51717e-20    -0.597153    -2.49961    0.23551
1.38809    -1.12654    8.29843e-20    -0.597153    -2.49961    0.23551
1.38809    -1.12654    7.17605e-20    -0.597153    -2.49961    0.23551
1.38809    -1.12654    5.47502e-20    -0.597153    -2.49961    0.23551
1.38809    -1.12654    3.59639e-20    -0.597153    -2.49961    0.23551
1.38809    -1.12654    1.91551e-20    -0.597153    -2.49961    0.23551
1.38809    -1.12654    7.03833e-21    -0.597153    -2.49961    0.23551
1.38809    -1.12654    8.76124e-22    -0.597153    -2.49961    0.23551
1.38809    -1.12654    4.55592e-22    -0.597153    -2.49961    0.23551
1.38809    -1.12654    4.39371e-21    -0.597153    -2.49961    0.23551
1.38809    -1.12654    1.06431e-20    -0.597153    -2.49961    0.23551
1.38809    -1.12654    1.70548e-20    -0.597153    -2.49961    0.23551
1.38809    -1.12654    2.1862e-20    -0.597153    -2.49961    0.23551
1.38809    -1.12654    2.39943e-20    -0.597153    -2.49961    0.23551
1.38809    -1.12654    2.31864e-20    -0.597153    -2.49961    0.23551
1.38809    -1.12654    1.98873e-20    -0.597153    -2.49961    0.23551
1.38809    -1.12654    1.50348e-20    -0.597153    -2.49961    0.23551
1.38809    -1.12654    9.76025e-21    -0.597153    -2.49961    0.23551
1.38809    -1.12654    5.10475e-21    -0.597153    -2.49961    0.23551
1.38809    -1.12654    1.80608e-21    -0.597153    -2.49961    0.23551
1.38809    -1.12654    1.8989e-22    -0.597153    -2.49961    0.23551
1.38809    -1.12654    1.70434e-22    -0.597153    -2.49961    0.23551
1.38809    -1.12654    1.34123e-21    -0.597153    -2.49961    0.23551
1.38809    -1.12654    3.11994e-21    -0.597153    -2.49961    0.23551
1.38809    -1.12654    4.90562e-21    -0.597153    -2.49961    0.23551
1.38809    -1.12654    6.21282e-21    -0.597153    -2.49961    0.23551
1.38809    -1.12654    6.75597e-21    -0.597153    -2.49961    0.23551
1.38809    -1.12654    6.47496e-21    -0.597153    -2.49961    0.23551
1.38809    -1.12654    5.50831e-21    -0.597153    -2.49961    0.23551
1.38809    -1.12654    4.12593e-21    -0.597153    -2.49961    0.23551
1.38809    -1.12654    2.64633e-21    -0.597153    -2.49961    0.23551
1.38809    -1.12654    1.35804e-21    -0.597153    -2.49961    0.23551
1.38809    -1.12654    4.61403e-22    -0.597153    -2.49961    0.23551
1.38809    -1.12654    3.96354e-23    -0.597153    -2.49961    0.23551
1.38809    -1.12654    6.14196e-23    -0.597153    -2.49961    0.23551
1.38809    -1.12654    4.07708e-22    -0.597153    -2.49961    0.23551
1.38809    -1.12654    9.13018e-22    -0.597153    -2.49961    0.23551
1.38809    -1.12654    1.40965e-21    -0.597153    -2.49961    0.23551
1.38809    -1.12654    1.76434e-21    -0.597153    -2.49961    0.23551
1.38809    -1.12654    1.90104e-21    -0.597153    -2.49961    0.23551
1.38809    -1.12654    1.80708e-21    -0.597153    -2.49961    0.23551
1.38809    -1.12654    1.52465e-21    -0.597153    -2.49961    0.23551
1.38809    -1.12654    1.13126e-21    -0.597153    -2.49961    0.23551
1.38809    -1.12654    7.16696e-22    -0.597153    -2.49961    0.23551
1.38809    -1.12654    3.60648e-22    -0.597153    -2.49961    0.23551
1.38809    -1.12654    1.17328e-22    -0.597153    -2.49961    0.23551
1.38809    -1.12654    7.86937e-24    -0.597153    -2.49961    0.23551
1.38809    -1.12654    2.14662e-23    -0.597153    -2.49961    0.23551
1.38809    -1.12654    1.23393e-22    -0.597153    -2.49961    0.23551
1.38809    -1.12654    2.66692e-22    -0.597153    -2.49961    0.23551
1.38809    -1.12654    4.04589e-22    -0.597153    -2.49961    0.23551
1.38809    -1.12654    5.00624e-22    -0.597153    -2.49961    0.23551
1.38809    -1.12654    5.3463e-22    -0.597153    -2.49961    0.23551
1.38809    -1.12654    5.04093e-22    -0.597153    -2.49961    0.23551
1.38809    -1.12654    4.21822e-22    -0.597153    -2.49961    0.23551
1.38809    -1.12654    3.10023e-22    -0.597153    -2.49961    0.23551
1.38809    -1.12654    1.93929e-22    -0.597153    -2.49961    0.23551
1.38809    -1.12654    9.56141e-23    -0.597153    -2.49961    0.23551
1.38809    -1.12654    2.96976e-23    -0.597153    -2.49961    0.23551
1.38809    -1.12654    1.46007e-24    -0.597153    -2.49961    0.23551
1.38809    -1.12654    7.33151e-24    -0.597153    -2.49961    0.23551
1.38809    -1.12654    3.72029e-23    -0.597153    -2.49961    0.23551
1.38809    -1.12654    7.77824e-23    -0.597153    -2.49961    0.23551
1.38809    -1.12654    1.16044e-22    -0.597153    -2.49961    0.23551
1.38809    -1.12654    1.4197e-22    -0.597153    -2.49961    0.23551
1.38809    -1.12654    1.50252e-22    -0.597153    -2.49961    0.23551
1.38809    -1.12654    1.40531e-22    -0.597153    -2.49961    0.23551
1.38809    -1.12654    1.16637e-22    -0.597153    -2.49961    0.23551
1.38809    -1.12654    8.4932e-23    -0.597153    -2.49961    0.23551
1.38809    -1.12654    5.24487e-23    -0.597153    -2.49961    0.23551
1.38809    -1.12654    2.53136e-23    -0.597153    -2.49961    0.23551
1.38809    -1.12654    7.47798e-24    -0.597153    -2.49961    0.23551
1.38809    -1.12654    2.42916e-25    -0.597153    -2.49961    0.23551
1.38809    -1.12654    2.4596e-24    -0.597153    -2.49961    0.23551
1.38809    -1.12654    1.11866e-23    -0.597153    -2.49961    0.23551
1.38809    -1.12654    2.26671e-23    -0.597153    -2.49961    0.23551
1.38809    -1.12654    3.32638e-23    -0.597153    -2.49961    0.23551
1.38809    -1.12654    4.02449e-23    -0.597153    -2.49961    0.23551
1.38809    -1.12654    4.22178e-23    -0.597153    -2.49961    0.23551
1.38809    -1.12654    3.91779e-23    -0.597153    -2.49961    0.23551
1.38809    -1.12654    3.22434e-23    -0.597153    -2.49961    0.23551
1.38809    -1.12654    2.3242e-23    -0.597153    -2.49961    0.23551
1.38809    -1.12654    1.41597e-23    -0.597153    -2.49961    0.23551
1.38809    -1.12654    6.6816e-24    -0.597153    -2.49961    0.23551
1.38809    -1.12654    1.8672e-24    -0.597153    -2.49961    0.23551
1.38809    -1.12654    3.32082e-26    -0.597153    -2.49961    0.23551
1.38809    -1.12654    8.11915e-25    -0.597153    -2.49961    0.23551
1.38809    -1.12654    3.3536e-24    -0.597153    -2.49961    0.23551
1.38809    -1.12654    6.59781e-24    -0.597153    -2.49961    0.23551
1.38809    -1.12654    9.52782e-24    -0.597153    -2.49961    0.23551
1.38809    -1.12654    1.1409e-23    -0.597153    -2.49961    0.23551
1.38809    -1.12654    1.18604e-23    -0.597153    -2.49961    0.23551
1.38809    -1.12654    1.09182e-23    -0.597153    -2.49961    0.23551
1.38809    -1.12654    8.91493e-24    -0.597153    -2.49961    0.23551
1.38809    -1.12654    6.36372e-24    -0.597153    -2.49961    0.23551
1.38809    -1.12654    3.82281e-24    -0.597153    -2.49961    0.23551
1.38809    -1.12654    1.76296e-24    -0.597153    -2.49961    0.23551
1.38809    -1.12654    4.63358e-25    -0.597153    -2.49961    0.23551
1.38809    -1.12654    3.01947e-27    -0.597153    -2.49961    0.23551
1.38809    -1.12654    2.66106e-25    -0.597153    -2.49961    0.23551
1.38809    -1.12654    1.00511e-24    -0.597153    -2.49961    0.23551
1.38809    -1.12654    1.92277e-24    -0.597153    -2.49961    0.23551
1.38809    -1.12654    2.73419e-24    -0.597153    -2.49961    0.23551
1.38809    -1.12654    3.23756e-24    -0.597153    -2.49961    0.23551
1.38809    -1.12654    3.33309e-24    -0.597153    -2.49961    0.23551
1.38809    -1.12654    3.04284e-24    -0.597153    -2.49961    0.23551
1.38809    -1.12654    2.46312e-24    -0.597153    -2.49961    0.23551
1.38809    -1.12654    1.7407e-24    -0.597153    -2.49961    0.23551
1.38809    -1.12654    1.03114e-24    -0.597153    -2.49961    0.23551
1.38809    -1.12654    4.63358e-25    -0.597153    -2.49961    0.23551
1.38809    -1.12654    1.13939e-25    -0.597153    -2.49961    0.23551
1.38809    -1.12654    4.52732e-29    -0.597153    -2.49961    0.23551
1.38809    -1.12654    8.59968e-26    -0.597153    -2.49961    0.23551
1.38809    -1.12654    3.00716e-25    -0.597153    -2.49961    0.23551
1.38809    -1.12654    5.58649e-25    -0.597153    -2.49961    0.23551
1.38809    -1.12654    7.84862e-25    -0.597153    -2.49961    0.23551
1.38809    -1.12654    9.19329e-25    -0.597153    -2.49961    0.23551
1.38809    -1.12654    9.39872e-25    -0.597153    -2.49961    0.23551
1.38809    -1.12654    8.487e-25    -0.597153    -2.49961    0.23551
1.38809    -1.12654    6.80306e-25    -0.597153    -2.49961    0.23551
1.38809    -1.12654    4.75652e-25    -0.597153    -2.49961    0.23551
1.38809    -1.12654    2.77802e-25    -0.597153    -2.49961    0.23551
1.38809    -1.12654    1.21635e-25    -0.597153    -2.49961    0.23551
1.38809    -1.12654    2.77327e-26    -0.597153    -2.49961    0.23551
1.38809    -1.12654    6.16219e-29    -0.597153    -2.49961    0.23551
1.38809    -1.12654    2.77327e-26    -0.597153    -2.49961    0.23551
1.38809    -1.12654    8.99884e-26    -0.597153    -2.49961    0.23551
1.38809    -1.12654    1.62984e-25    -0.597153    -2.49961    0.23551
1.38809    -1.12654    2.24488e-25    -0.597153    -2.49961    0.23551
1.38809    -1.12654    2.59781e-25    -0.597153    -2.49961    0.23551
1.38809    -1.12654    2.63221e-25    -0.597153    -2.49961    0.23551
1.38809    -1.12654    2.36329e-25    -0.597153    -2.49961    0.23551
1.38809    -1.12654    1.86891e-25    -0.597153    -2.49961    0.23551
1.38809    -1.12654    1.29583e-25    -0.597153    -2.49961    0.23551
1.38809    -1.12654    7.45653e-26    -0.597153    -2.49961    0.23551
1.38809    -1.12654    3.17931e-26    -0.597153    -2.49961    0.23551
1.38809    -1.12654    6.70169e-27    -0.597153    -2.49961    0.23551
1.38809    -1.12654    1.25759e-28    -0.597153    -2.49961    0.23551
1.38809    -1.12654    8.87355e-27    -0.597153    -2.49961    0.23551
1.38809    -1.12654    2.66235e-26    -0.597153    -2.49961    0.23551
1.38809    -1.12654    4.68439e-26    -0.597153    -2.49961    0.23551
1.38809    -1.12654    6.36655e-26    -0.597153    -2.49961    0.23551
1.38809    -1.12654    7.30421e-26    -0.597153    -2.49961    0.23551
1.38809    -1.12654    7.36495e-26    -0.597153    -2.49961    0.23551
1.38809    -1.12654    6.56616e-26    -0.597153    -2.49961    0.23551
1.38809    -1.12654    5.1824e-26    -0.597153    -2.49961    0.23551
1.38809    -1.12654    3.54942e-26    -0.597153    -2.49961    0.23551
1.38809    -1.12654    1.99655e-26    -0.597153    -2.49961    0.23551
1.38809    -1.12654    8.14949e-27    -0.597153    -2.49961    0.23551
1.38809    -1.12654    1.58488e-27    -0.597153    -2.49961    0.23551
1.38809    -1.12654    8.04857e-29    -0.597153    -2.49961    0.23551
1.38809    -1.12654    2.77802e-27    -0.597153    -2.49961    0.23551
1.38809    -1.12654    7.94828e-27    -0.597153    -2.49961    0.23551
1.38809    -1.12654    1.38649e-26    -0.597153    -2.49961    0.23551
1.38809    -1.12654    1.85648e-26    -0.597153    -2.49961    0.23551
1.38809    -1.12654    2.07656e-26    -0.597153    -2.49961    0.23551
1.38809    -1.12654    2.06043e-26    -0.597153    -2.49961    0.23551
1.38809    -1.12654    1.82605e-26    -0.597153    -2.49961    0.23551
1.38809    -1.12654    1.39973e-26    -0.597153    -2.49961    0.23551
1.38809    -1.12654    9.4096e-27    -0.597153    -2.49961    0.23551
1.38809    -1.12654    5.23189e-27    -0.597153    -2.49961    0.23551
1.38809    -1.12654    2.01214e-27    -0.597153    -2.49961    0.23551
1.38809    -1.12654    3.21943e-28    -0.597153    -2.49961    0.23551
1.38809    -1.12654    5.31332e-29    -0.597153    -2.49961    0.23551
1.38809    -1.12654    8.5013e-28    -0.597153    -2.49961    0.23551
1.38809    -1.12654    2.32528e-27    -0.597153    -2.49961    0.23551
1.38809    -1.12654    3.9438e-27    -0.597153    -2.49961    0.23551
1.38809    -1.12654    5.23189e-27    -0.597153    -2.49961    0.23551
1.38809    -1.12654    5.90092e-27    -0.597153    -2.49961    0.23551
1.38809    -1.12654    5.90092e-27    -0.597153    -2.49961    0.23551
1.38809    -1.12654    4.99137e-27    -0.597153    -2.49961    0.23551
1.38809    -1.12654    3.73536e-27    -0.597153    -2.49961    0.23551
1.38809    -1.12654    2.43469e-27    -0.597153    -2.49961    0.23551
1.38809    -1.12654    1.32833e-27    -0.597153    -2.49961    0.23551
1.38809    -1.12654    4.78198e-28    -0.597153    -2.49961    0.23551
1.38809    -1.12654    5.31332e-29    -0.597153    -2.49961    0.23551
1.38809    -1.12654    3.80421e-29    -0.597153    -2.49961    0.23551
1.38809    -1.12654    3.42379e-28    -0.597153    -2.49961    0.23551
1.38809    -1.12654    7.85993e-28    -0.597153    -2.49961    0.23551
1.38809    -1.12654    1.16987e-27    -0.597153    -2.49961    0.23551
1.38809    -1.12654    1.54055e-27    -0.597153    -2.49961    0.23551
1.38809    -1.12654    1.67542e-27    -0.597153    -2.49961    0.23551
1.38809    -1.12654    1.54055e-27    -0.597153    -2.49961    0.23551
1.38809    -1.12654    1.32833e-27    -0.597153    -2.49961    0.23551
1.38809    -1.12654    9.51052e-28    -0.597153    -2.49961    0.23551
1.38809    -1.12654    6.36655e-28    -0.597153    -2.49961    0.23551
1.38809    -1.12654    3.42379e-28    -0.597153    -2.49961    0.23551
1.38809    -1.12654    1.01865e-28    -0.597153    -2.49961    0.23551
1.38809    -1.12654    7.85993e-30    -0.597153    -2.49961    0.23551
1.38809    -1.12654    1.54055e-29    -0.597153    -2.49961    0.23551
1.38809    -1.12654    9.08608e-29    -0.597153    -2.49961    0.23551
1.38809    -1.12654    1.96498e-28    -0.597153    -2.49961    0.23551
1.38809    -1.12654    3.42379e-28    -0.597153    -2.49961    0.23551
1.38809    -1.12654    4.5399e-28    -0.597153    -2.49961    0.23551
1.38809    -1.12654    4.5399e-28    -0.597153    -2.49961    0.23551
1.38809    -1.12654    4.5399e-28    -0.597153    -2.49961    0.23551
1.38809    -1.12654    4.3041e-28    -0.597153    -2.49961    0.23551
1.38809    -1.12654    3.42379e-28    -0.597153    -2.49961    0.23551
1.38809    -1.12654    2.12533e-28    -0.597153    -2.49961    0.23551
1.38809    -1.12654    1.13497e-28    -0.597153    -2.49961    0.23551
1.38809    -1.12654    3.80421e-29    -0.597153    -2.49961    0.23551
1.38809    -1.12654    5.03036e-30    -0.597153    -2.49961    0.23551
1.38809    -1.12654    2.82958e-30    -0.597153    -2.49961    0.23551
1.38809    -1.12654    2.54662e-29    -0.597153    -2.49961    0.23551
1.38809    -1.12654    6.16219e-29    -0.597153    -2.49961    0.23551
1.38809    -1.12654    1.01865e-28    -0.597153    -2.49961    0.23551
1.38809    -1.12654    1.25759e-28    -0.597153    -2.49961    0.23551
1.38809    -1.12654    1.38649e-28    -0.597153    -2.49961    0.23551
1.38809    -1.12654    1.52168e-28    -0.597153    -2.49961    0.23551
1.38809    -1.12654    1.25759e-28    -0.597153    -2.49961    0.23551
1.38809    -1.12654    9.08608e-29    -0.597153    -2.49961    0.23551
1.38809    -1.12654    6.16219e-29    -0.597153    -2.49961    0.23551
1.38809    -1.12654    3.14397e-29    -0.597153    -2.49961    0.23551
1.38809    -1.12654    7.85993e-30    -0.597153    -2.49961    0.23551
1.38809    -1.12654    3.14397e-31    -0.597153    -2.49961    0.23551
1.38809    -1.12654    2.82958e-30    -0.597153    -2.49961    0.23551
1.38809    -1.12654    1.13183e-29    -0.597153    -2.49961    0.23551
1.38809    -1.12654    2.01214e-29    -0.597153    -2.49961    0.23551
1.38809    -1.12654    2.01214e-29    -0.597153    -2.49961    0.23551
1.38809    -1.12654    2.54662e-29    -0.597153    -2.49961    0.23551
1.38809    -1.12654    3.14397e-29    -0.597153    -2.49961    0.23551
1.38809    -1.12654    3.80421e-29    -0.597153    -2.49961    0.23551
1.38809    -1.12654    4.52732e-29    -0.597153    -2.49961    0.23551
1.38809    -1.12654    3.14397e-29    -0.597153    -2.49961    0.23551
1.38809    -1.12654    2.01214e-29    -0.597153    -2.49961    0.23551
1.38809    -1.12654    7.85993e-30    -0.597153    -2.49961    0.23551
1.38809    -1.12654    1.25759e-30    -0.597153    -2.49961    0.23551
1.38809    -1.12654    0    -0.597153    -2.49961    0.23551
1.38809    -1.12654    1.25759e-30    -0.597153    -2.49961    0.23551
1.38809    -1.12654    5.03036e-30    -0.597153    -2.49961    0.23551
1.38809    -1.12654    1.13183e-29    -0.597153    -2.49961    0.23551
1.38809    -1.12654    1.54055e-29    -0.597153    -2.49961    0.23551
1.38809    -1.12654    7.85993e-30    -0.597153    -2.49961    0.23551
1.38809    -1.12654    5.03036e-30    -0.597153    -2.49961    0.23551
1.38809    -1.12654    5.03036e-30    -0.597153    -2.49961    0.23551
1.38809    -1.12654    5.03036e-30    -0.597153    -2.49961    0.23551
1.38809    -1.12654    5.03036e-30    -0.597153    -2.49961    0.23551
1.38809    -1.12654    1.25759e-30    -0.597153    -2.49961    0.23551
1.38809    -1.12654    1.25759e-30    -0.597153    -2.49961    0.23551
1.38809    -1.12654    3.14397e-31    -0.597153    -2.49961    0.23551
1.38809    -1.12654    3.14397e-31    -0.597153    -2.49961    0.23551
1.38809    -1.12654    0    -0.597153    -2.49961    0.23551
1.38809    -1.12654    3.14397e-31    -0.597153    -2.49961    0.23551
1.38809    -1.12654    1.25759e-30    -0.597153    -2.49961    0.23551
1.38809    -1.12654    2.82958e-30    -0.597153    -2.49961    0.23551
1.38809    -1.12654    5.03036e-30    -0.597153    -2.49961    0.23551
1.38809    -1.12654    1.25759e-30    -0.597153    -2.49961    0.23551
1.38809    -1.12654    3.14397e-31    -0.597153    -2.49961    0.23551
1.38809    -1.12654    0    -0.597153    -2.49961    0.23551
1.38809    -1.12654    3.14397e-31    -0.597153    -2.49961    0.23551
1.38809    -1.12654    1.25759e-30    -0.597153    -2.49961    0.23551
1.38809    -1.12654    2.82958e-30    -0.597153    -2.49961    0.23551
1.38809    -1.12654    1.25759e-30    -0.597153    -2.49961    0.23551
1.38809    -1.12654    0    -0.597153    -2.49961    0.23551
1.38809    -1.12654    3.14397e-31    -0.597153    -2.49961    0.23551
1.38809    -1.12654    1.25759e-30    -0.597153    -2.49961    0.23551
1.38809    -1.12654    2.82958e-30    -0.597153    -2.49961    0.23551
1.38809    -1.12654    1.25759e-30    -0.597153    -2.49961    0.23551
1.38809    -1.12654    3.14397e-31    -0.597153    -2.49961    0.23551
1.38809    -1.12654    0    -0.597153    -2.49961    0.23551
1.38809    -1.12654    0    -0.597153    -2.49961    0.23551
1.38809    -1.12654    0    -0.597153    -2.49961    0.23551
1.38809    -1.12654    0    -0.597153    -2.49961    0.23551
1.38809    -1.12654    0    -0.597153    -2.49961    0.23551
1.38809    -1.12654    0    -0.597153    -2.49961    0.23551
1.38809    -1.12654    0    -0.597153    -2.49961    0.23551
1.38809    -1.12654    0    -0.597153    -2.49961    0.23551
1.38809    -1.12654    0    -0.597153    -2.49961    0.23551
1.38809    -1.12654    0    -0.597153    -2.49961    0.23551
1.38809    -1.12654    0    -0.597153    -2.49961    0.23551
1.38809    -1.12654    0    -0.597153    -2.49961    0.23551
1.38809    -1.12654    0    -0.597153    -2.49961    0.23551
1.38809    -1.12654    0    -0.597153    -2.49961    0.23551
1.38809    -1.12654    0    -0.597153    -2.49961    0.23551
1.38809    -1.12654    0    -0.597153    -2.49961    0.23551
1.38809    -1.12654    0    -0.597153    -2.49961    0.23551
1.38809    -1.12654    0    -0.597153    -2.49961    0.23551
1.38809    -1.12654    0    -0.597153    -2.49961    0.23551
1.38809    -1.12654    0    -0.597153    -2.49961    0.23551
1.38809    -1.12654    3.14397e-31    -0.597153    -2.49961    0.23551
1.38809    -1.12654    3.14397e-31    -0.597153    -2.49961    0.23551
1.38809    -1.12654    1.25759e-30    -0.597153    -2.49961    0.23551
1.38809    -1.12654    2.82958e-30    -0.597153    -2.49961    0.23551
1.38809    -1.12654    1.25759e-30    -0.597153    -2.49961    0.23551
1.38809    -1.12654    0    -0.597153    -2.49961    0.23551
1.38809    -1.12654    3.14397e-31    -0.597153    -2.49961    0.23551
1.38809    -1.12654    1.25759e-30    -0.597153    -2.49961    0.23551
1.38809    -1.12654    2.82958e-30    -0.597153    -2.49961    0.23551
1.38809    -1.12654    1.25759e-30    -0.597153    -2.49961    0.23551
1.38809    -1.12654    3.14397e-31    -0.597153    -2.49961    0.23551
1.38809    -1.12654    0    -0.597153    -2.49961    0.23551
1.38809    -1.12654    0    -0.597153    -2.49961    0.23551
1.38809    -1.12654    0    -0.597153    -2.49961    0.23551
1.38809    -1.12654    0    -0.597153    -2.49961    0.23551
1.38809    -1.12654    0    -0.597153    -2.49961    0.23551
1.38809    -1.12654    0    -0.597153    -2.49961    0.23551
1.38809    -1.12654    0    -0.597153    -2.49961    0.23551
1.38809    -1.12654    0    -0.597153    -2.49961    0.23551
1.38809    -1.12654    0    -0.597153    -2.49961    0.23551
1.38809    -1.12654    0    -0.597153    -2.49961    0.23551
1.38809    -1.12654    0    -0.597153    -2.49961    0.23551
1.38809    -1.12654    0    -0.597153    -2.49961    0.23551
1.38809    -1.12654    0    -0.597153    -2.49961    0.23551
1.38809    -1.12654    0    -0.597153    -2.49961    0.23551
1.38809    -1.12654    0    -0.597153    -2.49961    0.23551
1.38809    -1.12654    0    -0.597153    -2.49961    0.23551
1.38809    -1.12654    0    -0.597153    -2.49961    0.23551
1.38809    -1.12654    0    -0.597153    -2.49961    0.23551
1.38809    -1.12654    0    -0.597153    -2.49961    0.23551
1.38809    -1.12654    0    -0.597153    -2.49961    0.23551
1.38809    -1.12654    0    -0.597153    -2.49961    0.23551
1.38809    -1.12654    0    -0.597153    -2.49961    0.23551
1.38809    -1.12654    0    -0.597153    -2.49961    0.23551
1.38809    -1.12654    0    -0.597153    -2.49961    0.23551
1.38809    -1.12654    0    -0.597153    -2.49961    0.23551
1.38809    -1.12654    0    -0.597153    -2.49961    0.23551
1.38809    -1.12654    0    -0.597153    -2.49961    0.23551
1.38809    -1.12654    0    -0.597153    -2.49961    0.23551
1.38809    -1.12654    0    -0.597153    -2.49961    0.23551
1.38809    -1.12654    0    -0.597153    -2.49961    0.23551
1.38809    -1.12654    0    -0.597153    -2.49961    0.23551
1.38809    -1.12654    0    -0.597153    -2.49961    0.23551
1.38809    -1.12654    0    -0.597153    -2.49961    0.23551
1.38809    -1.12654    0    -0.597153    -2.49961    0.23551
1.38809    -1.12654    0    -0.597153    -2.49961    0.23551
1.38809    -1.12654    0    -0.597153    -2.49961    0.23551
1.38809    -1.12654    0    -0.597153    -2.49961    0.23551
1.38809    -1.12654    0    -0.597153    -2.49961    0.23551
1.38809    -1.12654    0    -0.597153    -2.49961    0.23551
1.38809    -1.12654    0    -0.597153    -2.49961    0.23551
1.38809    -1.12654    0    -0.597153    -2.49961    0.23551
1.38809    -1.12654    0    -0.597153    -2.49961    0.23551
1.38809    -1.12654    0    -0.597153    -2.49961    0.23551
1.38809    -1.12654    0    -0.597153    -2.49961    0.23551
1.38809    -1.12654    0    -0.597153    -2.49961    0.23551
1.38809    -1.12654    0    -0.597153    -2.49961    0.23551
1.38809    -1.12654    0    -0.597153    -2.49961    0.23551
1.38809    -1.12654    0    -0.597153    -2.49961    0.23551
1.38809    -1.12654    0    -0.597153    -2.49961    0.23551
1.38809    -1.12654    0    -0.597153    -2.49961    0.23551
1.38809    -1.12654    0    -0.597153    -2.49961    0.23551
1.38809    -1.12654    0    -0.597153    -2.49961    0.23551
1.38809    -1.12654    0    -0.597153    -2.49961    0.23551
1.38809    -1.12654    0    -0.597153    -2.49961    0.23551
1.38809    -1.12654    0    -0.597153    -2.49961    0.23551
1.38809    -1.12654    0    -0.597153    -2.49961    0.23551
1.38809    -1.12654    0    -0.597153    -2.49961    0.23551
1.38809    -1.12654    0    -0.597153    -2.49961    0.23551
1.38809    -1.12654    0    -0.597153    -2.49961    0.23551
1.38809    -1.12654    0    -0.597153    -2.49961    0.23551
1.38809    -1.12654    0    -0.597153    -2.49961    0.23551
1.38809    -1.12654    0    -0.597153    -2.49961    0.23551
1.38809    -1.12654    0    -0.597153    -2.49961    0.23551
1.38809    -1.12654    0    -0.597153    -2.49961    0.23551
1.38809    -1.12654    0    -0.597153    -2.49961    0.23551
1.38809    -1.12654    0    -0.597153    -2.49961    0.23551
1.38809    -1.12654    0    -0.597153    -2.49961    0.23551
1.38809    -1.12654    0    -0.597153    -2.49961    0.23551
1.38809    -1.12654    0    -0.597153    -2.49961    0.23551
1.38809    -1.12654    0    -0.597153    -2.49961    0.23551
1.38809    -1.12654    0    -0.597153    -2.49961    0.23551
1.38809    -1.12654    0    -0.597153    -2.49961    0.23551
1.38809    -1.12654    0    -0.597153    -2.49961    0.23551
1.38809    -1.12654    0    -0.597153    -2.49961    0.23551
1.38809    -1.12654    0    -0.597153    -2.49961    0.23551
1.38809    -1.12654    0    -0.597153    -2.49961    0.23551
1.38809    -1.12654    0    -0.597153    -2.49961    0.23551
1.38809    -1.12654    0    -0.597153    -2.49961    0.23551
1.38809    -1.12654    0    -0.597153    -2.49961    0.23551
1.38809    -1.12654    0    -0.597153    -2.49961    0.23551
1.38809    -1.12654    0    -0.597153    -2.49961    0.23551
1.38809    -1.12654    0    -0.597153    -2.49961    0.23551
1.38809    -1.12654    0    -0.597153    -2.49961    0.23551
1.38809    -1.12654    0    -0.597153    -2.49961    0.23551
1.38809    -1.12654    0    -0.597153    -2.49961    0.23551
1.38809    -1.12654    0    -0.597153    -2.49961    0.23551
1.38809    -1.12654    0    -0.597153    -2.49961    0.23551
1.38809    -1.12654    0    -0.597153    -2.49961    0.23551
1.38809    -1.12654    0    -0.597153    -2.49961    0.23551
1.38809    -1.12654    0    -0.597153    -2.49961    0.23551
1.38809    -1.12654    0    -0.597153    -2.49961    0.23551
1.38809    -1.12654    0    -0.597153    -2.49961    0.23551
1.38809    -1.12654    0    -0.597153    -2.49961    0.23551
1.38809    -1.12654    0    -0.597153    -2.49961    0.23551
1.38809    -1.12654    0    -0.597153    -2.49961    0.23551
1.38809    -1.12654    0    -0.597153    -2.49961    0.23551
1.38809    -1.12654    0    -0.597153    -2.49961    0.23551
1.38809    -1.12654    0    -0.597153    -2.49961    0.23551
1.38809    -1.12654    0    -0.597153    -2.49961    0.23551
1.38809    -1.12654    0    -0.597153    -2.49961    0.23551
1.38809    -1.12654    0    -0.597153    -2.49961    0.23551
1.38809    -1.12654    0    -0.597153    -2.49961    0.23551
1.38809    -1.12654    0    -0.597153    -2.49961    0.23551
