-0.084465    -0.147747    -0.122007    -0.0238627    -0.084465    -0.147747    -0.122007    -0.0238627    
0.0844044    0.147601    0.122021    0.0238858    0.0844044    0.147601    0.122021    0.0238858    
0.0842857    0.147312    0.122047    0.0239322    0.0842857    0.147312    0.122047    0.0239322    
-0.0841135    -0.146892    -0.122085    -0.024    -0.0841135    -0.146892    -0.122085    -0.024    
-0.0838928    -0.146351    -0.122133    -0.0240876    -0.0838928    -0.146351    -0.122133    -0.0240876    
-0.0836293    -0.145701    -0.12219    -0.0241934    -0.0836293    -0.145701    -0.12219    -0.0241934    
-0.0833291    -0.144954    -0.122254    -0.0243157    -0.0833291    -0.144954    -0.122254    -0.0243157    
-0.0829987    -0.144124    -0.122323    -0.0244525    -0.0829987    -0.144124    -0.122323    -0.0244525    
-0.0826442    -0.143225    -0.122395    -0.024602    -0.0826442    -0.143225    -0.122395    -0.024602    
0.082272    0.142271    0.122468    0.0247623    0.082272    0.142271    0.122468    0.0247623    
0.0818878    0.141275    0.122541    0.0249313    0.0818878    0.141275    0.122541    0.0249313    
-0.0814971    -0.140251    -0.122612    -0.0251073    -0.0814971    -0.140251    -0.122612    -0.0251073    
0.0811048    0.139211    0.122681    0.0252884    0.0811048    0.139211    0.122681    0.0252884    
0.0807154    0.138166    0.122744    0.025473    0.0807154    0.138166    0.122744    0.025473    
-0.0803326    -0.137128    -0.122803    -0.0256593    -0.0803326    -0.137128    -0.122803    -0.0256593    
0.0799596    0.136104    0.122856    0.0258458    0.0799596    0.136104    0.122856    0.0258458    
0.0795991    0.135104    0.122902    0.0260311    0.0795991    0.135104    0.122902    0.0260311    
0.0792532    0.134134    0.122942    0.0262138    0.0792532    0.134134    0.122942    0.0262138    
-0.0789236    -0.1332    -0.122975    -0.0263928    -0.0789236    -0.1332    -0.122975    -0.0263928    
-0.0786114    -0.132308    -0.123001    -0.0265668    -0.0786114    -0.132308    -0.123001    -0.0265668    
-0.0783175    -0.131461    -0.123022    -0.0267349    -0.0783175    -0.131461    -0.123022    -0.0267349    
0.0780426    0.130662    0.123037    0.0268961    0.0780426    0.130662    0.123037    0.0268961    
0.0777869    0.129913    0.123047    0.0270497    0.0777869    0.129913    0.123047    0.0270497    
0.0775504    0.129217    0.123052    0.0271949    0.0775504    0.129217    0.123052    0.0271949    
0.0773332    0.128573    0.123054    0.0273312    0.0773332    0.128573    0.123054    0.0273312    
-0.0771351    -0.127983    -0.123052    -0.027458    -0.0771351    -0.127983    -0.123052    -0.027458    
0.0769557    0.127447    0.123049    0.0275749    0.0769557    0.127447    0.123049    0.0275749    
-0.0767948    -0.126963    -0.123043    -0.0276815    -0.0767948    -0.126963    -0.123043    -0.0276815    
0.0766519    0.126533    0.123036    0.0277776    0.0766519    0.126533    0.123036    0.0277776    
0.0765266    0.126154    0.123029    0.027863    0.0765266    0.126154    0.123029    0.027863    
-0.0764184    -0.125827    -0.123021    -0.0279375    -0.0764184    -0.125827    -0.123021    -0.0279375    
0.0763269    0.125549    0.123014    0.0280013    0.0763269    0.125549    0.123014    0.0280013    
-0.0762517    -0.12532    -0.123007    -0.0280541    -0.0762517    -0.12532    -0.123007    -0.0280541    
0.0761921    0.125139    0.123002    0.0280962    0.0761921    0.125139    0.123002    0.0280962    
0.0761479    0.125005    0.122997    0.0281277    0.0761479    0.125005    0.122997    0.0281277    
-0.0761185    -0.124915    -0.122994    -0.0281487    -0.0761185    -0.124915    -0.122994    -0.0281487    
-0.0761034    -0.124869    -0.122993    -0.0281594    -0.0761034    -0.124869    -0.122993    -0.0281594    
0.0761023    0.124866    0.122993    0.0281603    0.0761023    0.124866    0.122993    0.0281603    
0.0761146    0.124903    0.122994    0.0281515    0.0761146    0.124903    0.122994    0.0281515    
0.07614    0.124981    0.122996    0.0281334    0.07614    0.124981    0.122996    0.0281334    
0.076178    0.125096    0.123    0.0281064    0.076178    0.125096    0.123    0.0281064    
-0.0762281    -0.125249    -0.123005    -0.0280709    -0.0762281    -0.125249    -0.123005    -0.0280709    
0.0762898    0.125436    0.12301    0.0280274    0.0762898    0.125436    0.12301    0.0280274    
0.0763628    0.125658    0.123016    0.0279764    0.0763628    0.125658    0.123016    0.0279764    
0.0764465    0.125912    0.123023    0.0279183    0.0764465    0.125912    0.123023    0.0279183    
-0.0765404    -0.126196    -0.123029    -0.0278537    -0.0765404    -0.126196    -0.123029    -0.0278537    
0.0766441    0.126509    0.123035    0.0277831    0.0766441    0.126509    0.123035    0.0277831    
0.0767569    0.126849    0.123041    0.0277071    0.0767569    0.126849    0.123041    0.0277071    
-0.0768782    -0.127214    -0.123045    -0.0276262    -0.0768782    -0.127214    -0.123045    -0.0276262    
-0.0770076    -0.127602    -0.123049    -0.0275411    -0.0770076    -0.127602    -0.123049    -0.0275411    
-0.0771443    -0.12801    -0.123052    -0.0274523    -0.0771443    -0.12801    -0.123052    -0.0274523    
0.0772876    0.128438    0.123053    0.0273604    0.0772876    0.128438    0.123053    0.0273604    
0.0774368    0.128881    0.123053    0.0272661    0.0774368    0.128881    0.123053    0.0272661    
0.0775912    0.129337    0.123051    0.0271699    0.0775912    0.129337    0.123051    0.0271699    
0.0777498    0.129804    0.123047    0.0270725    0.0777498    0.129804    0.123047    0.0270725    
0.0779118    0.13028    0.123042    0.0269745    0.0779118    0.13028    0.123042    0.0269745    
-0.0780763    -0.13076    -0.123034    -0.0268764    -0.0780763    -0.13076    -0.123034    -0.0268764    
-0.0782423    -0.131243    -0.123026    -0.0267788    -0.0782423    -0.131243    -0.123026    -0.0267788    
0.0784088    0.131725    0.123015    0.0266824    0.0784088    0.131725    0.123015    0.0266824    
-0.0785748    -0.132203    -0.123003    -0.0265877    -0.0785748    -0.132203    -0.123003    -0.0265877    
-0.0787392    -0.132674    -0.12299    -0.0264952    -0.0787392    -0.132674    -0.12299    -0.0264952    
0.0789008    0.133135    0.122976    0.0264055    0.0789008    0.133135    0.122976    0.0264055    
-0.0790587    -0.133584    -0.122961    -0.026319    -0.0790587    -0.133584    -0.122961    -0.026319    
-0.0792117    -0.134017    -0.122945    -0.0262363    -0.0792117    -0.134017    -0.122945    -0.0262363    
-0.0793587    -0.13443    -0.122929    -0.0261578    -0.0793587    -0.13443    -0.122929    -0.0261578    
0.0794987    0.134823    0.122913    0.0260838    0.0794987    0.134823    0.122913    0.0260838    
-0.0796308    -0.135192    -0.122898    -0.0260148    -0.0796308    -0.135192    -0.122898    -0.0260148    
-0.0797539    -0.135534    -0.122882    -0.025951    -0.0797539    -0.135534    -0.122882    -0.025951    
-0.0798673    -0.135849    -0.122867    -0.0258929    -0.0798673    -0.135849    -0.122867    -0.0258929    
0.0799702    0.136133    0.122854    0.0258406    0.0799702    0.136133    0.122854    0.0258406    
0.0800619    0.136386    0.122841    0.0257942    0.0800619    0.136386    0.122841    0.0257942    
0.0801419    0.136606    0.12283    0.0257541    0.0801419    0.136606    0.12283    0.0257541    
-0.0802097    -0.136792    -0.12282    -0.0257203    -0.0802097    -0.136792    -0.12282    -0.0257203    
0.0802651    0.136943    0.122813    0.0256928    0.0802651    0.136943    0.122813    0.0256928    
-0.0803078    -0.13706    -0.122806    -0.0256716    -0.0803078    -0.13706    -0.122806    -0.0256716    
-0.0803379    -0.137142    -0.122802    -0.0256567    -0.0803379    -0.137142    -0.122802    -0.0256567    
-0.0803555    -0.13719    -0.122799    -0.0256481    -0.0803555    -0.13719    -0.122799    -0.0256481    
-0.0803606    -0.137204    -0.122799    -0.0256455    -0.0803606    -0.137204    -0.122799    -0.0256455    
0.0803538    0.137185    0.1228    0.0256489    0.0803538    0.137185    0.1228    0.0256489    
0.0803354    0.137135    0.122802    0.025658    0.0803354    0.137135    0.122802    0.025658    
-0.0803061    -0.137055    -0.122807    -0.0256725    -0.0803061    -0.137055    -0.122807    -0.0256725    
0.0802664    0.136947    0.122812    0.0256921    0.0802664    0.136947    0.122812    0.0256921    
-0.0802171    -0.136812    -0.12282    -0.0257166    -0.0802171    -0.136812    -0.12282    -0.0257166    
-0.0801589    -0.136652    -0.122828    -0.0257456    -0.0801589    -0.136652    -0.122828    -0.0257456    
0.0800929    0.136471    0.122837    0.0257787    0.0800929    0.136471    0.122837    0.0257787    
0.0800197    0.13627    0.122847    0.0258155    0.0800197    0.13627    0.122847    0.0258155    
-0.0799404    -0.136051    -0.122858    -0.0258556    -0.0799404    -0.136051    -0.122858    -0.0258556    
-0.0798558    -0.135817    -0.122869    -0.0258987    -0.0798558    -0.135817    -0.122869    -0.0258987    
0.0797669    0.13557    0.122881    0.0259443    0.0797669    0.13557    0.122881    0.0259443    
0.0796745    0.135314    0.122892    0.025992    0.0796745    0.135314    0.122892    0.025992    
0.0795796    0.135049    0.122904    0.0260414    0.0795796    0.135049    0.122904    0.0260414    
-0.079483    -0.134779    -0.122915    -0.026092    -0.079483    -0.134779    -0.122915    -0.026092    
0.0793855    0.134506    0.122927    0.0261434    0.0793855    0.134506    0.122927    0.0261434    
0.079288    0.134232    0.122938    0.0261953    0.079288    0.134232    0.122938    0.0261953    
0.079191    0.133958    0.122948    0.0262473    0.079191    0.133958    0.122948    0.0262473    
0.0790953    0.133688    0.122958    0.026299    0.0790953    0.133688    0.122958    0.026299    
0.0790016    0.133422    0.122967    0.0263501    0.0790016    0.133422    0.122967    0.0263501    
-0.0789103    -0.133163    -0.122976    -0.0264002    -0.0789103    -0.133163    -0.122976    -0.0264002    
0.078822    0.132911    0.122984    0.026449    0.078822    0.132911    0.122984    0.026449    
-0.0787372    -0.132669    -0.122991    -0.0264962    -0.0787372    -0.132669    -0.122991    -0.0264962    
-0.0786563    -0.132437    -0.122997    -0.0265416    -0.0786563    -0.132437    -0.122997    -0.0265416    
0.0785795    0.132216    0.123003    0.0265849    0.0785795    0.132216    0.123003    0.0265849    
-0.0785073    -0.132009    -0.123009    -0.0266259    -0.0785073    -0.132009    -0.123009    -0.0266259    
-0.0784399    -0.131814    -0.123014    -0.0266645    -0.0784399    -0.131814    -0.123014    -0.0266645    
-0.0783775    -0.131634    -0.123018    -0.0267003    -0.0783775    -0.131634    -0.123018    -0.0267003    
0.0783203    0.131469    0.123021    0.0267334    0.0783203    0.131469    0.123021    0.0267334    
0.0782683    0.131318    0.123024    0.0267636    0.0782683    0.131318    0.123024    0.0267636    
0.0782218    0.131183    0.123027    0.0267907    0.0782218    0.131183    0.123027    0.0267907    
0.0781807    0.131064    0.123029    0.0268147    0.0781807    0.131064    0.123029    0.0268147    
-0.0781452    -0.130961    -0.123031    -0.0268356    -0.0781452    -0.130961    -0.123031    -0.0268356    
-0.0781151    -0.130873    -0.123033    -0.0268533    -0.0781151    -0.130873    -0.123033    -0.0268533    
0.0780905    0.130801    0.123034    0.0268679    0.0780905    0.130801    0.123034    0.0268679    
0.0780713    0.130746    0.123035    0.0268792    0.0780713    0.130746    0.123035    0.0268792    
0.0780575    0.130705    0.123036    0.0268874    0.0780575    0.130705    0.123036    0.0268874    
-0.0780488    -0.13068    -0.123036    -0.0268926    -0.0780488    -0.13068    -0.123036    -0.0268926    
0.0780453    0.13067    0.123036    0.0268947    0.0780453    0.13067    0.123036    0.0268947    
0.0780467    0.130674    0.123036    0.0268938    0.0780467    0.130674    0.123036    0.0268938    
0.0780529    0.130692    0.123036    0.0268902    0.0780529    0.130692    0.123036    0.0268902    
0.0780637    0.130723    0.123035    0.0268838    0.0780637    0.130723    0.123035    0.0268838    
0.0780789    0.130768    0.123035    0.0268748    0.0780789    0.130768    0.123035    0.0268748    
-0.0780983    -0.130824    -0.123034    -0.0268633    -0.0780983    -0.130824    -0.123034    -0.0268633    
0.0781216    0.130892    0.123032    0.0268495    0.0781216    0.130892    0.123032    0.0268495    
0.0781487    0.130971    0.123031    0.0268336    0.0781487    0.130971    0.123031    0.0268336    
0.0781791    0.131059    0.123029    0.0268157    0.0781791    0.131059    0.123029    0.0268157    
-0.0782128    -0.131157    -0.123028    -0.026796    -0.0782128    -0.131157    -0.123028    -0.026796    
-0.0782493    -0.131263    -0.123025    -0.0267747    -0.0782493    -0.131263    -0.123025    -0.0267747    
-0.0782885    -0.131377    -0.123023    -0.0267519    -0.0782885    -0.131377    -0.123023    -0.0267519    
0.0783299    0.131496    0.123021    0.0267279    0.0783299    0.131496    0.123021    0.0267279    
0.0783733    0.131622    0.123018    0.0267028    0.0783733    0.131622    0.123018    0.0267028    
-0.0784184    -0.131752    -0.123015    -0.0266769    -0.0784184    -0.131752    -0.123015    -0.0266769    
0.0784649    0.131886    0.123012    0.0266502    0.0784649    0.131886    0.123012    0.0266502    
-0.0785124    -0.132023    -0.123008    -0.0266231    -0.0785124    -0.132023    -0.123008    -0.0266231    
0.0785606    0.132162    0.123005    0.0265957    0.0785606    0.132162    0.123005    0.0265957    
0.0786092    0.132302    0.123001    0.0265682    0.0786092    0.132302    0.123001    0.0265682    
0.0786579    0.132441    0.122997    0.0265408    0.0786579    0.132441    0.122997    0.0265408    
0.0787063    0.13258    0.122993    0.0265136    0.0787063    0.13258    0.122993    0.0265136    
0.0787541    0.132717    0.122989    0.0264868    0.0787541    0.132717    0.122989    0.0264868    
-0.0788012    -0.132851    -0.122985    -0.0264606    -0.0788012    -0.132851    -0.122985    -0.0264606    
-0.078847    -0.132982    -0.122981    -0.0264352    -0.078847    -0.132982    -0.122981    -0.0264352    
-0.0788915    -0.133109    -0.122977    -0.0264106    -0.0788915    -0.133109    -0.122977    -0.0264106    
-0.0789342    -0.133231    -0.122973    -0.0263871    -0.0789342    -0.133231    -0.122973    -0.0263871    
0.0789751    0.133347    0.122969    0.0263646    0.0789751    0.133347    0.122969    0.0263646    
-0.0790137    -0.133456    -0.122966    -0.0263435    -0.0790137    -0.133456    -0.122966    -0.0263435    
0.07905    0.133559    0.122962    0.0263237    0.07905    0.133559    0.122962    0.0263237    
0.0790837    0.133655    0.122959    0.0263054    0.0790837    0.133655    0.122959    0.0263054    
-0.0791147    -0.133743    -0.122956    -0.0262886    -0.0791147    -0.133743    -0.122956    -0.0262886    
-0.0791429    -0.133822    -0.122953    -0.0262733    -0.0791429    -0.133822    -0.122953    -0.0262733    
-0.079168    -0.133893    -0.12295    -0.0262598    -0.079168    -0.133893    -0.12295    -0.0262598    
-0.07919    -0.133955    -0.122948    -0.0262479    -0.07919    -0.133955    -0.122948    -0.0262479    
-0.0792089    -0.134009    -0.122946    -0.0262377    -0.0792089    -0.134009    -0.122946    -0.0262377    
0.0792246    0.134053    0.122944    0.0262293    0.0792246    0.134053    0.122944    0.0262293    
-0.0792371    -0.134088    -0.122943    -0.0262226    -0.0792371    -0.134088    -0.122943    -0.0262226    
-0.0792464    -0.134114    -0.122942    -0.0262176    -0.0792464    -0.134114    -0.122942    -0.0262176    
-0.0792525    -0.134132    -0.122941    -0.0262144    -0.0792525    -0.134132    -0.122941    -0.0262144    
-0.0792554    -0.13414    -0.122941    -0.0262128    -0.0792554    -0.13414    -0.122941    -0.0262128    
-0.0792554    -0.13414    -0.122941    -0.0262128    -0.0792554    -0.13414    -0.122941    -0.0262128    
-0.0792524    -0.134131    -0.122941    -0.0262144    -0.0792524    -0.134131    -0.122941    -0.0262144    
0.0792465    0.134115    0.122942    0.0262176    0.0792465    0.134115    0.122942    0.0262176    
0.079238    0.134091    0.122943    0.0262221    0.079238    0.134091    0.122943    0.0262221    
0.0792269    0.13406    0.122944    0.0262281    0.0792269    0.13406    0.122944    0.0262281    
0.0792135    0.134022    0.122945    0.0262353    0.0792135    0.134022    0.122945    0.0262353    
-0.0791978    -0.133978    -0.122947    -0.0262437    -0.0791978    -0.133978    -0.122947    -0.0262437    
-0.0791802    -0.133928    -0.122949    -0.0262532    -0.0791802    -0.133928    -0.122949    -0.0262532    
-0.0791607    -0.133873    -0.122951    -0.0262637    -0.0791607    -0.133873    -0.122951    -0.0262637    
-0.0791396    -0.133813    -0.122953    -0.0262751    -0.0791396    -0.133813    -0.122953    -0.0262751    
0.0791172    0.13375    0.122955    0.0262872    0.0791172    0.13375    0.122955    0.0262872    
-0.0790935    -0.133683    -0.122958    -0.0263001    -0.0790935    -0.133683    -0.122958    -0.0263001    
0.0790688    0.133613    0.12296    0.0263134    0.0790688    0.133613    0.12296    0.0263134    
0.0790434    0.133541    0.122963    0.0263273    0.0790434    0.133541    0.122963    0.0263273    
-0.0790174    -0.133467    -0.122965    -0.0263415    -0.0790174    -0.133467    -0.122965    -0.0263415    
-0.078991    -0.133392    -0.122968    -0.0263559    -0.078991    -0.133392    -0.122968    -0.0263559    
-0.0789644    -0.133316    -0.12297    -0.0263704    -0.0789644    -0.133316    -0.12297    -0.0263704    
-0.0789379    -0.133241    -0.122973    -0.026385    -0.0789379    -0.133241    -0.122973    -0.026385    
-0.0789115    -0.133166    -0.122975    -0.0263995    -0.0789115    -0.133166    -0.122975    -0.0263995    
0.0788855    0.133092    0.122978    0.0264139    0.0788855    0.133092    0.122978    0.0264139    
0.0788601    0.133019    0.12298    0.0264279    0.0788601    0.133019    0.12298    0.0264279    
-0.0788353    -0.132949    -0.122982    -0.0264417    -0.0788353    -0.132949    -0.122982    -0.0264417    
0.0788113    0.13288    0.122984    0.0264549    0.0788113    0.13288    0.122984    0.0264549    
0.0787883    0.132815    0.122986    0.0264677    0.0787883    0.132815    0.122986    0.0264677    
-0.0787664    -0.132752    -0.122988    -0.02648    -0.0787664    -0.132752    -0.122988    -0.02648    
-0.0787456    -0.132692    -0.12299    -0.0264916    -0.0787456    -0.132692    -0.12299    -0.0264916    
-0.0787261    -0.132637    -0.122992    -0.0265024    -0.0787261    -0.132637    -0.122992    -0.0265024    
0.078708    0.132585    0.122993    0.0265126    0.078708    0.132585    0.122993    0.0265126    
0.0786912    0.132537    0.122995    0.026522    0.0786912    0.132537    0.122995    0.026522    
-0.078676    -0.132493    -0.122996    -0.0265305    -0.078676    -0.132493    -0.122996    -0.0265305    
-0.0786623    -0.132454    -0.122997    -0.0265382    -0.0786623    -0.132454    -0.122997    -0.0265382    
0.0786502    0.132419    0.122998    0.0265451    0.0786502    0.132419    0.122998    0.0265451    
-0.0786396    -0.132389    -0.122999    -0.026551    -0.0786396    -0.132389    -0.122999    -0.026551    
0.0786307    0.132363    0.122999    0.026556    0.0786307    0.132363    0.122999    0.026556    
-0.0786234    -0.132342    -0.123    -0.0265601    -0.0786234    -0.132342    -0.123    -0.0265601    
-0.0786177    -0.132326    -0.123    -0.0265634    -0.0786177    -0.132326    -0.123    -0.0265634    
0.0786136    0.132314    0.123001    0.0265657    0.0786136    0.132314    0.123001    0.0265657    
-0.078611    -0.132307    -0.123001    -0.0265672    -0.078611    -0.132307    -0.123001    -0.0265672    
0.07861    0.132304    0.123001    0.0265677    0.07861    0.132304    0.123001    0.0265677    
-0.0786104    -0.132305    -0.123001    -0.0265675    -0.0786104    -0.132305    -0.123001    -0.0265675    
0.0786123    0.13231    0.123001    0.0265664    0.0786123    0.13231    0.123001    0.0265664    
-0.0786155    -0.13232    -0.123001    -0.0265646    -0.0786155    -0.13232    -0.123001    -0.0265646    
-0.0786201    -0.132333    -0.123    -0.026562    -0.0786201    -0.132333    -0.123    -0.026562    
0.0786259    0.13235    0.123    0.0265587    0.0786259    0.13235    0.123    0.0265587    
0.0786329    0.13237    0.122999    0.0265548    0.0786329    0.13237    0.122999    0.0265548    
-0.078641    -0.132393    -0.122999    -0.0265503    -0.078641    -0.132393    -0.122999    -0.0265503    
0.07865    0.132419    0.122998    0.0265452    0.07865    0.132419    0.122998    0.0265452    
-0.07866    -0.132447    -0.122997    -0.0265395    -0.07866    -0.132447    -0.122997    -0.0265395    
-0.0786708    -0.132478    -0.122996    -0.0265335    -0.0786708    -0.132478    -0.122996    -0.0265335    
0.0786823    0.132511    0.122995    0.026527    0.0786823    0.132511    0.122995    0.026527    
-0.0786944    -0.132546    -0.122994    -0.0265202    -0.0786944    -0.132546    -0.122994    -0.0265202    
-0.0787071    -0.132582    -0.122993    -0.0265131    -0.0787071    -0.132582    -0.122993    -0.0265131    
-0.0787202    -0.13262    -0.122992    -0.0265058    -0.0787202    -0.13262    -0.122992    -0.0265058    
-0.0787336    -0.132658    -0.122991    -0.0264983    -0.0787336    -0.132658    -0.122991    -0.0264983    
0.0787473    0.132697    0.12299    0.0264906    0.0787473    0.132697    0.12299    0.0264906    
0.0787611    0.132737    0.122989    0.0264829    0.0787611    0.132737    0.122989    0.0264829    
0.0787749    0.132776    0.122987    0.0264752    0.0787749    0.132776    0.122987    0.0264752    
0.0787887    0.132816    0.122986    0.0264675    0.0787887    0.132816    0.122986    0.0264675    
0.0788024    0.132855    0.122985    0.0264599    0.0788024    0.132855    0.122985    0.0264599    
0.0788158    0.132893    0.122984    0.0264525    0.0788158    0.132893    0.122984    0.0264525    
0.0788289    0.132931    0.122983    0.0264452    0.0788289    0.132931    0.122983    0.0264452    
0.0788417    0.132967    0.122982    0.0264381    0.0788417    0.132967    0.122982    0.0264381    
0.078854    0.133002    0.122981    0.0264313    0.078854    0.133002    0.122981    0.0264313    
-0.0788657    -0.133035    -0.122979    -0.0264248    -0.0788657    -0.133035    -0.122979    -0.0264248    
-0.0788769    -0.133067    -0.122978    -0.0264187    -0.0788769    -0.133067    -0.122978    -0.0264187    
0.0788874    0.133097    0.122978    0.0264129    0.0788874    0.133097    0.122978    0.0264129    
-0.0788972    -0.133125    -0.122977    -0.0264074    -0.0788972    -0.133125    -0.122977    -0.0264074    
0.0789063    0.133151    0.122976    0.0264024    0.0789063    0.133151    0.122976    0.0264024    
0.0789145    0.133175    0.122975    0.0263979    0.0789145    0.133175    0.122975    0.0263979    
-0.078922    -0.133196    -0.122974    -0.0263938    -0.078922    -0.133196    -0.122974    -0.0263938    
0.0789286    0.133215    0.122974    0.0263901    0.0789286    0.133215    0.122974    0.0263901    
0.0789344    0.133231    0.122973    0.026387    0.0789344    0.133231    0.122973    0.026387    
0.0789393    0.133245    0.122973    0.0263843    0.0789393    0.133245    0.122973    0.0263843    
0.0789433    0.133256    0.122972    0.0263821    0.0789433    0.133256    0.122972    0.0263821    
0.0789465    0.133265    0.122972    0.0263803    0.0789465    0.133265    0.122972    0.0263803    
0.0789487    0.133272    0.122972    0.0263791    0.0789487    0.133272    0.122972    0.0263791    
0.0789501    0.133276    0.122972    0.0263783    0.0789501    0.133276    0.122972    0.0263783    
0.0789507    0.133277    0.122972    0.026378    0.0789507    0.133277    0.122972    0.026378    
0.0789505    0.133277    0.122972    0.0263781    0.0789505    0.133277    0.122972    0.0263781    
0.0789494    0.133274    0.122972    0.0263787    0.0789494    0.133274    0.122972    0.0263787    
0.0789476    0.133269    0.122972    0.0263797    0.0789476    0.133269    0.122972    0.0263797    
0.0789451    0.133262    0.122972    0.0263811    0.0789451    0.133262    0.122972    0.0263811    
0.0789419    0.133252    0.122972    0.0263828    0.0789419    0.133252    0.122972    0.0263828    
0.0789381    0.133242    0.122973    0.0263849    0.0789381    0.133242    0.122973    0.0263849    
-0.0789337    -0.133229    -0.122973    -0.0263873    -0.0789337    -0.133229    -0.122973    -0.0263873    
-0.0789287    -0.133215    -0.122974    -0.0263901    -0.0789287    -0.133215    -0.122974    -0.0263901    
-0.0789233    -0.133199    -0.122974    -0.0263931    -0.0789233    -0.133199    -0.122974    -0.0263931    
-0.0789174    -0.133183    -0.122975    -0.0263963    -0.0789174    -0.133183    -0.122975    -0.0263963    
-0.0789111    -0.133165    -0.122975    -0.0263997    -0.0789111    -0.133165    -0.122975    -0.0263997    
-0.0789046    -0.133146    -0.122976    -0.0264034    -0.0789046    -0.133146    -0.122976    -0.0264034    
-0.0788977    -0.133127    -0.122977    -0.0264072    -0.0788977    -0.133127    -0.122977    -0.0264072    
-0.0788906    -0.133106    -0.122977    -0.0264111    -0.0788906    -0.133106    -0.122977    -0.0264111    
0.0788834    0.133086    0.122978    0.026415    0.0788834    0.133086    0.122978    0.026415    
0.0788761    0.133065    0.122979    0.0264191    0.0788761    0.133065    0.122979    0.0264191    
0.0788687    0.133044    0.122979    0.0264232    0.0788687    0.133044    0.122979    0.0264232    
-0.0788613    -0.133023    -0.12298    -0.0264273    -0.0788613    -0.133023    -0.12298    -0.0264273    
0.0788539    0.133002    0.122981    0.0264313    0.0788539    0.133002    0.122981    0.0264313    
-0.0788467    -0.132981    -0.122981    -0.0264353    -0.0788467    -0.132981    -0.122981    -0.0264353    
0.0788396    0.132961    0.122982    0.0264393    0.0788396    0.132961    0.122982    0.0264393    
0.0788326    0.132941    0.122982    0.0264431    0.0788326    0.132941    0.122982    0.0264431    
0.078826    0.132922    0.122983    0.0264468    0.078826    0.132922    0.122983    0.0264468    
0.0788195    0.132904    0.122984    0.0264504    0.0788195    0.132904    0.122984    0.0264504    
0.0788134    0.132886    0.122984    0.0264538    0.0788134    0.132886    0.122984    0.0264538    
-0.0788076    -0.13287    -0.122985    -0.026457    -0.0788076    -0.13287    -0.122985    -0.026457    
0.0788021    0.132854    0.122985    0.0264601    0.0788021    0.132854    0.122985    0.0264601    
0.078797    0.132839    0.122986    0.0264629    0.078797    0.132839    0.122986    0.0264629    
0.0787923    0.132826    0.122986    0.0264655    0.0787923    0.132826    0.122986    0.0264655    
0.0787881    0.132814    0.122986    0.0264679    0.0787881    0.132814    0.122986    0.0264679    
0.0787842    0.132803    0.122987    0.02647    0.0787842    0.132803    0.122987    0.02647    
0.0787809    0.132793    0.122987    0.0264719    0.0787809    0.132793    0.122987    0.0264719    
0.0787779    0.132785    0.122987    0.0264735    0.0787779    0.132785    0.122987    0.0264735    
0.0787754    0.132778    0.122987    0.0264749    0.0787754    0.132778    0.122987    0.0264749    
-0.0787734    -0.132772    -0.122988    -0.026476    -0.0787734    -0.132772    -0.122988    -0.026476    
0.0787719    0.132768    0.122988    0.0264769    0.0787719    0.132768    0.122988    0.0264769    
0.0787708    0.132764    0.122988    0.0264775    0.0787708    0.132764    0.122988    0.0264775    
-0.0787701    -0.132763    -0.122988    -0.0264779    -0.0787701    -0.132763    -0.122988    -0.0264779    
-0.0787699    -0.132762    -0.122988    -0.026478    -0.0787699    -0.132762    -0.122988    -0.026478    
0.07877    0.132762    0.122988    0.0264779    0.07877    0.132762    0.122988    0.0264779    
0.0787706    0.132764    0.122988    0.0264776    0.0787706    0.132764    0.122988    0.0264776    
-0.0787716    -0.132767    -0.122988    -0.026477    -0.0787716    -0.132767    -0.122988    -0.026477    
0.078773    0.132771    0.122988    0.0264763    0.078773    0.132771    0.122988    0.0264763    
0.0787747    0.132776    0.122987    0.0264753    0.0787747    0.132776    0.122987    0.0264753    
-0.0787767    -0.132782    -0.122987    -0.0264742    -0.0787767    -0.132782    -0.122987    -0.0264742    
-0.0787791    -0.132788    -0.122987    -0.0264729    -0.0787791    -0.132788    -0.122987    -0.0264729    
0.0787817    0.132796    0.122987    0.0264714    0.0787817    0.132796    0.122987    0.0264714    
0.0787846    0.132804    0.122987    0.0264698    0.0787846    0.132804    0.122987    0.0264698    
0.0787877    0.132813    0.122986    0.0264681    0.0787877    0.132813    0.122986    0.0264681    
0.078791    0.132822    0.122986    0.0264663    0.078791    0.132822    0.122986    0.0264663    
0.0787944    0.132832    0.122986    0.0264643    0.0787944    0.132832    0.122986    0.0264643    
0.0787981    0.132842    0.122985    0.0264623    0.0787981    0.132842    0.122985    0.0264623    
-0.0788018    -0.132853    -0.122985    -0.0264603    -0.0788018    -0.132853    -0.122985    -0.0264603    
0.0788056    0.132864    0.122985    0.0264581    0.0788056    0.132864    0.122985    0.0264581    
-0.0788095    -0.132875    -0.122984    -0.026456    -0.0788095    -0.132875    -0.122984    -0.026456    
-0.0788134    -0.132886    -0.122984    -0.0264538    -0.0788134    -0.132886    -0.122984    -0.0264538    
0.0788172    0.132897    0.122984    0.0264517    0.0788172    0.132897    0.122984    0.0264517    
0.0788211    0.132908    0.122983    0.0264495    0.0788211    0.132908    0.122983    0.0264495    
0.078825    0.132919    0.122983    0.0264474    0.078825    0.132919    0.122983    0.0264474    
-0.0788287    -0.13293    -0.122983    -0.0264453    -0.0788287    -0.13293    -0.122983    -0.0264453    
-0.0788324    -0.13294    -0.122982    -0.0264433    -0.0788324    -0.13294    -0.122982    -0.0264433    
-0.0788359    -0.13295    -0.122982    -0.0264413    -0.0788359    -0.13295    -0.122982    -0.0264413    
0.0788393    0.13296    0.122982    0.0264394    0.0788393    0.13296    0.122982    0.0264394    
-0.0788426    -0.132969    -0.122982    -0.0264376    -0.0788426    -0.132969    -0.122982    -0.0264376    
-0.0788456    -0.132978    -0.122981    -0.0264359    -0.0788456    -0.132978    -0.122981    -0.0264359    
-0.0788485    -0.132986    -0.122981    -0.0264343    -0.0788485    -0.132986    -0.122981    -0.0264343    
-0.0788512    -0.132994    -0.122981    -0.0264328    -0.0788512    -0.132994    -0.122981    -0.0264328    
-0.0788537    -0.133001    -0.122981    -0.0264315    -0.0788537    -0.133001    -0.122981    -0.0264315    
-0.078856    -0.133008    -0.12298    -0.0264302    -0.078856    -0.133008    -0.12298    -0.0264302    
0.078858    0.133013    0.12298    0.0264291    0.078858    0.133013    0.12298    0.0264291    
0.0788598    0.133019    0.12298    0.0264281    0.0788598    0.133019    0.12298    0.0264281    
0.0788613    0.133023    0.12298    0.0264272    0.0788613    0.133023    0.12298    0.0264272    
-0.0788626    -0.133027    -0.12298    -0.0264265    -0.0788626    -0.133027    -0.12298    -0.0264265    
0.0788637    0.13303    0.12298    0.0264259    0.0788637    0.13303    0.12298    0.0264259    
0.0788645    0.133032    0.12298    0.0264255    0.0788645    0.133032    0.12298    0.0264255    
0.0788651    0.133034    0.12298    0.0264252    0.0788651    0.133034    0.12298    0.0264252    
-0.0788654    -0.133035    -0.12298    -0.026425    -0.0788654    -0.133035    -0.12298    -0.026425    
0.0788656    0.133035    0.12298    0.0264249    0.0788656    0.133035    0.12298    0.0264249    
0.0788654    0.133035    0.12298    0.026425    0.0788654    0.133035    0.12298    0.026425    
-0.0788651    -0.133034    -0.12298    -0.0264252    -0.0788651    -0.133034    -0.12298    -0.0264252    
0.0788646    0.133032    0.12298    0.0264255    0.0788646    0.133032    0.12298    0.0264255    
0.0788638    0.13303    0.12298    0.0264259    0.0788638    0.13303    0.12298    0.0264259    
-0.0788629    -0.133027    -0.12298    -0.0264264    -0.0788629    -0.133027    -0.12298    -0.0264264    
0.0788618    0.133024    0.12298    0.026427    0.0788618    0.133024    0.12298    0.026427    
-0.0788605    -0.133021    -0.12298    -0.0264277    -0.0788605    -0.133021    -0.12298    -0.0264277    
-0.0788591    -0.133017    -0.12298    -0.0264285    -0.0788591    -0.133017    -0.12298    -0.0264285    
-0.0788576    -0.133012    -0.12298    -0.0264293    -0.0788576    -0.133012    -0.12298    -0.0264293    
0.0788559    0.133007    0.12298    0.0264302    0.0788559    0.133007    0.12298    0.0264302    
0.0788541    0.133002    0.122981    0.0264312    0.0788541    0.133002    0.122981    0.0264312    
-0.0788523    -0.132997    -0.122981    -0.0264322    -0.0788523    -0.132997    -0.122981    -0.0264322    
0.0788504    0.132992    0.122981    0.0264333    0.0788504    0.132992    0.122981    0.0264333    
-0.0788484    -0.132986    -0.122981    -0.0264344    -0.0788484    -0.132986    -0.122981    -0.0264344    
0.0788463    0.13298    0.122981    0.0264355    0.0788463    0.13298    0.122981    0.0264355    
0.0788443    0.132974    0.122981    0.0264367    0.0788443    0.132974    0.122981    0.0264367    
-0.0788422    -0.132968    -0.122982    -0.0264378    -0.0788422    -0.132968    -0.122982    -0.0264378    
-0.0788401    -0.132963    -0.122982    -0.026439    -0.0788401    -0.132963    -0.122982    -0.026439    
-0.0788381    -0.132957    -0.122982    -0.0264401    -0.0788381    -0.132957    -0.122982    -0.0264401    
-0.0788361    -0.132951    -0.122982    -0.0264412    -0.0788361    -0.132951    -0.122982    -0.0264412    
-0.0788341    -0.132945    -0.122982    -0.0264423    -0.0788341    -0.132945    -0.122982    -0.0264423    
0.0788321    0.13294    0.122982    0.0264434    0.0788321    0.13294    0.122982    0.0264434    
-0.0788303    -0.132934    -0.122983    -0.0264444    -0.0788303    -0.132934    -0.122983    -0.0264444    
0.0788285    0.132929    0.122983    0.0264454    0.0788285    0.132929    0.122983    0.0264454    
0.0788268    0.132924    0.122983    0.0264464    0.0788268    0.132924    0.122983    0.0264464    
-0.0788252    -0.13292    -0.122983    -0.0264473    -0.0788252    -0.13292    -0.122983    -0.0264473    
-0.0788236    -0.132915    -0.122983    -0.0264481    -0.0788236    -0.132915    -0.122983    -0.0264481    
-0.0788222    -0.132911    -0.122983    -0.0264489    -0.0788222    -0.132911    -0.122983    -0.0264489    
0.0788209    0.132908    0.122983    0.0264496    0.0788209    0.132908    0.122983    0.0264496    
-0.0788198    -0.132904    -0.122984    -0.0264503    -0.0788198    -0.132904    -0.122984    -0.0264503    
0.0788187    0.132901    0.122984    0.0264509    0.0788187    0.132901    0.122984    0.0264509    
-0.0788178    -0.132899    -0.122984    -0.0264514    -0.0788178    -0.132899    -0.122984    -0.0264514    
-0.078817    -0.132896    -0.122984    -0.0264518    -0.078817    -0.132896    -0.122984    -0.0264518    
0.0788163    0.132895    0.122984    0.0264522    0.0788163    0.132895    0.122984    0.0264522    
0.0788158    0.132893    0.122984    0.0264525    0.0788158    0.132893    0.122984    0.0264525    
-0.0788153    -0.132892    -0.122984    -0.0264527    -0.0788153    -0.132892    -0.122984    -0.0264527    
-0.078815    -0.132891    -0.122984    -0.0264529    -0.078815    -0.132891    -0.122984    -0.0264529    
0.0788149    0.13289    0.122984    0.026453    0.0788149    0.13289    0.122984    0.026453    
-0.0788148    -0.13289    -0.122984    -0.026453    -0.0788148    -0.13289    -0.122984    -0.026453    
-0.0788149    -0.132891    -0.122984    -0.026453    -0.0788149    -0.132891    -0.122984    -0.026453    
0.0788151    0.132891    0.122984    0.0264529    0.0788151    0.132891    0.122984    0.0264529    
-0.0788154    -0.132892    -0.122984    -0.0264527    -0.0788154    -0.132892    -0.122984    -0.0264527    
0.0788158    0.132893    0.122984    0.0264525    0.0788158    0.132893    0.122984    0.0264525    
0.0788163    0.132895    0.122984    0.0264522    0.0788163    0.132895    0.122984    0.0264522    
0.0788169    0.132896    0.122984    0.0264519    0.0788169    0.132896    0.122984    0.0264519    
0.0788176    0.132898    0.122984    0.0264515    0.0788176    0.132898    0.122984    0.0264515    
0.0788183    0.1329    0.122984    0.0264511    0.0788183    0.1329    0.122984    0.0264511    
-0.0788191    -0.132903    -0.122984    -0.0264506    -0.0788191    -0.132903    -0.122984    -0.0264506    
0.07882    0.132905    0.122984    0.0264501    0.07882    0.132905    0.122984    0.0264501    
0.078821    0.132908    0.122983    0.0264496    0.078821    0.132908    0.122983    0.0264496    
0.0788219    0.132911    0.122983    0.0264491    0.0788219    0.132911    0.122983    0.0264491    
-0.078823    -0.132914    -0.122983    -0.0264485    -0.078823    -0.132914    -0.122983    -0.0264485    
-0.078824    -0.132917    -0.122983    -0.0264479    -0.078824    -0.132917    -0.122983    -0.0264479    
0.0788251    0.13292    0.122983    0.0264473    0.0788251    0.13292    0.122983    0.0264473    
-0.0788262    -0.132923    -0.122983    -0.0264467    -0.0788262    -0.132923    -0.122983    -0.0264467    
-0.0788273    -0.132926    -0.122983    -0.0264461    -0.0788273    -0.132926    -0.122983    -0.0264461    
-0.0788284    -0.132929    -0.122983    -0.0264455    -0.0788284    -0.132929    -0.122983    -0.0264455    
0.0788295    0.132932    0.122983    0.0264449    0.0788295    0.132932    0.122983    0.0264449    
-0.0788305    -0.132935    -0.122983    -0.0264443    -0.0788305    -0.132935    -0.122983    -0.0264443    
-0.0788316    -0.132938    -0.122983    -0.0264437    -0.0788316    -0.132938    -0.122983    -0.0264437    
0.0788326    0.132941    0.122982    0.0264431    0.0788326    0.132941    0.122982    0.0264431    
-0.0788336    -0.132944    -0.122982    -0.0264426    -0.0788336    -0.132944    -0.122982    -0.0264426    
0.0788345    0.132947    0.122982    0.0264421    0.0788345    0.132947    0.122982    0.0264421    
0.0788354    0.132949    0.122982    0.0264416    0.0788354    0.132949    0.122982    0.0264416    
-0.0788363    -0.132952    -0.122982    -0.0264411    -0.0788363    -0.132952    -0.122982    -0.0264411    
0.0788371    0.132954    0.122982    0.0264407    0.0788371    0.132954    0.122982    0.0264407    
-0.0788378    -0.132956    -0.122982    -0.0264402    -0.0788378    -0.132956    -0.122982    -0.0264402    
-0.0788385    -0.132958    -0.122982    -0.0264399    -0.0788385    -0.132958    -0.122982    -0.0264399    
0.0788391    0.13296    0.122982    0.0264395    0.0788391    0.13296    0.122982    0.0264395    
0.0788397    0.132961    0.122982    0.0264392    0.0788397    0.132961    0.122982    0.0264392    
0.0788402    0.132963    0.122982    0.026439    0.0788402    0.132963    0.122982    0.026439    
-0.0788406    -0.132964    -0.122982    -0.0264387    -0.0788406    -0.132964    -0.122982    -0.0264387    
0.0788409    0.132965    0.122982    0.0264385    0.0788409    0.132965    0.122982    0.0264385    
-0.0788412    -0.132966    -0.122982    -0.0264384    -0.0788412    -0.132966    -0.122982    -0.0264384    
0.0788414    0.132966    0.122982    0.0264382    0.0788414    0.132966    0.122982    0.0264382    
0.0788416    0.132967    0.122982    0.0264382    0.0788416    0.132967    0.122982    0.0264382    
0.0788417    0.132967    0.122982    0.0264381    0.0788417    0.132967    0.122982    0.0264381    
0.0788417    0.132967    0.122982    0.0264381    0.0788417    0.132967    0.122982    0.0264381    
-0.0788416    -0.132967    -0.122982    -0.0264381    -0.0788416    -0.132967    -0.122982    -0.0264381    
0.0788415    0.132967    0.122982    0.0264382    0.0788415    0.132967    0.122982    0.0264382    
-0.0788414    -0.132966    -0.122982    -0.0264383    -0.0788414    -0.132966    -0.122982    -0.0264383    
0.0788412    0.132965    0.122982    0.0264384    0.0788412    0.132965    0.122982    0.0264384    
0.0788409    0.132965    0.122982    0.0264386    0.0788409    0.132965    0.122982    0.0264386    
0.0788406    0.132964    0.122982    0.0264387    0.0788406    0.132964    0.122982    0.0264387    
-0.0788402    -0.132963    -0.122982    -0.0264389    -0.0788402    -0.132963    -0.122982    -0.0264389    
0.0788398    0.132962    0.122982    0.0264392    0.0788398    0.132962    0.122982    0.0264392    
0.0788394    0.13296    0.122982    0.0264394    0.0788394    0.13296    0.122982    0.0264394    
0.0788389    0.132959    0.122982    0.0264397    0.0788389    0.132959    0.122982    0.0264397    
-0.0788384    -0.132958    -0.122982    -0.0264399    -0.0788384    -0.132958    -0.122982    -0.0264399    
-0.0788379    -0.132956    -0.122982    -0.0264402    -0.0788379    -0.132956    -0.122982    -0.0264402    
0.0788373    0.132955    0.122982    0.0264405    0.0788373    0.132955    0.122982    0.0264405    
-0.0788368    -0.132953    -0.122982    -0.0264408    -0.0788368    -0.132953    -0.122982    -0.0264408    
0.0788362    0.132951    0.122982    0.0264412    0.0788362    0.132951    0.122982    0.0264412    
-0.0788356    -0.13295    -0.122982    -0.0264415    -0.0788356    -0.13295    -0.122982    -0.0264415    
0.078835    0.132948    0.122982    0.0264418    0.078835    0.132948    0.122982    0.0264418    
-0.0788345    -0.132946    -0.122982    -0.0264421    -0.0788345    -0.132946    -0.122982    -0.0264421    
0.0788339    0.132945    0.122982    0.0264424    0.0788339    0.132945    0.122982    0.0264424    
0.0788333    0.132943    0.122982    0.0264428    0.0788333    0.132943    0.122982    0.0264428    
0.0788328    0.132941    0.122982    0.0264431    0.0788328    0.132941    0.122982    0.0264431    
0.0788322    0.13294    0.122982    0.0264434    0.0788322    0.13294    0.122982    0.0264434    
0.0788317    0.132938    0.122983    0.0264436    0.0788317    0.132938    0.122983    0.0264436    
-0.0788312    -0.132937    -0.122983    -0.0264439    -0.0788312    -0.132937    -0.122983    -0.0264439    
0.0788307    0.132936    0.122983    0.0264442    0.0788307    0.132936    0.122983    0.0264442    
-0.0788303    -0.132934    -0.122983    -0.0264444    -0.0788303    -0.132934    -0.122983    -0.0264444    
0.0788299    0.132933    0.122983    0.0264447    0.0788299    0.132933    0.122983    0.0264447    
0.0788295    0.132932    0.122983    0.0264449    0.0788295    0.132932    0.122983    0.0264449    
0.0788291    0.132931    0.122983    0.0264451    0.0788291    0.132931    0.122983    0.0264451    
0.0788288    0.13293    0.122983    0.0264453    0.0788288    0.13293    0.122983    0.0264453    
-0.0788285    -0.132929    -0.122983    -0.0264454    -0.0788285    -0.132929    -0.122983    -0.0264454    
-0.0788282    -0.132929    -0.122983    -0.0264456    -0.0788282    -0.132929    -0.122983    -0.0264456    
-0.078828    -0.132928    -0.122983    -0.0264457    -0.078828    -0.132928    -0.122983    -0.0264457    
-0.0788278    -0.132927    -0.122983    -0.0264458    -0.0788278    -0.132927    -0.122983    -0.0264458    
0.0788277    0.132927    0.122983    0.0264459    0.0788277    0.132927    0.122983    0.0264459    
-0.0788276    -0.132927    -0.122983    -0.0264459    -0.0788276    -0.132927    -0.122983    -0.0264459    
-0.0788275    -0.132927    -0.122983    -0.026446    -0.0788275    -0.132927    -0.122983    -0.026446    
-0.0788275    -0.132926    -0.122983    -0.026446    -0.0788275    -0.132926    -0.122983    -0.026446    
-0.0788275    -0.132926    -0.122983    -0.026446    -0.0788275    -0.132926    -0.122983    -0.026446    
0.0788275    0.132926    0.122983    0.026446    0.0788275    0.132926    0.122983    0.026446    
-0.0788276    -0.132927    -0.122983    -0.0264459    -0.0788276    -0.132927    -0.122983    -0.0264459    
-0.0788276    -0.132927    -0.122983    -0.0264459    -0.0788276    -0.132927    -0.122983    -0.0264459    
0.0788278    0.132927    0.122983    0.0264458    0.0788278    0.132927    0.122983    0.0264458    
0.0788279    0.132928    0.122983    0.0264457    0.0788279    0.132928    0.122983    0.0264457    
0.0788281    0.132928    0.122983    0.0264457    0.0788281    0.132928    0.122983    0.0264457    
0.0788283    0.132929    0.122983    0.0264455    0.0788283    0.132929    0.122983    0.0264455    
0.0788285    0.132929    0.122983    0.0264454    0.0788285    0.132929    0.122983    0.0264454    
-0.0788287    -0.13293    -0.122983    -0.0264453    -0.0788287    -0.13293    -0.122983    -0.0264453    
-0.078829    -0.132931    -0.122983    -0.0264452    -0.078829    -0.132931    -0.122983    -0.0264452    
-0.0788292    -0.132931    -0.122983    -0.026445    -0.0788292    -0.132931    -0.122983    -0.026445    
-0.0788295    -0.132932    -0.122983    -0.0264449    -0.0788295    -0.132932    -0.122983    -0.0264449    
0.0788298    0.132933    0.122983    0.0264447    0.0788298    0.132933    0.122983    0.0264447    
0.0788301    0.132934    0.122983    0.0264445    0.0788301    0.132934    0.122983    0.0264445    
0.0788304    0.132935    0.122983    0.0264444    0.0788304    0.132935    0.122983    0.0264444    
0.0788307    0.132936    0.122983    0.0264442    0.0788307    0.132936    0.122983    0.0264442    
0.078831    0.132937    0.122983    0.026444    0.078831    0.132937    0.122983    0.026444    
0.0788313    0.132937    0.122983    0.0264439    0.0788313    0.132937    0.122983    0.0264439    
0.0788316    0.132938    0.122983    0.0264437    0.0788316    0.132938    0.122983    0.0264437    
0.0788319    0.132939    0.122983    0.0264435    0.0788319    0.132939    0.122983    0.0264435    
0.0788322    0.13294    0.122982    0.0264434    0.0788322    0.13294    0.122982    0.0264434    
0.0788325    0.132941    0.122982    0.0264432    0.0788325    0.132941    0.122982    0.0264432    
0.0788328    0.132942    0.122982    0.026443    0.0788328    0.132942    0.122982    0.026443    
-0.078833    -0.132942    -0.122982    -0.0264429    -0.078833    -0.132942    -0.122982    -0.0264429    
0.0788333    0.132943    0.122982    0.0264428    0.0788333    0.132943    0.122982    0.0264428    
-0.0788335    -0.132944    -0.122982    -0.0264426    -0.0788335    -0.132944    -0.122982    -0.0264426    
0.0788338    0.132944    0.122982    0.0264425    0.0788338    0.132944    0.122982    0.0264425    
-0.078834    -0.132945    -0.122982    -0.0264424    -0.078834    -0.132945    -0.122982    -0.0264424    
0.0788341    0.132945    0.122982    0.0264423    0.0788341    0.132945    0.122982    0.0264423    
0.0788343    0.132946    0.122982    0.0264422    0.0788343    0.132946    0.122982    0.0264422    
-0.0788345    -0.132946    -0.122982    -0.0264421    -0.0788345    -0.132946    -0.122982    -0.0264421    
0.0788346    0.132947    0.122982    0.026442    0.0788346    0.132947    0.122982    0.026442    
-0.0788347    -0.132947    -0.122982    -0.026442    -0.0788347    -0.132947    -0.122982    -0.026442    
0.0788348    0.132947    0.122982    0.0264419    0.0788348    0.132947    0.122982    0.0264419    
0.0788349    0.132948    0.122982    0.0264419    0.0788349    0.132948    0.122982    0.0264419    
-0.0788349    -0.132948    -0.122982    -0.0264419    -0.0788349    -0.132948    -0.122982    -0.0264419    
-0.078835    -0.132948    -0.122982    -0.0264418    -0.078835    -0.132948    -0.122982    -0.0264418    
0.078835    0.132948    0.122982    0.0264418    0.078835    0.132948    0.122982    0.0264418    
0.078835    0.132948    0.122982    0.0264418    0.078835    0.132948    0.122982    0.0264418    
-0.078835    -0.132948    -0.122982    -0.0264418    -0.078835    -0.132948    -0.122982    -0.0264418    
0.0788349    0.132948    0.122982    0.0264418    0.0788349    0.132948    0.122982    0.0264418    
-0.0788349    -0.132948    -0.122982    -0.0264419    -0.0788349    -0.132948    -0.122982    -0.0264419    
0.0788348    0.132947    0.122982    0.0264419    0.0788348    0.132947    0.122982    0.0264419    
0.0788348    0.132947    0.122982    0.026442    0.0788348    0.132947    0.122982    0.026442    
-0.0788347    -0.132947    -0.122982    -0.026442    -0.0788347    -0.132947    -0.122982    -0.026442    
0.0788346    0.132947    0.122982    0.0264421    0.0788346    0.132947    0.122982    0.0264421    
-0.0788344    -0.132946    -0.122982    -0.0264421    -0.0788344    -0.132946    -0.122982    -0.0264421    
-0.0788343    -0.132946    -0.122982    -0.0264422    -0.0788343    -0.132946    -0.122982    -0.0264422    
-0.0788342    -0.132946    -0.122982    -0.0264423    -0.0788342    -0.132946    -0.122982    -0.0264423    
0.078834    0.132945    0.122982    0.0264423    0.078834    0.132945    0.122982    0.0264423    
-0.0788339    -0.132945    -0.122982    -0.0264424    -0.0788339    -0.132945    -0.122982    -0.0264424    
-0.0788337    -0.132944    -0.122982    -0.0264425    -0.0788337    -0.132944    -0.122982    -0.0264425    
-0.0788336    -0.132944    -0.122982    -0.0264426    -0.0788336    -0.132944    -0.122982    -0.0264426    
-0.0788334    -0.132943    -0.122982    -0.0264427    -0.0788334    -0.132943    -0.122982    -0.0264427    
0.0788333    0.132943    0.122982    0.0264428    0.0788333    0.132943    0.122982    0.0264428    
0.0788331    0.132942    0.122982    0.0264429    0.0788331    0.132942    0.122982    0.0264429    
-0.0788329    -0.132942    -0.122982    -0.026443    -0.0788329    -0.132942    -0.122982    -0.026443    
0.0788328    0.132942    0.122982    0.026443    0.0788328    0.132942    0.122982    0.026443    
0.0788326    0.132941    0.122982    0.0264431    0.0788326    0.132941    0.122982    0.0264431    
-0.0788325    -0.132941    -0.122982    -0.0264432    -0.0788325    -0.132941    -0.122982    -0.0264432    
-0.0788323    -0.13294    -0.122982    -0.0264433    -0.0788323    -0.13294    -0.122982    -0.0264433    
0.0788322    0.13294    0.122982    0.0264434    0.0788322    0.13294    0.122982    0.0264434    
0.078832    0.132939    0.122983    0.0264435    0.078832    0.132939    0.122983    0.0264435    
0.0788319    0.132939    0.122983    0.0264435    0.0788319    0.132939    0.122983    0.0264435    
0.0788318    0.132939    0.122983    0.0264436    0.0788318    0.132939    0.122983    0.0264436    
0.0788317    0.132938    0.122983    0.0264437    0.0788317    0.132938    0.122983    0.0264437    
-0.0788316    -0.132938    -0.122983    -0.0264437    -0.0788316    -0.132938    -0.122983    -0.0264437    
0.0788315    0.132938    0.122983    0.0264438    0.0788315    0.132938    0.122983    0.0264438    
-0.0788314    -0.132938    -0.122983    -0.0264438    -0.0788314    -0.132938    -0.122983    -0.0264438    
-0.0788313    -0.132937    -0.122983    -0.0264439    -0.0788313    -0.132937    -0.122983    -0.0264439    
0.0788312    0.132937    0.122983    0.0264439    0.0788312    0.132937    0.122983    0.0264439    
0.0788312    0.132937    0.122983    0.0264439    0.0788312    0.132937    0.122983    0.0264439    
0.0788311    0.132937    0.122983    0.026444    0.0788311    0.132937    0.122983    0.026444    
-0.0788311    -0.132937    -0.122983    -0.026444    -0.0788311    -0.132937    -0.122983    -0.026444    
-0.078831    -0.132937    -0.122983    -0.026444    -0.078831    -0.132937    -0.122983    -0.026444    
0.078831    0.132937    0.122983    0.026444    0.078831    0.132937    0.122983    0.026444    
0.078831    0.132936    0.122983    0.026444    0.078831    0.132936    0.122983    0.026444    
-0.078831    -0.132936    -0.122983    -0.026444    -0.078831    -0.132936    -0.122983    -0.026444    
-0.078831    -0.132937    -0.122983    -0.026444    -0.078831    -0.132937    -0.122983    -0.026444    
0.078831    0.132937    0.122983    0.026444    0.078831    0.132937    0.122983    0.026444    
0.0788311    0.132937    0.122983    0.026444    0.0788311    0.132937    0.122983    0.026444    
0.0788311    0.132937    0.122983    0.026444    0.0788311    0.132937    0.122983    0.026444    
-0.0788311    -0.132937    -0.122983    -0.026444    -0.0788311    -0.132937    -0.122983    -0.026444    
0.0788312    0.132937    0.122983    0.0264439    0.0788312    0.132937    0.122983    0.0264439    
-0.0788312    -0.132937    -0.122983    -0.0264439    -0.0788312    -0.132937    -0.122983    -0.0264439    
0.0788313    0.132937    0.122983    0.0264439    0.0788313    0.132937    0.122983    0.0264439    
-0.0788314    -0.132938    -0.122983    -0.0264438    -0.0788314    -0.132938    -0.122983    -0.0264438    
-0.0788314    -0.132938    -0.122983    -0.0264438    -0.0788314    -0.132938    -0.122983    -0.0264438    
-0.0788315    -0.132938    -0.122983    -0.0264437    -0.0788315    -0.132938    -0.122983    -0.0264437    
0.0788316    0.132938    0.122983    0.0264437    0.0788316    0.132938    0.122983    0.0264437    
-0.0788317    -0.132938    -0.122983    -0.0264437    -0.0788317    -0.132938    -0.122983    -0.0264437    
0.0788318    0.132939    0.122983    0.0264436    0.0788318    0.132939    0.122983    0.0264436    
-0.0788319    -0.132939    -0.122983    -0.0264436    -0.0788319    -0.132939    -0.122983    -0.0264436    
0.0788319    0.132939    0.122983    0.0264435    0.0788319    0.132939    0.122983    0.0264435    
-0.078832    -0.132939    -0.122983    -0.0264435    -0.078832    -0.132939    -0.122983    -0.0264435    
0.0788321    0.13294    0.122982    0.0264434    0.0788321    0.13294    0.122982    0.0264434    
0.0788322    0.13294    0.122982    0.0264434    0.0788322    0.13294    0.122982    0.0264434    
0.0788323    0.13294    0.122982    0.0264433    0.0788323    0.13294    0.122982    0.0264433    
0.0788324    0.13294    0.122982    0.0264433    0.0788324    0.13294    0.122982    0.0264433    
0.0788324    0.132941    0.122982    0.0264432    0.0788324    0.132941    0.122982    0.0264432    
0.0788325    0.132941    0.122982    0.0264432    0.0788325    0.132941    0.122982    0.0264432    
-0.0788326    -0.132941    -0.122982    -0.0264432    -0.0788326    -0.132941    -0.122982    -0.0264432    
-0.0788327    -0.132941    -0.122982    -0.0264431    -0.0788327    -0.132941    -0.122982    -0.0264431    
-0.0788327    -0.132941    -0.122982    -0.0264431    -0.0788327    -0.132941    -0.122982    -0.0264431    
0.0788328    0.132942    0.122982    0.026443    0.0788328    0.132942    0.122982    0.026443    
-0.0788328    -0.132942    -0.122982    -0.026443    -0.0788328    -0.132942    -0.122982    -0.026443    
0.0788329    0.132942    0.122982    0.026443    0.0788329    0.132942    0.122982    0.026443    
0.0788329    0.132942    0.122982    0.026443    0.0788329    0.132942    0.122982    0.026443    
-0.078833    -0.132942    -0.122982    -0.0264429    -0.078833    -0.132942    -0.122982    -0.0264429    
0.078833    0.132942    0.122982    0.0264429    0.078833    0.132942    0.122982    0.0264429    
-0.078833    -0.132942    -0.122982    -0.0264429    -0.078833    -0.132942    -0.122982    -0.0264429    
0.0788331    0.132942    0.122982    0.0264429    0.0788331    0.132942    0.122982    0.0264429    
-0.0788331    -0.132942    -0.122982    -0.0264429    -0.0788331    -0.132942    -0.122982    -0.0264429    
0.0788331    0.132942    0.122982    0.0264429    0.0788331    0.132942    0.122982    0.0264429    
-0.0788331    -0.132943    -0.122982    -0.0264429    -0.0788331    -0.132943    -0.122982    -0.0264429    
-0.0788331    -0.132943    -0.122982    -0.0264429    -0.0788331    -0.132943    -0.122982    -0.0264429    
0.0788331    0.132943    0.122982    0.0264429    0.0788331    0.132943    0.122982    0.0264429    
-0.0788331    -0.132943    -0.122982    -0.0264429    -0.0788331    -0.132943    -0.122982    -0.0264429    
-0.0788331    -0.132942    -0.122982    -0.0264429    -0.0788331    -0.132942    -0.122982    -0.0264429    
-0.0788331    -0.132942    -0.122982    -0.0264429    -0.0788331    -0.132942    -0.122982    -0.0264429    
0.0788331    0.132942    0.122982    0.0264429    0.0788331    0.132942    0.122982    0.0264429    
-0.0788331    -0.132942    -0.122982    -0.0264429    -0.0788331    -0.132942    -0.122982    -0.0264429    
0.078833    0.132942    0.122982    0.0264429    0.078833    0.132942    0.122982    0.0264429    
-0.078833    -0.132942    -0.122982    -0.0264429    -0.078833    -0.132942    -0.122982    -0.0264429    
0.078833    0.132942    0.122982    0.0264429    0.078833    0.132942    0.122982    0.0264429    
0.0788329    0.132942    0.122982    0.026443    0.0788329    0.132942    0.122982    0.026443    
-0.0788329    -0.132942    -0.122982    -0.026443    -0.0788329    -0.132942    -0.122982    -0.026443    
-0.0788328    -0.132942    -0.122982    -0.026443    -0.0788328    -0.132942    -0.122982    -0.026443    
0.0788328    0.132942    0.122982    0.026443    0.0788328    0.132942    0.122982    0.026443    
0.0788328    0.132941    0.122982    0.0264431    0.0788328    0.132941    0.122982    0.0264431    
-0.0788327    -0.132941    -0.122982    -0.0264431    -0.0788327    -0.132941    -0.122982    -0.0264431    
0.0788327    0.132941    0.122982    0.0264431    0.0788327    0.132941    0.122982    0.0264431    
0.0788326    0.132941    0.122982    0.0264431    0.0788326    0.132941    0.122982    0.0264431    
0.0788326    0.132941    0.122982    0.0264432    0.0788326    0.132941    0.122982    0.0264432    
-0.0788325    -0.132941    -0.122982    -0.0264432    -0.0788325    -0.132941    -0.122982    -0.0264432    
0.0788325    0.132941    0.122982    0.0264432    0.0788325    0.132941    0.122982    0.0264432    
-0.0788324    -0.132941    -0.122982    -0.0264432    -0.0788324    -0.132941    -0.122982    -0.0264432    
0.0788324    0.13294    0.122982    0.0264433    0.0788324    0.13294    0.122982    0.0264433    
-0.0788324    -0.13294    -0.122982    -0.0264433    -0.0788324    -0.13294    -0.122982    -0.0264433    
0.0788323    0.13294    0.122982    0.0264433    0.0788323    0.13294    0.122982    0.0264433    
-0.0788323    -0.13294    -0.122982    -0.0264433    -0.0788323    -0.13294    -0.122982    -0.0264433    
-0.0788322    -0.13294    -0.122982    -0.0264433    -0.0788322    -0.13294    -0.122982    -0.0264433    
-0.0788322    -0.13294    -0.122982    -0.0264434    -0.0788322    -0.13294    -0.122982    -0.0264434    
0.0788322    0.13294    0.122982    0.0264434    0.0788322    0.13294    0.122982    0.0264434    
-0.0788322    -0.13294    -0.122982    -0.0264434    -0.0788322    -0.13294    -0.122982    -0.0264434    
-0.0788321    -0.13294    -0.122982    -0.0264434    -0.0788321    -0.13294    -0.122982    -0.0264434    
-0.0788321    -0.13294    -0.122982    -0.0264434    -0.0788321    -0.13294    -0.122982    -0.0264434    
0.0788321    0.13294    0.122982    0.0264434    0.0788321    0.13294    0.122982    0.0264434    
-0.0788321    -0.132939    -0.122983    -0.0264434    -0.0788321    -0.132939    -0.122983    -0.0264434    
0.078832    0.132939    0.122983    0.0264435    0.078832    0.132939    0.122983    0.0264435    
0.078832    0.132939    0.122983    0.0264435    0.078832    0.132939    0.122983    0.0264435    
0.078832    0.132939    0.122983    0.0264435    0.078832    0.132939    0.122983    0.0264435    
0.078832    0.132939    0.122983    0.0264435    0.078832    0.132939    0.122983    0.0264435    
0.078832    0.132939    0.122983    0.0264435    0.078832    0.132939    0.122983    0.0264435    
0.078832    0.132939    0.122983    0.0264435    0.078832    0.132939    0.122983    0.0264435    
0.078832    0.132939    0.122983    0.0264435    0.078832    0.132939    0.122983    0.0264435    
0.078832    0.132939    0.122983    0.0264435    0.078832    0.132939    0.122983    0.0264435    
-0.078832    -0.132939    -0.122983    -0.0264435    -0.078832    -0.132939    -0.122983    -0.0264435    
0.078832    0.132939    0.122983    0.0264435    0.078832    0.132939    0.122983    0.0264435    
0.078832    0.132939    0.122983    0.0264435    0.078832    0.132939    0.122983    0.0264435    
0.078832    0.132939    0.122983    0.0264435    0.078832    0.132939    0.122983    0.0264435    
-0.0788321    -0.132939    -0.122983    -0.0264434    -0.0788321    -0.132939    -0.122983    -0.0264434    
-0.0788321    -0.13294    -0.122982    -0.0264434    -0.0788321    -0.13294    -0.122982    -0.0264434    
-0.0788321    -0.13294    -0.122982    -0.0264434    -0.0788321    -0.13294    -0.122982    -0.0264434    
-0.0788321    -0.13294    -0.122982    -0.0264434    -0.0788321    -0.13294    -0.122982    -0.0264434    
0.0788321    0.13294    0.122982    0.0264434    0.0788321    0.13294    0.122982    0.0264434    
0.0788322    0.13294    0.122982    0.0264434    0.0788322    0.13294    0.122982    0.0264434    
0.0788322    0.13294    0.122982    0.0264434    0.0788322    0.13294    0.122982    0.0264434    
0.0788322    0.13294    0.122982    0.0264434    0.0788322    0.13294    0.122982    0.0264434    
-0.0788322    -0.13294    -0.122982    -0.0264434    -0.0788322    -0.13294    -0.122982    -0.0264434    
0.0788322    0.13294    0.122982    0.0264433    0.0788322    0.13294    0.122982    0.0264433    
0.0788323    0.13294    0.122982    0.0264433    0.0788323    0.13294    0.122982    0.0264433    
-0.0788323    -0.13294    -0.122982    -0.0264433    -0.0788323    -0.13294    -0.122982    -0.0264433    
-0.0788323    -0.13294    -0.122982    -0.0264433    -0.0788323    -0.13294    -0.122982    -0.0264433    
-0.0788323    -0.13294    -0.122982    -0.0264433    -0.0788323    -0.13294    -0.122982    -0.0264433    
0.0788324    0.13294    0.122982    0.0264433    0.0788324    0.13294    0.122982    0.0264433    
0.0788324    0.13294    0.122982    0.0264433    0.0788324    0.13294    0.122982    0.0264433    
-0.0788324    -0.13294    -0.122982    -0.0264433    -0.0788324    -0.13294    -0.122982    -0.0264433    
0.0788324    0.132941    0.122982    0.0264432    0.0788324    0.132941    0.122982    0.0264432    
0.0788325    0.132941    0.122982    0.0264432    0.0788325    0.132941    0.122982    0.0264432    
-0.0788325    -0.132941    -0.122982    -0.0264432    -0.0788325    -0.132941    -0.122982    -0.0264432    
-0.0788325    -0.132941    -0.122982    -0.0264432    -0.0788325    -0.132941    -0.122982    -0.0264432    
-0.0788325    -0.132941    -0.122982    -0.0264432    -0.0788325    -0.132941    -0.122982    -0.0264432    
0.0788325    0.132941    0.122982    0.0264432    0.0788325    0.132941    0.122982    0.0264432    
0.0788325    0.132941    0.122982    0.0264432    0.0788325    0.132941    0.122982    0.0264432    
0.0788325    0.132941    0.122982    0.0264432    0.0788325    0.132941    0.122982    0.0264432    
0.0788326    0.132941    0.122982    0.0264432    0.0788326    0.132941    0.122982    0.0264432    
0.0788326    0.132941    0.122982    0.0264432    0.0788326    0.132941    0.122982    0.0264432    
-0.0788326    -0.132941    -0.122982    -0.0264432    -0.0788326    -0.132941    -0.122982    -0.0264432    
-0.0788326    -0.132941    -0.122982    -0.0264432    -0.0788326    -0.132941    -0.122982    -0.0264432    
-0.0788326    -0.132941    -0.122982    -0.0264432    -0.0788326    -0.132941    -0.122982    -0.0264432    
0.0788326    0.132941    0.122982    0.0264432    0.0788326    0.132941    0.122982    0.0264432    
0.0788326    0.132941    0.122982    0.0264432    0.0788326    0.132941    0.122982    0.0264432    
0.0788326    0.132941    0.122982    0.0264432    0.0788326    0.132941    0.122982    0.0264432    
0.0788326    0.132941    0.122982    0.0264432    0.0788326    0.132941    0.122982    0.0264432    
0.0788326    0.132941    0.122982    0.0264432    0.0788326    0.132941    0.122982    0.0264432    
0.0788326    0.132941    0.122982    0.0264432    0.0788326    0.132941    0.122982    0.0264432    
0.0788326    0.132941    0.122982    0.0264432    0.0788326    0.132941    0.122982    0.0264432    
-0.0788326    -0.132941    -0.122982    -0.0264432    -0.0788326    -0.132941    -0.122982    -0.0264432    
-0.0788326    -0.132941    -0.122982    -0.0264432    -0.0788326    -0.132941    -0.122982    -0.0264432    
0.0788326    0.132941    0.122982    0.0264432    0.0788326    0.132941    0.122982    0.0264432    
0.0788326    0.132941    0.122982    0.0264432    0.0788326    0.132941    0.122982    0.0264432    
-0.0788325    -0.132941    -0.122982    -0.0264432    -0.0788325    -0.132941    -0.122982    -0.0264432    
0.0788325    0.132941    0.122982    0.0264432    0.0788325    0.132941    0.122982    0.0264432    
-0.0788325    -0.132941    -0.122982    -0.0264432    -0.0788325    -0.132941    -0.122982    -0.0264432    
0.0788325    0.132941    0.122982    0.0264432    0.0788325    0.132941    0.122982    0.0264432    
0.0788325    0.132941    0.122982    0.0264432    0.0788325    0.132941    0.122982    0.0264432    
-0.0788325    -0.132941    -0.122982    -0.0264432    -0.0788325    -0.132941    -0.122982    -0.0264432    
0.0788325    0.132941    0.122982    0.0264432    0.0788325    0.132941    0.122982    0.0264432    
0.0788325    0.132941    0.122982    0.0264432    0.0788325    0.132941    0.122982    0.0264432    
-0.0788325    -0.132941    -0.122982    -0.0264432    -0.0788325    -0.132941    -0.122982    -0.0264432    
0.0788324    0.132941    0.122982    0.0264432    0.0788324    0.132941    0.122982    0.0264432    
0.0788324    0.132941    0.122982    0.0264432    0.0788324    0.132941    0.122982    0.0264432    
-0.0788324    -0.132941    -0.122982    -0.0264432    -0.0788324    -0.132941    -0.122982    -0.0264432    
0.0788324    0.13294    0.122982    0.0264433    0.0788324    0.13294    0.122982    0.0264433    
-0.0788324    -0.13294    -0.122982    -0.0264433    -0.0788324    -0.13294    -0.122982    -0.0264433    
0.0788324    0.13294    0.122982    0.0264433    0.0788324    0.13294    0.122982    0.0264433    
0.0788324    0.13294    0.122982    0.0264433    0.0788324    0.13294    0.122982    0.0264433    
-0.0788324    -0.13294    -0.122982    -0.0264433    -0.0788324    -0.13294    -0.122982    -0.0264433    
-0.0788323    -0.13294    -0.122982    -0.0264433    -0.0788323    -0.13294    -0.122982    -0.0264433    
0.0788323    0.13294    0.122982    0.0264433    0.0788323    0.13294    0.122982    0.0264433    
-0.0788323    -0.13294    -0.122982    -0.0264433    -0.0788323    -0.13294    -0.122982    -0.0264433    
-0.0788323    -0.13294    -0.122982    -0.0264433    -0.0788323    -0.13294    -0.122982    -0.0264433    
0.0788323    0.13294    0.122982    0.0264433    0.0788323    0.13294    0.122982    0.0264433    
-0.0788323    -0.13294    -0.122982    -0.0264433    -0.0788323    -0.13294    -0.122982    -0.0264433    
-0.0788323    -0.13294    -0.122982    -0.0264433    -0.0788323    -0.13294    -0.122982    -0.0264433    
0.0788323    0.13294    0.122982    0.0264433    0.0788323    0.13294    0.122982    0.0264433    
-0.0788323    -0.13294    -0.122982    -0.0264433    -0.0788323    -0.13294    -0.122982    -0.0264433    
-0.0788323    -0.13294    -0.122982    -0.0264433    -0.0788323    -0.13294    -0.122982    -0.0264433    
-0.0788323    -0.13294    -0.122982    -0.0264433    -0.0788323    -0.13294    -0.122982    -0.0264433    
-0.0788323    -0.13294    -0.122982    -0.0264433    -0.0788323    -0.13294    -0.122982    -0.0264433    
0.0788323    0.13294    0.122982    0.0264433    0.0788323    0.13294    0.122982    0.0264433    
-0.0788323    -0.13294    -0.122982    -0.0264433    -0.0788323    -0.13294    -0.122982    -0.0264433    
0.0788323    0.13294    0.122982    0.0264433    0.0788323    0.13294    0.122982    0.0264433    
0.0788323    0.13294    0.122982    0.0264433    0.0788323    0.13294    0.122982    0.0264433    
-0.0788323    -0.13294    -0.122982    -0.0264433    -0.0788323    -0.13294    -0.122982    -0.0264433    
0.0788323    0.13294    0.122982    0.0264433    0.0788323    0.13294    0.122982    0.0264433    
-0.0788323    -0.13294    -0.122982    -0.0264433    -0.0788323    -0.13294    -0.122982    -0.0264433    
0.0788323    0.13294    0.122982    0.0264433    0.0788323    0.13294    0.122982    0.0264433    
0.0788323    0.13294    0.122982    0.0264433    0.0788323    0.13294    0.122982    0.0264433    
0.0788323    0.13294    0.122982    0.0264433    0.0788323    0.13294    0.122982    0.0264433    
0.0788323    0.13294    0.122982    0.0264433    0.0788323    0.13294    0.122982    0.0264433    
0.0788323    0.13294    0.122982    0.0264433    0.0788323    0.13294    0.122982    0.0264433    
0.0788323    0.13294    0.122982    0.0264433    0.0788323    0.13294    0.122982    0.0264433    
-0.0788323    -0.13294    -0.122982    -0.0264433    -0.0788323    -0.13294    -0.122982    -0.0264433    
0.0788323    0.13294    0.122982    0.0264433    0.0788323    0.13294    0.122982    0.0264433    
-0.0788323    -0.13294    -0.122982    -0.0264433    -0.0788323    -0.13294    -0.122982    -0.0264433    
0.0788323    0.13294    0.122982    0.0264433    0.0788323    0.13294    0.122982    0.0264433    
-0.0788324    -0.13294    -0.122982    -0.0264433    -0.0788324    -0.13294    -0.122982    -0.0264433    
0.0788324    0.13294    0.122982    0.0264433    0.0788324    0.13294    0.122982    0.0264433    
0.0788324    0.13294    0.122982    0.0264433    0.0788324    0.13294    0.122982    0.0264433    
-0.0788324    -0.13294    -0.122982    -0.0264433    -0.0788324    -0.13294    -0.122982    -0.0264433    
0.0788324    0.13294    0.122982    0.0264433    0.0788324    0.13294    0.122982    0.0264433    
0.0788324    0.13294    0.122982    0.0264433    0.0788324    0.13294    0.122982    0.0264433    
-0.0788324    -0.13294    -0.122982    -0.0264433    -0.0788324    -0.13294    -0.122982    -0.0264433    
0.0788324    0.13294    0.122982    0.0264433    0.0788324    0.13294    0.122982    0.0264433    
-0.0788324    -0.13294    -0.122982    -0.0264433    -0.0788324    -0.13294    -0.122982    -0.0264433    
0.0788324    0.13294    0.122982    0.0264433    0.0788324    0.13294    0.122982    0.0264433    
0.0788324    0.132941    0.122982    0.0264433    0.0788324    0.132941    0.122982    0.0264433    
-0.0788324    -0.132941    -0.122982    -0.0264432    -0.0788324    -0.132941    -0.122982    -0.0264432    
-0.0788324    -0.132941    -0.122982    -0.0264432    -0.0788324    -0.132941    -0.122982    -0.0264432    
0.0788324    0.132941    0.122982    0.0264432    0.0788324    0.132941    0.122982    0.0264432    
0.0788324    0.132941    0.122982    0.0264432    0.0788324    0.132941    0.122982    0.0264432    
0.0788324    0.132941    0.122982    0.0264432    0.0788324    0.132941    0.122982    0.0264432    
0.0788324    0.132941    0.122982    0.0264432    0.0788324    0.132941    0.122982    0.0264432    
0.0788324    0.132941    0.122982    0.0264432    0.0788324    0.132941    0.122982    0.0264432    
0.0788324    0.132941    0.122982    0.0264432    0.0788324    0.132941    0.122982    0.0264432    
-0.0788324    -0.132941    -0.122982    -0.0264432    -0.0788324    -0.132941    -0.122982    -0.0264432    
0.0788324    0.132941    0.122982    0.0264432    0.0788324    0.132941    0.122982    0.0264432    
0.0788324    0.132941    0.122982    0.0264432    0.0788324    0.132941    0.122982    0.0264432    
0.0788324    0.132941    0.122982    0.0264432    0.0788324    0.132941    0.122982    0.0264432    
0.0788324    0.132941    0.122982    0.0264432    0.0788324    0.132941    0.122982    0.0264432    
0.0788324    0.132941    0.122982    0.0264432    0.0788324    0.132941    0.122982    0.0264432    
0.0788324    0.132941    0.122982    0.0264432    0.0788324    0.132941    0.122982    0.0264432    
0.0788324    0.132941    0.122982    0.0264432    0.0788324    0.132941    0.122982    0.0264432    
-0.0788324    -0.132941    -0.122982    -0.0264432    -0.0788324    -0.132941    -0.122982    -0.0264432    
-0.0788324    -0.132941    -0.122982    -0.0264432    -0.0788324    -0.132941    -0.122982    -0.0264432    
0.0788324    0.132941    0.122982    0.0264432    0.0788324    0.132941    0.122982    0.0264432    
0.0788324    0.132941    0.122982    0.0264432    0.0788324    0.132941    0.122982    0.0264432    
0.0788324    0.132941    0.122982    0.0264432    0.0788324    0.132941    0.122982    0.0264432    
-0.0788324    -0.132941    -0.122982    -0.0264432    -0.0788324    -0.132941    -0.122982    -0.0264432    
-0.0788324    -0.132941    -0.122982    -0.0264432    -0.0788324    -0.132941    -0.122982    -0.0264432    
-0.0788324    -0.132941    -0.122982    -0.0264432    -0.0788324    -0.132941    -0.122982    -0.0264432    
0.0788324    0.132941    0.122982    0.0264432    0.0788324    0.132941    0.122982    0.0264432    
-0.0788324    -0.132941    -0.122982    -0.0264432    -0.0788324    -0.132941    -0.122982    -0.0264432    
-0.0788324    -0.132941    -0.122982    -0.0264432    -0.0788324    -0.132941    -0.122982    -0.0264432    
-0.0788324    -0.132941    -0.122982    -0.0264433    -0.0788324    -0.132941    -0.122982    -0.0264433    
-0.0788324    -0.13294    -0.122982    -0.0264433    -0.0788324    -0.13294    -0.122982    -0.0264433    
0.0788324    0.13294    0.122982    0.0264433    0.0788324    0.13294    0.122982    0.0264433    
0.0788324    0.13294    0.122982    0.0264433    0.0788324    0.13294    0.122982    0.0264433    
0.0788324    0.13294    0.122982    0.0264433    0.0788324    0.13294    0.122982    0.0264433    
0.0788324    0.13294    0.122982    0.0264433    0.0788324    0.13294    0.122982    0.0264433    
0.0788324    0.13294    0.122982    0.0264433    0.0788324    0.13294    0.122982    0.0264433    
-0.0788324    -0.13294    -0.122982    -0.0264433    -0.0788324    -0.13294    -0.122982    -0.0264433    
0.0788324    0.13294    0.122982    0.0264433    0.0788324    0.13294    0.122982    0.0264433    
-0.0788324    -0.13294    -0.122982    -0.0264433    -0.0788324    -0.13294    -0.122982    -0.0264433    
0.0788324    0.13294    0.122982    0.0264433    0.0788324    0.13294    0.122982    0.0264433    
0.0788324    0.13294    0.122982    0.0264433    0.0788324    0.13294    0.122982    0.0264433    
0.0788324    0.13294    0.122982    0.0264433    0.0788324    0.13294    0.122982    0.0264433    
0.0788324    0.13294    0.122982    0.0264433    0.0788324    0.13294    0.122982    0.0264433    
0.0788324    0.13294    0.122982    0.0264433    0.0788324    0.13294    0.122982    0.0264433    
0.0788324    0.13294    0.122982    0.0264433    0.0788324    0.13294    0.122982    0.0264433    
0.0788324    0.13294    0.122982    0.0264433    0.0788324    0.13294    0.122982    0.0264433    
-0.0788324    -0.13294    -0.122982    -0.0264433    -0.0788324    -0.13294    -0.122982    -0.0264433    
-0.0788324    -0.13294    -0.122982    -0.0264433    -0.0788324    -0.13294    -0.122982    -0.0264433    
-0.0788324    -0.13294    -0.122982    -0.0264433    -0.0788324    -0.13294    -0.122982    -0.0264433    
0.0788324    0.13294    0.122982    0.0264433    0.0788324    0.13294    0.122982    0.0264433    
-0.0788324    -0.13294    -0.122982    -0.0264433    -0.0788324    -0.13294    -0.122982    -0.0264433    
-0.0788324    -0.13294    -0.122982    -0.0264433    -0.0788324    -0.13294    -0.122982    -0.0264433    
-0.0788324    -0.13294    -0.122982    -0.0264433    -0.0788324    -0.13294    -0.122982    -0.0264433    
0.0788324    0.13294    0.122982    0.0264433    0.0788324    0.13294    0.122982    0.0264433    
0.0788324    0.13294    0.122982    0.0264433    0.0788324    0.13294    0.122982    0.0264433    
-0.0788324    -0.13294    -0.122982    -0.0264433    -0.0788324    -0.13294    -0.122982    -0.0264433    
-0.0788324    -0.13294    -0.122982    -0.0264433    -0.0788324    -0.13294    -0.122982    -0.0264433    
-0.0788324    -0.13294    -0.122982    -0.0264433    -0.0788324    -0.13294    -0.122982    -0.0264433    
-0.0788324    -0.13294    -0.122982    -0.0264433    -0.0788324    -0.13294    -0.122982    -0.0264433    
-0.0788324    -0.13294    -0.122982    -0.0264433    -0.0788324    -0.13294    -0.122982    -0.0264433    
-0.0788324    -0.13294    -0.122982    -0.0264433    -0.0788324    -0.13294    -0.122982    -0.0264433    
0.0788324    0.13294    0.122982    0.0264433    0.0788324    0.13294    0.122982    0.0264433    
-0.0788324    -0.13294    -0.122982    -0.0264433    -0.0788324    -0.13294    -0.122982    -0.0264433    
-0.0788324    -0.13294    -0.122982    -0.0264433    -0.0788324    -0.13294    -0.122982    -0.0264433    
0.0788324    0.13294    0.122982    0.0264433    0.0788324    0.13294    0.122982    0.0264433    
0.0788324    0.13294    0.122982    0.0264433    0.0788324    0.13294    0.122982    0.0264433    
0.0788324    0.13294    0.122982    0.0264433    0.0788324    0.13294    0.122982    0.0264433    
-0.0788324    -0.13294    -0.122982    -0.0264433    -0.0788324    -0.13294    -0.122982    -0.0264433    
0.0788324    0.13294    0.122982    0.0264433    0.0788324    0.13294    0.122982    0.0264433    
0.0788324    0.13294    0.122982    0.0264433    0.0788324    0.13294    0.122982    0.0264433    
0.0788324    0.13294    0.122982    0.0264433    0.0788324    0.13294    0.122982    0.0264433    
-0.0788324    -0.13294    -0.122982    -0.0264433    -0.0788324    -0.13294    -0.122982    -0.0264433    
-0.0788324    -0.13294    -0.122982    -0.0264433    -0.0788324    -0.13294    -0.122982    -0.0264433    
0.0788324    0.13294    0.122982    0.0264433    0.0788324    0.13294    0.122982    0.0264433    
-0.0788324    -0.13294    -0.122982    -0.0264433    -0.0788324    -0.13294    -0.122982    -0.0264433    
0.0788324    0.13294    0.122982    0.0264433    0.0788324    0.13294    0.122982    0.0264433    
-0.0788324    -0.13294    -0.122982    -0.0264433    -0.0788324    -0.13294    -0.122982    -0.0264433    
0.0788324    0.13294    0.122982    0.0264433    0.0788324    0.13294    0.122982    0.0264433    
-0.0788324    -0.13294    -0.122982    -0.0264433    -0.0788324    -0.13294    -0.122982    -0.0264433    
0.0788324    0.13294    0.122982    0.0264433    0.0788324    0.13294    0.122982    0.0264433    
0.0788324    0.13294    0.122982    0.0264433    0.0788324    0.13294    0.122982    0.0264433    
0.0788324    0.13294    0.122982    0.0264433    0.0788324    0.13294    0.122982    0.0264433    
-0.0788324    -0.13294    -0.122982    -0.0264433    -0.0788324    -0.13294    -0.122982    -0.0264433    
0.0788324    0.13294    0.122982    0.0264433    0.0788324    0.13294    0.122982    0.0264433    
-0.0788324    -0.13294    -0.122982    -0.0264433    -0.0788324    -0.13294    -0.122982    -0.0264433    
0.0788324    0.13294    0.122982    0.0264433    0.0788324    0.13294    0.122982    0.0264433    
0.0788324    0.13294    0.122982    0.0264433    0.0788324    0.13294    0.122982    0.0264433    
0.0788324    0.13294    0.122982    0.0264433    0.0788324    0.13294    0.122982    0.0264433    
0.0788324    0.13294    0.122982    0.0264433    0.0788324    0.13294    0.122982    0.0264433    
0.0788324    0.13294    0.122982    0.0264433    0.0788324    0.13294    0.122982    0.0264433    
-0.0788324    -0.13294    -0.122982    -0.0264433    -0.0788324    -0.13294    -0.122982    -0.0264433    
-0.0788324    -0.13294    -0.122982    -0.0264433    -0.0788324    -0.13294    -0.122982    -0.0264433    
0.0788324    0.13294    0.122982    0.0264433    0.0788324    0.13294    0.122982    0.0264433    
0.0788324    0.13294    0.122982    0.0264433    0.0788324    0.13294    0.122982    0.0264433    
0.0788324    0.13294    0.122982    0.0264433    0.0788324    0.13294    0.122982    0.0264433    
-0.0788324    -0.13294    -0.122982    -0.0264433    -0.0788324    -0.13294    -0.122982    -0.0264433    
0.0788324    0.13294    0.122982    0.0264433    0.0788324    0.13294    0.122982    0.0264433    
-0.0788324    -0.13294    -0.122982    -0.0264433    -0.0788324    -0.13294    -0.122982    -0.0264433    
-0.0788324    -0.13294    -0.122982    -0.0264433    -0.0788324    -0.13294    -0.122982    -0.0264433    
0.0788324    0.13294    0.122982    0.0264433    0.0788324    0.13294    0.122982    0.0264433    
0.0788324    0.13294    0.122982    0.0264433    0.0788324    0.13294    0.122982    0.0264433    
0.0788324    0.13294    0.122982    0.0264433    0.0788324    0.13294    0.122982    0.0264433    
0.0788324    0.13294    0.122982    0.0264433    0.0788324    0.13294    0.122982    0.0264433    
-0.0788324    -0.13294    -0.122982    -0.0264433    -0.0788324    -0.13294    -0.122982    -0.0264433    
0.0788324    0.13294    0.122982    0.0264433    0.0788324    0.13294    0.122982    0.0264433    
-0.0788324    -0.13294    -0.122982    -0.0264433    -0.0788324    -0.13294    -0.122982    -0.0264433    
0.0788324    0.13294    0.122982    0.0264433    0.0788324    0.13294    0.122982    0.0264433    
0.0788324    0.13294    0.122982    0.0264433    0.0788324    0.13294    0.122982    0.0264433    
0.0788324    0.13294    0.122982    0.0264433    0.0788324    0.13294    0.122982    0.0264433    
0.0788324    0.13294    0.122982    0.0264433    0.0788324    0.13294    0.122982    0.0264433    
0.0788324    0.13294    0.122982    0.0264433    0.0788324    0.13294    0.122982    0.0264433    
0.0788324    0.13294    0.122982    0.0264433    0.0788324    0.13294    0.122982    0.0264433    
0.0788324    0.13294    0.122982    0.0264433    0.0788324    0.13294    0.122982    0.0264433    
