1.2    -1.11796    0.000681145    -0.629992    -2.6426    0.147538
1.20689    -1.11864    0.00242692    -0.62871    -2.63702    0.152051
1.2199    -1.11985    0.00470945    -0.62631    -2.62656    0.160233
1.23801    -1.12133    0.00700185    -0.623003    -2.61214    0.170954
1.2601    -1.12285    0.00888631    -0.619027    -2.59482    0.183032
1.28499    -1.12422    0.0101083    -0.61462    -2.57563    0.195434
1.31153    -1.1253    0.0105784    -0.610003    -2.55553    0.20738
1.33869    -1.12604    0.0103398    -0.605367    -2.53535    0.218363
1.36553    -1.12644    0.00952219    -0.600868    -2.51578    0.228106
1.39129    -1.12654    0.00829743    -0.596628    -2.49734    0.23651
1.41534    -1.1264    0.00684451    -0.592738    -2.48042    0.243593
1.43718    -1.1261    0.00532639    -0.58926    -2.46529    0.24944
1.45645    -1.1257    0.003877    -0.586235    -2.45213    0.254167
1.47289    -1.12527    0.00259606    -0.583685    -2.44104    0.257901
1.48634    -1.12485    0.00154913    -0.58162    -2.43205    0.260763
1.49673    -1.1245    0.000770661    -0.580037    -2.42516    0.26286
1.50406    -1.12423    0.000268623    -0.578928    -2.42033    0.264281
1.50839    -1.12406    2.96437e-05    -0.578276    -2.41749    0.265097
1.50983    -1.12401    2.40552e-05    -0.57806    -2.41655    0.265364
1.50853    -1.12406    0.000210598    -0.578255    -2.4174    0.265122
1.5047    -1.1242    0.000540651    -0.578833    -2.41991    0.2644
1.49856    -1.12443    0.000961999    -0.579761    -2.42395    0.263215
1.49037    -1.12472    0.0014222    -0.581006    -2.42937    0.261584
1.48042    -1.12504    0.00187159    -0.582529    -2.43599    0.259518
1.46899    -1.12538    0.00226602    -0.584289    -2.44365    0.257035
1.45643    -1.1257    0.00256923    -0.586241    -2.45214    0.254155
1.44305    -1.12599    0.00275495    -0.588338    -2.46126    0.250913
1.42919    -1.12623    0.0028084    -0.590529    -2.4708    0.247355
1.4152    -1.12641    0.00272726    -0.592763    -2.48051    0.243547
1.40141    -1.12651    0.00252167    -0.594986    -2.49018    0.23957
1.38815    -1.12654    0.00221324    -0.597143    -2.49957    0.235527
1.37573    -1.12651    0.00183295    -0.599182    -2.50844    0.231535
1.36443    -1.12643    0.00141788    -0.601052    -2.51657    0.227722
1.35449    -1.12632    0.00100713    -0.60271    -2.52378    0.224222
1.34611    -1.12619    0.000637342    -0.604115    -2.5299    0.22116
1.33945    -1.12606    0.000338411    -0.605239    -2.53479    0.21865
1.33459    -1.12595    0.000130125    -0.606062    -2.53837    0.216779
1.33158    -1.12588    2.02598e-05    -0.606573    -2.5406    0.2156
1.33039    -1.12585    4.45628e-06    -0.606775    -2.54148    0.21513
1.33095    -1.12587    6.78581e-05    -0.60668    -2.54106    0.215351
1.33312    -1.12592    0.000188127    -0.60631    -2.53945    0.216206
1.33674    -1.126    0.000339217    -0.605696    -2.53678    0.217614
1.34161    -1.1261    0.000495208    -0.604874    -2.53321    0.219472
1.34748    -1.12621    0.000633563    -0.603885    -2.5289    0.221669
1.35413    -1.12631    0.000737414    -0.60277    -2.52405    0.224092
1.3613    -1.1264    0.000796687    -0.601573    -2.51884    0.226635
1.36875    -1.12647    0.000808143    -0.600336    -2.51346    0.229201
1.37625    -1.12652    0.000774557    -0.599095    -2.50807    0.231708
1.3836    -1.12654    0.000703329    -0.597888    -2.50281    0.234089
1.3906    -1.12654    0.000604842    -0.596742    -2.49783    0.236293
1.39709    -1.12653    0.000490818    -0.595685    -2.49323    0.238281
1.40294    -1.1265    0.000372865    -0.594737    -2.48911    0.240026
1.40804    -1.12647    0.000261329    -0.593914    -2.48552    0.241514
1.41231    -1.12643    0.00016449    -0.593226    -2.48254    0.242735
1.41569    -1.1264    8.81116e-05    -0.592683    -2.48017    0.243689
1.41817    -1.12637    3.52988e-05    -0.592286    -2.47844    0.244378
1.41974    -1.12636    6.61847e-06    -0.592035    -2.47735    0.244811
1.42042    -1.12635    4.1441e-07    -0.591926    -2.47688    0.244997
1.42025    -1.12635    1.32598e-05    -0.591953    -2.477    0.24495
1.41929    -1.12636    4.0489e-05    -0.592107    -2.47767    0.244686
1.41761    -1.12638    7.67581e-05    -0.592376    -2.47884    0.244221
1.4153    -1.1264    0.00011659    -0.592747    -2.48045    0.243576
1.41245    -1.12643    0.000154866    -0.593205    -2.48244    0.242773
1.40916    -1.12646    0.000187239    -0.593734    -2.48474    0.241835
1.40555    -1.12649    0.00021044    -0.594316    -2.48727    0.240789
1.40172    -1.12651    0.000222463    -0.594936    -2.48997    0.239663
1.39778    -1.12653    0.000222627    -0.595574    -2.49275    0.238486
1.39384    -1.12654    0.000211514    -0.596215    -2.49553    0.23729
1.39    -1.12654    0.000190794    -0.596841    -2.49825    0.236105
1.38635    -1.12654    0.000162957    -0.597437    -2.50085    0.234963
1.38298    -1.12654    0.00013099    -0.597989    -2.50325    0.233891
1.37996    -1.12653    9.80276e-05    -0.598485    -2.50541    0.232918
1.37735    -1.12652    6.70107e-05    -0.598915    -2.50728    0.232067
1.37519    -1.12651    4.03985e-05    -0.599271    -2.50883    0.231356
1.37351    -1.1265    1.9954e-05    -0.599548    -2.51003    0.2308
1.37233    -1.1265    6.62611e-06    -0.599743    -2.51088    0.230407
1.37165    -1.12649    5.32462e-07    -0.599855    -2.51137    0.230179
1.37146    -1.12649    1.03687e-06    -0.599887    -2.51151    0.230115
1.37173    -1.12649    6.90314e-06    -0.599843    -2.51131    0.230205
1.37242    -1.1265    1.6499e-05    -0.599728    -2.51082    0.230437
1.37349    -1.1265    2.80207e-05    -0.599551    -2.51004    0.230795
1.37489    -1.12651    3.97085e-05    -0.59932    -2.50904    0.231258
1.37655    -1.12652    5.00306e-05    -0.599046    -2.50785    0.231807
1.37842    -1.12653    5.7816e-05    -0.598738    -2.50651    0.232418
1.38043    -1.12653    6.23306e-05    -0.598408    -2.50507    0.23307
1.38251    -1.12654    6.32947e-05    -0.598066    -2.50359    0.233741
1.38461    -1.12654    6.08488e-05    -0.597722    -2.50209    0.234412
1.38667    -1.12654    5.54802e-05    -0.597384    -2.50062    0.235064
1.38864    -1.12654    4.79238e-05    -0.597063    -2.49922    0.235681
1.39047    -1.12654    3.90514e-05    -0.596764    -2.49792    0.236251
1.39212    -1.12654    2.97639e-05    -0.596495    -2.49675    0.236761
1.39356    -1.12654    2.08959e-05    -0.596261    -2.49573    0.237204
1.39476    -1.12654    1.31405e-05    -0.596064    -2.49488    0.237573
1.39572    -1.12653    6.99902e-06    -0.595909    -2.4942    0.237864
1.39642    -1.12653    2.75692e-06    -0.595795    -2.49371    0.238076
1.39686    -1.12653    4.83217e-07    -0.595724    -2.4934    0.238209
1.39704    -1.12653    5.14347e-08    -0.595694    -2.49327    0.238264
1.39698    -1.12653    1.17636e-06    -0.595704    -2.49331    0.238246
1.3967    -1.12653    3.46122e-06    -0.59575    -2.49351    0.238159
1.3962    -1.12653    6.44962e-06    -0.59583    -2.49386    0.23801
1.39553    -1.12653    9.67679e-06    -0.595939    -2.49433    0.237807
1.39471    -1.12654    1.27154e-05    -0.596073    -2.49491    0.237557
1.39377    -1.12654    1.52128e-05    -0.596226    -2.49558    0.237269
1.39274    -1.12654    1.69159e-05    -0.596394    -2.49631    0.236953
1.39166    -1.12654    1.7685e-05    -0.596571    -2.49708    0.236618
1.39055    -1.12654    1.74936e-05    -0.596752    -2.49787    0.236275
1.38944    -1.12654    1.64181e-05    -0.596932    -2.49865    0.235931
1.38837    -1.12654    1.46182e-05    -0.597107    -2.49941    0.235597
1.38736    -1.12654    1.23113e-05    -0.597272    -2.50013    0.23528
1.38644    -1.12654    9.74348e-06    -0.597423    -2.50079    0.234989
1.38561    -1.12654    7.16138e-06    -0.597558    -2.50138    0.234728
1.3849    -1.12654    4.78688e-06    -0.597674    -2.50188    0.234504
1.38433    -1.12654    2.79708e-06    -0.597769    -2.50229    0.23432
1.38389    -1.12654    1.31121e-06    -0.597841    -2.50261    0.23418
1.38358    -1.12654    3.85095e-07    -0.597891    -2.50282    0.234083
1.38342    -1.12654    1.26948e-08    -0.597917    -2.50294    0.234031
1.38339    -1.12654    1.34021e-07    -0.597922    -2.50296    0.234022
1.38349    -1.12654    6.47682e-07    -0.597906    -2.50289    0.234052
1.3837    -1.12654    1.42626e-06    -0.597872    -2.50274    0.23412
1.38401    -1.12654    2.33256e-06    -0.59782    -2.50252    0.234221
1.38442    -1.12654    3.23481e-06    -0.597754    -2.50223    0.234349
1.38489    -1.12654    4.01954e-06    -0.597676    -2.50189    0.2345
1.38542    -1.12654    4.6008e-06    -0.597589    -2.50151    0.234668
1.38599    -1.12654    4.92548e-06    -0.597497    -2.50111    0.234847
1.38657    -1.12654    4.9745e-06    -0.597401    -2.50069    0.235032
1.38716    -1.12654    4.76038e-06    -0.597304    -2.50027    0.235218
1.38774    -1.12654    4.32187e-06    -0.59721    -2.49986    0.235399
1.38829    -1.12654    3.71665e-06    -0.59712    -2.49947    0.235571
1.3888    -1.12654    3.01293e-06    -0.597037    -2.49911    0.23573
1.38925    -1.12654    2.28123e-06    -0.596962    -2.49879    0.235873
1.38965    -1.12654    1.58689e-06    -0.596897    -2.4985    0.235998
1.38999    -1.12654    9.84071e-07    -0.596843    -2.49827    0.236101
1.39025    -1.12654    5.117e-07    -0.5968    -2.49808    0.236183
1.39044    -1.12654    1.91412e-07    -0.596769    -2.49795    0.236241
1.39055    -1.12654    2.75073e-08    -0.596751    -2.49786    0.236277
1.3906    -1.12654    8.63691e-09    -0.596743    -2.49783    0.236291
1.39057    -1.12654    1.1084e-07    -0.596747    -2.49785    0.236283
1.39048    -1.12654    3.01459e-07    -0.596762    -2.49791    0.236256
1.39034    -1.12654    5.43442e-07    -0.596785    -2.49802    0.236211
1.39014    -1.12654    7.99553e-07    -0.596817    -2.49815    0.23615
1.38991    -1.12654    1.03609e-06    -0.596856    -2.49832    0.236077
1.38964    -1.12654    1.22581e-06    -0.5969    -2.49851    0.235993
1.38935    -1.12654    1.34985e-06    -0.596947    -2.49872    0.235902
1.38904    -1.12654    1.39859e-06    -0.596998    -2.49894    0.235806
1.38873    -1.12654    1.37146e-06    -0.597049    -2.49916    0.235709
1.38842    -1.12654    1.27593e-06    -0.597099    -2.49938    0.235612
1.38812    -1.12654    1.12573e-06    -0.597148    -2.49959    0.235519
1.38784    -1.12654    9.38741e-07    -0.597194    -2.49979    0.235431
1.38758    -1.12654    7.34626e-07    -0.597235    -2.49997    0.235351
1.38736    -1.12654    5.32642e-07    -0.597272    -2.50013    0.235279
1.38717    -1.12654    3.49712e-07    -0.597304    -2.50027    0.235219
1.38701    -1.12654    1.98983e-07    -0.597329    -2.50038    0.23517
1.38689    -1.12654    8.89304e-08    -0.597349    -2.50047    0.235133
1.38681    -1.12654    2.30541e-08    -0.597362    -2.50052    0.235108
1.38677    -1.12654    1.14793e-10    -0.597368    -2.50055    0.235095
1.38677    -1.12654    1.48257e-08    -0.597369    -2.50055    0.235094
1.3868    -1.12654    5.88743e-08    -0.597363    -2.50053    0.235104
1.38687    -1.12654    1.22128e-07    -0.597353    -2.50048    0.235125
1.38696    -1.12654    1.9388e-07    -0.597338    -2.50042    0.235154
1.38707    -1.12654    2.63997e-07    -0.597319    -2.50033    0.23519
1.38721    -1.12654    3.23875e-07    -0.597297    -2.50024    0.235233
1.38736    -1.12654    3.67115e-07    -0.597272    -2.50013    0.23528
1.38752    -1.12654    3.89894e-07    -0.597246    -2.50002    0.23533
1.38769    -1.12654    3.91029e-07    -0.597219    -2.4999    0.235382
1.38785    -1.12654    3.71762e-07    -0.597192    -2.49978    0.235434
1.38801    -1.12654    3.35331e-07    -0.597166    -2.49967    0.235485
1.38816    -1.12654    2.8639e-07    -0.597141    -2.49956    0.235532
1.38831    -1.12654    2.30355e-07    -0.597117    -2.49946    0.235577
1.38843    -1.12654    1.72759e-07    -0.597097    -2.49937    0.235616
1.38854    -1.12654    1.18676e-07    -0.597079    -2.49929    0.235651
1.38863    -1.12654    7.22572e-08    -0.597064    -2.49923    0.235679
1.3887    -1.12654    3.64272e-08    -0.597052    -2.49918    0.235701
1.38875    -1.12654    1.27325e-08    -0.597044    -2.49914    0.235717
1.38878    -1.12654    1.35389e-09    -0.597039    -2.49912    0.235726
1.38879    -1.12654    1.25324e-09    -0.597038    -2.49911    0.235729
1.38878    -1.12654    1.04246e-08    -0.597039    -2.49912    0.235727
1.38876    -1.12654    2.62127e-08    -0.597044    -2.49914    0.235718
1.38871    -1.12654    4.56575e-08    -0.597051    -2.49917    0.235705
1.38866    -1.12654    6.58275e-08    -0.59706    -2.49921    0.235687
1.38859    -1.12654    8.41097e-08    -0.597071    -2.49926    0.235666
1.38851    -1.12654    9.84317e-08    -0.597083    -2.49931    0.235642
1.38843    -1.12654    1.07403e-07    -0.597097    -2.49937    0.235616
1.38834    -1.12654    1.10371e-07    -0.597111    -2.49943    0.235589
1.38826    -1.12654    1.07393e-07    -0.597125    -2.49949    0.235561
1.38817    -1.12654    9.91459e-08    -0.59714    -2.49956    0.235534
1.38809    -1.12654    8.6776e-08    -0.597153    -2.49961    0.235508
1.38801    -1.12654    7.17291e-08    -0.597166    -2.49967    0.235484
1.38794    -1.12654    5.55639e-08    -0.597177    -2.49972    0.235462
1.38788    -1.12654    3.97803e-08    -0.597188    -2.49976    0.235442
1.38782    -1.12654    2.56735e-08    -0.597196    -2.4998    0.235426
1.38778    -1.12654    1.42267e-08    -0.597203    -2.49983    0.235412
1.38775    -1.12654    6.04902e-09    -0.597208    -2.49985    0.235403
1.38773    -1.12654    1.35828e-09    -0.597212    -2.49987    0.235396
1.38772    -1.12654    5.98425e-12    -0.597213    -2.49988    0.235393
1.38772    -1.12654    1.53635e-09    -0.597213    -2.49988    0.235393
1.38773    -1.12654    5.26927e-09    -0.597211    -2.49987    0.235397
1.38775    -1.12654    1.03959e-08    -0.597208    -2.49985    0.235403
1.38778    -1.12654    1.60758e-08    -0.597204    -2.49984    0.235411
1.38781    -1.12654    2.1525e-08    -0.597198    -2.49981    0.235422
1.38785    -1.12654    2.60881e-08    -0.597192    -2.49978    0.235434
1.38789    -1.12654    2.92882e-08    -0.597185    -2.49975    0.235447
1.38794    -1.12654    3.08525e-08    -0.597178    -2.49972    0.235461
1.38798    -1.12654    3.07148e-08    -0.59717    -2.49969    0.235476
1.38803    -1.12654    2.8996e-08    -0.597163    -2.49966    0.23549
1.38807    -1.12654    2.59683e-08    -0.597155    -2.49962    0.235504
1.38812    -1.12654    2.20092e-08    -0.597148    -2.49959    0.235518
1.38816    -1.12654    1.75494e-08    -0.597142    -2.49957    0.23553
1.38819    -1.12654    1.30229e-08    -0.597136    -2.49954    0.235541
1.38822    -1.12654    8.822e-09    -0.597131    -2.49952    0.23555
1.38825    -1.12654    5.26254e-09    -0.597127    -2.4995    0.235558
1.38827    -1.12654    2.56126e-09    -0.597124    -2.49949    0.235564
1.38828    -1.12654    8.25587e-10    -0.597122    -2.49948    0.235568
1.38829    -1.12654    5.60515e-11    -0.597121    -2.49947    0.235571
1.38829    -1.12654    1.59058e-10    -0.59712    -2.49947    0.235571
1.38829    -1.12654    9.67674e-10    -0.597121    -2.49947    0.23557
1.38828    -1.12654    2.26727e-09    -0.597122    -2.49948    0.235568
1.38826    -1.12654    3.82284e-09    -0.597124    -2.49949    0.235564
1.38825    -1.12654    5.40505e-09    -0.597127    -2.4995    0.235559
1.38823    -1.12654    6.81256e-09    -0.59713    -2.49951    0.235553
1.38821    -1.12654    7.88874e-09    -0.597134    -2.49953    0.235546
1.38818    -1.12654    8.5319e-09    -0.597137    -2.49955    0.235538
1.38816    -1.12654    8.69866e-09    -0.597141    -2.49956    0.235531
1.38813    -1.12654    8.4011e-09    -0.597146    -2.49958    0.235523
1.38811    -1.12654    7.69862e-09    -0.597149    -2.4996    0.235515
1.38809    -1.12654    6.68602e-09    -0.597153    -2.49961    0.235508
1.38807    -1.12654    5.47947e-09    -0.597157    -2.49963    0.235501
1.38805    -1.12654    4.20206e-09    -0.59716    -2.49964    0.235495
1.38803    -1.12654    2.97041e-09    -0.597163    -2.49966    0.23549
1.38801    -1.12654    1.88357e-09    -0.597165    -2.49967    0.235485
1.388    -1.12654    1.01508e-09    -0.597167    -2.49967    0.235482
1.38799    -1.12654    4.08575e-10    -0.597168    -2.49968    0.235479
1.38799    -1.12654    7.69428e-11    -0.597169    -2.49968    0.235478
1.38799    -1.12654    4.73702e-12    -0.59717    -2.49969    0.235477
1.38799    -1.12654    1.53133e-10    -0.59717    -2.49969    0.235477
1.38799    -1.12654    4.66661e-10    -0.597169    -2.49968    0.235478
1.388    -1.12654    8.80797e-10    -0.597168    -2.49968    0.23548
1.388    -1.12654    1.32955e-09    -0.597167    -2.49967    0.235482
1.38801    -1.12654    1.75225e-09    -0.597165    -2.49967    0.235485
1.38802    -1.12654    2.09902e-09    -0.597163    -2.49966    0.235489
1.38804    -1.12654    2.33441e-09    -0.597161    -2.49965    0.235493
1.38805    -1.12654    2.4392e-09    -0.597159    -2.49964    0.235497
1.38806    -1.12654    2.41031e-09    -0.597157    -2.49963    0.235501
1.38808    -1.12654    2.25908e-09    -0.597155    -2.49962    0.235505
1.38809    -1.12654    2.00835e-09    -0.597153    -2.49961    0.235509
1.3881    -1.12654    1.68868e-09    -0.597151    -2.49961    0.235512
1.38811    -1.12654    1.3343e-09    -0.597149    -2.4996    0.235516
1.38812    -1.12654    9.79167e-10    -0.597148    -2.49959    0.235519
1.38813    -1.12654    6.53532e-10    -0.597146    -2.49959    0.235521
1.38814    -1.12654    3.81326e-10    -0.597145    -2.49958    0.235523
1.38814    -1.12654    1.78483e-10    -0.597144    -2.49958    0.235525
1.38814    -1.12654    5.22895e-11    -0.597144    -2.49957    0.235526
1.38815    -1.12654    1.69086e-12    -0.597144    -2.49957    0.235527
1.38815    -1.12654    1.8399e-11    -0.597144    -2.49957    0.235527
1.38815    -1.12654    8.85996e-11    -0.597144    -2.49957    0.235527
1.38814    -1.12654    1.95009e-10    -0.597144    -2.49958    0.235526
1.38814    -1.12654    3.19033e-10    -0.597145    -2.49958    0.235525
1.38813    -1.12654    4.42787e-10    -0.597145    -2.49958    0.235523
1.38813    -1.12654    5.50809e-10    -0.597146    -2.49959    0.235521
1.38812    -1.12654    6.31311e-10    -0.597147    -2.49959    0.235519
1.38812    -1.12654    6.76907e-10    -0.597148    -2.49959    0.235517
1.38811    -1.12654    6.84811e-10    -0.59715    -2.4996    0.235515
1.3881    -1.12654    6.56542e-10    -0.597151    -2.4996    0.235513
1.3881    -1.12654    5.97239e-10    -0.597152    -2.49961    0.235511
1.38809    -1.12654    5.14681e-10    -0.597153    -2.49961    0.235509
1.38808    -1.12654    4.18175e-10    -0.597154    -2.49962    0.235507
1.38808    -1.12654    3.17418e-10    -0.597155    -2.49962    0.235505
1.38807    -1.12654    2.2146e-10    -0.597156    -2.49962    0.235504
1.38807    -1.12654    1.3786e-10    -0.597156    -2.49963    0.235503
1.38807    -1.12654    7.21033e-11    -0.597157    -2.49963    0.235502
1.38806    -1.12654    2.72883e-11    -0.597157    -2.49963    0.235501
1.38806    -1.12654    4.10356e-12    -0.597157    -2.49963    0.235501
1.38806    -1.12654    1.04705e-12    -0.597157    -2.49963    0.2355
1.38806    -1.12654    1.4841e-11    -0.597157    -2.49963    0.2355
1.38806    -1.12654    4.09767e-11    -0.597157    -2.49963    0.235501
1.38806    -1.12654    7.43164e-11    -0.597157    -2.49963    0.235501
1.38807    -1.12654    1.09686e-10    -0.597156    -2.49963    0.235502
1.38807    -1.12654    1.42397e-10    -0.597156    -2.49963    0.235503
1.38807    -1.12654    1.68662e-10    -0.597156    -2.49962    0.235504
1.38808    -1.12654    1.85857e-10    -0.597155    -2.49962    0.235505
1.38808    -1.12654    1.92647e-10    -0.597154    -2.49962    0.235506
1.38808    -1.12654    1.88957e-10    -0.597154    -2.49962    0.235507
1.38809    -1.12654    1.75822e-10    -0.597153    -2.49961    0.235508
1.38809    -1.12654    1.55145e-10    -0.597153    -2.49961    0.235509
1.38809    -1.12654    1.29395e-10    -0.597152    -2.49961    0.23551
1.3881    -1.12654    1.01287e-10    -0.597152    -2.49961    0.235511
1.3881    -1.12654    7.34711e-11    -0.597151    -2.49961    0.235512
1.3881    -1.12654    4.82765e-11    -0.597151    -2.4996    0.235513
1.3881    -1.12654    2.75086e-11    -0.59715    -2.4996    0.235514
1.38811    -1.12654    1.2331e-11    -0.59715    -2.4996    0.235514
1.38811    -1.12654    3.22426e-12    -0.59715    -2.4996    0.235514
1.38811    -1.12654    1.99055e-14    -0.59715    -2.4996    0.235514
1.38811    -1.12654    1.99507e-12    -0.59715    -2.4996    0.235514
1.38811    -1.12654    8.01223e-12    -0.59715    -2.4996    0.235514
1.38811    -1.12654    1.66841e-11    -0.59715    -2.4996    0.235514
1.3881    -1.12654    2.65427e-11    -0.59715    -2.4996    0.235514
1.3881    -1.12654    3.61968e-11    -0.597151    -2.4996    0.235513
1.3881    -1.12654    4.44623e-11    -0.597151    -2.4996    0.235513
1.3881    -1.12654    5.04551e-11    -0.597151    -2.49961    0.235512
1.3881    -1.12654    5.36432e-11    -0.597151    -2.49961    0.235512
1.3881    -1.12654    5.38561e-11    -0.597152    -2.49961    0.235511
1.38809    -1.12654    5.12572e-11    -0.597152    -2.49961    0.23551
1.38809    -1.12654    4.62857e-11    -0.597152    -2.49961    0.23551
1.38809    -1.12654    3.95773e-11    -0.597153    -2.49961    0.235509
1.38809    -1.12654    3.18753e-11    -0.597153    -2.49961    0.235509
1.38809    -1.12654    2.39419e-11    -0.597153    -2.49961    0.235508
1.38809    -1.12654    1.64781e-11    -0.597153    -2.49962    0.235508
1.38808    -1.12654    1.00595e-11    -0.597154    -2.49962    0.235508
1.38808    -1.12654    5.09328e-12    -0.597154    -2.49962    0.235507
1.38808    -1.12654    1.79711e-12    -0.597154    -2.49962    0.235507
1.38808    -1.12654    1.99832e-13    -0.597154    -2.49962    0.235507
1.38808    -1.12654    1.61372e-13    -0.597154    -2.49962    0.235507
1.38808    -1.12654    1.40701e-12    -0.597154    -2.49962    0.235507
1.38808    -1.12654    3.57141e-12    -0.597154    -2.49962    0.235507
1.38808    -1.12654    6.24646e-12    -0.597154    -2.49962    0.235507
1.38808    -1.12654    9.02715e-12    -0.597154    -2.49962    0.235507
1.38809    -1.12654    1.1552e-11    -0.597154    -2.49962    0.235508
1.38809    -1.12654    1.3534e-11    -0.597153    -2.49962    0.235508
1.38809    -1.12654    1.47801e-11    -0.597153    -2.49961    0.235508
1.38809    -1.12654    1.51992e-11    -0.597153    -2.49961    0.235509
1.38809    -1.12654    1.47983e-11    -0.597153    -2.49961    0.235509
1.38809    -1.12654    1.36699e-11    -0.597153    -2.49961    0.235509
1.38809    -1.12654    1.19716e-11    -0.597153    -2.49961    0.23551
1.38809    -1.12654    9.90246e-12    -0.597152    -2.49961    0.23551
1.38809    -1.12654    7.67706e-12    -0.597152    -2.49961    0.23551
1.38809    -1.12654    5.50214e-12    -0.597152    -2.49961    0.23551
1.38809    -1.12654    3.55637e-12    -0.597152    -2.49961    0.235511
1.38809    -1.12654    1.97554e-12    -0.597152    -2.49961    0.235511
1.3881    -1.12654    8.43969e-13    -0.597152    -2.49961    0.235511
1.3881    -1.12654    1.92271e-13    -0.597152    -2.49961    0.235511
1.3881    -1.12654    5.21488e-16    -0.597152    -2.49961    0.235511
1.3881    -1.12654    2.06445e-13    -0.597152    -2.49961    0.235511
1.3881    -1.12654    7.16796e-13    -0.597152    -2.49961    0.235511
1.3881    -1.12654    1.42048e-12    -0.597152    -2.49961    0.235511
1.3881    -1.12654    2.20187e-12    -0.597152    -2.49961    0.235511
1.38809    -1.12654    2.95298e-12    -0.597152    -2.49961    0.235511
1.38809    -1.12654    3.58346e-12    -0.597152    -2.49961    0.23551
1.38809    -1.12654    4.02719e-12    -0.597152    -2.49961    0.23551
1.38809    -1.12654    4.24622e-12    -0.597152    -2.49961    0.23551
1.38809    -1.12654    4.23094e-12    -0.597152    -2.49961    0.23551
1.38809    -1.12654    3.99757e-12    -0.597152    -2.49961    0.23551
1.38809    -1.12654    3.58329e-12    -0.597153    -2.49961    0.23551
1.38809    -1.12654    3.03984e-12    -0.597153    -2.49961    0.235509
1.38809    -1.12654    2.42645e-12    -0.597153    -2.49961    0.235509
1.38809    -1.12654    1.80283e-12    -0.597153    -2.49961    0.235509
1.38809    -1.12654    1.22325e-12    -0.597153    -2.49961    0.235509
1.38809    -1.12654    7.31425e-13    -0.597153    -2.49961    0.235509
1.38809    -1.12654    3.57432e-13    -0.597153    -2.49961    0.235509
1.38809    -1.12654    1.16319e-13    -0.597153    -2.49961    0.235509
1.38809    -1.12654    8.38054e-15    -0.597153    -2.49961    0.235509
1.38809    -1.12654    2.09033e-14    -0.597153    -2.49961    0.235509
1.38809    -1.12654    1.31016e-13    -0.597153    -2.49961    0.235509
1.38809    -1.12654    3.09217e-13    -0.597153    -2.49961    0.235509
1.38809    -1.12654    5.23142e-13    -0.597153    -2.49961    0.235509
1.38809    -1.12654    7.41162e-13    -0.597153    -2.49961    0.235509
1.38809    -1.12654    9.35468e-13    -0.597153    -2.49961    0.235509
1.38809    -1.12654    1.08439e-12    -0.597153    -2.49961    0.235509
1.38809    -1.12654    1.17381e-12    -0.597153    -2.49961    0.235509
1.38809    -1.12654    1.19766e-12    -0.597153    -2.49961    0.235509
1.38809    -1.12654    1.1575e-12    -0.597153    -2.49961    0.235509
1.38809    -1.12654    1.06145e-12    -0.597153    -2.49961    0.235509
1.38809    -1.12654    9.2251e-13    -0.597153    -2.49961    0.23551
1.38809    -1.12654    7.56651e-13    -0.597153    -2.49961    0.23551
1.38809    -1.12654    5.8082e-13    -0.597152    -2.49961    0.23551
1.38809    -1.12654    4.11092e-13    -0.597152    -2.49961    0.23551
1.38809    -1.12654    2.61141e-13    -0.597152    -2.49961    0.23551
1.38809    -1.12654    1.41137e-13    -0.597152    -2.49961    0.23551
1.38809    -1.12654    5.71387e-14    -0.597152    -2.49961    0.23551
1.38809    -1.12654    1.09743e-14    -0.597152    -2.49961    0.23551
1.38809    -1.12654    5.65244e-16    -0.597152    -2.49961    0.23551
1.38809    -1.12654    2.06062e-14    -0.597152    -2.49961    0.23551
1.38809    -1.12654    6.34887e-14    -0.597152    -2.49961    0.23551
1.38809    -1.12654    1.20345e-13    -0.597152    -2.49961    0.23551
1.38809    -1.12654    1.8209e-13    -0.597152    -2.49961    0.23551
1.38809    -1.12654    2.40362e-13    -0.597152    -2.49961    0.23551
1.38809    -1.12654    2.88271e-13    -0.597152    -2.49961    0.23551
1.38809    -1.12654    3.2091e-13    -0.597152    -2.49961    0.23551
1.38809    -1.12654    3.356e-13    -0.597152    -2.49961    0.23551
1.38809    -1.12654    3.31886e-13    -0.597152    -2.49961    0.23551
1.38809    -1.12654    3.11303e-13    -0.597153    -2.49961    0.23551
1.38809    -1.12654    2.76972e-13    -0.597153    -2.49961    0.23551
1.38809    -1.12654    2.33087e-13    -0.597153    -2.49961    0.235509
1.38809    -1.12654    1.84354e-13    -0.597153    -2.49961    0.235509
1.38809    -1.12654    1.35451e-13    -0.597153    -2.49961    0.235509
1.38809    -1.12654    9.05522e-14    -0.597153    -2.49961    0.235509
1.38809    -1.12654    5.29647e-14    -0.597153    -2.49961    0.235509
1.38809    -1.12654    2.48988e-14    -0.597153    -2.49961    0.235509
1.38809    -1.12654    7.37517e-15    -0.597153    -2.49961    0.235509
1.38809    -1.12654    2.64339e-16    -0.597153    -2.49961    0.235509
1.38809    -1.12654    2.43867e-15    -0.597153    -2.49961    0.235509
1.38809    -1.12654    1.2006e-14    -0.597153    -2.49961    0.235509
1.38809    -1.12654    2.65927e-14    -0.597153    -2.49961    0.235509
1.38809    -1.12654    4.36398e-14    -0.597153    -2.49961    0.235509
1.38809    -1.12654    6.06835e-14    -0.597153    -2.49961    0.235509
1.38809    -1.12654    7.55897e-14    -0.597153    -2.49961    0.235509
1.38809    -1.12654    8.67281e-14    -0.597153    -2.49961    0.235509
1.38809    -1.12654    9.30737e-14    -0.597153    -2.49961    0.235509
1.38809    -1.12654    9.42343e-14    -0.597153    -2.49961    0.235509
1.38809    -1.12654    9.04115e-14    -0.597153    -2.49961    0.235509
1.38809    -1.12654    8.23061e-14    -0.597153    -2.49961    0.23551
1.38809    -1.12654    7.09847e-14    -0.597153    -2.49961    0.23551
1.38809    -1.12654    5.77258e-14    -0.597153    -2.49961    0.23551
1.38809    -1.12654    4.38637e-14    -0.597153    -2.49961    0.23551
1.38809    -1.12654    3.06454e-14    -0.597153    -2.49961    0.23551
1.38809    -1.12654    1.91145e-14    -0.597153    -2.49961    0.23551
1.38809    -1.12654    1.00296e-14    -0.597153    -2.49961    0.23551
1.38809    -1.12654    3.82183e-15    -0.597152    -2.49961    0.23551
1.38809    -1.12654    5.90242e-16    -0.597152    -2.49961    0.23551
1.38809    -1.12654    1.32128e-16    -0.597152    -2.49961    0.23551
1.38809    -1.12654    1.99962e-15    -0.597152    -2.49961    0.23551
1.38809    -1.12654    5.57438e-15    -0.597152    -2.49961    0.23551
1.38809    -1.12654    1.01504e-14    -0.597153    -2.49961    0.23551
1.38809    -1.12654    1.50155e-14    -0.597153    -2.49961    0.23551
1.38809    -1.12654    1.95238e-14    -0.597153    -2.49961    0.23551
1.38809    -1.12654    2.31518e-14    -0.597153    -2.49961    0.23551
1.38809    -1.12654    2.55365e-14    -0.597153    -2.49961    0.23551
1.38809    -1.12654    2.64917e-14    -0.597153    -2.49961    0.23551
1.38809    -1.12654    2.60045e-14    -0.597153    -2.49961    0.23551
1.38809    -1.12654    2.42153e-14    -0.597153    -2.49961    0.23551
1.38809    -1.12654    2.13845e-14    -0.597153    -2.49961    0.23551
1.38809    -1.12654    1.78508e-14    -0.597153    -2.49961    0.23551
1.38809    -1.12654    1.39871e-14    -0.597153    -2.49961    0.23551
1.38809    -1.12654    1.01587e-14    -0.597153    -2.49961    0.235509
1.38809    -1.12654    6.68647e-15    -0.597153    -2.49961    0.235509
1.38809    -1.12654    3.82001e-15    -0.597153    -2.49961    0.235509
1.38809    -1.12654    1.72066e-15    -0.597153    -2.49961    0.235509
1.38809    -1.12654    4.55902e-16    -0.597153    -2.49961    0.235509
1.38809    -1.12654    3.74669e-18    -0.597153    -2.49961    0.235509
1.38809    -1.12654    2.65775e-16    -0.597153    -2.49961    0.235509
1.38809    -1.12654    1.08624e-15    -0.597153    -2.49961    0.235509
1.38809    -1.12654    2.27467e-15    -0.597153    -2.49961    0.235509
1.38809    -1.12654    3.6292e-15    -0.597153    -2.49961    0.235509
1.38809    -1.12654    4.95825e-15    -0.597153    -2.49961    0.235509
1.38809    -1.12654    6.09845e-15    -0.597153    -2.49961    0.235509
1.38809    -1.12654    6.92759e-15    -0.597153    -2.49961    0.235509
1.38809    -1.12654    7.3718e-15    -0.597153    -2.49961    0.23551
1.38809    -1.12654    7.40695e-15    -0.597153    -2.49961    0.23551
1.38809    -1.12654    7.05489e-15    -0.597153    -2.49961    0.23551
1.38809    -1.12654    6.37553e-15    -0.597153    -2.49961    0.23551
1.38809    -1.12654    5.45597e-15    -0.597153    -2.49961    0.23551
1.38809    -1.12654    4.39829e-15    -0.597153    -2.49961    0.23551
1.38809    -1.12654    3.30733e-15    -0.597153    -2.49961    0.23551
1.38809    -1.12654    2.27963e-15    -0.597153    -2.49961    0.23551
1.38809    -1.12654    1.39463e-15    -0.597153    -2.49961    0.23551
1.38809    -1.12654    7.08668e-16    -0.597153    -2.49961    0.23551
1.38809    -1.12654    2.52049e-16    -0.597153    -2.49961    0.23551
1.38809    -1.12654    2.90965e-17    -0.597153    -2.49961    0.23551
1.38809    -1.12654    2.08501e-17    -0.597153    -2.49961    0.23551
1.38809    -1.12654    1.89782e-16    -0.597153    -2.49961    0.23551
1.38809    -1.12654    4.85812e-16    -0.597153    -2.49961    0.23551
1.38809    -1.12654    8.52865e-16    -0.597153    -2.49961    0.23551
1.38809    -1.12654    1.23523e-15    -0.597153    -2.49961    0.23551
1.38809    -1.12654    1.58309e-15    -0.597153    -2.49961    0.23551
1.38809    -1.12654    1.85682e-15    -0.597153    -2.49961    0.23551
1.38809    -1.12654    2.02971e-15    -0.597153    -2.49961    0.23551
1.38809    -1.12654    2.089e-15    -0.597153    -2.49961    0.23551
1.38809    -1.12654    2.0355e-15    -0.597153    -2.49961    0.23551
1.38809    -1.12654    1.88174e-15    -0.597153    -2.49961    0.23551
1.38809    -1.12654    1.64929e-15    -0.597153    -2.49961    0.23551
1.38809    -1.12654    1.36544e-15    -0.597153    -2.49961    0.23551
1.38809    -1.12654    1.05969e-15    -0.597153    -2.49961    0.23551
1.38809    -1.12654    7.60474e-16    -0.597153    -2.49961    0.23551
1.38809    -1.12654    4.92432e-16    -0.597153    -2.49961    0.23551
1.38809    -1.12654    2.7432e-16    -0.597153    -2.49961    0.23551
1.38809    -1.12654    1.17839e-16    -0.597153    -2.49961    0.23551
1.38809    -1.12654    2.72909e-17    -0.597153    -2.49961    0.23551
1.38809    -1.12654    3.53888e-20    -0.597153    -2.49961    0.23551
1.38809    -1.12654    2.75923e-17    -0.597153    -2.49961    0.23551
1.38809    -1.12654    9.71994e-17    -0.597153    -2.49961    0.23551
1.38809    -1.12654    1.93613e-16    -0.597153    -2.49961    0.23551
1.38809    -1.12654    3.00943e-16    -0.597153    -2.49961    0.23551
1.38809    -1.12654    4.0432e-16    -0.597153    -2.49961    0.23551
1.38809    -1.12654    4.91272e-16    -0.597153    -2.49961    0.23551
1.38809    -1.12654    5.52669e-16    -0.597153    -2.49961    0.23551
1.38809    -1.12654    5.83237e-16    -0.597153    -2.49961    0.23551
1.38809    -1.12654    5.81603e-16    -0.597153    -2.49961    0.23551
1.38809    -1.12654    5.49948e-16    -0.597153    -2.49961    0.23551
1.38809    -1.12654    4.93343e-16    -0.597153    -2.49961    0.23551
1.38809    -1.12654    4.18875e-16    -0.597153    -2.49961    0.23551
1.38809    -1.12654    3.34675e-16    -0.597153    -2.49961    0.23551
1.38809    -1.12654    2.48963e-16    -0.597153    -2.49961    0.23551
1.38809    -1.12654    1.69196e-16    -0.597153    -2.49961    0.23551
1.38809    -1.12654    1.01406e-16    -0.597153    -2.49961    0.23551
1.38809    -1.12654    4.97566e-17    -0.597153    -2.49961    0.23551
1.38809    -1.12654    1.63471e-17    -0.597153    -2.49961    0.23551
1.38809    -1.12654    1.24716e-18    -0.597153    -2.49961    0.23551
1.38809    -1.12654    2.73495e-18    -0.597153    -2.49961    0.23551
1.38809    -1.12654    1.76862e-17    -0.597153    -2.49961    0.23551
1.38809    -1.12654    4.2058e-17    -0.597153    -2.49961    0.23551
1.38809    -1.12654    7.14062e-17    -0.597153    -2.49961    0.23551
1.38809    -1.12654    1.01381e-16    -0.597153    -2.49961    0.23551
1.38809    -1.12654    1.2815e-16    -0.597153    -2.49961    0.23551
1.38809    -1.12654    1.48722e-16    -0.597153    -2.49961    0.23551
1.38809    -1.12654    1.61141e-16    -0.597153    -2.49961    0.23551
1.38809    -1.12654    1.64557e-16    -0.597153    -2.49961    0.23551
1.38809    -1.12654    1.59168e-16    -0.597153    -2.49961    0.23551
1.38809    -1.12654    1.46078e-16    -0.597153    -2.49961    0.23551
1.38809    -1.12654    1.27064e-16    -0.597153    -2.49961    0.23551
1.38809    -1.12654    1.04317e-16    -0.597153    -2.49961    0.23551
1.38809    -1.12654    8.01644e-17    -0.597153    -2.49961    0.23551
1.38809    -1.12654    5.68185e-17    -0.597153    -2.49961    0.23551
1.38809    -1.12654    3.61641e-17    -0.597153    -2.49961    0.23551
1.38809    -1.12654    1.96066e-17    -0.597153    -2.49961    0.23551
1.38809    -1.12654    7.98747e-18    -0.597153    -2.49961    0.23551
1.38809    -1.12654    1.56646e-18    -0.597153    -2.49961    0.23551
1.38809    -1.12654    6.56768e-20    -0.597153    -2.49961    0.23551
1.38809    -1.12654    2.76214e-18    -0.597153    -2.49961    0.23551
1.38809    -1.12654    8.61436e-18    -0.597153    -2.49961    0.23551
1.38809    -1.12654    1.64056e-17    -0.597153    -2.49961    0.23551
1.38809    -1.12654    2.48871e-17    -0.597153    -2.49961    0.23551
1.38809    -1.12654    3.29078e-17    -0.597153    -2.49961    0.23551
1.38809    -1.12654    3.95174e-17    -0.597153    -2.49961    0.23551
1.38809    -1.12654    4.40372e-17    -0.597153    -2.49961    0.23551
1.38809    -1.12654    4.60944e-17    -0.597153    -2.49961    0.23551
1.38809    -1.12654    4.56219e-17    -0.597153    -2.49961    0.23551
1.38809    -1.12654    4.28269e-17    -0.597153    -2.49961    0.23551
1.38809    -1.12654    3.81352e-17    -0.597153    -2.49961    0.23551
1.38809    -1.12654    3.21214e-17    -0.597153    -2.49961    0.23551
1.38809    -1.12654    2.54316e-17    -0.597153    -2.49961    0.23551
1.38809    -1.12654    1.87089e-17    -0.597153    -2.49961    0.23551
1.38809    -1.12654    1.25283e-17    -0.597153    -2.49961    0.23551
1.38809    -1.12654    7.34628e-18    -0.597153    -2.49961    0.23551
1.38809    -1.12654    3.46898e-18    -0.597153    -2.49961    0.23551
1.38809    -1.12654    1.03908e-18    -0.597153    -2.49961    0.23551
1.38809    -1.12654    4.11117e-20    -0.597153    -2.49961    0.23551
1.38809    -1.12654    3.22032e-19    -0.597153    -2.49961    0.23551
1.38809    -1.12654    1.62322e-18    -0.597153    -2.49961    0.23551
1.38809    -1.12654    3.61926e-18    -0.597153    -2.49961    0.23551
1.38809    -1.12654    5.95872e-18    -0.597153    -2.49961    0.23551
1.38809    -1.12654    8.30262e-18    -0.597153    -2.49961    0.23551
1.38809    -1.12654    1.03569e-17    -0.597153    -2.49961    0.23551
1.38809    -1.12654    1.18963e-17    -0.597153    -2.49961    0.23551
1.38809    -1.12654    1.27788e-17    -0.597153    -2.49961    0.23551
1.38809    -1.12654    1.29492e-17    -0.597153    -2.49961    0.23551
1.38809    -1.12654    1.24339e-17    -0.597153    -2.49961    0.23551
1.38809    -1.12654    1.13284e-17    -0.597153    -2.49961    0.23551
1.38809    -1.12654    9.77846e-18    -0.597153    -2.49961    0.23551
1.38809    -1.12654    7.95959e-18    -0.597153    -2.49961    0.23551
1.38809    -1.12654    6.05507e-18    -0.597153    -2.49961    0.23551
1.38809    -1.12654    4.23657e-18    -0.597153    -2.49961    0.23551
1.38809    -1.12654    2.64797e-18    -0.597153    -2.49961    0.23551
1.38809    -1.12654    1.39414e-18    -0.597153    -2.49961    0.23551
1.38809    -1.12654    5.35017e-19    -0.597153    -2.49961    0.23551
1.38809    -1.12654    8.48975e-20    -0.597153    -2.49961    0.23551
1.38809    -1.12654    1.65146e-20    -0.597153    -2.49961    0.23551
1.38809    -1.12654    2.68781e-19    -0.597153    -2.49961    0.23551
1.38809    -1.12654    7.5702e-19    -0.597153    -2.49961    0.23551
1.38809    -1.12654    1.38433e-18    -0.597153    -2.49961    0.23551
1.38809    -1.12654    2.05282e-18    -0.597153    -2.49961    0.23551
1.38809    -1.12654    2.67352e-18    -0.597153    -2.49961    0.23551
1.38809    -1.12654    3.17425e-18    -0.597153    -2.49961    0.23551
1.38809    -1.12654    3.50474e-18    -0.597153    -2.49961    0.23551
1.38809    -1.12654    3.63904e-18    -0.597153    -2.49961    0.23551
1.38809    -1.12654    3.57504e-18    -0.597153    -2.49961    0.23551
1.38809    -1.12654    3.33175e-18    -0.597153    -2.49961    0.23551
1.38809    -1.12654    2.9447e-18    -0.597153    -2.49961    0.23551
1.38809    -1.12654    2.46031e-18    -0.597153    -2.49961    0.23551
1.38809    -1.12654    1.92982e-18    -0.597153    -2.49961    0.23551
1.38809    -1.12654    1.40343e-18    -0.597153    -2.49961    0.23551
1.38809    -1.12654    9.25363e-19    -0.597153    -2.49961    0.23551
1.38809    -1.12654    5.30082e-19    -0.597153    -2.49961    0.23551
1.38809    -1.12654    2.39951e-19    -0.597153    -2.49961    0.23551
1.38809    -1.12654    6.44305e-20    -0.597153    -2.49961    0.23551
1.38809    -1.12654    6.802e-22    -0.597153    -2.49961    0.23551
1.38809    -1.12654    3.53214e-20    -0.597153    -2.49961    0.23551
1.38809    -1.12654    1.47055e-19    -0.597153    -2.49961    0.23551
1.38809    -1.12654    3.09759e-19    -0.597153    -2.49961    0.23551
1.38809    -1.12654    4.95705e-19    -0.597153    -2.49961    0.23551
1.38809    -1.12654    6.7853e-19    -0.597153    -2.49961    0.23551
1.38809    -1.12654    8.35715e-19    -0.597153    -2.49961    0.23551
1.38809    -1.12654    9.50373e-19    -0.597153    -2.49961    0.23551
1.38809    -1.12654    1.01226e-18    -0.597153    -2.49961    0.23551
1.38809    -1.12654    1.01793e-18    -0.597153    -2.49961    0.23551
1.38809    -1.12654    9.70334e-19    -0.597153    -2.49961    0.23551
1.38809    -1.12654    8.7761e-19    -0.597153    -2.49961    0.23551
1.38809    -1.12654    7.5168e-19    -0.597153    -2.49961    0.23551
1.38809    -1.12654    6.06554e-19    -0.597153    -2.49961    0.23551
1.38809    -1.12654    4.5664e-19    -0.597153    -2.49961    0.23551
1.38809    -1.12654    3.15227e-19    -0.597153    -2.49961    0.23551
1.38809    -1.12654    1.93274e-19    -0.597153    -2.49961    0.23551
1.38809    -1.12654    9.85737e-20    -0.597153    -2.49961    0.23551
1.38809    -1.12654    3.53451e-20    -0.597153    -2.49961    0.23551
1.38809    -1.12654    4.23443e-21    -0.597153    -2.49961    0.23551
1.38809    -1.12654    2.68207e-21    -0.597153    -2.49961    0.23551
1.38809    -1.12654    2.55657e-20    -0.597153    -2.49961    0.23551
1.38809    -1.12654    6.60247e-20    -0.597153    -2.49961    0.23551
1.38809    -1.12654    1.16361e-19    -0.597153    -2.49961    0.23551
1.38809    -1.12654    1.68915e-19    -0.597153    -2.49961    0.23551
1.38809    -1.12654    2.16823e-19    -0.597153    -2.49961    0.23551
1.38809    -1.12654    2.54619e-19    -0.597153    -2.49961    0.23551
1.38809    -1.12654    2.78602e-19    -0.597153    -2.49961    0.23551
1.38809    -1.12654    2.86992e-19    -0.597153    -2.49961    0.23551
1.38809    -1.12654    2.7987e-19    -0.597153    -2.49961    0.23551
1.38809    -1.12654    2.58937e-19    -0.597153    -2.49961    0.23551
1.38809    -1.12654    2.27143e-19    -0.597153    -2.49961    0.23551
1.38809    -1.12654    1.88223e-19    -0.597153    -2.49961    0.23551
1.38809    -1.12654    1.46233e-19    -0.597153    -2.49961    0.23551
1.38809    -1.12654    1.05085e-19    -0.597153    -2.49961    0.23551
1.38809    -1.12654    6.81724e-20    -0.597153    -2.49961    0.23551
1.38809    -1.12654    3.80866e-20    -0.597153    -2.49961    0.23551
1.38809    -1.12654    1.64515e-20    -0.597153    -2.49961    0.23551
1.38809    -1.12654    3.87275e-21    -0.597153    -2.49961    0.23551
1.38809    -1.12654    1.58316e-24    -0.597153    -2.49961    0.23551
1.38809    -1.12654    3.68396e-21    -0.597153    -2.49961    0.23551
1.38809    -1.12654    1.31736e-20    -0.597153    -2.49961    0.23551
1.38809    -1.12654    2.638e-20    -0.597153    -2.49961    0.23551
1.38809    -1.12654    4.11189e-20    -0.597153    -2.49961    0.23551
1.38809    -1.12654    5.53437e-20    -0.597153    -2.49961    0.23551
1.38809    -1.12654    6.73356e-20    -0.597153    -2.49961    0.23551
1.38809    -1.12654    7.58317e-20    -0.597153    -2.49961    0.23551
1.38809    -1.12654    8.00989e-20    -0.597153    -2.49961    0.23551
1.38809    -1.12654    7.99409e-20    -0.597153    -2.49961    0.23551
1.38809    -1.12654    7.56507e-20    -0.597153    -2.49961    0.23551
1.38809    -1.12654    6.79187e-20    -0.597153    -2.49961    0.23551
1.38809    -1.12654    5.77176e-20    -0.597153    -2.49961    0.23551
1.38809    -1.12654    4.61615e-20    -0.597153    -2.49961    0.23551
1.38809    -1.12654    3.43806e-20    -0.597153    -2.49961    0.23551
1.38809    -1.12654    2.34021e-20    -0.597153    -2.49961    0.23551
1.38809    -1.12654    1.40583e-20    -0.597153    -2.49961    0.23551
1.38809    -1.12654    6.92575e-21    -0.597153    -2.49961    0.23551
1.38809    -1.12654    2.29679e-21    -0.597153    -2.49961    0.23551
1.38809    -1.12654    1.85007e-22    -0.597153    -2.49961    0.23551
1.38809    -1.12654    3.57418e-22    -0.597153    -2.49961    0.23551
1.38809    -1.12654    2.38731e-21    -0.597153    -2.49961    0.23551
1.38809    -1.12654    5.72035e-21    -0.597153    -2.49961    0.23551
1.38809    -1.12654    9.74652e-21    -0.597153    -2.49961    0.23551
1.38809    -1.12654    1.38679e-20    -0.597153    -2.49961    0.23551
1.38809    -1.12654    1.75556e-20    -0.597153    -2.49961    0.23551
1.38809    -1.12654    2.03973e-20    -0.597153    -2.49961    0.23551
1.38809    -1.12654    2.21216e-20    -0.597153    -2.49961    0.23551
1.38809    -1.12654    2.26102e-20    -0.597153    -2.49961    0.23551
1.38809    -1.12654    2.18876e-20    -0.597153    -2.49961    0.23551
1.38809    -1.12654    2.01038e-20    -0.597153    -2.49961    0.23551
1.38809    -1.12654    1.75017e-20    -0.597153    -2.49961    0.23551
1.38809    -1.12654    1.43823e-20    -0.597153    -2.49961    0.23551
1.38809    -1.12654    1.10645e-20    -0.597153    -2.49961    0.23551
1.38809    -1.12654    7.85334e-21    -0.597153    -2.49961    0.23551
1.38809    -1.12654    5.00814e-21    -0.597153    -2.49961    0.23551
1.38809    -1.12654    2.72361e-21    -0.597153    -2.49961    0.23551
1.38809    -1.12654    1.11632e-21    -0.597153    -2.49961    0.23551
1.38809    -1.12654    2.23401e-22    -0.597153    -2.49961    0.23551
1.38809    -1.12654    7.52251e-24    -0.597153    -2.49961    0.23551
1.38809    -1.12654    3.7022e-22    -0.597153    -2.49961    0.23551
1.38809    -1.12654    1.16886e-21    -0.597153    -2.49961    0.23551
1.38809    -1.12654    2.23649e-21    -0.597153    -2.49961    0.23551
1.38809    -1.12654    3.40157e-21    -0.597153    -2.49961    0.23551
1.38809    -1.12654    4.5055e-21    -0.597153    -2.49961    0.23551
1.38809    -1.12654    5.41735e-21    -0.597153    -2.49961    0.23551
1.38809    -1.12654    6.04309e-21    -0.597153    -2.49961    0.23551
1.38809    -1.12654    6.33098e-21    -0.597153    -2.49961    0.23551
1.38809    -1.12654    6.27116e-21    -0.597153    -2.49961    0.23551
1.38809    -1.12654    5.89184e-21    -0.597153    -2.49961    0.23551
1.38809    -1.12654    5.25076e-21    -0.597153    -2.49961    0.23551
1.38809    -1.12654    4.42681e-21    -0.597153    -2.49961    0.23551
1.38809    -1.12654    3.50845e-21    -0.597153    -2.49961    0.23551
1.38809    -1.12654    2.58428e-21    -0.597153    -2.49961    0.23551
1.38809    -1.12654    1.73343e-21    -0.597153    -2.49961    0.23551
1.38809    -1.12654    1.0189e-21    -0.597153    -2.49961    0.23551
1.38809    -1.12654    4.83288e-22    -0.597153    -2.49961    0.23551
1.38809    -1.12654    1.4638e-22    -0.597153    -2.49961    0.23551
1.38809    -1.12654    6.35382e-24    -0.597153    -2.49961    0.23551
1.38809    -1.12654    4.24879e-23    -0.597153    -2.49961    0.23551
1.38809    -1.12654    2.19446e-22    -0.597153    -2.49961    0.23551
1.38809    -1.12654    4.92577e-22    -0.597153    -2.49961    0.23551
1.38809    -1.12654    8.13616e-22    -0.597153    -2.49961    0.23551
1.38809    -1.12654    1.13602e-21    -0.597153    -2.49961    0.23551
1.38809    -1.12654    1.41907e-21    -0.597153    -2.49961    0.23551
1.38809    -1.12654    1.63187e-21    -0.597153    -2.49961    0.23551
1.38809    -1.12654    1.75458e-21    -0.597153    -2.49961    0.23551
1.38809    -1.12654    1.77954e-21    -0.597153    -2.49961    0.23551
1.38809    -1.12654    1.71019e-21    -0.597153    -2.49961    0.23551
1.38809    -1.12654    1.55938e-21    -0.597153    -2.49961    0.23551
1.38809    -1.12654    1.34707e-21    -0.597153    -2.49961    0.23551
1.38809    -1.12654    1.09757e-21    -0.597153    -2.49961    0.23551
1.38809    -1.12654    8.35886e-22    -0.597153    -2.49961    0.23551
1.38809    -1.12654    5.85682e-22    -0.597153    -2.49961    0.23551
1.38809    -1.12654    3.66797e-22    -0.597153    -2.49961    0.23551
1.38809    -1.12654    1.93757e-22    -0.597153    -2.49961    0.23551
1.38809    -1.12654    7.48727e-23    -0.597153    -2.49961    0.23551
1.38809    -1.12654    1.21831e-23    -0.597153    -2.49961    0.23551
1.38809    -1.12654    2.05883e-24    -0.597153    -2.49961    0.23551
1.38809    -1.12654    3.61435e-23    -0.597153    -2.49961    0.23551
1.38809    -1.12654    1.02852e-22    -0.597153    -2.49961    0.23551
1.38809    -1.12654    1.88848e-22    -0.597153    -2.49961    0.23551
1.38809    -1.12654    2.80698e-22    -0.597153    -2.49961    0.23551
1.38809    -1.12654    3.66153e-22    -0.597153    -2.49961    0.23551
1.38809    -1.12654    4.35286e-22    -0.597153    -2.49961    0.23551
1.38809    -1.12654    4.81072e-22    -0.597153    -2.49961    0.23551
1.38809    -1.12654    4.99959e-22    -0.597153    -2.49961    0.23551
1.38809    -1.12654    4.91532e-22    -0.597153    -2.49961    0.23551
1.38809    -1.12654    4.58433e-22    -0.597153    -2.49961    0.23551
1.38809    -1.12654    4.05492e-22    -0.597153    -2.49961    0.23551
1.38809    -1.12654    3.39118e-22    -0.597153    -2.49961    0.23551
1.38809    -1.12654    2.66262e-22    -0.597153    -2.49961    0.23551
1.38809    -1.12654    1.93851e-22    -0.597153    -2.49961    0.23551
1.38809    -1.12654    1.28026e-22    -0.597153    -2.49961    0.23551
1.38809    -1.12654    7.35251e-23    -0.597153    -2.49961    0.23551
1.38809    -1.12654    3.34257e-23    -0.597153    -2.49961    0.23551
1.38809    -1.12654    9.08145e-24    -0.597153    -2.49961    0.23551
1.38809    -1.12654    1.16604e-25    -0.597153    -2.49961    0.23551
1.38809    -1.12654    4.71235e-24    -0.597153    -2.49961    0.23551
1.38809    -1.12654    1.99382e-23    -0.597153    -2.49961    0.23551
1.38809    -1.12654    4.22251e-23    -0.597153    -2.49961    0.23551
1.38809    -1.12654    6.7758e-23    -0.597153    -2.49961    0.23551
1.38809    -1.12654    9.29032e-23    -0.597153    -2.49961    0.23551
1.38809    -1.12654    1.14581e-22    -0.597153    -2.49961    0.23551
1.38809    -1.12654    1.30397e-22    -0.597153    -2.49961    0.23551
1.38809    -1.12654    1.38986e-22    -0.597153    -2.49961    0.23551
1.38809    -1.12654    1.399e-22    -0.597153    -2.49961    0.23551
1.38809    -1.12654    1.33431e-22    -0.597153    -2.49961    0.23551
1.38809    -1.12654    1.20748e-22    -0.597153    -2.49961    0.23551
1.38809    -1.12654    1.03501e-22    -0.597153    -2.49961    0.23551
1.38809    -1.12654    8.35989e-23    -0.597153    -2.49961    0.23551
1.38809    -1.12654    6.30117e-23    -0.597153    -2.49961    0.23551
1.38809    -1.12654    4.35581e-23    -0.597153    -2.49961    0.23551
1.38809    -1.12654    2.67641e-23    -0.597153    -2.49961    0.23551
1.38809    -1.12654    1.36951e-23    -0.597153    -2.49961    0.23551
1.38809    -1.12654    4.94521e-24    -0.597153    -2.49961    0.23551
1.38809    -1.12654    6.11825e-25    -0.597153    -2.49961    0.23551
1.38809    -1.12654    3.46623e-25    -0.597153    -2.49961    0.23551
1.38809    -1.12654    3.44873e-24    -0.597153    -2.49961    0.23551
1.38809    -1.12654    8.97531e-24    -0.597153    -2.49961    0.23551
1.38809    -1.12654    1.58867e-23    -0.597153    -2.49961    0.23551
1.38809    -1.12654    2.31044e-23    -0.597153    -2.49961    0.23551
1.38809    -1.12654    2.97038e-23    -0.597153    -2.49961    0.23551
1.38809    -1.12654    3.49302e-23    -0.597153    -2.49961    0.23551
1.38809    -1.12654    3.82568e-23    -0.597153    -2.49961    0.23551
1.38809    -1.12654    3.94415e-23    -0.597153    -2.49961    0.23551
1.38809    -1.12654    3.8486e-23    -0.597153    -2.49961    0.23551
1.38809    -1.12654    3.56396e-23    -0.597153    -2.49961    0.23551
1.38809    -1.12654    3.12921e-23    -0.597153    -2.49961    0.23551
1.38809    -1.12654    2.59523e-23    -0.597153    -2.49961    0.23551
1.38809    -1.12654    2.01793e-23    -0.597153    -2.49961    0.23551
1.38809    -1.12654    1.45228e-23    -0.597153    -2.49961    0.23551
1.38809    -1.12654    9.43976e-24    -0.597153    -2.49961    0.23551
1.38809    -1.12654    5.29147e-24    -0.597153    -2.49961    0.23551
1.38809    -1.12654    2.29705e-24    -0.597153    -2.49961    0.23551
1.38809    -1.12654    5.49052e-25    -0.597153    -2.49961    0.23551
1.38809    -1.12654    1.76849e-29    -0.597153    -2.49961    0.23551
1.38809    -1.12654    4.92032e-25    -0.597153    -2.49961    0.23551
1.38809    -1.12654    1.78611e-24    -0.597153    -2.49961    0.23551
1.38809    -1.12654    3.59393e-24    -0.597153    -2.49961    0.23551
1.38809    -1.12654    5.6175e-24    -0.597153    -2.49961    0.23551
1.38809    -1.12654    7.57335e-24    -0.597153    -2.49961    0.23551
1.38809    -1.12654    9.23416e-24    -0.597153    -2.49961    0.23551
1.38809    -1.12654    1.04038e-23    -0.597153    -2.49961    0.23551
1.38809    -1.12654    1.10036e-23    -0.597153    -2.49961    0.23551
1.38809    -1.12654    1.09925e-23    -0.597153    -2.49961    0.23551
1.38809    -1.12654    1.04147e-23    -0.597153    -2.49961    0.23551
1.38809    -1.12654    9.36239e-24    -0.597153    -2.49961    0.23551
1.38809    -1.12654    7.96719e-24    -0.597153    -2.49961    0.23551
1.38809    -1.12654    6.37504e-24    -0.597153    -2.49961    0.23551
1.38809    -1.12654    4.7526e-24    -0.597153    -2.49961    0.23551
1.38809    -1.12654    3.24261e-24    -0.597153    -2.49961    0.23551
1.38809    -1.12654    1.95635e-24    -0.597153    -2.49961    0.23551
1.38809    -1.12654    9.68352e-25    -0.597153    -2.49961    0.23551
1.38809    -1.12654    3.25178e-25    -0.597153    -2.49961    0.23551
1.38809    -1.12654    2.80135e-26    -0.597153    -2.49961    0.23551
1.38809    -1.12654    4.63598e-26    -0.597153    -2.49961    0.23551
1.38809    -1.12654    3.22306e-25    -0.597153    -2.49961    0.23551
1.38809    -1.12654    7.76934e-25    -0.597153    -2.49961    0.23551
1.38809    -1.12654    1.32771e-24    -0.597153    -2.49961    0.23551
1.38809    -1.12654    1.89565e-24    -0.597153    -2.49961    0.23551
1.38809    -1.12654    2.40538e-24    -0.597153    -2.49961    0.23551
1.38809    -1.12654    2.79572e-24    -0.597153    -2.49961    0.23551
1.38809    -1.12654    3.03697e-24    -0.597153    -2.49961    0.23551
1.38809    -1.12654    3.1107e-24    -0.597153    -2.49961    0.23551
1.38809    -1.12654    3.01065e-24    -0.597153    -2.49961    0.23551
1.38809    -1.12654    2.76767e-24    -0.597153    -2.49961    0.23551
1.38809    -1.12654    2.4106e-24    -0.597153    -2.49961    0.23551
1.38809    -1.12654    1.97995e-24    -0.597153    -2.49961    0.23551
1.38809    -1.12654    1.52861e-24    -0.597153    -2.49961    0.23551
1.38809    -1.12654    1.08769e-24    -0.597153    -2.49961    0.23551
1.38809    -1.12654    6.96121e-25    -0.597153    -2.49961    0.23551
1.38809    -1.12654    3.80075e-25    -0.597153    -2.49961    0.23551
1.38809    -1.12654    1.58265e-25    -0.597153    -2.49961    0.23551
1.38809    -1.12654    3.30042e-26    -0.597153    -2.49961    0.23551
1.38809    -1.12654    7.24372e-28    -0.597153    -2.49961    0.23551
1.38809    -1.12654    4.85584e-26    -0.597153    -2.49961    0.23551
1.38809    -1.12654    1.56929e-25    -0.597153    -2.49961    0.23551
1.38809    -1.12654    3.0349e-25    -0.597153    -2.49961    0.23551
1.38809    -1.12654    4.64121e-25    -0.597153    -2.49961    0.23551
1.38809    -1.12654    6.15779e-25    -0.597153    -2.49961    0.23551
1.38809    -1.12654    7.43206e-25    -0.597153    -2.49961    0.23551
1.38809    -1.12654    8.29695e-25    -0.597153    -2.49961    0.23551
1.38809    -1.12654    8.70011e-25    -0.597153    -2.49961    0.23551
1.38809    -1.12654    8.6531e-25    -0.597153    -2.49961    0.23551
1.38809    -1.12654    8.12926e-25    -0.597153    -2.49961    0.23551
1.38809    -1.12654    7.25906e-25    -0.597153    -2.49961    0.23551
1.38809    -1.12654    6.11825e-25    -0.597153    -2.49961    0.23551
1.38809    -1.12654    4.8615e-25    -0.597153    -2.49961    0.23551
1.38809    -1.12654    3.57603e-25    -0.597153    -2.49961    0.23551
1.38809    -1.12654    2.40435e-25    -0.597153    -2.49961    0.23551
1.38809    -1.12654    1.41977e-25    -0.597153    -2.49961    0.23551
1.38809    -1.12654    6.79806e-26    -0.597153    -2.49961    0.23551
1.38809    -1.12654    2.11716e-26    -0.597153    -2.49961    0.23551
1.38809    -1.12654    1.13183e-27    -0.597153    -2.49961    0.23551
1.38809    -1.12654    5.23189e-27    -0.597153    -2.49961    0.23551
1.38809    -1.12654    2.94389e-26    -0.597153    -2.49961    0.23551
