-0.084465    -0.147747    -0.122007    -0.0238627    -0.084465    -0.147747    -0.122007    -0.0238627    
-0.0839393    -0.146465    -0.122123    -0.0240691    -0.0839393    -0.146465    -0.122123    -0.0240691    
-0.0830239    -0.144187    -0.122317    -0.0244421    -0.0830239    -0.144187    -0.122317    -0.0244421    
0.081891    0.141284    0.12254    0.0249299    0.081891    0.141284    0.12254    0.0249299    
0.0807    0.138125    0.122747    0.0254805    0.0807    0.138125    0.122747    0.0254805    
-0.0795704    -0.135023    -0.122905    -0.0260463    -0.0795704    -0.135023    -0.122905    -0.0260463    
-0.0785746    -0.132202    -0.123003    -0.0265878    -0.0785746    -0.132202    -0.123003    -0.0265878    
0.0777464    0.129794    0.123047    0.0270746    0.0777464    0.129794    0.123047    0.0270746    
-0.0770947    -0.127863    -0.123053    -0.0274838    -0.0770947    -0.127863    -0.123053    -0.0274838    
-0.0766131    -0.126416    -0.123035    -0.0278036    -0.0766131    -0.126416    -0.123035    -0.0278036    
0.0762913    0.125441    0.123012    0.028026    0.0762913    0.125441    0.123012    0.028026    
-0.0761165    -0.124909    -0.122995    -0.02815    -0.0761165    -0.124909    -0.122995    -0.02815    
-0.0760761    -0.124786    -0.12299    -0.028179    -0.0760761    -0.124786    -0.12299    -0.028179    
0.0761576    0.125034    0.122998    0.0281209    0.0761576    0.125034    0.122998    0.0281209    
0.0763489    0.125616    0.123015    0.0279861    0.0763489    0.125616    0.123015    0.0279861    
0.0766373    0.126489    0.123034    0.0277878    0.0766373    0.126489    0.123034    0.0277878    
-0.0770083    -0.127604    -0.123049    -0.0275408    -0.0770083    -0.127604    -0.123049    -0.0275408    
0.0774452    0.128905    0.123052    0.0272611    0.0774452    0.128905    0.123052    0.0272611    
0.0779277    0.130326    0.12304    0.0269651    0.0779277    0.130326    0.12304    0.0269651    
0.0784317    0.13179    0.123013    0.0266695    0.0784317    0.13179    0.123013    0.0266695    
-0.0789294    -0.133217    -0.122973    -0.0263899    -0.0789294    -0.133217    -0.122973    -0.0263899    
0.0793911    0.134521    0.122925    0.0261407    0.0793911    0.134521    0.122925    0.0261407    
-0.0797877    -0.135628    -0.122878    -0.0259337    -0.0797877    -0.135628    -0.122878    -0.0259337    
-0.0800943    -0.136475    -0.122837    -0.025778    -0.0800943    -0.136475    -0.122837    -0.025778    
0.0802933    0.13702    0.122808    0.0256788    0.0802933    0.13702    0.122808    0.0256788    
-0.080377    -0.137249    -0.122796    -0.0256375    -0.080377    -0.137249    -0.122796    -0.0256375    
-0.0803486    -0.137171    -0.1228    -0.0256515    -0.0803486    -0.137171    -0.1228    -0.0256515    
-0.0802211    -0.136823    -0.122819    -0.0257145    -0.0802211    -0.136823    -0.122819    -0.0257145    
-0.0800149    -0.136256    -0.122848    -0.0258179    -0.0800149    -0.136256    -0.122848    -0.0258179    
-0.0797542    -0.135535    -0.122882    -0.0259508    -0.0797542    -0.135535    -0.122882    -0.0259508    
0.079464    0.134726    0.122918    0.0261019    0.079464    0.134726    0.122918    0.0261019    
0.0791676    0.133892    0.122951    0.0262599    0.0791676    0.133892    0.122951    0.0262599    
0.0788845    0.133089    0.122978    0.0264143    0.0788845    0.133089    0.122978    0.0264143    
0.0786299    0.132361    0.123    0.0265564    0.0786299    0.132361    0.123    0.0265564    
0.0784146    0.131741    0.123015    0.0266789    0.0784146    0.131741    0.123015    0.0266789    
-0.0782454    -0.131252    -0.123026    -0.0267769    -0.0782454    -0.131252    -0.123026    -0.0267769    
0.0781257    0.130904    0.123033    0.026847    0.0781257    0.130904    0.123033    0.026847    
0.0780561    0.130701    0.123036    0.0268882    0.0780561    0.130701    0.123036    0.0268882    
0.0780349    0.130639    0.123037    0.0269008    0.0780349    0.130639    0.123037    0.0269008    
-0.0780583    -0.130708    -0.123036    -0.0268869    -0.0780583    -0.130708    -0.123036    -0.0268869    
-0.0781213    -0.130891    -0.123032    -0.0268497    -0.0781213    -0.130891    -0.123032    -0.0268497    
0.0782173    0.13117    0.123027    0.0267934    0.0782173    0.13117    0.123027    0.0267934    
-0.0783388    -0.131522    -0.12302    -0.0267228    -0.0783388    -0.131522    -0.12302    -0.0267228    
-0.0784776    -0.131923    -0.123011    -0.026643    -0.0784776    -0.131923    -0.123011    -0.026643    
0.0786248    0.132346    0.123    0.0265595    0.0786248    0.132346    0.123    0.0265595    
-0.0787716    -0.132767    -0.122988    -0.0264771    -0.0787716    -0.132767    -0.122988    -0.0264771    
-0.0789096    -0.133161    -0.122975    -0.0264006    -0.0789096    -0.133161    -0.122975    -0.0264006    
0.0790315    0.133507    0.122964    0.0263339    0.0790315    0.133507    0.122964    0.0263339    
-0.0791309    -0.133788    -0.122954    -0.0262798    -0.0791309    -0.133788    -0.122954    -0.0262798    
0.0792037    0.133994    0.122946    0.0262406    0.0792037    0.133994    0.122946    0.0262406    
-0.0792475    -0.134118    -0.122942    -0.026217    -0.0792475    -0.134118    -0.122942    -0.026217    
-0.0792621    -0.134159    -0.12294    -0.0262092    -0.0792621    -0.134159    -0.12294    -0.0262092    
-0.0792492    -0.134122    -0.122942    -0.0262161    -0.0792492    -0.134122    -0.122942    -0.0262161    
-0.0792122    -0.134018    -0.122946    -0.0262359    -0.0792122    -0.134018    -0.122946    -0.0262359    
-0.0791559    -0.133859    -0.122951    -0.0262663    -0.0791559    -0.133859    -0.122951    -0.0262663    
-0.0790857    -0.13366    -0.122959    -0.0263043    -0.0790857    -0.13366    -0.122959    -0.0263043    
0.0790073    0.133438    0.122966    0.026347    0.0790073    0.133438    0.122966    0.026347    
-0.0789263    -0.133208    -0.122974    -0.0263914    -0.0789263    -0.133208    -0.122974    -0.0263914    
-0.0788478    -0.132984    -0.122981    -0.0264347    -0.0788478    -0.132984    -0.122981    -0.0264347    
-0.0787761    -0.13278    -0.122987    -0.0264745    -0.0787761    -0.13278    -0.122987    -0.0264745    
-0.0787147    -0.132604    -0.122993    -0.0265088    -0.0787147    -0.132604    -0.122993    -0.0265088    
-0.0786661    -0.132465    -0.122997    -0.0265361    -0.0786661    -0.132465    -0.122997    -0.0265361    
-0.0786316    -0.132366    -0.122999    -0.0265555    -0.0786316    -0.132366    -0.122999    -0.0265555    
0.0786118    0.132309    0.123001    0.0265667    0.0786118    0.132309    0.123001    0.0265667    
-0.0786065    -0.132294    -0.123001    -0.0265697    -0.0786065    -0.132294    -0.123001    -0.0265697    
-0.0786145    -0.132317    -0.123001    -0.0265652    -0.0786145    -0.132317    -0.123001    -0.0265652    
0.0786341    0.132373    0.122999    0.0265541    0.0786341    0.132373    0.122999    0.0265541    
0.0786633    0.132457    0.122997    0.0265377    0.0786633    0.132457    0.122997    0.0265377    
0.0786995    0.132561    0.122994    0.0265173    0.0786995    0.132561    0.122994    0.0265173    
0.0787401    0.132677    0.12299    0.0264946    0.0787401    0.132677    0.12299    0.0264946    
0.0787823    0.132797    0.122987    0.0264711    0.0787823    0.132797    0.122987    0.0264711    
0.0788236    0.132915    0.122983    0.0264481    0.0788236    0.132915    0.122983    0.0264481    
0.0788617    0.133024    0.12298    0.0264271    0.0788617    0.133024    0.12298    0.0264271    
0.0788946    0.133118    0.122977    0.0264089    0.0788946    0.133118    0.122977    0.0264089    
-0.0789208    -0.133192    -0.122974    -0.0263944    -0.0789208    -0.133192    -0.122974    -0.0263944    
-0.0789394    -0.133245    -0.122973    -0.0263842    -0.0789394    -0.133245    -0.122973    -0.0263842    
-0.07895    -0.133275    -0.122972    -0.0263784    -0.07895    -0.133275    -0.122972    -0.0263784    
0.0789527    0.133283    0.122971    0.0263769    0.0789527    0.133283    0.122971    0.0263769    
0.078948    0.13327    0.122972    0.0263795    0.078948    0.13327    0.122972    0.0263795    
0.078937    0.133238    0.122973    0.0263855    0.078937    0.133238    0.122973    0.0263855    
-0.0789209    -0.133193    -0.122974    -0.0263944    -0.0789209    -0.133193    -0.122974    -0.0263944    
0.0789011    0.133136    0.122976    0.0264053    0.0789011    0.133136    0.122976    0.0264053    
0.0788791    0.133074    0.122978    0.0264174    0.0788791    0.133074    0.122978    0.0264174    
-0.0788565    -0.133009    -0.12298    -0.0264299    -0.0788565    -0.133009    -0.12298    -0.0264299    
-0.0788347    -0.132947    -0.122982    -0.026442    -0.0788347    -0.132947    -0.122982    -0.026442    
-0.0788148    -0.13289    -0.122984    -0.026453    -0.0788148    -0.13289    -0.122984    -0.026453    
0.0787977    0.132842    0.122986    0.0264625    0.0787977    0.132842    0.122986    0.0264625    
-0.0787844    -0.132803    -0.122987    -0.0264699    -0.0787844    -0.132803    -0.122987    -0.0264699    
0.078775    0.132777    0.122987    0.0264752    0.078775    0.132777    0.122987    0.0264752    
0.0787698    0.132762    0.122988    0.026478    0.0787698    0.132762    0.122988    0.026478    
-0.0787688    -0.132759    -0.122988    -0.0264786    -0.0787688    -0.132759    -0.122988    -0.0264786    
-0.0787715    -0.132767    -0.122988    -0.0264771    -0.0787715    -0.132767    -0.122988    -0.0264771    
0.0787775    0.132784    0.122987    0.0264738    0.0787775    0.132784    0.122987    0.0264738    
0.0787861    0.132808    0.122987    0.026469    0.0787861    0.132808    0.122987    0.026469    
0.0787966    0.132838    0.122986    0.0264631    0.0787966    0.132838    0.122986    0.0264631    
0.0788082    0.132871    0.122985    0.0264567    0.0788082    0.132871    0.122985    0.0264567    
0.0788201    0.132905    0.122984    0.0264501    0.0788201    0.132905    0.122984    0.0264501    
0.0788317    0.132938    0.122983    0.0264437    0.0788317    0.132938    0.122983    0.0264437    
-0.0788422    -0.132968    -0.122982    -0.0264378    -0.0788422    -0.132968    -0.122982    -0.0264378    
0.0788511    0.132994    0.122981    0.0264329    0.0788511    0.132994    0.122981    0.0264329    
-0.0788582    -0.133014    -0.12298    -0.026429    -0.0788582    -0.133014    -0.12298    -0.026429    
0.0788631    0.133028    0.12298    0.0264263    0.0788631    0.133028    0.12298    0.0264263    
0.0788657    0.133035    0.122979    0.0264248    0.0788657    0.133035    0.122979    0.0264248    
-0.0788661    -0.133037    -0.122979    -0.0264246    -0.0788661    -0.133037    -0.122979    -0.0264246    
-0.0788646    -0.133032    -0.12298    -0.0264255    -0.0788646    -0.133032    -0.12298    -0.0264255    
0.0788613    0.133023    0.12298    0.0264273    0.0788613    0.133023    0.12298    0.0264273    
0.0788566    0.133009    0.12298    0.0264299    0.0788566    0.133009    0.12298    0.0264299    
-0.0788509    -0.132993    -0.122981    -0.026433    -0.0788509    -0.132993    -0.122981    -0.026433    
-0.0788447    -0.132976    -0.122981    -0.0264364    -0.0788447    -0.132976    -0.122981    -0.0264364    
-0.0788384    -0.132958    -0.122982    -0.0264399    -0.0788384    -0.132958    -0.122982    -0.0264399    
0.0788323    0.13294    0.122982    0.0264433    0.0788323    0.13294    0.122982    0.0264433    
-0.0788268    -0.132924    -0.122983    -0.0264464    -0.0788268    -0.132924    -0.122983    -0.0264464    
0.0788221    0.132911    0.122983    0.026449    0.0788221    0.132911    0.122983    0.026449    
-0.0788185    -0.132901    -0.122984    -0.026451    -0.0788185    -0.132901    -0.122984    -0.026451    
-0.078816    -0.132894    -0.122984    -0.0264524    -0.078816    -0.132894    -0.122984    -0.0264524    
-0.0788147    -0.13289    -0.122984    -0.0264531    -0.0788147    -0.13289    -0.122984    -0.0264531    
-0.0788145    -0.132889    -0.122984    -0.0264532    -0.0788145    -0.132889    -0.122984    -0.0264532    
0.0788154    0.132892    0.122984    0.0264527    0.0788154    0.132892    0.122984    0.0264527    
0.0788172    0.132897    0.122984    0.0264517    0.0788172    0.132897    0.122984    0.0264517    
0.0788198    0.132904    0.122984    0.0264503    0.0788198    0.132904    0.122984    0.0264503    
-0.0788228    -0.132913    -0.122983    -0.0264486    -0.0788228    -0.132913    -0.122983    -0.0264486    
0.0788261    0.132922    0.122983    0.0264468    0.0788261    0.132922    0.122983    0.0264468    
0.0788294    0.132932    0.122983    0.0264449    0.0788294    0.132932    0.122983    0.0264449    
0.0788326    0.132941    0.122982    0.0264431    0.0788326    0.132941    0.122982    0.0264431    
0.0788355    0.132949    0.122982    0.0264415    0.0788355    0.132949    0.122982    0.0264415    
-0.078838    -0.132956    -0.122982    -0.0264402    -0.078838    -0.132956    -0.122982    -0.0264402    
-0.0788399    -0.132962    -0.122982    -0.0264391    -0.0788399    -0.132962    -0.122982    -0.0264391    
0.0788412    0.132965    0.122982    0.0264384    0.0788412    0.132965    0.122982    0.0264384    
0.0788418    0.132967    0.122982    0.026438    0.0788418    0.132967    0.122982    0.026438    
0.0788418    0.132967    0.122982    0.026438    0.0788418    0.132967    0.122982    0.026438    
0.0788413    0.132966    0.122982    0.0264383    0.0788413    0.132966    0.122982    0.0264383    
0.0788403    0.132963    0.122982    0.0264389    0.0788403    0.132963    0.122982    0.0264389    
0.078839    0.132959    0.122982    0.0264396    0.078839    0.132959    0.122982    0.0264396    
-0.0788374    -0.132955    -0.122982    -0.0264405    -0.0788374    -0.132955    -0.122982    -0.0264405    
-0.0788356    -0.13295    -0.122982    -0.0264415    -0.0788356    -0.13295    -0.122982    -0.0264415    
0.0788338    0.132945    0.122982    0.0264425    0.0788338    0.132945    0.122982    0.0264425    
0.0788321    0.13294    0.122982    0.0264434    0.0788321    0.13294    0.122982    0.0264434    
-0.0788306    -0.132935    -0.122983    -0.0264442    -0.0788306    -0.132935    -0.122983    -0.0264442    
0.0788293    0.132932    0.122983    0.026445    0.0788293    0.132932    0.122983    0.026445    
-0.0788284    -0.132929    -0.122983    -0.0264455    -0.0788284    -0.132929    -0.122983    -0.0264455    
0.0788277    0.132927    0.122983    0.0264459    0.0788277    0.132927    0.122983    0.0264459    
0.0788274    0.132926    0.122983    0.026446    0.0788274    0.132926    0.122983    0.026446    
0.0788274    0.132926    0.122983    0.026446    0.0788274    0.132926    0.122983    0.026446    
0.0788277    0.132927    0.122983    0.0264459    0.0788277    0.132927    0.122983    0.0264459    
0.0788282    0.132929    0.122983    0.0264456    0.0788282    0.132929    0.122983    0.0264456    
-0.0788289    -0.132931    -0.122983    -0.0264452    -0.0788289    -0.132931    -0.122983    -0.0264452    
0.0788298    0.132933    0.122983    0.0264447    0.0788298    0.132933    0.122983    0.0264447    
0.0788307    0.132936    0.122983    0.0264442    0.0788307    0.132936    0.122983    0.0264442    
0.0788317    0.132938    0.122983    0.0264437    0.0788317    0.132938    0.122983    0.0264437    
-0.0788326    -0.132941    -0.122982    -0.0264432    -0.0788326    -0.132941    -0.122982    -0.0264432    
-0.0788334    -0.132943    -0.122982    -0.0264427    -0.0788334    -0.132943    -0.122982    -0.0264427    
0.078834    0.132945    0.122982    0.0264423    0.078834    0.132945    0.122982    0.0264423    
0.0788346    0.132947    0.122982    0.0264421    0.0788346    0.132947    0.122982    0.0264421    
0.0788349    0.132948    0.122982    0.0264419    0.0788349    0.132948    0.122982    0.0264419    
0.0788351    0.132948    0.122982    0.0264418    0.0788351    0.132948    0.122982    0.0264418    
-0.078835    -0.132948    -0.122982    -0.0264418    -0.078835    -0.132948    -0.122982    -0.0264418    
0.0788349    0.132948    0.122982    0.0264419    0.0788349    0.132948    0.122982    0.0264419    
-0.0788346    -0.132947    -0.122982    -0.026442    -0.0788346    -0.132947    -0.122982    -0.026442    
0.0788342    0.132946    0.122982    0.0264423    0.0788342    0.132946    0.122982    0.0264423    
-0.0788337    -0.132944    -0.122982    -0.0264425    -0.0788337    -0.132944    -0.122982    -0.0264425    
-0.0788332    -0.132943    -0.122982    -0.0264428    -0.0788332    -0.132943    -0.122982    -0.0264428    
-0.0788327    -0.132941    -0.122982    -0.0264431    -0.0788327    -0.132941    -0.122982    -0.0264431    
-0.0788323    -0.13294    -0.122982    -0.0264433    -0.0788323    -0.13294    -0.122982    -0.0264433    
0.0788318    0.132939    0.122983    0.0264436    0.0788318    0.132939    0.122983    0.0264436    
0.0788315    0.132938    0.122983    0.0264438    0.0788315    0.132938    0.122983    0.0264438    
-0.0788312    -0.132937    -0.122983    -0.0264439    -0.0788312    -0.132937    -0.122983    -0.0264439    
-0.0788311    -0.132937    -0.122983    -0.026444    -0.0788311    -0.132937    -0.122983    -0.026444    
-0.078831    -0.132936    -0.122983    -0.026444    -0.078831    -0.132936    -0.122983    -0.026444    
0.078831    0.132936    0.122983    0.026444    0.078831    0.132936    0.122983    0.026444    
0.0788311    0.132937    0.122983    0.026444    0.0788311    0.132937    0.122983    0.026444    
0.0788312    0.132937    0.122983    0.0264439    0.0788312    0.132937    0.122983    0.0264439    
0.0788315    0.132938    0.122983    0.0264438    0.0788315    0.132938    0.122983    0.0264438    
0.0788317    0.132938    0.122983    0.0264436    0.0788317    0.132938    0.122983    0.0264436    
-0.078832    -0.132939    -0.122983    -0.0264435    -0.078832    -0.132939    -0.122983    -0.0264435    
0.0788322    0.13294    0.122982    0.0264434    0.0788322    0.13294    0.122982    0.0264434    
0.0788325    0.132941    0.122982    0.0264432    0.0788325    0.132941    0.122982    0.0264432    
-0.0788327    -0.132941    -0.122982    -0.0264431    -0.0788327    -0.132941    -0.122982    -0.0264431    
-0.0788329    -0.132942    -0.122982    -0.026443    -0.0788329    -0.132942    -0.122982    -0.026443    
-0.078833    -0.132942    -0.122982    -0.0264429    -0.078833    -0.132942    -0.122982    -0.0264429    
-0.0788331    -0.132942    -0.122982    -0.0264429    -0.0788331    -0.132942    -0.122982    -0.0264429    
0.0788331    0.132943    0.122982    0.0264428    0.0788331    0.132943    0.122982    0.0264428    
0.0788331    0.132943    0.122982    0.0264429    0.0788331    0.132943    0.122982    0.0264429    
0.0788331    0.132942    0.122982    0.0264429    0.0788331    0.132942    0.122982    0.0264429    
-0.078833    -0.132942    -0.122982    -0.0264429    -0.078833    -0.132942    -0.122982    -0.0264429    
-0.0788329    -0.132942    -0.122982    -0.026443    -0.0788329    -0.132942    -0.122982    -0.026443    
-0.0788327    -0.132941    -0.122982    -0.0264431    -0.0788327    -0.132941    -0.122982    -0.0264431    
0.0788326    0.132941    0.122982    0.0264431    0.0788326    0.132941    0.122982    0.0264431    
0.0788325    0.132941    0.122982    0.0264432    0.0788325    0.132941    0.122982    0.0264432    
0.0788323    0.13294    0.122982    0.0264433    0.0788323    0.13294    0.122982    0.0264433    
0.0788322    0.13294    0.122982    0.0264434    0.0788322    0.13294    0.122982    0.0264434    
-0.0788321    -0.13294    -0.122982    -0.0264434    -0.0788321    -0.13294    -0.122982    -0.0264434    
-0.0788321    -0.132939    -0.122983    -0.0264434    -0.0788321    -0.132939    -0.122983    -0.0264434    
0.078832    0.132939    0.122983    0.0264435    0.078832    0.132939    0.122983    0.0264435    
0.078832    0.132939    0.122983    0.0264435    0.078832    0.132939    0.122983    0.0264435    
0.078832    0.132939    0.122983    0.0264435    0.078832    0.132939    0.122983    0.0264435    
0.078832    0.132939    0.122983    0.0264435    0.078832    0.132939    0.122983    0.0264435    
-0.0788321    -0.13294    -0.122982    -0.0264434    -0.0788321    -0.13294    -0.122982    -0.0264434    
-0.0788321    -0.13294    -0.122982    -0.0264434    -0.0788321    -0.13294    -0.122982    -0.0264434    
-0.0788322    -0.13294    -0.122982    -0.0264434    -0.0788322    -0.13294    -0.122982    -0.0264434    
0.0788323    0.13294    0.122982    0.0264433    0.0788323    0.13294    0.122982    0.0264433    
-0.0788324    -0.13294    -0.122982    -0.0264433    -0.0788324    -0.13294    -0.122982    -0.0264433    
-0.0788324    -0.132941    -0.122982    -0.0264432    -0.0788324    -0.132941    -0.122982    -0.0264432    
-0.0788325    -0.132941    -0.122982    -0.0264432    -0.0788325    -0.132941    -0.122982    -0.0264432    
-0.0788325    -0.132941    -0.122982    -0.0264432    -0.0788325    -0.132941    -0.122982    -0.0264432    
0.0788326    0.132941    0.122982    0.0264432    0.0788326    0.132941    0.122982    0.0264432    
0.0788326    0.132941    0.122982    0.0264432    0.0788326    0.132941    0.122982    0.0264432    
-0.0788326    -0.132941    -0.122982    -0.0264431    -0.0788326    -0.132941    -0.122982    -0.0264431    
-0.0788326    -0.132941    -0.122982    -0.0264431    -0.0788326    -0.132941    -0.122982    -0.0264431    
-0.0788326    -0.132941    -0.122982    -0.0264432    -0.0788326    -0.132941    -0.122982    -0.0264432    
0.0788326    0.132941    0.122982    0.0264432    0.0788326    0.132941    0.122982    0.0264432    
0.0788325    0.132941    0.122982    0.0264432    0.0788325    0.132941    0.122982    0.0264432    
-0.0788325    -0.132941    -0.122982    -0.0264432    -0.0788325    -0.132941    -0.122982    -0.0264432    
0.0788324    0.132941    0.122982    0.0264432    0.0788324    0.132941    0.122982    0.0264432    
0.0788324    0.13294    0.122982    0.0264433    0.0788324    0.13294    0.122982    0.0264433    
-0.0788324    -0.13294    -0.122982    -0.0264433    -0.0788324    -0.13294    -0.122982    -0.0264433    
-0.0788323    -0.13294    -0.122982    -0.0264433    -0.0788323    -0.13294    -0.122982    -0.0264433    
0.0788323    0.13294    0.122982    0.0264433    0.0788323    0.13294    0.122982    0.0264433    
0.0788323    0.13294    0.122982    0.0264433    0.0788323    0.13294    0.122982    0.0264433    
0.0788323    0.13294    0.122982    0.0264433    0.0788323    0.13294    0.122982    0.0264433    
-0.0788323    -0.13294    -0.122982    -0.0264433    -0.0788323    -0.13294    -0.122982    -0.0264433    
-0.0788323    -0.13294    -0.122982    -0.0264433    -0.0788323    -0.13294    -0.122982    -0.0264433    
0.0788323    0.13294    0.122982    0.0264433    0.0788323    0.13294    0.122982    0.0264433    
0.0788323    0.13294    0.122982    0.0264433    0.0788323    0.13294    0.122982    0.0264433    
-0.0788323    -0.13294    -0.122982    -0.0264433    -0.0788323    -0.13294    -0.122982    -0.0264433    
0.0788323    0.13294    0.122982    0.0264433    0.0788323    0.13294    0.122982    0.0264433    
-0.0788324    -0.13294    -0.122982    -0.0264433    -0.0788324    -0.13294    -0.122982    -0.0264433    
-0.0788324    -0.13294    -0.122982    -0.0264433    -0.0788324    -0.13294    -0.122982    -0.0264433    
-0.0788324    -0.13294    -0.122982    -0.0264433    -0.0788324    -0.13294    -0.122982    -0.0264433    
-0.0788324    -0.132941    -0.122982    -0.0264432    -0.0788324    -0.132941    -0.122982    -0.0264432    
0.0788324    0.132941    0.122982    0.0264432    0.0788324    0.132941    0.122982    0.0264432    
-0.0788324    -0.132941    -0.122982    -0.0264432    -0.0788324    -0.132941    -0.122982    -0.0264432    
0.0788324    0.132941    0.122982    0.0264432    0.0788324    0.132941    0.122982    0.0264432    
0.0788325    0.132941    0.122982    0.0264432    0.0788325    0.132941    0.122982    0.0264432    
0.0788324    0.132941    0.122982    0.0264432    0.0788324    0.132941    0.122982    0.0264432    
0.0788324    0.132941    0.122982    0.0264432    0.0788324    0.132941    0.122982    0.0264432    
-0.0788324    -0.132941    -0.122982    -0.0264432    -0.0788324    -0.132941    -0.122982    -0.0264432    
-0.0788324    -0.132941    -0.122982    -0.0264432    -0.0788324    -0.132941    -0.122982    -0.0264432    
-0.0788324    -0.132941    -0.122982    -0.0264432    -0.0788324    -0.132941    -0.122982    -0.0264432    
-0.0788324    -0.13294    -0.122982    -0.0264433    -0.0788324    -0.13294    -0.122982    -0.0264433    
0.0788324    0.13294    0.122982    0.0264433    0.0788324    0.13294    0.122982    0.0264433    
0.0788324    0.13294    0.122982    0.0264433    0.0788324    0.13294    0.122982    0.0264433    
0.0788324    0.13294    0.122982    0.0264433    0.0788324    0.13294    0.122982    0.0264433    
0.0788324    0.13294    0.122982    0.0264433    0.0788324    0.13294    0.122982    0.0264433    
0.0788324    0.13294    0.122982    0.0264433    0.0788324    0.13294    0.122982    0.0264433    
0.0788324    0.13294    0.122982    0.0264433    0.0788324    0.13294    0.122982    0.0264433    
0.0788324    0.13294    0.122982    0.0264433    0.0788324    0.13294    0.122982    0.0264433    
-0.0788324    -0.13294    -0.122982    -0.0264433    -0.0788324    -0.13294    -0.122982    -0.0264433    
-0.0788324    -0.13294    -0.122982    -0.0264433    -0.0788324    -0.13294    -0.122982    -0.0264433    
0.0788324    0.13294    0.122982    0.0264433    0.0788324    0.13294    0.122982    0.0264433    
0.0788324    0.13294    0.122982    0.0264433    0.0788324    0.13294    0.122982    0.0264433    
0.0788324    0.13294    0.122982    0.0264433    0.0788324    0.13294    0.122982    0.0264433    
0.0788324    0.13294    0.122982    0.0264433    0.0788324    0.13294    0.122982    0.0264433    
-0.0788324    -0.13294    -0.122982    -0.0264433    -0.0788324    -0.13294    -0.122982    -0.0264433    
0.0788324    0.13294    0.122982    0.0264433    0.0788324    0.13294    0.122982    0.0264433    
-0.0788324    -0.13294    -0.122982    -0.0264433    -0.0788324    -0.13294    -0.122982    -0.0264433    
-0.0788324    -0.13294    -0.122982    -0.0264433    -0.0788324    -0.13294    -0.122982    -0.0264433    
-0.0788324    -0.13294    -0.122982    -0.0264433    -0.0788324    -0.13294    -0.122982    -0.0264433    
0.0788324    0.13294    0.122982    0.0264433    0.0788324    0.13294    0.122982    0.0264433    
0.0788324    0.13294    0.122982    0.0264433    0.0788324    0.13294    0.122982    0.0264433    
0.0788324    0.13294    0.122982    0.0264433    0.0788324    0.13294    0.122982    0.0264433    
0.0788324    0.13294    0.122982    0.0264433    0.0788324    0.13294    0.122982    0.0264433    
0.0788324    0.13294    0.122982    0.0264433    0.0788324    0.13294    0.122982    0.0264433    
0.0788324    0.13294    0.122982    0.0264433    0.0788324    0.13294    0.122982    0.0264433    
-0.0788324    -0.13294    -0.122982    -0.0264433    -0.0788324    -0.13294    -0.122982    -0.0264433    
-0.0788324    -0.13294    -0.122982    -0.0264433    -0.0788324    -0.13294    -0.122982    -0.0264433    
-0.0788324    -0.13294    -0.122982    -0.0264433    -0.0788324    -0.13294    -0.122982    -0.0264433    
0.0788324    0.13294    0.122982    0.0264433    0.0788324    0.13294    0.122982    0.0264433    
-0.0788324    -0.13294    -0.122982    -0.0264433    -0.0788324    -0.13294    -0.122982    -0.0264433    
0.0788324    0.13294    0.122982    0.0264433    0.0788324    0.13294    0.122982    0.0264433    
0.0788324    0.13294    0.122982    0.0264433    0.0788324    0.13294    0.122982    0.0264433    
-0.0788324    -0.13294    -0.122982    -0.0264433    -0.0788324    -0.13294    -0.122982    -0.0264433    
0.0788324    0.13294    0.122982    0.0264433    0.0788324    0.13294    0.122982    0.0264433    
-0.0788324    -0.13294    -0.122982    -0.0264433    -0.0788324    -0.13294    -0.122982    -0.0264433    
0.0788324    0.13294    0.122982    0.0264433    0.0788324    0.13294    0.122982    0.0264433    
-0.0788324    -0.13294    -0.122982    -0.0264433    -0.0788324    -0.13294    -0.122982    -0.0264433    
0.0788324    0.13294    0.122982    0.0264433    0.0788324    0.13294    0.122982    0.0264433    
0.0788324    0.13294    0.122982    0.0264433    0.0788324    0.13294    0.122982    0.0264433    
0.0788324    0.13294    0.122982    0.0264433    0.0788324    0.13294    0.122982    0.0264433    
-0.0788324    -0.13294    -0.122982    -0.0264433    -0.0788324    -0.13294    -0.122982    -0.0264433    
0.0788324    0.13294    0.122982    0.0264433    0.0788324    0.13294    0.122982    0.0264433    
-0.0788324    -0.13294    -0.122982    -0.0264433    -0.0788324    -0.13294    -0.122982    -0.0264433    
-0.0788324    -0.13294    -0.122982    -0.0264433    -0.0788324    -0.13294    -0.122982    -0.0264433    
-0.0788324    -0.13294    -0.122982    -0.0264433    -0.0788324    -0.13294    -0.122982    -0.0264433    
0.0788324    0.13294    0.122982    0.0264433    0.0788324    0.13294    0.122982    0.0264433    
0.0788324    0.13294    0.122982    0.0264433    0.0788324    0.13294    0.122982    0.0264433    
0.0788324    0.13294    0.122982    0.0264433    0.0788324    0.13294    0.122982    0.0264433    
0.0788324    0.13294    0.122982    0.0264433    0.0788324    0.13294    0.122982    0.0264433    
-0.0788324    -0.13294    -0.122982    -0.0264433    -0.0788324    -0.13294    -0.122982    -0.0264433    
0.0788324    0.13294    0.122982    0.0264433    0.0788324    0.13294    0.122982    0.0264433    
-0.0788324    -0.13294    -0.122982    -0.0264433    -0.0788324    -0.13294    -0.122982    -0.0264433    
0.0788324    0.13294    0.122982    0.0264433    0.0788324    0.13294    0.122982    0.0264433    
0.0788324    0.13294    0.122982    0.0264433    0.0788324    0.13294    0.122982    0.0264433    
0.0788324    0.13294    0.122982    0.0264433    0.0788324    0.13294    0.122982    0.0264433    
-0.0788324    -0.13294    -0.122982    -0.0264433    -0.0788324    -0.13294    -0.122982    -0.0264433    
0.0788324    0.13294    0.122982    0.0264433    0.0788324    0.13294    0.122982    0.0264433    
0.0788324    0.13294    0.122982    0.0264433    0.0788324    0.13294    0.122982    0.0264433    
0.0788324    0.13294    0.122982    0.0264433    0.0788324    0.13294    0.122982    0.0264433    
-0.0788324    -0.13294    -0.122982    -0.0264433    -0.0788324    -0.13294    -0.122982    -0.0264433    
0.0788324    0.13294    0.122982    0.0264433    0.0788324    0.13294    0.122982    0.0264433    
-0.0788324    -0.13294    -0.122982    -0.0264433    -0.0788324    -0.13294    -0.122982    -0.0264433    
0.0788324    0.13294    0.122982    0.0264433    0.0788324    0.13294    0.122982    0.0264433    
-0.0788324    -0.13294    -0.122982    -0.0264433    -0.0788324    -0.13294    -0.122982    -0.0264433    
0.0788324    0.13294    0.122982    0.0264433    0.0788324    0.13294    0.122982    0.0264433    
-0.0788324    -0.13294    -0.122982    -0.0264433    -0.0788324    -0.13294    -0.122982    -0.0264433    
0.0788324    0.13294    0.122982    0.0264433    0.0788324    0.13294    0.122982    0.0264433    
0.0788324    0.13294    0.122982    0.0264433    0.0788324    0.13294    0.122982    0.0264433    
-0.0788324    -0.13294    -0.122982    -0.0264433    -0.0788324    -0.13294    -0.122982    -0.0264433    
-0.0788324    -0.13294    -0.122982    -0.0264433    -0.0788324    -0.13294    -0.122982    -0.0264433    
-0.0788324    -0.13294    -0.122982    -0.0264433    -0.0788324    -0.13294    -0.122982    -0.0264433    
-0.0788324    -0.13294    -0.122982    -0.0264433    -0.0788324    -0.13294    -0.122982    -0.0264433    
0.0788324    0.13294    0.122982    0.0264433    0.0788324    0.13294    0.122982    0.0264433    
-0.0788324    -0.13294    -0.122982    -0.0264433    -0.0788324    -0.13294    -0.122982    -0.0264433    
-0.0788324    -0.13294    -0.122982    -0.0264433    -0.0788324    -0.13294    -0.122982    -0.0264433    
0.0788324    0.13294    0.122982    0.0264433    0.0788324    0.13294    0.122982    0.0264433    
0.0788324    0.13294    0.122982    0.0264433    0.0788324    0.13294    0.122982    0.0264433    
-0.0788324    -0.13294    -0.122982    -0.0264433    -0.0788324    -0.13294    -0.122982    -0.0264433    
-0.0788324    -0.13294    -0.122982    -0.0264433    -0.0788324    -0.13294    -0.122982    -0.0264433    
0.0788324    0.13294    0.122982    0.0264433    0.0788324    0.13294    0.122982    0.0264433    
-0.0788324    -0.13294    -0.122982    -0.0264433    -0.0788324    -0.13294    -0.122982    -0.0264433    
0.0788324    0.13294    0.122982    0.0264433    0.0788324    0.13294    0.122982    0.0264433    
0.0788324    0.13294    0.122982    0.0264433    0.0788324    0.13294    0.122982    0.0264433    
-0.0788324    -0.13294    -0.122982    -0.0264433    -0.0788324    -0.13294    -0.122982    -0.0264433    
0.0788324    0.13294    0.122982    0.0264433    0.0788324    0.13294    0.122982    0.0264433    
0.0788324    0.13294    0.122982    0.0264433    0.0788324    0.13294    0.122982    0.0264433    
0.0788324    0.13294    0.122982    0.0264433    0.0788324    0.13294    0.122982    0.0264433    
-0.0788324    -0.13294    -0.122982    -0.0264433    -0.0788324    -0.13294    -0.122982    -0.0264433    
-0.0788324    -0.13294    -0.122982    -0.0264433    -0.0788324    -0.13294    -0.122982    -0.0264433    
0.0788324    0.13294    0.122982    0.0264433    0.0788324    0.13294    0.122982    0.0264433    
-0.0788324    -0.13294    -0.122982    -0.0264433    -0.0788324    -0.13294    -0.122982    -0.0264433    
0.0788324    0.13294    0.122982    0.0264433    0.0788324    0.13294    0.122982    0.0264433    
0.0788324    0.13294    0.122982    0.0264433    0.0788324    0.13294    0.122982    0.0264433    
0.0788324    0.13294    0.122982    0.0264433    0.0788324    0.13294    0.122982    0.0264433    
0.0788324    0.13294    0.122982    0.0264433    0.0788324    0.13294    0.122982    0.0264433    
0.0788324    0.13294    0.122982    0.0264433    0.0788324    0.13294    0.122982    0.0264433    
0.0788324    0.13294    0.122982    0.0264433    0.0788324    0.13294    0.122982    0.0264433    
-0.0788324    -0.13294    -0.122982    -0.0264433    -0.0788324    -0.13294    -0.122982    -0.0264433    
-0.0788324    -0.13294    -0.122982    -0.0264433    -0.0788324    -0.13294    -0.122982    -0.0264433    
0.0788324    0.13294    0.122982    0.0264433    0.0788324    0.13294    0.122982    0.0264433    
-0.0788324    -0.13294    -0.122982    -0.0264433    -0.0788324    -0.13294    -0.122982    -0.0264433    
0.0788324    0.13294    0.122982    0.0264433    0.0788324    0.13294    0.122982    0.0264433    
-0.0788324    -0.13294    -0.122982    -0.0264433    -0.0788324    -0.13294    -0.122982    -0.0264433    
-0.0788324    -0.13294    -0.122982    -0.0264433    -0.0788324    -0.13294    -0.122982    -0.0264433    
-0.0788324    -0.13294    -0.122982    -0.0264433    -0.0788324    -0.13294    -0.122982    -0.0264433    
-0.0788324    -0.13294    -0.122982    -0.0264433    -0.0788324    -0.13294    -0.122982    -0.0264433    
0.0788324    0.13294    0.122982    0.0264433    0.0788324    0.13294    0.122982    0.0264433    
-0.0788324    -0.13294    -0.122982    -0.0264433    -0.0788324    -0.13294    -0.122982    -0.0264433    
0.0788324    0.13294    0.122982    0.0264433    0.0788324    0.13294    0.122982    0.0264433    
-0.0788324    -0.13294    -0.122982    -0.0264433    -0.0788324    -0.13294    -0.122982    -0.0264433    
0.0788324    0.13294    0.122982    0.0264433    0.0788324    0.13294    0.122982    0.0264433    
-0.0788324    -0.13294    -0.122982    -0.0264433    -0.0788324    -0.13294    -0.122982    -0.0264433    
-0.0788324    -0.13294    -0.122982    -0.0264433    -0.0788324    -0.13294    -0.122982    -0.0264433    
0.0788324    0.13294    0.122982    0.0264433    0.0788324    0.13294    0.122982    0.0264433    
-0.0788324    -0.13294    -0.122982    -0.0264433    -0.0788324    -0.13294    -0.122982    -0.0264433    
0.0788324    0.13294    0.122982    0.0264433    0.0788324    0.13294    0.122982    0.0264433    
-0.0788324    -0.13294    -0.122982    -0.0264433    -0.0788324    -0.13294    -0.122982    -0.0264433    
0.0788324    0.13294    0.122982    0.0264433    0.0788324    0.13294    0.122982    0.0264433    
0.0788324    0.13294    0.122982    0.0264433    0.0788324    0.13294    0.122982    0.0264433    
-0.0788324    -0.13294    -0.122982    -0.0264433    -0.0788324    -0.13294    -0.122982    -0.0264433    
0.0788324    0.13294    0.122982    0.0264433    0.0788324    0.13294    0.122982    0.0264433    
0.0788324    0.13294    0.122982    0.0264433    0.0788324    0.13294    0.122982    0.0264433    
0.0788324    0.13294    0.122982    0.0264433    0.0788324    0.13294    0.122982    0.0264433    
0.0788324    0.13294    0.122982    0.0264433    0.0788324    0.13294    0.122982    0.0264433    
-0.0788324    -0.13294    -0.122982    -0.0264433    -0.0788324    -0.13294    -0.122982    -0.0264433    
-0.0788324    -0.13294    -0.122982    -0.0264433    -0.0788324    -0.13294    -0.122982    -0.0264433    
0.0788324    0.13294    0.122982    0.0264433    0.0788324    0.13294    0.122982    0.0264433    
-0.0788324    -0.13294    -0.122982    -0.0264433    -0.0788324    -0.13294    -0.122982    -0.0264433    
-0.0788324    -0.13294    -0.122982    -0.0264433    -0.0788324    -0.13294    -0.122982    -0.0264433    
-0.0788324    -0.13294    -0.122982    -0.0264433    -0.0788324    -0.13294    -0.122982    -0.0264433    
-0.0788324    -0.13294    -0.122982    -0.0264433    -0.0788324    -0.13294    -0.122982    -0.0264433    
-0.0788324    -0.13294    -0.122982    -0.0264433    -0.0788324    -0.13294    -0.122982    -0.0264433    
-0.0788324    -0.13294    -0.122982    -0.0264433    -0.0788324    -0.13294    -0.122982    -0.0264433    
0.0788324    0.13294    0.122982    0.0264433    0.0788324    0.13294    0.122982    0.0264433    
-0.0788324    -0.13294    -0.122982    -0.0264433    -0.0788324    -0.13294    -0.122982    -0.0264433    
-0.0788324    -0.13294    -0.122982    -0.0264433    -0.0788324    -0.13294    -0.122982    -0.0264433    
0.0788324    0.13294    0.122982    0.0264433    0.0788324    0.13294    0.122982    0.0264433    
-0.0788324    -0.13294    -0.122982    -0.0264433    -0.0788324    -0.13294    -0.122982    -0.0264433    
0.0788324    0.13294    0.122982    0.0264433    0.0788324    0.13294    0.122982    0.0264433    
0.0788324    0.13294    0.122982    0.0264433    0.0788324    0.13294    0.122982    0.0264433    
-0.0788324    -0.13294    -0.122982    -0.0264433    -0.0788324    -0.13294    -0.122982    -0.0264433    
0.0788324    0.13294    0.122982    0.0264433    0.0788324    0.13294    0.122982    0.0264433    
0.0788324    0.13294    0.122982    0.0264433    0.0788324    0.13294    0.122982    0.0264433    
0.0788324    0.13294    0.122982    0.0264433    0.0788324    0.13294    0.122982    0.0264433    
0.0788324    0.13294    0.122982    0.0264433    0.0788324    0.13294    0.122982    0.0264433    
-0.0788324    -0.13294    -0.122982    -0.0264433    -0.0788324    -0.13294    -0.122982    -0.0264433    
0.0788324    0.13294    0.122982    0.0264433    0.0788324    0.13294    0.122982    0.0264433    
-0.0788324    -0.13294    -0.122982    -0.0264433    -0.0788324    -0.13294    -0.122982    -0.0264433    
-0.0788324    -0.13294    -0.122982    -0.0264433    -0.0788324    -0.13294    -0.122982    -0.0264433    
-0.0788324    -0.13294    -0.122982    -0.0264433    -0.0788324    -0.13294    -0.122982    -0.0264433    
0.0788324    0.13294    0.122982    0.0264433    0.0788324    0.13294    0.122982    0.0264433    
0.0788324    0.13294    0.122982    0.0264433    0.0788324    0.13294    0.122982    0.0264433    
-0.0788324    -0.13294    -0.122982    -0.0264433    -0.0788324    -0.13294    -0.122982    -0.0264433    
-0.0788324    -0.13294    -0.122982    -0.0264433    -0.0788324    -0.13294    -0.122982    -0.0264433    
0.0788324    0.13294    0.122982    0.0264433    0.0788324    0.13294    0.122982    0.0264433    
0.0788324    0.13294    0.122982    0.0264433    0.0788324    0.13294    0.122982    0.0264433    
0.0788324    0.13294    0.122982    0.0264433    0.0788324    0.13294    0.122982    0.0264433    
0.0788324    0.13294    0.122982    0.0264433    0.0788324    0.13294    0.122982    0.0264433    
0.0788324    0.13294    0.122982    0.0264433    0.0788324    0.13294    0.122982    0.0264433    
0.0788324    0.13294    0.122982    0.0264433    0.0788324    0.13294    0.122982    0.0264433    
-0.0788324    -0.13294    -0.122982    -0.0264433    -0.0788324    -0.13294    -0.122982    -0.0264433    
0.0788324    0.13294    0.122982    0.0264433    0.0788324    0.13294    0.122982    0.0264433    
0.0788324    0.13294    0.122982    0.0264433    0.0788324    0.13294    0.122982    0.0264433    
0.0788324    0.13294    0.122982    0.0264433    0.0788324    0.13294    0.122982    0.0264433    
-0.0788324    -0.13294    -0.122982    -0.0264433    -0.0788324    -0.13294    -0.122982    -0.0264433    
0.0788324    0.13294    0.122982    0.0264433    0.0788324    0.13294    0.122982    0.0264433    
-0.0788324    -0.13294    -0.122982    -0.0264433    -0.0788324    -0.13294    -0.122982    -0.0264433    
-0.0788324    -0.13294    -0.122982    -0.0264433    -0.0788324    -0.13294    -0.122982    -0.0264433    
0.0788324    0.13294    0.122982    0.0264433    0.0788324    0.13294    0.122982    0.0264433    
-0.0788324    -0.13294    -0.122982    -0.0264433    -0.0788324    -0.13294    -0.122982    -0.0264433    
-0.0788324    -0.13294    -0.122982    -0.0264433    -0.0788324    -0.13294    -0.122982    -0.0264433    
0.0788324    0.13294    0.122982    0.0264433    0.0788324    0.13294    0.122982    0.0264433    
0.0788324    0.13294    0.122982    0.0264433    0.0788324    0.13294    0.122982    0.0264433    
-0.0788324    -0.13294    -0.122982    -0.0264433    -0.0788324    -0.13294    -0.122982    -0.0264433    
-0.0788324    -0.13294    -0.122982    -0.0264433    -0.0788324    -0.13294    -0.122982    -0.0264433    
0.0788324    0.13294    0.122982    0.0264433    0.0788324    0.13294    0.122982    0.0264433    
0.0788324    0.13294    0.122982    0.0264433    0.0788324    0.13294    0.122982    0.0264433    
-0.0788324    -0.13294    -0.122982    -0.0264433    -0.0788324    -0.13294    -0.122982    -0.0264433    
0.0788324    0.13294    0.122982    0.0264433    0.0788324    0.13294    0.122982    0.0264433    
-0.0788324    -0.13294    -0.122982    -0.0264433    -0.0788324    -0.13294    -0.122982    -0.0264433    
-0.0788324    -0.13294    -0.122982    -0.0264433    -0.0788324    -0.13294    -0.122982    -0.0264433    
0.0788324    0.13294    0.122982    0.0264433    0.0788324    0.13294    0.122982    0.0264433    
-0.0788324    -0.13294    -0.122982    -0.0264433    -0.0788324    -0.13294    -0.122982    -0.0264433    
0.0788324    0.13294    0.122982    0.0264433    0.0788324    0.13294    0.122982    0.0264433    
-0.0788324    -0.13294    -0.122982    -0.0264433    -0.0788324    -0.13294    -0.122982    -0.0264433    
0.0788324    0.13294    0.122982    0.0264433    0.0788324    0.13294    0.122982    0.0264433    
-0.0788324    -0.13294    -0.122982    -0.0264433    -0.0788324    -0.13294    -0.122982    -0.0264433    
0.0788324    0.13294    0.122982    0.0264433    0.0788324    0.13294    0.122982    0.0264433    
0.0788324    0.13294    0.122982    0.0264433    0.0788324    0.13294    0.122982    0.0264433    
0.0788324    0.13294    0.122982    0.0264433    0.0788324    0.13294    0.122982    0.0264433    
-0.0788324    -0.13294    -0.122982    -0.0264433    -0.0788324    -0.13294    -0.122982    -0.0264433    
-0.0788324    -0.13294    -0.122982    -0.0264433    -0.0788324    -0.13294    -0.122982    -0.0264433    
-0.0788324    -0.13294    -0.122982    -0.0264433    -0.0788324    -0.13294    -0.122982    -0.0264433    
0.0788324    0.13294    0.122982    0.0264433    0.0788324    0.13294    0.122982    0.0264433    
-0.0788324    -0.13294    -0.122982    -0.0264433    -0.0788324    -0.13294    -0.122982    -0.0264433    
0.0788324    0.13294    0.122982    0.0264433    0.0788324    0.13294    0.122982    0.0264433    
0.0788324    0.13294    0.122982    0.0264433    0.0788324    0.13294    0.122982    0.0264433    
-0.0788324    -0.13294    -0.122982    -0.0264433    -0.0788324    -0.13294    -0.122982    -0.0264433    
0.0788324    0.13294    0.122982    0.0264433    0.0788324    0.13294    0.122982    0.0264433    
0.0788324    0.13294    0.122982    0.0264433    0.0788324    0.13294    0.122982    0.0264433    
0.0788324    0.13294    0.122982    0.0264433    0.0788324    0.13294    0.122982    0.0264433    
0.0788324    0.13294    0.122982    0.0264433    0.0788324    0.13294    0.122982    0.0264433    
-0.0788324    -0.13294    -0.122982    -0.0264433    -0.0788324    -0.13294    -0.122982    -0.0264433    
0.0788324    0.13294    0.122982    0.0264433    0.0788324    0.13294    0.122982    0.0264433    
0.0788324    0.13294    0.122982    0.0264433    0.0788324    0.13294    0.122982    0.0264433    
0.0788324    0.13294    0.122982    0.0264433    0.0788324    0.13294    0.122982    0.0264433    
0.0788324    0.13294    0.122982    0.0264433    0.0788324    0.13294    0.122982    0.0264433    
0.0788324    0.13294    0.122982    0.0264433    0.0788324    0.13294    0.122982    0.0264433    
0.0788324    0.13294    0.122982    0.0264433    0.0788324    0.13294    0.122982    0.0264433    
-0.0788324    -0.13294    -0.122982    -0.0264433    -0.0788324    -0.13294    -0.122982    -0.0264433    
0.0788324    0.13294    0.122982    0.0264433    0.0788324    0.13294    0.122982    0.0264433    
0.0788324    0.13294    0.122982    0.0264433    0.0788324    0.13294    0.122982    0.0264433    
-0.0788324    -0.13294    -0.122982    -0.0264433    -0.0788324    -0.13294    -0.122982    -0.0264433    
0.0788324    0.13294    0.122982    0.0264433    0.0788324    0.13294    0.122982    0.0264433    
-0.0788324    -0.13294    -0.122982    -0.0264433    -0.0788324    -0.13294    -0.122982    -0.0264433    
-0.0788324    -0.13294    -0.122982    -0.0264433    -0.0788324    -0.13294    -0.122982    -0.0264433    
0.0788324    0.13294    0.122982    0.0264433    0.0788324    0.13294    0.122982    0.0264433    
-0.0788324    -0.13294    -0.122982    -0.0264433    -0.0788324    -0.13294    -0.122982    -0.0264433    
0.0788324    0.13294    0.122982    0.0264433    0.0788324    0.13294    0.122982    0.0264433    
-0.0788324    -0.13294    -0.122982    -0.0264433    -0.0788324    -0.13294    -0.122982    -0.0264433    
0.0788324    0.13294    0.122982    0.0264433    0.0788324    0.13294    0.122982    0.0264433    
0.0788324    0.13294    0.122982    0.0264433    0.0788324    0.13294    0.122982    0.0264433    
-0.0788324    -0.13294    -0.122982    -0.0264433    -0.0788324    -0.13294    -0.122982    -0.0264433    
-0.0788324    -0.13294    -0.122982    -0.0264433    -0.0788324    -0.13294    -0.122982    -0.0264433    
0.0788324    0.13294    0.122982    0.0264433    0.0788324    0.13294    0.122982    0.0264433    
-0.0788324    -0.13294    -0.122982    -0.0264433    -0.0788324    -0.13294    -0.122982    -0.0264433    
-0.0788324    -0.13294    -0.122982    -0.0264433    -0.0788324    -0.13294    -0.122982    -0.0264433    
0.0788324    0.13294    0.122982    0.0264433    0.0788324    0.13294    0.122982    0.0264433    
-0.0788324    -0.13294    -0.122982    -0.0264433    -0.0788324    -0.13294    -0.122982    -0.0264433    
0.0788324    0.13294    0.122982    0.0264433    0.0788324    0.13294    0.122982    0.0264433    
0.0788324    0.13294    0.122982    0.0264433    0.0788324    0.13294    0.122982    0.0264433    
-0.0788324    -0.13294    -0.122982    -0.0264433    -0.0788324    -0.13294    -0.122982    -0.0264433    
-0.0788324    -0.13294    -0.122982    -0.0264433    -0.0788324    -0.13294    -0.122982    -0.0264433    
0.0788324    0.13294    0.122982    0.0264433    0.0788324    0.13294    0.122982    0.0264433    
-0.0788324    -0.13294    -0.122982    -0.0264433    -0.0788324    -0.13294    -0.122982    -0.0264433    
-0.0788324    -0.13294    -0.122982    -0.0264433    -0.0788324    -0.13294    -0.122982    -0.0264433    
0.0788324    0.13294    0.122982    0.0264433    0.0788324    0.13294    0.122982    0.0264433    
0.0788324    0.13294    0.122982    0.0264433    0.0788324    0.13294    0.122982    0.0264433    
0.0788324    0.13294    0.122982    0.0264433    0.0788324    0.13294    0.122982    0.0264433    
0.0788324    0.13294    0.122982    0.0264433    0.0788324    0.13294    0.122982    0.0264433    
0.0788324    0.13294    0.122982    0.0264433    0.0788324    0.13294    0.122982    0.0264433    
-0.0788324    -0.13294    -0.122982    -0.0264433    -0.0788324    -0.13294    -0.122982    -0.0264433    
0.0788324    0.13294    0.122982    0.0264433    0.0788324    0.13294    0.122982    0.0264433    
0.0788324    0.13294    0.122982    0.0264433    0.0788324    0.13294    0.122982    0.0264433    
0.0788324    0.13294    0.122982    0.0264433    0.0788324    0.13294    0.122982    0.0264433    
-0.0788324    -0.13294    -0.122982    -0.0264433    -0.0788324    -0.13294    -0.122982    -0.0264433    
-0.0788324    -0.13294    -0.122982    -0.0264433    -0.0788324    -0.13294    -0.122982    -0.0264433    
0.0788324    0.13294    0.122982    0.0264433    0.0788324    0.13294    0.122982    0.0264433    
0.0788324    0.13294    0.122982    0.0264433    0.0788324    0.13294    0.122982    0.0264433    
-0.0788324    -0.13294    -0.122982    -0.0264433    -0.0788324    -0.13294    -0.122982    -0.0264433    
0.0788324    0.13294    0.122982    0.0264433    0.0788324    0.13294    0.122982    0.0264433    
-0.0788324    -0.13294    -0.122982    -0.0264433    -0.0788324    -0.13294    -0.122982    -0.0264433    
0.0788324    0.13294    0.122982    0.0264433    0.0788324    0.13294    0.122982    0.0264433    
-0.0788324    -0.13294    -0.122982    -0.0264433    -0.0788324    -0.13294    -0.122982    -0.0264433    
-0.0788324    -0.13294    -0.122982    -0.0264433    -0.0788324    -0.13294    -0.122982    -0.0264433    
0.0788324    0.13294    0.122982    0.0264433    0.0788324    0.13294    0.122982    0.0264433    
0.0788324    0.13294    0.122982    0.0264433    0.0788324    0.13294    0.122982    0.0264433    
-0.0788324    -0.13294    -0.122982    -0.0264433    -0.0788324    -0.13294    -0.122982    -0.0264433    
-0.0788324    -0.13294    -0.122982    -0.0264433    -0.0788324    -0.13294    -0.122982    -0.0264433    
-0.0788324    -0.13294    -0.122982    -0.0264433    -0.0788324    -0.13294    -0.122982    -0.0264433    
-0.0788324    -0.13294    -0.122982    -0.0264433    -0.0788324    -0.13294    -0.122982    -0.0264433    
0.0788324    0.13294    0.122982    0.0264433    0.0788324    0.13294    0.122982    0.0264433    
-0.0788324    -0.13294    -0.122982    -0.0264433    -0.0788324    -0.13294    -0.122982    -0.0264433    
0.0788324    0.13294    0.122982    0.0264433    0.0788324    0.13294    0.122982    0.0264433    
-0.0788324    -0.13294    -0.122982    -0.0264433    -0.0788324    -0.13294    -0.122982    -0.0264433    
0.0788324    0.13294    0.122982    0.0264433    0.0788324    0.13294    0.122982    0.0264433    
0.0788324    0.13294    0.122982    0.0264433    0.0788324    0.13294    0.122982    0.0264433    
0.0788324    0.13294    0.122982    0.0264433    0.0788324    0.13294    0.122982    0.0264433    
0.0788324    0.13294    0.122982    0.0264433    0.0788324    0.13294    0.122982    0.0264433    
-0.0788324    -0.13294    -0.122982    -0.0264433    -0.0788324    -0.13294    -0.122982    -0.0264433    
0.0788324    0.13294    0.122982    0.0264433    0.0788324    0.13294    0.122982    0.0264433    
0.0788324    0.13294    0.122982    0.0264433    0.0788324    0.13294    0.122982    0.0264433    
0.0788324    0.13294    0.122982    0.0264433    0.0788324    0.13294    0.122982    0.0264433    
0.0788324    0.13294    0.122982    0.0264433    0.0788324    0.13294    0.122982    0.0264433    
-0.0788324    -0.13294    -0.122982    -0.0264433    -0.0788324    -0.13294    -0.122982    -0.0264433    
-0.0788324    -0.13294    -0.122982    -0.0264433    -0.0788324    -0.13294    -0.122982    -0.0264433    
0.0788324    0.13294    0.122982    0.0264433    0.0788324    0.13294    0.122982    0.0264433    
0.0788324    0.13294    0.122982    0.0264433    0.0788324    0.13294    0.122982    0.0264433    
0.0788324    0.13294    0.122982    0.0264433    0.0788324    0.13294    0.122982    0.0264433    
0.0788324    0.13294    0.122982    0.0264433    0.0788324    0.13294    0.122982    0.0264433    
-0.0788324    -0.13294    -0.122982    -0.0264433    -0.0788324    -0.13294    -0.122982    -0.0264433    
-0.0788324    -0.13294    -0.122982    -0.0264433    -0.0788324    -0.13294    -0.122982    -0.0264433    
0.0788324    0.13294    0.122982    0.0264433    0.0788324    0.13294    0.122982    0.0264433    
0.0788324    0.13294    0.122982    0.0264433    0.0788324    0.13294    0.122982    0.0264433    
0.0788324    0.13294    0.122982    0.0264433    0.0788324    0.13294    0.122982    0.0264433    
0.0788324    0.13294    0.122982    0.0264433    0.0788324    0.13294    0.122982    0.0264433    
-0.0788324    -0.13294    -0.122982    -0.0264433    -0.0788324    -0.13294    -0.122982    -0.0264433    
-0.0788324    -0.13294    -0.122982    -0.0264433    -0.0788324    -0.13294    -0.122982    -0.0264433    
-0.0788324    -0.13294    -0.122982    -0.0264433    -0.0788324    -0.13294    -0.122982    -0.0264433    
-0.0788324    -0.13294    -0.122982    -0.0264433    -0.0788324    -0.13294    -0.122982    -0.0264433    
0.0788324    0.13294    0.122982    0.0264433    0.0788324    0.13294    0.122982    0.0264433    
-0.0788324    -0.13294    -0.122982    -0.0264433    -0.0788324    -0.13294    -0.122982    -0.0264433    
-0.0788324    -0.13294    -0.122982    -0.0264433    -0.0788324    -0.13294    -0.122982    -0.0264433    
-0.0788324    -0.13294    -0.122982    -0.0264433    -0.0788324    -0.13294    -0.122982    -0.0264433    
0.0788324    0.13294    0.122982    0.0264433    0.0788324    0.13294    0.122982    0.0264433    
-0.0788324    -0.13294    -0.122982    -0.0264433    -0.0788324    -0.13294    -0.122982    -0.0264433    
-0.0788324    -0.13294    -0.122982    -0.0264433    -0.0788324    -0.13294    -0.122982    -0.0264433    
0.0788324    0.13294    0.122982    0.0264433    0.0788324    0.13294    0.122982    0.0264433    
-0.0788324    -0.13294    -0.122982    -0.0264433    -0.0788324    -0.13294    -0.122982    -0.0264433    
-0.0788324    -0.13294    -0.122982    -0.0264433    -0.0788324    -0.13294    -0.122982    -0.0264433    
0.0788324    0.13294    0.122982    0.0264433    0.0788324    0.13294    0.122982    0.0264433    
0.0788324    0.13294    0.122982    0.0264433    0.0788324    0.13294    0.122982    0.0264433    
0.0788324    0.13294    0.122982    0.0264433    0.0788324    0.13294    0.122982    0.0264433    
-0.0788324    -0.13294    -0.122982    -0.0264433    -0.0788324    -0.13294    -0.122982    -0.0264433    
-0.0788324    -0.13294    -0.122982    -0.0264433    -0.0788324    -0.13294    -0.122982    -0.0264433    
0.0788324    0.13294    0.122982    0.0264433    0.0788324    0.13294    0.122982    0.0264433    
0.0788324    0.13294    0.122982    0.0264433    0.0788324    0.13294    0.122982    0.0264433    
0.0788324    0.13294    0.122982    0.0264433    0.0788324    0.13294    0.122982    0.0264433    
0.0788324    0.13294    0.122982    0.0264433    0.0788324    0.13294    0.122982    0.0264433    
0.0788324    0.13294    0.122982    0.0264433    0.0788324    0.13294    0.122982    0.0264433    
0.0788324    0.13294    0.122982    0.0264433    0.0788324    0.13294    0.122982    0.0264433    
0.0788324    0.13294    0.122982    0.0264433    0.0788324    0.13294    0.122982    0.0264433    
0.0788324    0.13294    0.122982    0.0264433    0.0788324    0.13294    0.122982    0.0264433    
-0.0788324    -0.13294    -0.122982    -0.0264433    -0.0788324    -0.13294    -0.122982    -0.0264433    
0.0788324    0.13294    0.122982    0.0264433    0.0788324    0.13294    0.122982    0.0264433    
0.0788324    0.13294    0.122982    0.0264433    0.0788324    0.13294    0.122982    0.0264433    
0.0788324    0.13294    0.122982    0.0264433    0.0788324    0.13294    0.122982    0.0264433    
-0.0788324    -0.13294    -0.122982    -0.0264433    -0.0788324    -0.13294    -0.122982    -0.0264433    
0.0788324    0.13294    0.122982    0.0264433    0.0788324    0.13294    0.122982    0.0264433    
0.0788324    0.13294    0.122982    0.0264433    0.0788324    0.13294    0.122982    0.0264433    
-0.0788324    -0.13294    -0.122982    -0.0264433    -0.0788324    -0.13294    -0.122982    -0.0264433    
-0.0788324    -0.13294    -0.122982    -0.0264433    -0.0788324    -0.13294    -0.122982    -0.0264433    
0.0788324    0.13294    0.122982    0.0264433    0.0788324    0.13294    0.122982    0.0264433    
-0.0788324    -0.13294    -0.122982    -0.0264433    -0.0788324    -0.13294    -0.122982    -0.0264433    
0.0788324    0.13294    0.122982    0.0264433    0.0788324    0.13294    0.122982    0.0264433    
-0.0788324    -0.13294    -0.122982    -0.0264433    -0.0788324    -0.13294    -0.122982    -0.0264433    
-0.0788324    -0.13294    -0.122982    -0.0264433    -0.0788324    -0.13294    -0.122982    -0.0264433    
0.0788324    0.13294    0.122982    0.0264433    0.0788324    0.13294    0.122982    0.0264433    
-0.0788324    -0.13294    -0.122982    -0.0264433    -0.0788324    -0.13294    -0.122982    -0.0264433    
-0.0788324    -0.13294    -0.122982    -0.0264433    -0.0788324    -0.13294    -0.122982    -0.0264433    
-0.0788324    -0.13294    -0.122982    -0.0264433    -0.0788324    -0.13294    -0.122982    -0.0264433    
-0.0788324    -0.13294    -0.122982    -0.0264433    -0.0788324    -0.13294    -0.122982    -0.0264433    
-0.0788324    -0.13294    -0.122982    -0.0264433    -0.0788324    -0.13294    -0.122982    -0.0264433    
-0.0788324    -0.13294    -0.122982    -0.0264433    -0.0788324    -0.13294    -0.122982    -0.0264433    
0.0788324    0.13294    0.122982    0.0264433    0.0788324    0.13294    0.122982    0.0264433    
0.0788324    0.13294    0.122982    0.0264433    0.0788324    0.13294    0.122982    0.0264433    
0.0788324    0.13294    0.122982    0.0264433    0.0788324    0.13294    0.122982    0.0264433    
0.0788324    0.13294    0.122982    0.0264433    0.0788324    0.13294    0.122982    0.0264433    
-0.0788324    -0.13294    -0.122982    -0.0264433    -0.0788324    -0.13294    -0.122982    -0.0264433    
0.0788324    0.13294    0.122982    0.0264433    0.0788324    0.13294    0.122982    0.0264433    
0.0788324    0.13294    0.122982    0.0264433    0.0788324    0.13294    0.122982    0.0264433    
0.0788324    0.13294    0.122982    0.0264433    0.0788324    0.13294    0.122982    0.0264433    
0.0788324    0.13294    0.122982    0.0264433    0.0788324    0.13294    0.122982    0.0264433    
0.0788324    0.13294    0.122982    0.0264433    0.0788324    0.13294    0.122982    0.0264433    
0.0788324    0.13294    0.122982    0.0264433    0.0788324    0.13294    0.122982    0.0264433    
0.0788324    0.13294    0.122982    0.0264433    0.0788324    0.13294    0.122982    0.0264433    
0.0788324    0.13294    0.122982    0.0264433    0.0788324    0.13294    0.122982    0.0264433    
-0.0788324    -0.13294    -0.122982    -0.0264433    -0.0788324    -0.13294    -0.122982    -0.0264433    
0.0788324    0.13294    0.122982    0.0264433    0.0788324    0.13294    0.122982    0.0264433    
0.0788324    0.13294    0.122982    0.0264433    0.0788324    0.13294    0.122982    0.0264433    
0.0788324    0.13294    0.122982    0.0264433    0.0788324    0.13294    0.122982    0.0264433    
-0.0788324    -0.13294    -0.122982    -0.0264433    -0.0788324    -0.13294    -0.122982    -0.0264433    
0.0788324    0.13294    0.122982    0.0264433    0.0788324    0.13294    0.122982    0.0264433    
-0.0788324    -0.13294    -0.122982    -0.0264433    -0.0788324    -0.13294    -0.122982    -0.0264433    
0.0788324    0.13294    0.122982    0.0264433    0.0788324    0.13294    0.122982    0.0264433    
0.0788324    0.13294    0.122982    0.0264433    0.0788324    0.13294    0.122982    0.0264433    
0.0788324    0.13294    0.122982    0.0264433    0.0788324    0.13294    0.122982    0.0264433    
0.0788324    0.13294    0.122982    0.0264433    0.0788324    0.13294    0.122982    0.0264433    
-0.0788324    -0.13294    -0.122982    -0.0264433    -0.0788324    -0.13294    -0.122982    -0.0264433    
0.0788324    0.13294    0.122982    0.0264433    0.0788324    0.13294    0.122982    0.0264433    
0.0788324    0.13294    0.122982    0.0264433    0.0788324    0.13294    0.122982    0.0264433    
0.0788324    0.13294    0.122982    0.0264433    0.0788324    0.13294    0.122982    0.0264433    
0.0788324    0.13294    0.122982    0.0264433    0.0788324    0.13294    0.122982    0.0264433    
0.0788324    0.13294    0.122982    0.0264433    0.0788324    0.13294    0.122982    0.0264433    
-0.0788324    -0.13294    -0.122982    -0.0264433    -0.0788324    -0.13294    -0.122982    -0.0264433    
-0.0788324    -0.13294    -0.122982    -0.0264433    -0.0788324    -0.13294    -0.122982    -0.0264433    
0.0788324    0.13294    0.122982    0.0264433    0.0788324    0.13294    0.122982    0.0264433    
-0.0788324    -0.13294    -0.122982    -0.0264433    -0.0788324    -0.13294    -0.122982    -0.0264433    
0.0788324    0.13294    0.122982    0.0264433    0.0788324    0.13294    0.122982    0.0264433    
0.0788324    0.13294    0.122982    0.0264433    0.0788324    0.13294    0.122982    0.0264433    
0.0788324    0.13294    0.122982    0.0264433    0.0788324    0.13294    0.122982    0.0264433    
0.0788324    0.13294    0.122982    0.0264433    0.0788324    0.13294    0.122982    0.0264433    
0.0788324    0.13294    0.122982    0.0264433    0.0788324    0.13294    0.122982    0.0264433    
0.0788324    0.13294    0.122982    0.0264433    0.0788324    0.13294    0.122982    0.0264433    
-0.0788324    -0.13294    -0.122982    -0.0264433    -0.0788324    -0.13294    -0.122982    -0.0264433    
0.0788324    0.13294    0.122982    0.0264433    0.0788324    0.13294    0.122982    0.0264433    
-0.0788324    -0.13294    -0.122982    -0.0264433    -0.0788324    -0.13294    -0.122982    -0.0264433    
0.0788324    0.13294    0.122982    0.0264433    0.0788324    0.13294    0.122982    0.0264433    
0.0788324    0.13294    0.122982    0.0264433    0.0788324    0.13294    0.122982    0.0264433    
0.0788324    0.13294    0.122982    0.0264433    0.0788324    0.13294    0.122982    0.0264433    
0.0788324    0.13294    0.122982    0.0264433    0.0788324    0.13294    0.122982    0.0264433    
-0.0788324    -0.13294    -0.122982    -0.0264433    -0.0788324    -0.13294    -0.122982    -0.0264433    
-0.0788324    -0.13294    -0.122982    -0.0264433    -0.0788324    -0.13294    -0.122982    -0.0264433    
0.0788324    0.13294    0.122982    0.0264433    0.0788324    0.13294    0.122982    0.0264433    
0.0788324    0.13294    0.122982    0.0264433    0.0788324    0.13294    0.122982    0.0264433    
0.0788324    0.13294    0.122982    0.0264433    0.0788324    0.13294    0.122982    0.0264433    
0.0788324    0.13294    0.122982    0.0264433    0.0788324    0.13294    0.122982    0.0264433    
0.0788324    0.13294    0.122982    0.0264433    0.0788324    0.13294    0.122982    0.0264433    
0.0788324    0.13294    0.122982    0.0264433    0.0788324    0.13294    0.122982    0.0264433    
-0.0788324    -0.13294    -0.122982    -0.0264433    -0.0788324    -0.13294    -0.122982    -0.0264433    
-0.0788324    -0.13294    -0.122982    -0.0264433    -0.0788324    -0.13294    -0.122982    -0.0264433    
-0.0788324    -0.13294    -0.122982    -0.0264433    -0.0788324    -0.13294    -0.122982    -0.0264433    
0.0788324    0.13294    0.122982    0.0264433    0.0788324    0.13294    0.122982    0.0264433    
0.0788324    0.13294    0.122982    0.0264433    0.0788324    0.13294    0.122982    0.0264433    
0.0788324    0.13294    0.122982    0.0264433    0.0788324    0.13294    0.122982    0.0264433    
0.0788324    0.13294    0.122982    0.0264433    0.0788324    0.13294    0.122982    0.0264433    
0.0788324    0.13294    0.122982    0.0264433    0.0788324    0.13294    0.122982    0.0264433    
-0.0788324    -0.13294    -0.122982    -0.0264433    -0.0788324    -0.13294    -0.122982    -0.0264433    
-0.0788324    -0.13294    -0.122982    -0.0264433    -0.0788324    -0.13294    -0.122982    -0.0264433    
0.0788324    0.13294    0.122982    0.0264433    0.0788324    0.13294    0.122982    0.0264433    
-0.0788324    -0.13294    -0.122982    -0.0264433    -0.0788324    -0.13294    -0.122982    -0.0264433    
-0.0788324    -0.13294    -0.122982    -0.0264433    -0.0788324    -0.13294    -0.122982    -0.0264433    
0.0788324    0.13294    0.122982    0.0264433    0.0788324    0.13294    0.122982    0.0264433    
-0.0788324    -0.13294    -0.122982    -0.0264433    -0.0788324    -0.13294    -0.122982    -0.0264433    
-0.0788324    -0.13294    -0.122982    -0.0264433    -0.0788324    -0.13294    -0.122982    -0.0264433    
-0.0788324    -0.13294    -0.122982    -0.0264433    -0.0788324    -0.13294    -0.122982    -0.0264433    
0.0788324    0.13294    0.122982    0.0264433    0.0788324    0.13294    0.122982    0.0264433    
0.0788324    0.13294    0.122982    0.0264433    0.0788324    0.13294    0.122982    0.0264433    
0.0788324    0.13294    0.122982    0.0264433    0.0788324    0.13294    0.122982    0.0264433    
0.0788324    0.13294    0.122982    0.0264433    0.0788324    0.13294    0.122982    0.0264433    
0.0788324    0.13294    0.122982    0.0264433    0.0788324    0.13294    0.122982    0.0264433    
-0.0788324    -0.13294    -0.122982    -0.0264433    -0.0788324    -0.13294    -0.122982    -0.0264433    
-0.0788324    -0.13294    -0.122982    -0.0264433    -0.0788324    -0.13294    -0.122982    -0.0264433    
-0.0788324    -0.13294    -0.122982    -0.0264433    -0.0788324    -0.13294    -0.122982    -0.0264433    
0.0788324    0.13294    0.122982    0.0264433    0.0788324    0.13294    0.122982    0.0264433    
0.0788324    0.13294    0.122982    0.0264433    0.0788324    0.13294    0.122982    0.0264433    
0.0788324    0.13294    0.122982    0.0264433    0.0788324    0.13294    0.122982    0.0264433    
0.0788324    0.13294    0.122982    0.0264433    0.0788324    0.13294    0.122982    0.0264433    
-0.0788324    -0.13294    -0.122982    -0.0264433    -0.0788324    -0.13294    -0.122982    -0.0264433    
0.0788324    0.13294    0.122982    0.0264433    0.0788324    0.13294    0.122982    0.0264433    
-0.0788324    -0.13294    -0.122982    -0.0264433    -0.0788324    -0.13294    -0.122982    -0.0264433    
-0.0788324    -0.13294    -0.122982    -0.0264433    -0.0788324    -0.13294    -0.122982    -0.0264433    
0.0788324    0.13294    0.122982    0.0264433    0.0788324    0.13294    0.122982    0.0264433    
-0.0788324    -0.13294    -0.122982    -0.0264433    -0.0788324    -0.13294    -0.122982    -0.0264433    
0.0788324    0.13294    0.122982    0.0264433    0.0788324    0.13294    0.122982    0.0264433    
0.0788324    0.13294    0.122982    0.0264433    0.0788324    0.13294    0.122982    0.0264433    
0.0788324    0.13294    0.122982    0.0264433    0.0788324    0.13294    0.122982    0.0264433    
0.0788324    0.13294    0.122982    0.0264433    0.0788324    0.13294    0.122982    0.0264433    
0.0788324    0.13294    0.122982    0.0264433    0.0788324    0.13294    0.122982    0.0264433    
0.0788324    0.13294    0.122982    0.0264433    0.0788324    0.13294    0.122982    0.0264433    
0.0788324    0.13294    0.122982    0.0264433    0.0788324    0.13294    0.122982    0.0264433    
0.0788324    0.13294    0.122982    0.0264433    0.0788324    0.13294    0.122982    0.0264433    
0.0788324    0.13294    0.122982    0.0264433    0.0788324    0.13294    0.122982    0.0264433    
0.0788324    0.13294    0.122982    0.0264433    0.0788324    0.13294    0.122982    0.0264433    
0.0788324    0.13294    0.122982    0.0264433    0.0788324    0.13294    0.122982    0.0264433    
0.0788324    0.13294    0.122982    0.0264433    0.0788324    0.13294    0.122982    0.0264433    
0.0788324    0.13294    0.122982    0.0264433    0.0788324    0.13294    0.122982    0.0264433    
0.0788324    0.13294    0.122982    0.0264433    0.0788324    0.13294    0.122982    0.0264433    
0.0788324    0.13294    0.122982    0.0264433    0.0788324    0.13294    0.122982    0.0264433    
0.0788324    0.13294    0.122982    0.0264433    0.0788324    0.13294    0.122982    0.0264433    
0.0788324    0.13294    0.122982    0.0264433    0.0788324    0.13294    0.122982    0.0264433    
0.0788324    0.13294    0.122982    0.0264433    0.0788324    0.13294    0.122982    0.0264433    
0.0788324    0.13294    0.122982    0.0264433    0.0788324    0.13294    0.122982    0.0264433    
0.0788324    0.13294    0.122982    0.0264433    0.0788324    0.13294    0.122982    0.0264433    
0.0788324    0.13294    0.122982    0.0264433    0.0788324    0.13294    0.122982    0.0264433    
0.0788324    0.13294    0.122982    0.0264433    0.0788324    0.13294    0.122982    0.0264433    
0.0788324    0.13294    0.122982    0.0264433    0.0788324    0.13294    0.122982    0.0264433    
0.0788324    0.13294    0.122982    0.0264433    0.0788324    0.13294    0.122982    0.0264433    
0.0788324    0.13294    0.122982    0.0264433    0.0788324    0.13294    0.122982    0.0264433    
-0.0788324    -0.13294    -0.122982    -0.0264433    -0.0788324    -0.13294    -0.122982    -0.0264433    
0.0788324    0.13294    0.122982    0.0264433    0.0788324    0.13294    0.122982    0.0264433    
-0.0788324    -0.13294    -0.122982    -0.0264433    -0.0788324    -0.13294    -0.122982    -0.0264433    
-0.0788324    -0.13294    -0.122982    -0.0264433    -0.0788324    -0.13294    -0.122982    -0.0264433    
-0.0788324    -0.13294    -0.122982    -0.0264433    -0.0788324    -0.13294    -0.122982    -0.0264433    
-0.0788324    -0.13294    -0.122982    -0.0264433    -0.0788324    -0.13294    -0.122982    -0.0264433    
0.0788324    0.13294    0.122982    0.0264433    0.0788324    0.13294    0.122982    0.0264433    
0.0788324    0.13294    0.122982    0.0264433    0.0788324    0.13294    0.122982    0.0264433    
0.0788324    0.13294    0.122982    0.0264433    0.0788324    0.13294    0.122982    0.0264433    
0.0788324    0.13294    0.122982    0.0264433    0.0788324    0.13294    0.122982    0.0264433    
0.0788324    0.13294    0.122982    0.0264433    0.0788324    0.13294    0.122982    0.0264433    
0.0788324    0.13294    0.122982    0.0264433    0.0788324    0.13294    0.122982    0.0264433    
0.0788324    0.13294    0.122982    0.0264433    0.0788324    0.13294    0.122982    0.0264433    
0.0788324    0.13294    0.122982    0.0264433    0.0788324    0.13294    0.122982    0.0264433    
0.0788324    0.13294    0.122982    0.0264433    0.0788324    0.13294    0.122982    0.0264433    
0.0788324    0.13294    0.122982    0.0264433    0.0788324    0.13294    0.122982    0.0264433    
0.0788324    0.13294    0.122982    0.0264433    0.0788324    0.13294    0.122982    0.0264433    
0.0788324    0.13294    0.122982    0.0264433    0.0788324    0.13294    0.122982    0.0264433    
0.0788324    0.13294    0.122982    0.0264433    0.0788324    0.13294    0.122982    0.0264433    
0.0788324    0.13294    0.122982    0.0264433    0.0788324    0.13294    0.122982    0.0264433    
0.0788324    0.13294    0.122982    0.0264433    0.0788324    0.13294    0.122982    0.0264433    
0.0788324    0.13294    0.122982    0.0264433    0.0788324    0.13294    0.122982    0.0264433    
0.0788324    0.13294    0.122982    0.0264433    0.0788324    0.13294    0.122982    0.0264433    
0.0788324    0.13294    0.122982    0.0264433    0.0788324    0.13294    0.122982    0.0264433    
0.0788324    0.13294    0.122982    0.0264433    0.0788324    0.13294    0.122982    0.0264433    
0.0788324    0.13294    0.122982    0.0264433    0.0788324    0.13294    0.122982    0.0264433    
0.0788324    0.13294    0.122982    0.0264433    0.0788324    0.13294    0.122982    0.0264433    
0.0788324    0.13294    0.122982    0.0264433    0.0788324    0.13294    0.122982    0.0264433    
0.0788324    0.13294    0.122982    0.0264433    0.0788324    0.13294    0.122982    0.0264433    
0.0788324    0.13294    0.122982    0.0264433    0.0788324    0.13294    0.122982    0.0264433    
0.0788324    0.13294    0.122982    0.0264433    0.0788324    0.13294    0.122982    0.0264433    
0.0788324    0.13294    0.122982    0.0264433    0.0788324    0.13294    0.122982    0.0264433    
0.0788324    0.13294    0.122982    0.0264433    0.0788324    0.13294    0.122982    0.0264433    
0.0788324    0.13294    0.122982    0.0264433    0.0788324    0.13294    0.122982    0.0264433    
0.0788324    0.13294    0.122982    0.0264433    0.0788324    0.13294    0.122982    0.0264433    
0.0788324    0.13294    0.122982    0.0264433    0.0788324    0.13294    0.122982    0.0264433    
0.0788324    0.13294    0.122982    0.0264433    0.0788324    0.13294    0.122982    0.0264433    
0.0788324    0.13294    0.122982    0.0264433    0.0788324    0.13294    0.122982    0.0264433    
0.0788324    0.13294    0.122982    0.0264433    0.0788324    0.13294    0.122982    0.0264433    
0.0788324    0.13294    0.122982    0.0264433    0.0788324    0.13294    0.122982    0.0264433    
0.0788324    0.13294    0.122982    0.0264433    0.0788324    0.13294    0.122982    0.0264433    
0.0788324    0.13294    0.122982    0.0264433    0.0788324    0.13294    0.122982    0.0264433    
0.0788324    0.13294    0.122982    0.0264433    0.0788324    0.13294    0.122982    0.0264433    
0.0788324    0.13294    0.122982    0.0264433    0.0788324    0.13294    0.122982    0.0264433    
0.0788324    0.13294    0.122982    0.0264433    0.0788324    0.13294    0.122982    0.0264433    
0.0788324    0.13294    0.122982    0.0264433    0.0788324    0.13294    0.122982    0.0264433    
0.0788324    0.13294    0.122982    0.0264433    0.0788324    0.13294    0.122982    0.0264433    
0.0788324    0.13294    0.122982    0.0264433    0.0788324    0.13294    0.122982    0.0264433    
0.0788324    0.13294    0.122982    0.0264433    0.0788324    0.13294    0.122982    0.0264433    
0.0788324    0.13294    0.122982    0.0264433    0.0788324    0.13294    0.122982    0.0264433    
0.0788324    0.13294    0.122982    0.0264433    0.0788324    0.13294    0.122982    0.0264433    
0.0788324    0.13294    0.122982    0.0264433    0.0788324    0.13294    0.122982    0.0264433    
0.0788324    0.13294    0.122982    0.0264433    0.0788324    0.13294    0.122982    0.0264433    
0.0788324    0.13294    0.122982    0.0264433    0.0788324    0.13294    0.122982    0.0264433    
0.0788324    0.13294    0.122982    0.0264433    0.0788324    0.13294    0.122982    0.0264433    
0.0788324    0.13294    0.122982    0.0264433    0.0788324    0.13294    0.122982    0.0264433    
0.0788324    0.13294    0.122982    0.0264433    0.0788324    0.13294    0.122982    0.0264433    
0.0788324    0.13294    0.122982    0.0264433    0.0788324    0.13294    0.122982    0.0264433    
0.0788324    0.13294    0.122982    0.0264433    0.0788324    0.13294    0.122982    0.0264433    
0.0788324    0.13294    0.122982    0.0264433    0.0788324    0.13294    0.122982    0.0264433    
0.0788324    0.13294    0.122982    0.0264433    0.0788324    0.13294    0.122982    0.0264433    
0.0788324    0.13294    0.122982    0.0264433    0.0788324    0.13294    0.122982    0.0264433    
0.0788324    0.13294    0.122982    0.0264433    0.0788324    0.13294    0.122982    0.0264433    
0.0788324    0.13294    0.122982    0.0264433    0.0788324    0.13294    0.122982    0.0264433    
0.0788324    0.13294    0.122982    0.0264433    0.0788324    0.13294    0.122982    0.0264433    
0.0788324    0.13294    0.122982    0.0264433    0.0788324    0.13294    0.122982    0.0264433    
0.0788324    0.13294    0.122982    0.0264433    0.0788324    0.13294    0.122982    0.0264433    
0.0788324    0.13294    0.122982    0.0264433    0.0788324    0.13294    0.122982    0.0264433    
0.0788324    0.13294    0.122982    0.0264433    0.0788324    0.13294    0.122982    0.0264433    
0.0788324    0.13294    0.122982    0.0264433    0.0788324    0.13294    0.122982    0.0264433    
0.0788324    0.13294    0.122982    0.0264433    0.0788324    0.13294    0.122982    0.0264433    
0.0788324    0.13294    0.122982    0.0264433    0.0788324    0.13294    0.122982    0.0264433    
0.0788324    0.13294    0.122982    0.0264433    0.0788324    0.13294    0.122982    0.0264433    
0.0788324    0.13294    0.122982    0.0264433    0.0788324    0.13294    0.122982    0.0264433    
0.0788324    0.13294    0.122982    0.0264433    0.0788324    0.13294    0.122982    0.0264433    
0.0788324    0.13294    0.122982    0.0264433    0.0788324    0.13294    0.122982    0.0264433    
0.0788324    0.13294    0.122982    0.0264433    0.0788324    0.13294    0.122982    0.0264433    
0.0788324    0.13294    0.122982    0.0264433    0.0788324    0.13294    0.122982    0.0264433    
0.0788324    0.13294    0.122982    0.0264433    0.0788324    0.13294    0.122982    0.0264433    
0.0788324    0.13294    0.122982    0.0264433    0.0788324    0.13294    0.122982    0.0264433    
0.0788324    0.13294    0.122982    0.0264433    0.0788324    0.13294    0.122982    0.0264433    
0.0788324    0.13294    0.122982    0.0264433    0.0788324    0.13294    0.122982    0.0264433    
0.0788324    0.13294    0.122982    0.0264433    0.0788324    0.13294    0.122982    0.0264433    
0.0788324    0.13294    0.122982    0.0264433    0.0788324    0.13294    0.122982    0.0264433    
0.0788324    0.13294    0.122982    0.0264433    0.0788324    0.13294    0.122982    0.0264433    
0.0788324    0.13294    0.122982    0.0264433    0.0788324    0.13294    0.122982    0.0264433    
0.0788324    0.13294    0.122982    0.0264433    0.0788324    0.13294    0.122982    0.0264433    
0.0788324    0.13294    0.122982    0.0264433    0.0788324    0.13294    0.122982    0.0264433    
0.0788324    0.13294    0.122982    0.0264433    0.0788324    0.13294    0.122982    0.0264433    
0.0788324    0.13294    0.122982    0.0264433    0.0788324    0.13294    0.122982    0.0264433    
0.0788324    0.13294    0.122982    0.0264433    0.0788324    0.13294    0.122982    0.0264433    
0.0788324    0.13294    0.122982    0.0264433    0.0788324    0.13294    0.122982    0.0264433    
0.0788324    0.13294    0.122982    0.0264433    0.0788324    0.13294    0.122982    0.0264433    
0.0788324    0.13294    0.122982    0.0264433    0.0788324    0.13294    0.122982    0.0264433    
0.0788324    0.13294    0.122982    0.0264433    0.0788324    0.13294    0.122982    0.0264433    
0.0788324    0.13294    0.122982    0.0264433    0.0788324    0.13294    0.122982    0.0264433    
0.0788324    0.13294    0.122982    0.0264433    0.0788324    0.13294    0.122982    0.0264433    
0.0788324    0.13294    0.122982    0.0264433    0.0788324    0.13294    0.122982    0.0264433    
0.0788324    0.13294    0.122982    0.0264433    0.0788324    0.13294    0.122982    0.0264433    
0.0788324    0.13294    0.122982    0.0264433    0.0788324    0.13294    0.122982    0.0264433    
0.0788324    0.13294    0.122982    0.0264433    0.0788324    0.13294    0.122982    0.0264433    
0.0788324    0.13294    0.122982    0.0264433    0.0788324    0.13294    0.122982    0.0264433    
0.0788324    0.13294    0.122982    0.0264433    0.0788324    0.13294    0.122982    0.0264433    
0.0788324    0.13294    0.122982    0.0264433    0.0788324    0.13294    0.122982    0.0264433    
0.0788324    0.13294    0.122982    0.0264433    0.0788324    0.13294    0.122982    0.0264433    
0.0788324    0.13294    0.122982    0.0264433    0.0788324    0.13294    0.122982    0.0264433    
0.0788324    0.13294    0.122982    0.0264433    0.0788324    0.13294    0.122982    0.0264433    
0.0788324    0.13294    0.122982    0.0264433    0.0788324    0.13294    0.122982    0.0264433    
0.0788324    0.13294    0.122982    0.0264433    0.0788324    0.13294    0.122982    0.0264433    
0.0788324    0.13294    0.122982    0.0264433    0.0788324    0.13294    0.122982    0.0264433    
0.0788324    0.13294    0.122982    0.0264433    0.0788324    0.13294    0.122982    0.0264433    
