1.2    -1.11796    0.000175804    -0.629992    -2.6426    0.147538
1.20175    -1.11814    0.000672106    -0.629664    -2.64118    0.1487
1.20517    -1.11848    0.0014334    -0.629028    -2.63841    0.150939
1.21017    -1.11896    0.00239573    -0.628102    -2.63437    0.154154
1.21663    -1.11956    0.00349115    -0.62691    -2.62918    0.158219
1.22443    -1.12024    0.00465192    -0.625479    -2.62293    0.162989
1.23343    -1.12098    0.0058144    -0.623835    -2.61577    0.168317
1.2435    -1.12174    0.00692197    -0.62201    -2.60782    0.174053
1.25448    -1.12249    0.00792722    -0.620033    -2.5992    0.180057
1.26623    -1.12322    0.00879315    -0.617935    -2.59006    0.186201
1.27861    -1.1239    0.00949349    -0.615743    -2.58051    0.19237
1.29147    -1.12452    0.0100124    -0.613485    -2.57068    0.198468
1.30468    -1.12506    0.0103437    -0.611187    -2.56068    0.204415
1.31811    -1.12551    0.0104892    -0.608873    -2.55061    0.210148
1.33163    -1.12588    0.0104578    -0.606564    -2.54056    0.215619
1.34513    -1.12617    0.0102638    -0.604281    -2.53062    0.220795
1.3585    -1.12637    0.00992523    -0.602039    -2.52087    0.225653
1.37165    -1.12649    0.00946288    -0.599855    -2.51137    0.23018
1.38449    -1.12654    0.00889881    -0.597741    -2.50218    0.234374
1.39694    -1.12653    0.00825553    -0.595709    -2.49334    0.238236
1.40894    -1.12646    0.00755514    -0.593769    -2.4849    0.241773
1.42041    -1.12635    0.00681869    -0.591927    -2.47689    0.244996
1.43131    -1.1262    0.00606573    -0.590191    -2.46934    0.247918
1.44159    -1.12602    0.00531398    -0.588565    -2.46226    0.250553
1.45121    -1.12582    0.00457912    -0.587054    -2.45569    0.252918
1.46015    -1.12561    0.00387469    -0.58566    -2.44963    0.255028
1.46836    -1.12539    0.00321202    -0.584385    -2.44408    0.256897
1.47584    -1.12518    0.00260036    -0.58323    -2.43906    0.258543
1.48257    -1.12497    0.00204685    -0.582197    -2.43456    0.259977
1.48855    -1.12478    0.00155673    -0.581284    -2.43058    0.261215
1.49375    -1.1246    0.00113342    -0.58049    -2.42713    0.262268
1.4982    -1.12444    0.000778689    -0.579815    -2.42419    0.263147
1.50188    -1.12431    0.000492811    -0.579258    -2.42177    0.263862
1.50481    -1.1242    0.000274736    -0.578815    -2.41984    0.264423
1.507    -1.12412    0.000122241    -0.578485    -2.4184    0.264836
1.50846    -1.12406    3.20889e-05    -0.578265    -2.41744    0.26511
1.50921    -1.12403    1.77175e-07    -0.578153    -2.41695    0.265249
1.50926    -1.12403    2.16802e-05    -0.578144    -2.41692    0.265259
1.50865    -1.12405    9.11857e-05    -0.578237    -2.41732    0.265145
1.50739    -1.1241    0.000202822    -0.578427    -2.41815    0.264908
1.50551    -1.12417    0.000350379    -0.57871    -2.41938    0.264554
1.50304    -1.12427    0.000527421    -0.579084    -2.421    0.264083
1.50001    -1.12438    0.000727396    -0.579542    -2.423    0.263498
1.49645    -1.12451    0.000943735    -0.580082    -2.42535    0.2628
1.49239    -1.12465    0.00116995    -0.580698    -2.42803    0.261992
1.48788    -1.1248    0.00139972    -0.581387    -2.43103    0.261075
1.48294    -1.12496    0.00162699    -0.582142    -2.43431    0.260051
1.47761    -1.12513    0.00184605    -0.582959    -2.43787    0.258921
1.47194    -1.12529    0.00205158    -0.583833    -2.44167    0.257688
1.46596    -1.12546    0.00223879    -0.584758    -2.44569    0.256355
1.45972    -1.12562    0.00240342    -0.585728    -2.44991    0.254925
1.45324    -1.12577    0.00254185    -0.586737    -2.4543    0.253402
1.44659    -1.12592    0.0026511    -0.58778    -2.45884    0.251791
1.43979    -1.12605    0.00272894    -0.58885    -2.46349    0.250098
1.4329    -1.12617    0.00277389    -0.58994    -2.46824    0.248329
1.42595    -1.12628    0.00278522    -0.591045    -2.47304    0.246493
1.41898    -1.12637    0.00276301    -0.592157    -2.47788    0.244599
1.41204    -1.12644    0.0027081    -0.59327    -2.48272    0.242657
1.40517    -1.12649    0.00262211    -0.594377    -2.48754    0.240678
1.39841    -1.12652    0.00250737    -0.595472    -2.4923    0.238676
1.3918    -1.12654    0.00236687    -0.596547    -2.49698    0.236663
1.38538    -1.12654    0.0022042    -0.597597    -2.50154    0.234654
1.37918    -1.12653    0.00202343    -0.598614    -2.50597    0.232665
1.37324    -1.1265    0.00182902    -0.599592    -2.51022    0.230711
1.3676    -1.12646    0.00162572    -0.600526    -2.51429    0.228809
1.36228    -1.12641    0.0014184    -0.60141    -2.51813    0.226976
1.35731    -1.12635    0.00121191    -0.602239    -2.52174    0.225228
1.35271    -1.12629    0.00101097    -0.603007    -2.52508    0.22358
1.34851    -1.12623    0.000820003    -0.603711    -2.52814    0.222049
1.34473    -1.12616    0.000643031    -0.604347    -2.53091    0.220647
1.34139    -1.1261    0.000483531    -0.604912    -2.53337    0.219388
1.33848    -1.12604    0.000344354    -0.605402    -2.5355    0.218282
1.33603    -1.12599    0.000227648    -0.605817    -2.53731    0.217339
1.33404    -1.12594    0.000134808    -0.606155    -2.53878    0.216565
1.33251    -1.1259    6.6459e-05    -0.606415    -2.53991    0.215966
1.33143    -1.12588    2.24621e-05    -0.606598    -2.5407    0.215542
1.33081    -1.12586    1.95468e-06    -0.606704    -2.54117    0.215295
1.33062    -1.12586    3.41176e-06    -0.606735    -2.5413    0.215223
1.33087    -1.12587    2.47314e-05    -0.606694    -2.54112    0.215319
1.33152    -1.12588    6.33372e-05    -0.606582    -2.54064    0.215578
1.33257    -1.12591    0.000116293    -0.606404    -2.53986    0.215991
1.334    -1.12594    0.000180426    -0.606162    -2.53881    0.216548
1.33577    -1.12598    0.000252447    -0.605861    -2.5375    0.217237
1.33787    -1.12603    0.000329068    -0.605506    -2.53595    0.218046
1.34026    -1.12608    0.000407115    -0.605101    -2.53419    0.218962
1.34293    -1.12613    0.000483622    -0.604652    -2.53224    0.21997
1.34583    -1.12618    0.000555912    -0.604163    -2.53011    0.221056
1.34894    -1.12623    0.000621661    -0.603639    -2.52783    0.222207
1.35223    -1.12628    0.000678942    -0.603087    -2.52543    0.223408
1.35567    -1.12633    0.000726256    -0.602512    -2.52293    0.224647
1.35923    -1.12638    0.000762534    -0.601918    -2.52034    0.22591
1.36287    -1.12642    0.00078714    -0.601311    -2.5177    0.227185
1.36658    -1.12645    0.000799845    -0.600695    -2.51502    0.228462
1.37031    -1.12648    0.000800799    -0.600077    -2.51233    0.229729
1.37405    -1.12651    0.00079049    -0.599459    -2.50965    0.230979
1.37776    -1.12652    0.000769697    -0.598848    -2.50699    0.232202
1.38142    -1.12654    0.000739443    -0.598245    -2.50437    0.23339
1.38501    -1.12654    0.000700938    -0.597657    -2.50181    0.234538
1.3885    -1.12654    0.00065553    -0.597085    -2.49932    0.235639
1.39188    -1.12654    0.000604653    -0.596533    -2.49692    0.23669
1.39513    -1.12654    0.00054978    -0.596005    -2.49462    0.237685
1.39822    -1.12653    0.00049238    -0.595502    -2.49243    0.238621
1.40115    -1.12651    0.000433877    -0.595027    -2.49037    0.239496
1.4039    -1.1265    0.000375618    -0.594582    -2.48843    0.240309
1.40646    -1.12648    0.000318847    -0.594168    -2.48663    0.241056
1.40882    -1.12646    0.000264677    -0.593788    -2.48498    0.241738
1.41097    -1.12645    0.000214078    -0.593442    -2.48347    0.242353
1.4129    -1.12643    0.000167863    -0.593132    -2.48212    0.242902
1.41461    -1.12641    0.000126683    -0.592857    -2.48093    0.243384
1.41609    -1.1264    9.10197e-05    -0.592619    -2.47989    0.2438
1.41735    -1.12638    6.11938e-05    -0.592417    -2.47901    0.244151
1.41839    -1.12637    3.73652e-05    -0.592252    -2.47829    0.244437
1.41919    -1.12636    1.95438e-05    -0.592122    -2.47773    0.244659
1.41978    -1.12636    7.59946e-06    -0.592029    -2.47733    0.24482
1.42014    -1.12635    1.27577e-06    -0.591971    -2.47707    0.24492
1.42029    -1.12635    2.04475e-07    -0.591947    -2.47697    0.244961
1.42023    -1.12635    3.92166e-06    -0.591957    -2.47701    0.244945
1.41997    -1.12635    1.18847e-05    -0.591998    -2.47719    0.244873
1.41951    -1.12636    2.34896e-05    -0.592071    -2.47751    0.244748
1.41887    -1.12637    3.80886e-05    -0.592174    -2.47795    0.244571
1.41806    -1.12638    5.50073e-05    -0.592304    -2.47852    0.244346
1.41708    -1.12639    7.35614e-05    -0.592461    -2.4792    0.244074
1.41595    -1.1264    9.30731e-05    -0.592642    -2.47999    0.243759
1.41467    -1.12641    0.000112885    -0.592847    -2.48088    0.243402
1.41327    -1.12642    0.000132376    -0.593072    -2.48186    0.243007
1.41175    -1.12644    0.00015097    -0.593316    -2.48292    0.242576
1.41013    -1.12645    0.00016815    -0.593577    -2.48406    0.242114
1.40842    -1.12647    0.000183465    -0.593853    -2.48526    0.241622
1.40663    -1.12648    0.000196537    -0.594141    -2.48651    0.241105
1.40478    -1.12649    0.000207067    -0.59444    -2.48781    0.240565
1.40288    -1.1265    0.000214837    -0.594747    -2.48915    0.240007
1.40095    -1.12651    0.000219713    -0.595061    -2.49051    0.239434
1.39899    -1.12652    0.000221642    -0.595378    -2.49189    0.23885
1.39702    -1.12653    0.000220649    -0.595697    -2.49328    0.238259
1.39506    -1.12654    0.000216836    -0.596016    -2.49467    0.237664
1.39312    -1.12654    0.000210372    -0.596332    -2.49604    0.237069
1.39121    -1.12654    0.000201487    -0.596644    -2.4974    0.236479
1.38933    -1.12654    0.000190465    -0.59695    -2.49873    0.235897
1.38751    -1.12654    0.000177631    -0.597248    -2.50003    0.235327
1.38575    -1.12654    0.000163342    -0.597536    -2.50128    0.234772
1.38406    -1.12654    0.000147979    -0.597812    -2.50248    0.234236
1.38246    -1.12654    0.000131929    -0.598075    -2.50363    0.233723
1.38094    -1.12653    0.000115583    -0.598324    -2.50471    0.233235
1.37952    -1.12653    9.93185e-05    -0.598558    -2.50572    0.232776
1.37821    -1.12653    8.34925e-05    -0.598774    -2.50666    0.232348
1.377    -1.12652    6.84339e-05    -0.598973    -2.50753    0.231953
1.37591    -1.12652    5.44343e-05    -0.599152    -2.50831    0.231594
1.37493    -1.12651    4.17425e-05    -0.599313    -2.50901    0.231273
1.37408    -1.12651    3.05601e-05    -0.599454    -2.50962    0.23099
1.37335    -1.1265    2.10376e-05    -0.599574    -2.51015    0.230748
1.37275    -1.1265    1.32739e-05    -0.599674    -2.51058    0.230546
1.37227    -1.1265    7.31548e-06    -0.599754    -2.51093    0.230385
1.37191    -1.12649    3.15857e-06    -0.599813    -2.51118    0.230266
1.37167    -1.12649    7.51779e-07    -0.599851    -2.51135    0.230187
1.37156    -1.12649    3.99327e-10    -0.59987    -2.51143    0.230149
1.37156    -1.12649    7.71522e-07    -0.59987    -2.51143    0.23015
1.37168    -1.12649    2.90007e-06    -0.599851    -2.51135    0.230189
1.3719    -1.12649    6.1954e-06    -0.599814    -2.51119    0.230264
1.37223    -1.12649    1.04482e-05    -0.599759    -2.51095    0.230374
1.37266    -1.1265    1.54376e-05    -0.599689    -2.51064    0.230516
1.37318    -1.1265    2.09379e-05    -0.599603    -2.51027    0.230689
1.37378    -1.1265    2.67257e-05    -0.599503    -2.50984    0.23089
1.37446    -1.12651    3.25854e-05    -0.599391    -2.50935    0.231117
1.37522    -1.12651    3.8315e-05    -0.599266    -2.50881    0.231366
1.37603    -1.12652    4.37309e-05    -0.599132    -2.50822    0.231636
1.37691    -1.12652    4.86714e-05    -0.598988    -2.5076    0.231923
1.37783    -1.12652    5.30001e-05    -0.598836    -2.50694    0.232224
1.37879    -1.12653    5.66076e-05    -0.598678    -2.50625    0.232538
1.37978    -1.12653    5.94125e-05    -0.598515    -2.50554    0.23286
1.3808    -1.12653    6.1362e-05    -0.598347    -2.50481    0.23319
1.38183    -1.12654    6.2431e-05    -0.598178    -2.50407    0.233523
1.38288    -1.12654    6.26209e-05    -0.598007    -2.50333    0.233857
1.38392    -1.12654    6.19575e-05    -0.597835    -2.50258    0.234191
1.38496    -1.12654    6.04888e-05    -0.597665    -2.50184    0.234522
1.38599    -1.12654    5.82818e-05    -0.597497    -2.50111    0.234847
1.38699    -1.12654    5.54194e-05    -0.597332    -2.50039    0.235165
1.38798    -1.12654    5.19971e-05    -0.597171    -2.49969    0.235474
1.38893    -1.12654    4.81193e-05    -0.597016    -2.49902    0.235772
1.38984    -1.12654    4.38961e-05    -0.596866    -2.49837    0.236057
1.39072    -1.12654    3.94399e-05    -0.596723    -2.49775    0.236329
1.39155    -1.12654    3.48622e-05    -0.596588    -2.49716    0.236586
1.39233    -1.12654    3.02706e-05    -0.596461    -2.4966    0.236826
1.39305    -1.12654    2.57667e-05    -0.596343    -2.49609    0.237049
1.39372    -1.12654    2.14434e-05    -0.596234    -2.49561    0.237255
1.39434    -1.12654    1.73831e-05    -0.596134    -2.49518    0.237442
1.39489    -1.12654    1.36567e-05    -0.596045    -2.49479    0.23761
1.39537    -1.12653    1.03222e-05    -0.595965    -2.49445    0.237758
1.3958    -1.12653    7.42412e-06    -0.595896    -2.49415    0.237887
1.39616    -1.12653    4.99343e-06    -0.595838    -2.49389    0.237996
1.39645    -1.12653    3.04749e-06    -0.59579    -2.49368    0.238086
1.39668    -1.12653    1.59062e-06    -0.595752    -2.49352    0.238156
1.39685    -1.12653    6.14782e-07    -0.595725    -2.4934    0.238206
1.39695    -1.12653    1.00625e-07    -0.595708    -2.49333    0.238237
1.39699    -1.12653    1.86869e-08    -0.595702    -2.4933    0.23825
1.39698    -1.12653    3.30783e-07    -0.595705    -2.49331    0.238244
1.3969    -1.12653    9.9152e-07    -0.595717    -2.49337    0.238221
1.39677    -1.12653    1.94989e-06    -0.595738    -2.49346    0.238182
1.39658    -1.12653    3.1509e-06    -0.595768    -2.49359    0.238126
1.39635    -1.12653    4.53719e-06    -0.595806    -2.49376    0.238055
1.39607    -1.12653    6.05062e-06    -0.595852    -2.49395    0.23797
1.39574    -1.12653    7.63378e-06    -0.595905    -2.49418    0.237871
1.39538    -1.12653    9.23138e-06    -0.595964    -2.49444    0.23776
1.39498    -1.12654    1.07915e-05    -0.596029    -2.49473    0.237638
1.39454    -1.12654    1.22666e-05    -0.5961    -2.49503    0.237506
1.39408    -1.12654    1.36147e-05    -0.596175    -2.49536    0.237365
1.3936    -1.12654    1.47998e-05    -0.596255    -2.49571    0.237215
1.39309    -1.12654    1.57927e-05    -0.596337    -2.49607    0.23706
1.39256    -1.12654    1.6571e-05    -0.596423    -2.49644    0.236898
1.39203    -1.12654    1.71196e-05    -0.59651    -2.49682    0.236733
1.39148    -1.12654    1.74304e-05    -0.596599    -2.49721    0.236564
1.39093    -1.12654    1.75024e-05    -0.596689    -2.4976    0.236394
1.39038    -1.12654    1.73407e-05    -0.596779    -2.49799    0.236222
1.38983    -1.12654    1.69568e-05    -0.596869    -2.49838    0.236051
1.38928    -1.12654    1.63672e-05    -0.596958    -2.49876    0.235882
1.38875    -1.12654    1.55931e-05    -0.597045    -2.49914    0.235715
1.38823    -1.12654    1.46595e-05    -0.59713    -2.49951    0.235552
1.38772    -1.12654    1.35941e-05    -0.597213    -2.49987    0.235394
1.38724    -1.12654    1.24268e-05    -0.597292    -2.50022    0.235241
1.38677    -1.12654    1.11884e-05    -0.597369    -2.50055    0.235094
1.38633    -1.12654    9.90981e-06    -0.597441    -2.50087    0.234955
1.38591    -1.12654    8.62156e-06    -0.597509    -2.50116    0.234824
1.38553    -1.12654    7.35259e-06    -0.597572    -2.50144    0.234701
1.38517    -1.12654    6.12978e-06    -0.597631    -2.50169    0.234588
1.38484    -1.12654    4.97734e-06    -0.597684    -2.50193    0.234484
1.38455    -1.12654    3.91629e-06    -0.597733    -2.50214    0.23439
1.38429    -1.12654    2.96411e-06    -0.597776    -2.50232    0.234307
1.38406    -1.12654    2.13447e-06    -0.597813    -2.50248    0.234235
1.38387    -1.12654    1.43713e-06    -0.597844    -2.50262    0.234173
1.38371    -1.12654    8.77848e-07    -0.59787    -2.50273    0.234123
1.38358    -1.12654    4.58516e-07    -0.597891    -2.50282    0.234083
1.38349    -1.12654    1.77328e-07    -0.597905    -2.50289    0.234055
1.38344    -1.12654    2.90517e-08    -0.597914    -2.50293    0.234037
1.38342    -1.12654    5.37438e-09    -0.597918    -2.50294    0.23403
1.38343    -1.12654    9.53163e-08    -0.597917    -2.50294    0.234033
1.38347    -1.12654    2.85686e-07    -0.59791    -2.50291    0.234046
1.38354    -1.12654    5.6157e-07    -0.597898    -2.50286    0.234069
1.38364    -1.12654    9.06834e-07    -0.597882    -2.50279    0.2341
1.38376    -1.12654    1.30463e-06    -0.597861    -2.5027    0.23414
1.38391    -1.12654    1.7379e-06    -0.597837    -2.50259    0.234188
1.38409    -1.12654    2.18982e-06    -0.597808    -2.50246    0.234244
1.38428    -1.12654    2.64426e-06    -0.597776    -2.50232    0.234306
1.3845    -1.12654    3.08613e-06    -0.597741    -2.50217    0.234374
1.38473    -1.12654    3.50176e-06    -0.597703    -2.50201    0.234448
1.38497    -1.12654    3.87913e-06    -0.597663    -2.50183    0.234526
1.38523    -1.12654    4.20811e-06    -0.59762    -2.50164    0.234609
1.38551    -1.12654    4.48058e-06    -0.597576    -2.50145    0.234695
1.38579    -1.12654    4.69052e-06    -0.59753    -2.50125    0.234783
1.38607    -1.12654    4.83406e-06    -0.597483    -2.50105    0.234874
1.38636    -1.12654    4.90938e-06    -0.597436    -2.50084    0.234965
1.38665    -1.12654    4.91668e-06    -0.597388    -2.50063    0.235058
1.38695    -1.12654    4.85801e-06    -0.59734    -2.50043    0.23515
1.38724    -1.12654    4.73707e-06    -0.597292    -2.50022    0.235241
1.38752    -1.12654    4.55908e-06    -0.597245    -2.50001    0.235332
1.38781    -1.12654    4.33045e-06    -0.597199    -2.49981    0.23542
1.38808    -1.12654    4.05857e-06    -0.597154    -2.49962    0.235506
1.38835    -1.12654    3.75157e-06    -0.597111    -2.49943    0.23559
1.3886    -1.12654    3.41802e-06    -0.597069    -2.49925    0.23567
1.38885    -1.12654    3.06669e-06    -0.597029    -2.49907    0.235746
1.38908    -1.12654    2.70631e-06    -0.596991    -2.49891    0.235818
1.3893    -1.12654    2.34532e-06    -0.596956    -2.49876    0.235886
1.3895    -1.12654    1.9917e-06    -0.596923    -2.49861    0.235949
1.38968    -1.12654    1.65275e-06    -0.596892    -2.49848    0.236007
1.38985    -1.12654    1.33499e-06    -0.596865    -2.49836    0.23606
1.39001    -1.12654    1.044e-06    -0.59684    -2.49825    0.236107
1.39014    -1.12654    7.84332e-07    -0.596818    -2.49816    0.236149
1.39026    -1.12654    5.59494e-07    -0.596799    -2.49807    0.236186
1.39036    -1.12654    3.7189e-07    -0.596783    -2.498    0.236216
1.39044    -1.12654    2.22845e-07    -0.596769    -2.49795    0.236241
1.3905    -1.12654    1.12629e-07    -0.596759    -2.4979    0.236261
1.39054    -1.12654    4.05234e-08    -0.596752    -2.49787    0.236274
1.39057    -1.12654    4.89864e-09    -0.596748    -2.49785    0.236283
1.39058    -1.12654    3.31382e-09    -0.596746    -2.49784    0.236285
1.39057    -1.12654    3.2631e-08    -0.596747    -2.49785    0.236283
1.39055    -1.12654    8.91396e-08    -0.596751    -2.49787    0.236276
1.39051    -1.12654    1.68688e-07    -0.596758    -2.49789    0.236263
1.39045    -1.12654    2.66819e-07    -0.596767    -2.49793    0.236247
1.39039    -1.12654    3.78903e-07    -0.596778    -2.49798    0.236225
1.3903    -1.12654    5.00265e-07    -0.596791    -2.49804    0.2362
1.39021    -1.12654    6.26315e-07    -0.596806    -2.49811    0.236171
1.39011    -1.12654    7.52653e-07    -0.596823    -2.49818    0.236139
1.38999    -1.12654    8.75177e-07    -0.596842    -2.49826    0.236103
1.38987    -1.12654    9.90166e-07    -0.596862    -2.49835    0.236065
1.38974    -1.12654    1.09435e-06    -0.596884    -2.49844    0.236024
1.3896    -1.12654    1.18498e-06    -0.596906    -2.49854    0.235981
1.38946    -1.12654    1.25983e-06    -0.59693    -2.49864    0.235936
1.38931    -1.12654    1.31728e-06    -0.596954    -2.49875    0.23589
1.38916    -1.12654    1.35627e-06    -0.596979    -2.49886    0.235843
1.389    -1.12654    1.3763e-06    -0.597004    -2.49896    0.235795
1.38885    -1.12654    1.37744e-06    -0.597029    -2.49907    0.235746
1.38869    -1.12654    1.36024e-06    -0.597054    -2.49918    0.235698
1.38854    -1.12654    1.32574e-06    -0.597079    -2.49929    0.23565
1.38839    -1.12654    1.27538e-06    -0.597104    -2.4994    0.235602
1.38824    -1.12654    1.21092e-06    -0.597129    -2.49951    0.235555
1.38809    -1.12654    1.13444e-06    -0.597152    -2.49961    0.23551
1.38795    -1.12654    1.04817e-06    -0.597175    -2.49971    0.235466
1.38782    -1.12654    9.54515e-07    -0.597197    -2.49981    0.235423
1.38769    -1.12654    8.5592e-07    -0.597219    -2.4999    0.235383
1.38757    -1.12654    7.54825e-07    -0.597239    -2.49999    0.235345
1.38745    -1.12654    6.536e-07    -0.597257    -2.50007    0.235308
1.38734    -1.12654    5.5448e-07    -0.597275    -2.50014    0.235275
1.38725    -1.12654    4.59523e-07    -0.597291    -2.50021    0.235244
1.38716    -1.12654    3.70559e-07    -0.597305    -2.50028    0.235216
1.38708    -1.12654    2.8916e-07    -0.597319    -2.50033    0.235191
1.38701    -1.12654    2.16613e-07    -0.59733    -2.50038    0.235168
1.38694    -1.12654    1.53902e-07    -0.59734    -2.50043    0.235149
1.38689    -1.12654    1.01705e-07    -0.597349    -2.50047    0.235133
1.38685    -1.12654    6.03894e-08    -0.597356    -2.5005    0.235119
1.38682    -1.12654    3.00252e-08    -0.597361    -2.50052    0.235109
1.38679    -1.12654    1.04001e-08    -0.597365    -2.50053    0.235102
1.38678    -1.12654    1.04276e-09    -0.597367    -2.50054    0.235098
1.38678    -1.12654    1.25128e-09    -0.597368    -2.50055    0.235096
1.38678    -1.12654    1.01256e-08    -0.597367    -2.50054    0.235098
1.38679    -1.12654    2.66039e-08    -0.597365    -2.50053    0.235102
1.38682    -1.12654    4.94999e-08    -0.597361    -2.50052    0.235109
1.38685    -1.12654    7.75424e-08    -0.597356    -2.5005    0.235118
1.38688    -1.12654    1.09414e-07    -0.59735    -2.50047    0.23513
1.38693    -1.12654    1.43786e-07    -0.597343    -2.50044    0.235143
1.38698    -1.12654    1.7936e-07    -0.597335    -2.50041    0.235159
1.38703    -1.12654    2.14892e-07    -0.597326    -2.50037    0.235177
1.38709    -1.12654    2.49228e-07    -0.597316    -2.50032    0.235196
1.38716    -1.12654    2.81325e-07    -0.597305    -2.50028    0.235217
1.38723    -1.12654    3.10273e-07    -0.597294    -2.50023    0.235239
1.3873    -1.12654    3.35307e-07    -0.597282    -2.50017    0.235262
1.38738    -1.12654    3.55824e-07    -0.597269    -2.50012    0.235286
1.38746    -1.12654    3.71382e-07    -0.597256    -2.50006    0.235311
1.38754    -1.12654    3.81703e-07    -0.597243    -2.50001    0.235336
1.38762    -1.12654    3.86672e-07    -0.59723    -2.49995    0.235362
1.3877    -1.12654    3.86327e-07    -0.597216    -2.49989    0.235387
1.38778    -1.12654    3.8085e-07    -0.597203    -2.49983    0.235413
1.38787    -1.12654    3.70549e-07    -0.597189    -2.49977    0.235439
1.38795    -1.12654    3.55846e-07    -0.597176    -2.49972    0.235464
1.38802    -1.12654    3.37256e-07    -0.597163    -2.49966    0.235489
1.3881    -1.12654    3.15369e-07    -0.597151    -2.4996    0.235513
1.38818    -1.12654    2.90829e-07    -0.597139    -2.49955    0.235536
1.38825    -1.12654    2.6431e-07    -0.597127    -2.4995    0.235558
1.38831    -1.12654    2.36504e-07    -0.597116    -2.49945    0.235579
1.38838    -1.12654    2.08092e-07    -0.597106    -2.49941    0.235599
1.38844    -1.12654    1.79737e-07    -0.597096    -2.49936    0.235618
1.38849    -1.12654    1.52057e-07    -0.597087    -2.49933    0.235636
1.38855    -1.12654    1.2562e-07    -0.597078    -2.49929    0.235652
1.38859    -1.12654    1.0093e-07    -0.597071    -2.49926    0.235667
1.38863    -1.12654    7.84125e-08    -0.597064    -2.49923    0.23568
1.38867    -1.12654    5.84168e-08    -0.597058    -2.4992    0.235691
1.3887    -1.12654    4.12052e-08    -0.597052    -2.49918    0.235701
1.38873    -1.12654    2.69543e-08    -0.597048    -2.49916    0.23571
1.38875    -1.12654    1.57549e-08    -0.597045    -2.49914    0.235716
1.38877    -1.12654    7.61541e-09    -0.597042    -2.49913    0.235722
1.38878    -1.12654    2.46635e-09    -0.59704    -2.49912    0.235725
1.38879    -1.12654    1.67353e-10    -0.597039    -2.49912    0.235727
1.38879    -1.12654    5.15062e-10    -0.597039    -2.49912    0.235728
1.38879    -1.12654    3.25241e-09    -0.597039    -2.49912    0.235727
1.38878    -1.12654    8.07865e-09    -0.59704    -2.49912    0.235724
1.38877    -1.12654    1.46599e-08    -0.597042    -2.49913    0.235721
1.38875    -1.12654    2.26398e-08    -0.597045    -2.49914    0.235716
1.38873    -1.12654    3.16505e-08    -0.597048    -2.49916    0.23571
1.38871    -1.12654    4.13223e-08    -0.597052    -2.49917    0.235702
1.38868    -1.12654    5.12942e-08    -0.597056    -2.49919    0.235694
1.38865    -1.12654    6.12219e-08    -0.597061    -2.49921    0.235684
1.38862    -1.12654    7.07861e-08    -0.597067    -2.49924    0.235674
1.38858    -1.12654    7.96995e-08    -0.597072    -2.49926    0.235663
1.38854    -1.12654    8.77114e-08    -0.597078    -2.49929    0.235652
1.38851    -1.12654    9.46128e-08    -0.597085    -2.49932    0.235639
1.38847    -1.12654    1.00238e-07    -0.597091    -2.49935    0.235627
1.38842    -1.12654    1.04469e-07    -0.597098    -2.49938    0.235614
1.38838    -1.12654    1.0723e-07    -0.597105    -2.49941    0.2356
1.38834    -1.12654    1.08494e-07    -0.597112    -2.49944    0.235587
1.38829    -1.12654    1.08273e-07    -0.597119    -2.49947    0.235573
1.38825    -1.12654    1.06621e-07    -0.597127    -2.4995    0.235559
1.38821    -1.12654    1.03627e-07    -0.597134    -2.49953    0.235546
1.38817    -1.12654    9.94098e-08    -0.59714    -2.49956    0.235533
1.38812    -1.12654    9.41165e-08    -0.597147    -2.49959    0.23552
1.38808    -1.12654    8.79127e-08    -0.597154    -2.49962    0.235507
1.38804    -1.12654    8.09791e-08    -0.59716    -2.49965    0.235495
1.38801    -1.12654    7.35058e-08    -0.597166    -2.49967    0.235483
1.38797    -1.12654    6.56859e-08    -0.597172    -2.4997    0.235472
1.38794    -1.12654    5.77108e-08    -0.597178    -2.49972    0.235461
1.3879    -1.12654    4.97649e-08    -0.597183    -2.49974    0.235451
1.38788    -1.12654    4.20215e-08    -0.597188    -2.49977    0.235442
1.38785    -1.12654    3.46386e-08    -0.597192    -2.49978    0.235433
1.38782    -1.12654    2.77558e-08    -0.597196    -2.4998    0.235426
1.3878    -1.12654    2.14919e-08    -0.5972    -2.49982    0.235419
1.38778    -1.12654    1.59429e-08    -0.597203    -2.49983    0.235413
1.38777    -1.12654    1.11807e-08    -0.597206    -2.49984    0.235407
1.38775    -1.12654    7.25321e-09    -0.597208    -2.49985    0.235403
1.38774    -1.12654    4.18413e-09    -0.59721    -2.49986    0.2354
1.38773    -1.12654    1.97403e-09    -0.597211    -2.49987    0.235397
1.38773    -1.12654    6.01693e-10    -0.597212    -2.49987    0.235395
1.38772    -1.12654    2.60564e-11    -0.597213    -2.49987    0.235394
1.38772    -1.12654    1.88514e-10    -0.597213    -2.49987    0.235394
1.38772    -1.12654    1.01553e-09    -0.597213    -2.49987    0.235394
1.38773    -1.12654    2.4215e-09    -0.597212    -2.49987    0.235396
1.38773    -1.12654    4.31173e-09    -0.597211    -2.49987    0.235398
1.38774    -1.12654    6.58548e-09    -0.597209    -2.49986    0.2354
1.38775    -1.12654    9.13898e-09    -0.597208    -2.49985    0.235404
1.38777    -1.12654    1.18683e-08    -0.597206    -2.49984    0.235408
1.38778    -1.12654    1.46721e-08    -0.597203    -2.49983    0.235412
1.3878    -1.12654    1.74542e-08    -0.597201    -2.49982    0.235417
1.38781    -1.12654    2.01254e-08    -0.597198    -2.49981    0.235423
1.38783    -1.12654    2.26059e-08    -0.597195    -2.4998    0.235429
1.38785    -1.12654    2.48264e-08    -0.597191    -2.49978    0.235435
1.38787    -1.12654    2.67292e-08    -0.597188    -2.49977    0.235441
1.3879    -1.12654    2.82693e-08    -0.597185    -2.49975    0.235448
1.38792    -1.12654    2.94145e-08    -0.597181    -2.49974    0.235455
1.38794    -1.12654    3.01455e-08    -0.597177    -2.49972    0.235462
1.38796    -1.12654    3.04554e-08    -0.597173    -2.4997    0.235469
1.38799    -1.12654    3.03495e-08    -0.59717    -2.49969    0.235477
1.38801    -1.12654    2.98439e-08    -0.597166    -2.49967    0.235484
1.38803    -1.12654    2.89646e-08    -0.597162    -2.49965    0.235491
1.38805    -1.12654    2.77463e-08    -0.597159    -2.49964    0.235498
1.38808    -1.12654    2.62306e-08    -0.597155    -2.49962    0.235505
1.3881    -1.12654    2.44648e-08    -0.597151    -2.49961    0.235512
1.38812    -1.12654    2.25e-08    -0.597148    -2.49959    0.235518
1.38814    -1.12654    2.03898e-08    -0.597145    -2.49958    0.235524
1.38816    -1.12654    1.81884e-08    -0.597142    -2.49956    0.23553
1.38818    -1.12654    1.59493e-08    -0.597139    -2.49955    0.235536
1.38819    -1.12654    1.3724e-08    -0.597136    -2.49954    0.235541
1.38821    -1.12654    1.15607e-08    -0.597134    -2.49953    0.235546
1.38822    -1.12654    9.50313e-09    -0.597131    -2.49952    0.23555
1.38823    -1.12654    7.58979e-09    -0.597129    -2.49951    0.235554
1.38825    -1.12654    5.85327e-09    -0.597127    -2.4995    0.235558
1.38826    -1.12654    4.31973e-09    -0.597126    -2.49949    0.235561
1.38826    -1.12654    3.00861e-09    -0.597124    -2.49949    0.235564
1.38827    -1.12654    1.93252e-09    -0.597123    -2.49948    0.235566
1.38828    -1.12654    1.09739e-09    -0.597122    -2.49948    0.235568
1.38828    -1.12654    5.02687e-10    -0.597121    -2.49948    0.235569
1.38828    -1.12654    1.41824e-10    -0.597121    -2.49947    0.23557
1.38829    -1.12654    2.7416e-12    -0.597121    -2.49947    0.235571
1.38829    -1.12654    6.85402e-11    -0.597121    -2.49947    0.235571
1.38829    -1.12654    3.1823e-10    -0.597121    -2.49947    0.23557
1.38828    -1.12654    7.2753e-10    -0.597121    -2.49948    0.23557
1.38828    -1.12654    1.26971e-09    -0.597122    -2.49948    0.235569
1.38828    -1.12654    1.91643e-09    -0.597123    -2.49948    0.235567
1.38827    -1.12654    2.6386e-09    -0.597123    -2.49949    0.235565
1.38826    -1.12654    3.40716e-09    -0.597125    -2.49949    0.235563
1.38825    -1.12654    4.19384e-09    -0.597126    -2.4995    0.235561
1.38825    -1.12654    4.97186e-09    -0.597127    -2.4995    0.235558
1.38824    -1.12654    5.71651e-09    -0.597129    -2.49951    0.235555
1.38823    -1.12654    6.40567e-09    -0.59713    -2.49952    0.235552
1.38822    -1.12654    7.02025e-09    -0.597132    -2.49952    0.235549
1.38821    -1.12654    7.54444e-09    -0.597134    -2.49953    0.235545
1.38819    -1.12654    7.96595e-09    -0.597136    -2.49954    0.235542
1.38818    -1.12654    8.2761e-09    -0.597138    -2.49955    0.235538
1.38817    -1.12654    8.46981e-09    -0.59714    -2.49956    0.235534
1.38816    -1.12654    8.54548e-09    -0.597142    -2.49956    0.23553
1.38815    -1.12654    8.50487e-09    -0.597144    -2.49957    0.235527
1.38813    -1.12654    8.35277e-09    -0.597146    -2.49958    0.235523
1.38812    -1.12654    8.09671e-09    -0.597148    -2.49959    0.235519
1.38811    -1.12654    7.74658e-09    -0.59715    -2.4996    0.235515
1.3881    -1.12654    7.31425e-09    -0.597151    -2.49961    0.235512
1.38809    -1.12654    6.81306e-09    -0.597153    -2.49962    0.235508
1.38808    -1.12654    6.25744e-09    -0.597155    -2.49962    0.235505
1.38807    -1.12654    5.66243e-09    -0.597157    -2.49963    0.235501
1.38806    -1.12654    5.04324e-09    -0.597158    -2.49964    0.235498
1.38805    -1.12654    4.41486e-09    -0.59716    -2.49964    0.235495
1.38804    -1.12654    3.79165e-09    -0.597161    -2.49965    0.235493
1.38803    -1.12654    3.18702e-09    -0.597163    -2.49966    0.23549
1.38802    -1.12654    2.61312e-09    -0.597164    -2.49966    0.235488
1.38801    -1.12654    2.08063e-09    -0.597165    -2.49967    0.235486
1.38801    -1.12654    1.59852e-09    -0.597166    -2.49967    0.235484
1.388    -1.12654    1.17397e-09    -0.597167    -2.49967    0.235482
1.388    -1.12654    8.12247e-10    -0.597168    -2.49968    0.235481
1.388    -1.12654    5.16726e-10    -0.597168    -2.49968    0.235479
1.38799    -1.12654    2.88895e-10    -0.597169    -2.49968    0.235479
1.38799    -1.12654    1.28439e-10    -0.597169    -2.49968    0.235478
1.38799    -1.12654    3.33577e-11    -0.597169    -2.49968    0.235477
1.38799    -1.12654    1.28329e-13    -0.597169    -2.49969    0.235477
1.38799    -1.12654    2.38867e-11    -0.597169    -2.49969    0.235477
1.38799    -1.12654    9.864e-11    -0.597169    -2.49969    0.235477
1.38799    -1.12654    2.17494e-10    -0.597169    -2.49968    0.235478
1.38799    -1.12654    3.72886e-10    -0.597169    -2.49968    0.235478
1.38799    -1.12654    5.56831e-10    -0.597168    -2.49968    0.235479
1.388    -1.12654    7.61146e-10    -0.597168    -2.49968    0.23548
1.388    -1.12654    9.77684e-10    -0.597167    -2.49968    0.235481
1.38801    -1.12654    1.19854e-09    -0.597167    -2.49967    0.235483
1.38801    -1.12654    1.41625e-09    -0.597166    -2.49967    0.235484
1.38801    -1.12654    1.62393e-09    -0.597165    -2.49967    0.235486
1.38802    -1.12654    1.81546e-09    -0.597164    -2.49966    0.235487
1.38803    -1.12654    1.98557e-09    -0.597163    -2.49966    0.235489
1.38803    -1.12654    2.12991e-09    -0.597162    -2.49965    0.235491
1.38804    -1.12654    2.24513e-09    -0.597161    -2.49965    0.235493
1.38804    -1.12654    2.32891e-09    -0.59716    -2.49965    0.235495
1.38805    -1.12654    2.37992e-09    -0.597159    -2.49964    0.235497
1.38806    -1.12654    2.39781e-09    -0.597158    -2.49964    0.235499
1.38806    -1.12654    2.38317e-09    -0.597157    -2.49963    0.235501
1.38807    -1.12654    2.33741e-09    -0.597156    -2.49963    0.235503
1.38808    -1.12654    2.26275e-09    -0.597155    -2.49962    0.235505
1.38808    -1.12654    2.162e-09    -0.597154    -2.49962    0.235507
1.38809    -1.12654    2.03855e-09    -0.597153    -2.49961    0.235509
1.38809    -1.12654    1.89619e-09    -0.597152    -2.49961    0.23551
1.3881    -1.12654    1.73898e-09    -0.597151    -2.49961    0.235512
1.38811    -1.12654    1.57116e-09    -0.59715    -2.4996    0.235514
1.38811    -1.12654    1.39699e-09    -0.597149    -2.4996    0.235516
1.38812    -1.12654    1.22066e-09    -0.597149    -2.49959    0.235517
1.38812    -1.12654    1.04619e-09    -0.597148    -2.49959    0.235519
1.38812    -1.12654    8.77299e-10    -0.597147    -2.49959    0.23552
1.38813    -1.12654    7.17355e-10    -0.597146    -2.49959    0.235521
1.38813    -1.12654    5.69306e-10    -0.597146    -2.49958    0.235522
1.38814    -1.12654    4.35619e-10    -0.597145    -2.49958    0.235523
1.38814    -1.12654    3.18252e-10    -0.597145    -2.49958    0.235524
1.38814    -1.12654    2.1863e-10    -0.597145    -2.49958    0.235525
1.38814    -1.12654    1.37643e-10    -0.597144    -2.49958    0.235526
1.38814    -1.12654    7.56548e-11    -0.597144    -2.49957    0.235526
1.38815    -1.12654    3.25278e-11    -0.597144    -2.49957    0.235526
1.38815    -1.12654    7.65546e-12    -0.597144    -2.49957    0.235527
1.38815    -1.12654    8.77912e-15    -0.597144    -2.49957    0.235527
1.38815    -1.12654    8.18906e-12    -0.597144    -2.49957    0.235527
1.38815    -1.12654    3.04872e-11    -0.597144    -2.49957    0.235527
1.38815    -1.12654    6.49482e-11    -0.597144    -2.49957    0.235526
1.38814    -1.12654    1.09437e-10    -0.597144    -2.49957    0.235526
1.38814    -1.12654    1.61705e-10    -0.597144    -2.49958    0.235526
1.38814    -1.12654    2.19458e-10    -0.597144    -2.49958    0.235525
1.38814    -1.12654    2.80413e-10    -0.597145    -2.49958    0.235524
1.38814    -1.12654    3.42366e-10    -0.597145    -2.49958    0.235524
1.38813    -1.12654    4.03236e-10    -0.597146    -2.49958    0.235523
1.38813    -1.12654    4.61116e-10    -0.597146    -2.49958    0.235522
1.38813    -1.12654    5.14308e-10    -0.597146    -2.49959    0.235521
1.38813    -1.12654    5.61359e-10    -0.597147    -2.49959    0.23552
1.38812    -1.12654    6.01079e-10    -0.597147    -2.49959    0.235519
1.38812    -1.12654    6.32556e-10    -0.597148    -2.49959    0.235518
1.38812    -1.12654    6.55165e-10    -0.597148    -2.49959    0.235517
1.38811    -1.12654    6.6856e-10    -0.597149    -2.4996    0.235516
1.38811    -1.12654    6.72671e-10    -0.59715    -2.4996    0.235515
1.38811    -1.12654    6.67685e-10    -0.59715    -2.4996    0.235514
1.3881    -1.12654    6.54025e-10    -0.597151    -2.4996    0.235513
1.3881    -1.12654    6.32324e-10    -0.597151    -2.49961    0.235512
1.3881    -1.12654    6.03395e-10    -0.597152    -2.49961    0.235511
1.38809    -1.12654    5.68196e-10    -0.597152    -2.49961    0.23551
1.38809    -1.12654    5.278e-10    -0.597153    -2.49961    0.235509
1.38809    -1.12654    4.83353e-10    -0.597153    -2.49962    0.235508
1.38808    -1.12654    4.36046e-10    -0.597154    -2.49962    0.235507
1.38808    -1.12654    3.87074e-10    -0.597154    -2.49962    0.235506
1.38808    -1.12654    3.3761e-10    -0.597155    -2.49962    0.235505
1.38808    -1.12654    2.88771e-10    -0.597155    -2.49962    0.235505
1.38807    -1.12654    2.41595e-10    -0.597155    -2.49962    0.235504
1.38807    -1.12654    1.97015e-10    -0.597156    -2.49963    0.235503
1.38807    -1.12654    1.55846e-10    -0.597156    -2.49963    0.235503
1.38807    -1.12654    1.18767e-10    -0.597156    -2.49963    0.235502
1.38807    -1.12654    8.63121e-11    -0.597157    -2.49963    0.235502
1.38807    -1.12654    5.88672e-11    -0.597157    -2.49963    0.235501
1.38806    -1.12654    3.66673e-11    -0.597157    -2.49963    0.235501
1.38806    -1.12654    1.98004e-11    -0.597157    -2.49963    0.235501
1.38806    -1.12654    8.21441e-12    -0.597157    -2.49963    0.235501
1.38806    -1.12654    1.72702e-12    -0.597157    -2.49963    0.2355
1.38806    -1.12654    3.86676e-14    -0.597157    -2.49963    0.2355
1.38806    -1.12654    2.74749e-12    -0.597157    -2.49963    0.2355
1.38806    -1.12654    9.36629e-12    -0.597157    -2.49963    0.235501
1.38806    -1.12654    1.93405e-11    -0.597157    -2.49963    0.235501
1.38806    -1.12654    3.20673e-11    -0.597157    -2.49963    0.235501
1.38806    -1.12654    4.69135e-11    -0.597157    -2.49963    0.235501
1.38807    -1.12654    6.32345e-11    -0.597157    -2.49963    0.235501
1.38807    -1.12654    8.03919e-11    -0.597157    -2.49963    0.235502
1.38807    -1.12654    9.77692e-11    -0.597156    -2.49963    0.235502
1.38807    -1.12654    1.14787e-10    -0.597156    -2.49963    0.235502
1.38807    -1.12654    1.30916e-10    -0.597156    -2.49963    0.235503
1.38807    -1.12654    1.45685e-10    -0.597156    -2.49963    0.235503
1.38807    -1.12654    1.58695e-10    -0.597156    -2.49962    0.235504
1.38807    -1.12654    1.69619e-10    -0.597155    -2.49962    0.235504
1.38808    -1.12654    1.78209e-10    -0.597155    -2.49962    0.235505
1.38808    -1.12654    1.84297e-10    -0.597155    -2.49962    0.235505
1.38808    -1.12654    1.87795e-10    -0.597154    -2.49962    0.235506
1.38808    -1.12654    1.8869e-10    -0.597154    -2.49962    0.235507
1.38808    -1.12654    1.87041e-10    -0.597154    -2.49962    0.235507
1.38809    -1.12654    1.82975e-10    -0.597153    -2.49962    0.235508
1.38809    -1.12654    1.76673e-10    -0.597153    -2.49961    0.235508
1.38809    -1.12654    1.68368e-10    -0.597153    -2.49961    0.235509
1.38809    -1.12654    1.58333e-10    -0.597153    -2.49961    0.235509
1.38809    -1.12654    1.46871e-10    -0.597152    -2.49961    0.23551
1.38809    -1.12654    1.34306e-10    -0.597152    -2.49961    0.23551
1.3881    -1.12654    1.20973e-10    -0.597152    -2.49961    0.235511
1.3881    -1.12654    1.07205e-10    -0.597152    -2.49961    0.235511
1.3881    -1.12654    9.33323e-11    -0.597151    -2.49961    0.235512
1.3881    -1.12654    7.96648e-11    -0.597151    -2.49961    0.235512
1.3881    -1.12654    6.64914e-11    -0.597151    -2.49961    0.235513
1.3881    -1.12654    5.4071e-11    -0.597151    -2.4996    0.235513
1.3881    -1.12654    4.26282e-11    -0.597151    -2.4996    0.235513
1.3881    -1.12654    3.23497e-11    -0.597151    -2.4996    0.235513
1.3881    -1.12654    2.33811e-11    -0.59715    -2.4996    0.235514
1.38811    -1.12654    1.58265e-11    -0.59715    -2.4996    0.235514
1.38811    -1.12654    9.74746e-12    -0.59715    -2.4996    0.235514
1.38811    -1.12654    5.16474e-12    -0.59715    -2.4996    0.235514
1.38811    -1.12654    2.05997e-12    -0.59715    -2.4996    0.235514
1.38811    -1.12654    3.78537e-13    -0.59715    -2.4996    0.235514
1.38811    -1.12654    3.33052e-14    -0.59715    -2.4996    0.235514
1.38811    -1.12654    9.08938e-13    -0.59715    -2.4996    0.235514
1.38811    -1.12654    2.86666e-12    -0.59715    -2.4996    0.235514
1.38811    -1.12654    5.74932e-12    -0.59715    -2.4996    0.235514
1.38811    -1.12654    9.38668e-12    -0.59715    -2.4996    0.235514
1.38811    -1.12654    1.36006e-11    -0.59715    -2.4996    0.235514
1.38811    -1.12654    1.82104e-11    -0.59715    -2.4996    0.235514
1.3881    -1.12654    2.30373e-11    -0.59715    -2.4996    0.235514
1.3881    -1.12654    2.79092e-11    -0.59715    -2.4996    0.235513
1.3881    -1.12654    3.26648e-11    -0.597151    -2.4996    0.235513
1.3881    -1.12654    3.71572e-11    -0.597151    -2.4996    0.235513
1.3881    -1.12654    4.12562e-11    -0.597151    -2.4996    0.235513
1.3881    -1.12654    4.48516e-11    -0.597151    -2.49961    0.235513
1.3881    -1.12654    4.78539e-11    -0.597151    -2.49961    0.235512
1.3881    -1.12654    5.01959e-11    -0.597151    -2.49961    0.235512
1.3881    -1.12654    5.18327e-11    -0.597151    -2.49961    0.235512
1.3881    -1.12654    5.27415e-11    -0.597152    -2.49961    0.235511
1.3881    -1.12654    5.29209e-11    -0.597152    -2.49961    0.235511
1.3881    -1.12654    5.23895e-11    -0.597152    -2.49961    0.235511
1.38809    -1.12654    5.11841e-11    -0.597152    -2.49961    0.23551
1.38809    -1.12654    4.93574e-11    -0.597152    -2.49961    0.23551
1.38809    -1.12654    4.6976e-11    -0.597152    -2.49961    0.23551
1.38809    -1.12654    4.41173e-11    -0.597153    -2.49961    0.23551
1.38809    -1.12654    4.08672e-11    -0.597153    -2.49961    0.235509
1.38809    -1.12654    3.73167e-11    -0.597153    -2.49961    0.235509
1.38809    -1.12654    3.35598e-11    -0.597153    -2.49961    0.235509
1.38809    -1.12654    2.96906e-11    -0.597153    -2.49961    0.235509
1.38809    -1.12654    2.58005e-11    -0.597153    -2.49961    0.235508
1.38809    -1.12654    2.19764e-11    -0.597153    -2.49962    0.235508
1.38809    -1.12654    1.82984e-11    -0.597153    -2.49962    0.235508
1.38809    -1.12654    1.48384e-11    -0.597153    -2.49962    0.235508
1.38809    -1.12654    1.16584e-11    -0.597154    -2.49962    0.235508
1.38808    -1.12654    8.8095e-12    -0.597154    -2.49962    0.235507
1.38808    -1.12654    6.3315e-12    -0.597154    -2.49962    0.235507
1.38808    -1.12654    4.25243e-12    -0.597154    -2.49962    0.235507
1.38808    -1.12654    2.58846e-12    -0.597154    -2.49962    0.235507
1.38808    -1.12654    1.34428e-12    -0.597154    -2.49962    0.235507
1.38808    -1.12654    5.13658e-13    -0.597154    -2.49962    0.235507
1.38808    -1.12654    8.03257e-14    -0.597154    -2.49962    0.235507
1.38808    -1.12654    1.8996e-14    -0.597154    -2.49962    0.235507
1.38808    -1.12654    2.96596e-13    -0.597154    -2.49962    0.235507
1.38808    -1.12654    8.73616e-13    -0.597154    -2.49962    0.235507
1.38808    -1.12654    1.70554e-12    -0.597154    -2.49962    0.235507
1.38808    -1.12654    2.74431e-12    -0.597154    -2.49962    0.235507
1.38808    -1.12654    3.93981e-12    -0.597154    -2.49962    0.235507
1.38808    -1.12654    5.24132e-12    -0.597154    -2.49962    0.235507
1.38808    -1.12654    6.59881e-12    -0.597154    -2.49962    0.235507
1.38808    -1.12654    7.96429e-12    -0.597154    -2.49962    0.235507
1.38809    -1.12654    9.29285e-12    -0.597154    -2.49962    0.235508
1.38809    -1.12654    1.05437e-11    -0.597154    -2.49962    0.235508
1.38809    -1.12654    1.16809e-11    -0.597153    -2.49962    0.235508
1.38809    -1.12654    1.26741e-11    -0.597153    -2.49962    0.235508
1.38809    -1.12654    1.34987e-11    -0.597153    -2.49962    0.235508
1.38809    -1.12654    1.41365e-11    -0.597153    -2.49961    0.235508
1.38809    -1.12654    1.45756e-11    -0.597153    -2.49961    0.235508
1.38809    -1.12654    1.48102e-11    -0.597153    -2.49961    0.235509
1.38809    -1.12654    1.48404e-11    -0.597153    -2.49961    0.235509
1.38809    -1.12654    1.46719e-11    -0.597153    -2.49961    0.235509
1.38809    -1.12654    1.43157e-11    -0.597153    -2.49961    0.235509
1.38809    -1.12654    1.37869e-11    -0.597153    -2.49961    0.235509
1.38809    -1.12654    1.31045e-11    -0.597153    -2.49961    0.235509
1.38809    -1.12654    1.22905e-11    -0.597153    -2.49961    0.23551
1.38809    -1.12654    1.13692e-11    -0.597152    -2.49961    0.23551
1.38809    -1.12654    1.03662e-11    -0.597152    -2.49961    0.23551
1.38809    -1.12654    9.30791e-12    -0.597152    -2.49961    0.23551
1.38809    -1.12654    8.22066e-12    -0.597152    -2.49961    0.23551
1.38809    -1.12654    7.13006e-12    -0.597152    -2.49961    0.23551
1.38809    -1.12654    6.06032e-12    -0.597152    -2.49961    0.23551
1.38809    -1.12654    5.03372e-12    -0.597152    -2.49961    0.23551
1.38809    -1.12654    4.07013e-12    -0.597152    -2.49961    0.23551
1.38809    -1.12654    3.18665e-12    -0.597152    -2.49961    0.235511
1.38809    -1.12654    2.39734e-12    -0.597152    -2.49961    0.235511
1.3881    -1.12654    1.71303e-12    -0.597152    -2.49961    0.235511
1.3881    -1.12654    1.14123e-12    -0.597152    -2.49961    0.235511
1.3881    -1.12654    6.86154e-13    -0.597152    -2.49961    0.235511
1.3881    -1.12654    3.48794e-13    -0.597152    -2.49961    0.235511
1.3881    -1.12654    1.27115e-13    -0.597152    -2.49961    0.235511
1.3881    -1.12654    1.62871e-14    -0.597152    -2.49961    0.235511
1.3881    -1.12654    8.98369e-15    -0.597152    -2.49961    0.235511
1.3881    -1.12654    9.57301e-14    -0.597152    -2.49961    0.235511
1.3881    -1.12654    2.65285e-13    -0.597152    -2.49961    0.235511
1.3881    -1.12654    5.05043e-13    -0.597152    -2.49961    0.235511
1.3881    -1.12654    8.01448e-13    -0.597152    -2.49961    0.235511
1.3881    -1.12654    1.14041e-12    -0.597152    -2.49961    0.235511
1.3881    -1.12654    1.5077e-12    -0.597152    -2.49961    0.235511
1.3881    -1.12654    1.88932e-12    -0.597152    -2.49961    0.235511
1.38809    -1.12654    2.27189e-12    -0.597152    -2.49961    0.235511
1.38809    -1.12654    2.64291e-12    -0.597152    -2.49961    0.235511
1.38809    -1.12654    2.99106e-12    -0.597152    -2.49961    0.23551
1.38809    -1.12654    3.3064e-12    -0.597152    -2.49961    0.23551
1.38809    -1.12654    3.58057e-12    -0.597152    -2.49961    0.23551
1.38809    -1.12654    3.80687e-12    -0.597152    -2.49961    0.23551
1.38809    -1.12654    3.98035e-12    -0.597152    -2.49961    0.23551
1.38809    -1.12654    4.09785e-12    -0.597152    -2.49961    0.23551
1.38809    -1.12654    4.1579e-12    -0.597152    -2.49961    0.23551
1.38809    -1.12654    4.16072e-12    -0.597152    -2.49961    0.23551
1.38809    -1.12654    4.10807e-12    -0.597152    -2.49961    0.23551
1.38809    -1.12654    4.00311e-12    -0.597152    -2.49961    0.23551
1.38809    -1.12654    3.85023e-12    -0.597152    -2.49961    0.23551
1.38809    -1.12654    3.65483e-12    -0.597153    -2.49961    0.23551
1.38809    -1.12654    3.42318e-12    -0.597153    -2.49961    0.23551
1.38809    -1.12654    3.16212e-12    -0.597153    -2.49961    0.235509
1.38809    -1.12654    2.87889e-12    -0.597153    -2.49961    0.235509
1.38809    -1.12654    2.5809e-12    -0.597153    -2.49961    0.235509
1.38809    -1.12654    2.27552e-12    -0.597153    -2.49961    0.235509
1.38809    -1.12654    1.96989e-12    -0.597153    -2.49961    0.235509
1.38809    -1.12654    1.67076e-12    -0.597153    -2.49961    0.235509
1.38809    -1.12654    1.38431e-12    -0.597153    -2.49961    0.235509
1.38809    -1.12654    1.11605e-12    -0.597153    -2.49961    0.235509
1.38809    -1.12654    8.70689e-13    -0.597153    -2.49961    0.235509
1.38809    -1.12654    6.52085e-13    -0.597153    -2.49961    0.235509
1.38809    -1.12654    4.63183e-13    -0.597153    -2.49961    0.235509
1.38809    -1.12654    3.05998e-13    -0.597153    -2.49961    0.235509
1.38809    -1.12654    1.81621e-13    -0.597153    -2.49961    0.235509
1.38809    -1.12654    9.02443e-14    -0.597153    -2.49961    0.235509
1.38809    -1.12654    3.12164e-14    -0.597153    -2.49961    0.235509
1.38809    -1.12654    3.1086e-15    -0.597153    -2.49961    0.235509
1.38809    -1.12654    3.80154e-15    -0.597153    -2.49961    0.235509
1.38809    -1.12654    3.05836e-14    -0.597153    -2.49961    0.235509
1.38809    -1.12654    8.02585e-14    -0.597153    -2.49961    0.235509
1.38809    -1.12654    1.49259e-13    -0.597153    -2.49961    0.235509
1.38809    -1.12654    2.33762e-13    -0.597153    -2.49961    0.235509
1.38809    -1.12654    3.29806e-13    -0.597153    -2.49961    0.235509
1.38809    -1.12654    4.33402e-13    -0.597153    -2.49961    0.235509
1.38809    -1.12654    5.40639e-13    -0.597153    -2.49961    0.235509
1.38809    -1.12654    6.47781e-13    -0.597153    -2.49961    0.235509
1.38809    -1.12654    7.51352e-13    -0.597153    -2.49961    0.235509
1.38809    -1.12654    8.48213e-13    -0.597153    -2.49961    0.235509
1.38809    -1.12654    9.35619e-13    -0.597153    -2.49961    0.235509
1.38809    -1.12654    1.01127e-12    -0.597153    -2.49961    0.235509
1.38809    -1.12654    1.07333e-12    -0.597153    -2.49961    0.235509
1.38809    -1.12654    1.12047e-12    -0.597153    -2.49961    0.235509
1.38809    -1.12654    1.15184e-12    -0.597153    -2.49961    0.235509
1.38809    -1.12654    1.16708e-12    -0.597153    -2.49961    0.235509
1.38809    -1.12654    1.1663e-12    -0.597153    -2.49961    0.235509
1.38809    -1.12654    1.15003e-12    -0.597153    -2.49961    0.235509
1.38809    -1.12654    1.11919e-12    -0.597153    -2.49961    0.235509
1.38809    -1.12654    1.07506e-12    -0.597153    -2.49961    0.235509
1.38809    -1.12654    1.01916e-12    -0.597153    -2.49961    0.235509
1.38809    -1.12654    9.53273e-13    -0.597153    -2.49961    0.23551
1.38809    -1.12654    8.79337e-13    -0.597153    -2.49961    0.23551
1.38809    -1.12654    7.99387e-13    -0.597153    -2.49961    0.23551
1.38809    -1.12654    7.15503e-13    -0.597152    -2.49961    0.23551
1.38809    -1.12654    6.29749e-13    -0.597152    -2.49961    0.23551
1.38809    -1.12654    5.44119e-13    -0.597152    -2.49961    0.23551
1.38809    -1.12654    4.60491e-13    -0.597152    -2.49961    0.23551
1.38809    -1.12654    3.80584e-13    -0.597152    -2.49961    0.23551
1.38809    -1.12654    3.05918e-13    -0.597152    -2.49961    0.23551
1.38809    -1.12654    2.37795e-13    -0.597152    -2.49961    0.23551
1.38809    -1.12654    1.77271e-13    -0.597152    -2.49961    0.23551
1.38809    -1.12654    1.25145e-13    -0.597152    -2.49961    0.23551
1.38809    -1.12654    8.19584e-14    -0.597152    -2.49961    0.23551
1.38809    -1.12654    4.79904e-14    -0.597152    -2.49961    0.23551
1.38809    -1.12654    2.32712e-14    -0.597152    -2.49961    0.23551
1.38809    -1.12654    7.59528e-15    -0.597152    -2.49961    0.23551
1.38809    -1.12654    5.41662e-16    -0.597152    -2.49961    0.23551
1.38809    -1.12654    1.4981e-15    -0.597152    -2.49961    0.23551
1.38809    -1.12654    9.68913e-15    -0.597152    -2.49961    0.23551
1.38809    -1.12654    2.42064e-14    -0.597152    -2.49961    0.23551
1.38809    -1.12654    4.40408e-14    -0.597152    -2.49961    0.23551
1.38809    -1.12654    6.81147e-14    -0.597152    -2.49961    0.23551
1.38809    -1.12654    9.53147e-14    -0.597152    -2.49961    0.23551
1.38809    -1.12654    1.24523e-13    -0.597152    -2.49961    0.23551
1.38809    -1.12654    1.54646e-13    -0.597152    -2.49961    0.23551
1.38809    -1.12654    1.84642e-13    -0.597152    -2.49961    0.23551
1.38809    -1.12654    2.13544e-13    -0.597152    -2.49961    0.23551
1.38809    -1.12654    2.40483e-13    -0.597152    -2.49961    0.23551
1.38809    -1.12654    2.647e-13    -0.597152    -2.49961    0.23551
1.38809    -1.12654    2.85562e-13    -0.597152    -2.49961    0.23551
1.38809    -1.12654    3.0257e-13    -0.597152    -2.49961    0.23551
1.38809    -1.12654    3.15362e-13    -0.597152    -2.49961    0.23551
1.38809    -1.12654    3.23715e-13    -0.597152    -2.49961    0.23551
1.38809    -1.12654    3.27542e-13    -0.597152    -2.49961    0.23551
1.38809    -1.12654    3.26884e-13    -0.597152    -2.49961    0.23551
1.38809    -1.12654    3.21902e-13    -0.597153    -2.49961    0.23551
1.38809    -1.12654    3.12866e-13    -0.597153    -2.49961    0.23551
1.38809    -1.12654    3.00138e-13    -0.597153    -2.49961    0.23551
1.38809    -1.12654    2.84158e-13    -0.597153    -2.49961    0.23551
1.38809    -1.12654    2.65429e-13    -0.597153    -2.49961    0.23551
1.38809    -1.12654    2.44497e-13    -0.597153    -2.49961    0.23551
1.38809    -1.12654    2.21935e-13    -0.597153    -2.49961    0.235509
1.38809    -1.12654    1.98328e-13    -0.597153    -2.49961    0.235509
1.38809    -1.12654    1.74253e-13    -0.597153    -2.49961    0.235509
1.38809    -1.12654    1.50267e-13    -0.597153    -2.49961    0.235509
1.38809    -1.12654    1.26892e-13    -0.597153    -2.49961    0.235509
1.38809    -1.12654    1.04606e-13    -0.597153    -2.49961    0.235509
1.38809    -1.12654    8.38287e-14    -0.597153    -2.49961    0.235509
1.38809    -1.12654    6.49194e-14    -0.597153    -2.49961    0.235509
1.38809    -1.12654    4.81669e-14    -0.597153    -2.49961    0.235509
1.38809    -1.12654    3.37887e-14    -0.597153    -2.49961    0.235509
1.38809    -1.12654    2.19288e-14    -0.597153    -2.49961    0.235509
1.38809    -1.12654    1.26587e-14    -0.597153    -2.49961    0.235509
1.38809    -1.12654    5.97995e-15    -0.597153    -2.49961    0.235509
1.38809    -1.12654    1.8288e-15    -0.597153    -2.49961    0.235509
1.38809    -1.12654    8.14424e-17    -0.597153    -2.49961    0.235509
1.38809    -1.12654    5.61258e-16    -0.597153    -2.49961    0.235509
1.38809    -1.12654    3.04664e-15    -0.597153    -2.49961    0.235509
1.38809    -1.12654    7.2796e-15    -0.597153    -2.49961    0.235509
1.38809    -1.12654    1.29747e-14    -0.597153    -2.49961    0.235509
1.38809    -1.12654    1.98284e-14    -0.597153    -2.49961    0.235509
1.38809    -1.12654    2.75278e-14    -0.597153    -2.49961    0.235509
1.38809    -1.12654    3.57597e-14    -0.597153    -2.49961    0.235509
1.38809    -1.12654    4.42183e-14    -0.597153    -2.49961    0.235509
1.38809    -1.12654    5.26135e-14    -0.597153    -2.49961    0.235509
1.38809    -1.12654    6.06764e-14    -0.597153    -2.49961    0.235509
1.38809    -1.12654    6.8166e-14    -0.597153    -2.49961    0.235509
1.38809    -1.12654    7.48729e-14    -0.597153    -2.49961    0.235509
1.38809    -1.12654    8.06232e-14    -0.597153    -2.49961    0.235509
1.38809    -1.12654    8.52806e-14    -0.597153    -2.49961    0.235509
1.38809    -1.12654    8.87474e-14    -0.597153    -2.49961    0.235509
1.38809    -1.12654    9.09651e-14    -0.597153    -2.49961    0.235509
1.38809    -1.12654    9.19127e-14    -0.597153    -2.49961    0.235509
1.38809    -1.12654    9.16053e-14    -0.597153    -2.49961    0.235509
1.38809    -1.12654    9.00914e-14    -0.597153    -2.49961    0.235509
1.38809    -1.12654    8.74491e-14    -0.597153    -2.49961    0.235509
1.38809    -1.12654    8.37825e-14    -0.597153    -2.49961    0.23551
