1.71627    -1.11139    0.00913471    0.0289743
1.69709    -1.11288    0.00995234    0.028295
1.67707    -1.11437    0.0107167    0.0277985
1.6563    -1.11586    0.0114121    0.0273387
1.63486    -1.11731    0.012026    0.0268601
1.61285    -1.11872    0.0125456    0.0263731
1.59038    -1.12007    0.012959    0.0258807
1.56753    -1.12134    0.0132554    0.0253852
1.54443    -1.1225    0.013425    0.0248894
1.52118    -1.12355    0.0134596    0.0243956
1.49789    -1.12445    0.0133531    0.0239063
1.4747    -1.12521    0.013102    0.0234239
1.45173    -1.12581    0.0127054    0.0229506
1.42911    -1.12623    0.0121661    0.0224887
1.40698    -1.12648    0.0114905    0.0220404
1.38547    -1.12654    0.0106895    0.0216078
1.36472    -1.12644    0.00977837    0.0211931
1.34487    -1.12616    0.00877715    0.0207986
1.32607    -1.12574    0.00771017    0.0204265
1.30845    -1.12519    0.0066058    0.020079
1.29214    -1.12455    0.0054955    0.0197582
1.27726    -1.12383    0.00441263    0.0194662
1.26393    -1.12309    0.00339093    0.0192048
1.25225    -1.12235    0.00246265    0.0189756
1.24229    -1.12165    0.00165666    0.01878
1.23412    -1.12103    0.000996529    0.0186187
1.22779    -1.12052    0.000498888    0.0184923
1.2233    -1.12014    0.000172253    0.0184009
1.22067    -1.11992    1.64336e-05    0.0183442
1.21986    -1.11984    2.26481e-05    0.0183215
1.22081    -1.11993    0.000174325    0.0183318
1.22346    -1.12016    0.000448506    0.0183737
1.22771    -1.12051    0.000817685    0.0184454
1.23345    -1.12098    0.00125187    0.0185451
1.24055    -1.12152    0.00172063    0.0186707
1.24887    -1.12212    0.00219502    0.0188198
1.25828    -1.12274    0.00264906    0.01899
1.26861    -1.12336    0.00306086    0.0191789
1.27971    -1.12396    0.00341333    0.0193839
1.29143    -1.12452    0.00369436    0.0196025
1.30363    -1.12502    0.00389675    0.0198321
1.31616    -1.12545    0.00401778    0.0200702
1.32888    -1.12582    0.00405865    0.0203144
1.34166    -1.1261    0.00402378    0.0205623
1.35439    -1.12632    0.00392007    0.0208116
1.36696    -1.12646    0.00375622    0.02106
1.37926    -1.12653    0.00354206    0.0213054
1.3912    -1.12654    0.00328796    0.0215458
1.40271    -1.1265    0.00300439    0.0217795
1.41371    -1.12642    0.0027015    0.0220046
1.42414    -1.1263    0.00238883    0.0222197
1.43395    -1.12616    0.00207507    0.0224234
1.44309    -1.12599    0.00176799    0.0226145
1.45152    -1.12581    0.00147425    0.0227921
1.45923    -1.12563    0.00119945    0.0229553
1.46618    -1.12545    0.00094807    0.0231034
1.47236    -1.12528    0.000723556    0.023236
1.47776    -1.12512    0.000528331    0.0233525
1.48237    -1.12498    0.000363881    0.0234528
1.4862    -1.12486    0.000230838    0.0235368
1.48925    -1.12475    0.000129058    0.0236045
1.49153    -1.12468    5.77128e-05    0.023656
1.49305    -1.12463    1.53788e-05    0.0236916
1.49384    -1.1246    1.23667e-07    0.0237116
1.49391    -1.1246    9.59123e-06    0.0237164
1.49329    -1.12462    4.10835e-05    0.0237065
1.492    -1.12466    9.16388e-05    0.0236825
1.49008    -1.12473    0.000158106    0.0236451
1.48756    -1.12481    0.000237215    0.023595
1.48447    -1.12491    0.000325644    0.0235329
1.48084    -1.12503    0.000420082    0.0234597
1.47673    -1.12515    0.00051729    0.0233763
1.47217    -1.12529    0.000614154    0.0232834
1.46719    -1.12543    0.000707743    0.0231822
1.46186    -1.12557    0.000795353    0.0230734
1.4562    -1.12571    0.000874553    0.0229581
1.45026    -1.12584    0.000943228    0.0228373
1.4441    -1.12597    0.000999611    0.022712
1.43775    -1.12609    0.00104231    0.0225831
1.43127    -1.1262    0.00107035    0.0224516
1.42471    -1.12629    0.00108316    0.0223186
1.4181    -1.12638    0.00108059    0.022185
1.41151    -1.12644    0.00106292    0.0220517
1.40496    -1.12649    0.00103084    0.0219197
1.39852    -1.12652    0.000985421    0.0217898
1.39222    -1.12654    0.000928096    0.021663
1.38611    -1.12654    0.0008606    0.02154
1.38022    -1.12653    0.000784926    0.0214216
1.3746    -1.12651    0.00070326    0.0213086
1.36928    -1.12647    0.00061791    0.0212017
1.36429    -1.12643    0.000531231    0.0211014
1.35966    -1.12638    0.00044555    0.0210083
1.35543    -1.12633    0.000363086    0.0209229
1.3516    -1.12627    0.000285878    0.0208456
1.34821    -1.12622    0.000215721    0.0207768
1.34526    -1.12617    0.000154105    0.0207168
1.34277    -1.12612    0.000102177    0.0206656
1.34074    -1.12608    6.07073e-05    0.0206236
1.33918    -1.12605    3.00782e-05    0.0205906
1.33808    -1.12603    1.02858e-05    0.0205667
1.33743    -1.12602    9.59279e-07    0.0205517
1.33724    -1.12601    1.39305e-06    0.0205455
1.33748    -1.12602    1.05925e-05    0.0205478
1.33813    -1.12603    2.73287e-05    0.0205583
1.33918    -1.12605    5.01996e-05    0.0205766
1.3406    -1.12608    7.76947e-05    0.0206024
1.34237    -1.12612    0.00010826    0.0206351
1.34446    -1.12616    0.000140357    0.0206741
1.34683    -1.1262    0.000172524    0.0207191
1.34947    -1.12624    0.000203419    0.0207693
1.35233    -1.12629    0.00023186    0.0208242
1.35539    -1.12633    0.000256856    0.0208831
1.3586    -1.12637    0.000277625    0.0209455
1.36195    -1.12641    0.000293599    0.0210107
1.36539    -1.12644    0.000304433    0.021078
1.36889    -1.12647    0.000309986    0.0211469
1.37242    -1.1265    0.000310312    0.0212167
1.37596    -1.12652    0.000305639    0.0212868
1.37946    -1.12653    0.000296343    0.0213567
1.38292    -1.12654    0.000282922    0.0214257
1.38629    -1.12654    0.000265967    0.0214935
1.38957    -1.12654    0.000246134    0.0215594
1.39272    -1.12654    0.000224118    0.021623
1.39572    -1.12653    0.000200625    0.021684
1.39856    -1.12652    0.000176353    0.0217419
1.40123    -1.12651    0.000151967    0.0217964
1.4037    -1.1265    0.000128085    0.0218472
1.40597    -1.12648    0.000105263    0.021894
1.40803    -1.12647    8.39844e-05    0.0219366
1.40987    -1.12645    6.46533e-05    0.0219749
1.41148    -1.12644    4.75883e-05    0.0220086
1.41287    -1.12643    3.30217e-05    0.0220378
1.41402    -1.12642    2.11004e-05    0.0220624
1.41494    -1.12641    1.18883e-05    0.0220822
1.41564    -1.1264    5.37132e-06    0.0220974
1.4161    -1.1264    1.46414e-06    0.022108
1.41634    -1.12639    1.74695e-08    0.0221141
1.41637    -1.12639    8.26968e-07    0.0221157
1.41619    -1.1264    3.64263e-06    0.0221131
1.4158    -1.1264    8.17861e-06    0.0221064
1.41523    -1.12641    1.41232e-05    0.0220958
1.41448    -1.12641    2.1149e-05    0.0220814
1.41355    -1.12642    2.89221e-05    0.0220637
1.41247    -1.12643    3.71118e-05    0.0220427
1.41125    -1.12644    4.53991e-05    0.0220187
1.4099    -1.12645    5.3484e-05    0.0219921
1.40843    -1.12647    6.1093e-05    0.0219631
1.40686    -1.12648    6.79844e-05    0.021932
1.40521    -1.12649    7.39532e-05    0.0218991
1.40348    -1.1265    7.88345e-05    0.0218648
1.4017    -1.12651    8.25058e-05    0.0218292
1.39988    -1.12652    8.48878e-05    0.0217928
1.39803    -1.12653    8.59448e-05    0.0217559
1.39617    -1.12653    8.56827e-05    0.0217186
1.39431    -1.12654    8.4147e-05    0.0216814
1.39247    -1.12654    8.14191e-05    0.0216445
1.39066    -1.12654    7.76121e-05    0.0216081
1.38889    -1.12654    7.2866e-05    0.0215726
1.38718    -1.12654    6.73419e-05    0.0215381
1.38553    -1.12654    6.12161e-05    0.0215049
1.38396    -1.12654    5.46738e-05    0.0214732
1.38248    -1.12654    4.79034e-05    0.0214432
1.38109    -1.12654    4.10904e-05    0.021415
1.3798    -1.12653    3.44115e-05    0.0213889
1.37863    -1.12653    2.803e-05    0.0213649
1.37756    -1.12652    2.20913e-05    0.0213432
1.37662    -1.12652    1.67192e-05    0.0213239
1.3758    -1.12651    1.20134e-05    0.0213069
1.3751    -1.12651    8.04768e-06    0.0212924
1.37453    -1.12651    4.86885e-06    0.0212805
1.37409    -1.12651    2.49714e-06    0.021271
1.37377    -1.1265    9.26979e-07    0.0212641
1.37358    -1.1265    1.28817e-07    0.0212596
1.37351    -1.1265    5.15368e-08    0.0212575
1.37355    -1.1265    6.25476e-07    0.0212578
1.37371    -1.1265    1.76586e-06    0.0212603
1.37398    -1.12651    3.37651e-06    0.021265
1.37435    -1.12651    5.3537e-06    0.0212718
1.37481    -1.12651    7.59e-06    0.0212805
1.37537    -1.12651    9.97795e-06    0.021291
1.376    -1.12652    1.24135e-05    0.0213032
1.37671    -1.12652    1.47992e-05    0.0213168
1.37748    -1.12652    1.70465e-05    0.0213318
1.37831    -1.12653    1.90785e-05    0.0213479
1.37918    -1.12653    2.08307e-05    0.0213651
1.3801    -1.12653    2.22531e-05    0.0213831
1.38105    -1.12654    2.33097e-05    0.0214018
1.38202    -1.12654    2.39794e-05    0.021421
1.383    -1.12654    2.4255e-05    0.0214404
1.38399    -1.12654    2.41424e-05    0.0214601
1.38497    -1.12654    2.36599e-05    0.0214798
1.38595    -1.12654    2.28359e-05    0.0214993
1.38691    -1.12654    2.17079e-05    0.0215185
1.38784    -1.12654    2.03202e-05    0.0215373
1.38875    -1.12654    1.87224e-05    0.0215555
1.38962    -1.12654    1.69671e-05    0.0215731
1.39044    -1.12654    1.51082e-05    0.0215898
1.39122    -1.12654    1.31992e-05    0.0216057
1.39195    -1.12654    1.12918e-05    0.0216205
1.39263    -1.12654    9.43384e-06    0.0216343
1.39324    -1.12654    7.66887e-06    0.021647
1.3938    -1.12654    6.03472e-06    0.0216584
1.39429    -1.12654    4.56292e-06    0.0216686
1.39472    -1.12654    3.27821e-06    0.0216775
1.39508    -1.12654    2.19831e-06    0.0216852
1.39538    -1.12653    1.33385e-06    0.0216915
1.39561    -1.12653    6.88587e-07    0.0216965
1.39578    -1.12653    2.59787e-07    0.0217001
1.39588    -1.12653    3.87309e-08    0.0217025
1.39592    -1.12653    1.13977e-08    0.0217037
1.3959    -1.12653    1.59229e-07    0.0217035
1.39582    -1.12653    4.59979e-07    0.0217022
1.39568    -1.12653    8.8861e-07    0.0216998
1.39549    -1.12653    1.41821e-06    0.0216963
1.39525    -1.12653    2.02087e-06    0.0216918
1.39497    -1.12654    2.66862e-06    0.0216863
1.39464    -1.12654    3.33418e-06    0.02168
1.39427    -1.12654    3.99174e-06    0.0216728
1.39387    -1.12654    4.61759e-06    0.021665
1.39344    -1.12654    5.1907e-06    0.0216565
1.39299    -1.12654    5.69314e-06    0.0216475
1.39251    -1.12654    6.11041e-06    0.021638
1.39201    -1.12654    6.43161e-06    0.0216282
1.3915    -1.12654    6.64958e-06    0.0216181
1.39098    -1.12654    6.76082e-06    0.0216078
1.39046    -1.12654    6.76537e-06    0.0215974
1.38994    -1.12654    6.6666e-06    0.0215869
1.38942    -1.12654    6.47084e-06    0.0215766
1.38891    -1.12654    6.18707e-06    0.0215663
1.38841    -1.12654    5.82642e-06    0.0215563
1.38793    -1.12654    5.40172e-06    0.0215465
1.38746    -1.12654    4.92702e-06    0.0215371
1.38702    -1.12654    4.41704e-06    0.0215281
1.38659    -1.12654    3.88671e-06    0.0215196
1.3862    -1.12654    3.35072e-06    0.0215116
1.38583    -1.12654    2.82303e-06    0.0215041
1.38549    -1.12654    2.31655e-06    0.0214972
1.38519    -1.12654    1.84276e-06    0.021491
1.38492    -1.12654    1.4115e-06    0.0214853
1.38468    -1.12654    1.03072e-06    0.0214804
1.38447    -1.12654    7.06407e-07    0.0214762
1.38431    -1.12654    4.42488e-07    0.0214726
1.38417    -1.12654    2.40864e-07    0.0214698
1.38407    -1.12654    1.01476e-07    0.0214676
1.38401    -1.12654    2.24369e-08    0.0214662
1.38398    -1.12654    2.04907e-10    0.0214654
1.38398    -1.12654    2.98041e-08    0.0214653
1.38402    -1.12654    1.0507e-07    0.0214658
1.38408    -1.12654    2.1892e-07    0.0214669
1.38418    -1.12654    3.63626e-07    0.0214686
1.3843    -1.12654    5.311e-07    0.0214709
1.38444    -1.12654    7.13165e-07    0.0214737
1.38461    -1.12654    9.01806e-07    0.0214769
1.3848    -1.12654    1.08941e-06    0.0214806
1.38501    -1.12654    1.26897e-06    0.0214847
1.38524    -1.12654    1.43424e-06    0.0214891
1.38548    -1.12654    1.57991e-06    0.0214938
1.38573    -1.12654    1.70166e-06    0.0214988
1.38599    -1.12654    1.79625e-06    0.021504
1.38626    -1.12654    1.86153e-06    0.0215093
1.38654    -1.12654    1.89643e-06    0.0215147
1.38681    -1.12654    1.90093e-06    0.0215203
1.38709    -1.12654    1.87595e-06    0.0215258
1.38736    -1.12654    1.8233e-06    0.0215313
1.38764    -1.12654    1.74553e-06    0.0215367
1.3879    -1.12654    1.6458e-06    0.021542
1.38816    -1.12654    1.52776e-06    0.0215472
1.38841    -1.12654    1.39539e-06    0.0215522
1.38864    -1.12654    1.25285e-06    0.021557
1.38887    -1.12654    1.10436e-06    0.0215615
1.38908    -1.12654    9.54041e-07    0.0215658
1.38927    -1.12654    8.05826e-07    0.0215698
1.38945    -1.12654    6.63328e-07    0.0215735
1.38962    -1.12654    5.29766e-07    0.0215769
1.38976    -1.12654    4.0789e-07    0.0215799
1.38989    -1.12654    2.99935e-07    0.0215825
1.39    -1.12654    2.07583e-07    0.0215848
1.39009    -1.12654    1.31954e-07    0.0215868
1.39017    -1.12654    7.36064e-08    0.0215883
1.39022    -1.12654    3.25643e-08    0.0215895
1.39026    -1.12654    8.34737e-09    0.0215903
1.39028    -1.12654    2.16266e-11    0.0215908
1.39028    -1.12654    6.25736e-09    0.0215909
1.39026    -1.12654    2.53954e-08    0.0215907
1.39023    -1.12654    5.55186e-08    0.0215901
1.39018    -1.12654    9.45263e-08    0.0215892
1.39012    -1.12654    1.40209e-07    0.0215881
1.39004    -1.12654    1.90321e-07    0.0215867
1.38996    -1.12654    2.4265e-07    0.021585
1.38986    -1.12654    2.95082e-07    0.0215831
1.38975    -1.12654    3.45653e-07    0.0215809
1.38963    -1.12654    3.92603e-07    0.0215786
1.38951    -1.12654    4.3441e-07    0.0215761
1.38937    -1.12654    4.69824e-07    0.0215735
1.38924    -1.12654    4.97879e-07    0.0215708
1.38909    -1.12654    5.1791e-07    0.021568
1.38895    -1.12654    5.29548e-07    0.0215651
1.3888    -1.12654    5.32712e-07    0.0215622
1.38866    -1.12654    5.27591e-07    0.0215593
1.38851    -1.12654    5.14622e-07    0.0215564
1.38837    -1.12654    4.9446e-07    0.0215535
1.38823    -1.12654    4.67939e-07    0.0215507
1.38809    -1.12654    4.36041e-07    0.0215479
1.38796    -1.12654    3.99851e-07    0.0215452
1.38783    -1.12654    3.6052e-07    0.0215427
1.38771    -1.12654    3.19224e-07    0.0215402
1.3876    -1.12654    2.77128e-07    0.0215379
1.38749    -1.12654    2.35349e-07    0.0215358
1.38739    -1.12654    1.94929e-07    0.0215338
1.3873    -1.12654    1.56803e-07    0.021532
1.38722    -1.12654    1.21782e-07    0.0215304
1.38715    -1.12654    9.05343e-08    0.0215289
1.38709    -1.12654    6.35748e-08    0.0215276
1.38704    -1.12654    4.12603e-08    0.0215266
1.387    -1.12654    2.37883e-08    0.0215257
1.38697    -1.12654    1.12018e-08    0.0215251
1.38695    -1.12654    3.39844e-09    0.0215246
1.38694    -1.12654    1.42679e-10    0.0215243
1.38694    -1.12654    1.08227e-09    0.0215242
1.38694    -1.12654    5.76644e-09    0.0215243
1.38696    -1.12654    1.36662e-08    0.0215245
1.38698    -1.12654    2.41954e-08    0.021525
1.38701    -1.12654    3.67325e-08    0.0215255
1.38705    -1.12654    5.06416e-08    0.0215263
1.3871    -1.12654    6.52923e-08    0.0215271
1.38715    -1.12654    8.0079e-08    0.0215281
1.3872    -1.12654    9.44367e-08    0.0215292
1.38727    -1.12654    1.07856e-07    0.0215304
1.38733    -1.12654    1.19894e-07    0.0215317
1.3874    -1.12654    1.30183e-07    0.0215331
1.38747    -1.12654    1.38437e-07    0.0215345
1.38755    -1.12654    1.44456e-07    0.021536
1.38762    -1.12654    1.48122e-07    0.0215375
1.3877    -1.12654    1.494e-07    0.0215391
1.38778    -1.12654    1.48333e-07    0.0215406
1.38786    -1.12654    1.45036e-07    0.0215422
1.38793    -1.12654    1.39685e-07    0.0215437
1.38801    -1.12654    1.32508e-07    0.0215452
1.38808    -1.12654    1.23777e-07    0.0215467
1.38815    -1.12654    1.13794e-07    0.0215481
1.38822    -1.12654    1.0288e-07    0.0215494
1.38828    -1.12654    9.13658e-08    0.0215507
1.38834    -1.12654    7.95789e-08    0.021552
1.3884    -1.12654    6.78353e-08    0.0215531
1.38845    -1.12654    5.64299e-08    0.0215542
1.3885    -1.12654    4.56295e-08    0.0215552
1.38854    -1.12654    3.56662e-08    0.0215561
1.38858    -1.12654    2.67326e-08    0.0215568
1.38861    -1.12654    1.89794e-08    0.0215575
1.38864    -1.12654    1.25125e-08    0.0215581
1.38867    -1.12654    7.39386e-09    0.0215586
1.38868    -1.12654    3.6419e-09    0.0215589
1.38869    -1.12654    1.23413e-09    0.0215592
1.3887    -1.12654    1.10529e-10    0.0215594
1.3887    -1.12654    1.77802e-10    0.0215595
1.3887    -1.12654    1.31446e-09    0.0215594
1.38869    -1.12654    3.37634e-09    0.0215593
1.38868    -1.12654    6.20242e-09    0.0215591
1.38867    -1.12654    9.6208e-09    0.0215588
1.38865    -1.12654    1.34546e-08    0.0215584
1.38862    -1.12654    1.75275e-08    0.021558
1.3886    -1.12654    2.16691e-08    0.0215575
1.38857    -1.12654    2.57195e-08    0.0215569
1.38853    -1.12654    2.95335e-08    0.0215563
1.3885    -1.12654    3.29837e-08    0.0215556
1.38846    -1.12654    3.59636e-08    0.0215549
1.38843    -1.12654    3.83888e-08    0.0215541
1.38839    -1.12654    4.01982e-08    0.0215533
1.38835    -1.12654    4.13546e-08    0.0215525
1.38831    -1.12654    4.18436e-08    0.0215517
1.38826    -1.12654    4.16728e-08    0.0215509
1.38822    -1.12654    4.08702e-08    0.0215501
1.38818    -1.12654    3.94814e-08    0.0215493
1.38814    -1.12654    3.75677e-08    0.0215485
1.3881    -1.12654    3.52027e-08    0.0215477
1.38807    -1.12654    3.24692e-08    0.0215469
1.38803    -1.12654    2.94563e-08    0.0215462
1.388    -1.12654    2.62563e-08    0.0215455
1.38796    -1.12654    2.29612e-08    0.0215449
1.38793    -1.12654    1.96606e-08    0.0215442
1.3879    -1.12654    1.64384e-08    0.0215437
1.38788    -1.12654    1.33714e-08    0.0215431
1.38786    -1.12654    1.05268e-08    0.0215427
1.38784    -1.12654    7.96102e-09    0.0215422
1.38782    -1.12654    5.71881e-09    0.0215419
1.3878    -1.12654    3.83256e-09    0.0215415
1.38779    -1.12654    2.32216e-09    0.0215413
1.38778    -1.12654    1.19523e-09    0.0215411
1.38777    -1.12654    4.47706e-10    0.0215409
1.38777    -1.12654    6.47405e-11    0.0215408
1.38777    -1.12654    2.1864e-11    0.0215408
1.38777    -1.12654    2.86369e-10    0.0215408
1.38777    -1.12654    8.18844e-10    0.0215408
1.38778    -1.12654    1.57481e-09    0.0215409
1.38779    -1.12654    2.50639e-09    0.0215411
1.3878    -1.12654    3.564e-09    0.0215413
1.38781    -1.12654    4.69791e-09    0.0215415
1.38782    -1.12654    5.85981e-09    0.0215418
1.38784    -1.12654    7.00411e-09    0.0215421
1.38785    -1.12654    8.08915e-09    0.0215424
1.38787    -1.12654    9.07818e-09    0.0215428
1.38789    -1.12654    9.94013e-09    0.0215431
1.38791    -1.12654    1.06501e-08    0.0215435
1.38793    -1.12654    1.11899e-08    0.0215439
1.38795    -1.12654    1.15478e-08    0.0215444
1.38797    -1.12654    1.17186e-08    0.0215448
1.388    -1.12654    1.17035e-08    0.0215452
1.38802    -1.12654    1.15093e-08    0.0215456
1.38804    -1.12654    1.11481e-08    0.0215461
1.38806    -1.12654    1.06363e-08    0.0215465
1.38808    -1.12654    9.9941e-09    0.0215469
1.3881    -1.12654    9.24434e-09    0.0215473
1.38812    -1.12654    8.41178e-09    0.0215477
1.38814    -1.12654    7.52218e-09    0.0215481
1.38816    -1.12654    6.60145e-09    0.0215484
1.38817    -1.12654    5.67485e-09    0.0215488
1.38819    -1.12654    4.76624e-09    0.0215491
1.3882    -1.12654    3.8975e-09    0.0215494
1.38821    -1.12654    3.08796e-09    0.0215496
1.38823    -1.12654    2.35398e-09    0.0215498
1.38823    -1.12654    1.70868e-09    0.0215501
1.38824    -1.12654    1.16173e-09    0.0215502
1.38825    -1.12654    7.19323e-10    0.0215504
1.38826    -1.12654    3.84183e-10    0.0215505
1.38826    -1.12654    1.55736e-10    0.0215506
1.38826    -1.12654    3.03393e-11    0.0215506
1.38826    -1.12654    1.59975e-12    0.0215507
1.38826    -1.12654    6.07473e-11    0.0215507
1.38826    -1.12654    1.97058e-10    0.0215506
1.38826    -1.12654    3.98309e-10    0.0215506
1.38825    -1.12654    6.51242e-10    0.0215505
1.38825    -1.12654    9.42033e-10    0.0215504
1.38824    -1.12654    1.25675e-09    0.0215503
1.38824    -1.12654    1.58176e-09    0.0215502
1.38823    -1.12654    1.90414e-09    0.02155
1.38822    -1.12654    2.21202e-09    0.0215498
1.38821    -1.12654    2.49482e-09    0.0215497
1.3882    -1.12654    2.74353e-09    0.0215495
1.38819    -1.12654    2.95088e-09    0.0215492
1.38818    -1.12654    3.11137e-09    0.021549
1.38817    -1.12654    3.22139e-09    0.0215488
1.38816    -1.12654    3.27916e-09    0.0215486
1.38814    -1.12654    3.28466e-09    0.0215484
1.38813    -1.12654    3.23952e-09    0.0215481
1.38812    -1.12654    3.14685e-09    0.0215479
1.38811    -1.12654    3.01104e-09    0.0215477
1.3881    -1.12654    2.83754e-09    0.0215474
1.38809    -1.12654    2.63263e-09    0.0215472
1.38808    -1.12654    2.40316e-09    0.021547
1.38807    -1.12654    2.15632e-09    0.0215468
1.38806    -1.12654    1.89938e-09    0.0215466
1.38805    -1.12654    1.63946e-09    0.0215465
1.38804    -1.12654    1.38335e-09    0.0215463
1.38803    -1.12654    1.1373e-09    0.0215461
1.38803    -1.12654    9.06869e-10    0.021546
1.38802    -1.12654    6.96813e-10    0.0215459
1.38802    -1.12654    5.10992e-10    0.0215458
1.38801    -1.12654    3.52306e-10    0.0215457
1.38801    -1.12654    2.22675e-10    0.0215456
1.38801    -1.12654    1.23048e-10    0.0215455
1.388    -1.12654    5.34339e-11    0.0215455
1.388    -1.12654    1.29696e-11    0.0215454
1.388    -1.12654    4.67293e-17    0.0215454
1.388    -1.12654    1.21824e-11    0.0215454
1.388    -1.12654    4.66024e-11    0.0215454
1.388    -1.12654    9.99002e-11    0.0215455
1.388    -1.12654    1.68401e-10    0.0215455
1.38801    -1.12654    2.48247e-10    0.0215455
1.38801    -1.12654    3.35526e-10    0.0215456
1.38801    -1.12654    4.26391e-10    0.0215457
1.38802    -1.12654    5.17171e-10    0.0215458
1.38802    -1.12654    6.04473e-10    0.0215458
1.38803    -1.12654    6.8526e-10    0.0215459
1.38803    -1.12654    7.56921e-10    0.021546
1.38804    -1.12654    8.1732e-10    0.0215462
1.38804    -1.12654    8.64825e-10    0.0215463
1.38805    -1.12654    8.98327e-10    0.0215464
1.38806    -1.12654    9.17232e-10    0.0215465
1.38806    -1.12654    9.21448e-10    0.0215466
1.38807    -1.12654    9.11349e-10    0.0215467
1.38807    -1.12654    8.87737e-10    0.0215469
1.38808    -1.12654    8.5178e-10    0.021547
1.38809    -1.12654    8.0496e-10    0.0215471
1.38809    -1.12654    7.48999e-10    0.0215472
1.3881    -1.12654    6.85795e-10    0.0215473
1.3881    -1.12654    6.17349e-10    0.0215474
1.38811    -1.12654    5.457e-10    0.0215475
1.38811    -1.12654    4.72858e-10    0.0215476
1.38812    -1.12654    4.00746e-10    0.0215477
1.38812    -1.12654    3.31144e-10    0.0215478
1.38812    -1.12654    2.65651e-10    0.0215479
1.38813    -1.12654    2.05643e-10    0.0215479
1.38813    -1.12654    1.52248e-10    0.021548
1.38813    -1.12654    1.06328e-10    0.0215481
1.38814    -1.12654    6.8473e-11    0.0215481
1.38814    -1.12654    3.89965e-11    0.0215481
1.38814    -1.12654    1.79489e-11    0.0215482
1.38814    -1.12654    5.13125e-12    0.0215482
1.38814    -1.12654    1.1867e-13    0.0215482
1.38814    -1.12654    2.28786e-12    0.0215482
1.38814    -1.12654    1.08493e-11    0.0215482
1.38814    -1.12654    2.48819e-11    0.0215482
1.38814    -1.12654    4.33698e-11    0.0215482
1.38814    -1.12654    6.5239e-11    0.0215481
1.38813    -1.12654    8.93934e-11    0.0215481
1.38813    -1.12654    1.1475e-10    0.0215481
1.38813    -1.12654    1.40268e-10    0.021548
1.38813    -1.12654    1.64982e-10    0.021548
1.38813    -1.12654    1.8802e-10    0.0215479
1.38812    -1.12654    2.08627e-10    0.0215479
1.38812    -1.12654    2.2618e-10    0.0215478
1.38812    -1.12654    2.40194e-10    0.0215478
1.38811    -1.12654    2.50331e-10    0.0215477
1.38811    -1.12654    2.56397e-10    0.0215476
1.38811    -1.12654    2.58342e-10    0.0215476
1.3881    -1.12654    2.56247e-10    0.0215475
1.3881    -1.12654    2.50314e-10    0.0215474
1.3881    -1.12654    2.40854e-10    0.0215474
1.38809    -1.12654    2.28266e-10    0.0215473
1.38809    -1.12654    2.13021e-10    0.0215473
1.38809    -1.12654    1.95644e-10    0.0215472
1.38809    -1.12654    1.76692e-10    0.0215471
1.38808    -1.12654    1.56736e-10    0.0215471
1.38808    -1.12654    1.36341e-10    0.021547
1.38808    -1.12654    1.16052e-10    0.021547
1.38808    -1.12654    9.63768e-11    0.0215469
1.38807    -1.12654    7.77741e-11    0.0215469
1.38807    -1.12654    6.06418e-11    0.0215469
1.38807    -1.12654    4.53096e-11    0.0215468
1.38807    -1.12654    3.20333e-11    0.0215468
1.38807    -1.12654    2.09925e-11    0.0215468
1.38807    -1.12654    1.22895e-11    0.0215468
1.38807    -1.12654    5.95209e-12    0.0215468
1.38807    -1.12654    1.93698e-12    0.0215467
1.38807    -1.12654    1.36376e-13    0.0215467
1.38807    -1.12654    3.8527e-13    0.0215467
1.38807    -1.12654    2.47029e-12    0.0215467
1.38807    -1.12654    6.13934e-12    0.0215467
1.38807    -1.12654    1.11118e-11    0.0215467
1.38807    -1.12654    1.70888e-11    0.0215468
1.38807    -1.12654    2.37635e-11    0.0215468
1.38807    -1.12654    3.08307e-11    0.0215468
1.38807    -1.12654    3.79963e-11    0.0215468
1.38807    -1.12654    4.49847e-11    0.0215468
1.38807    -1.12654    5.15463e-11    0.0215469
1.38807    -1.12654    5.74631e-11    0.0215469
1.38808    -1.12654    6.25531e-11    0.0215469
1.38808    -1.12654    6.66732e-11    0.021547
1.38808    -1.12654    6.97211e-11    0.021547
1.38808    -1.12654    7.1635e-11    0.021547
1.38808    -1.12654    7.23934e-11    0.0215471
1.38808    -1.12654    7.20125e-11    0.0215471
1.38809    -1.12654    7.0543e-11    0.0215471
1.38809    -1.12654    6.80665e-11    0.0215472
1.38809    -1.12654    6.4691e-11    0.0215472
1.38809    -1.12654    6.05453e-11    0.0215472
1.38809    -1.12654    5.57739e-11    0.0215473
1.38809    -1.12654    5.05317e-11    0.0215473
1.3881    -1.12654    4.49783e-11    0.0215473
1.3881    -1.12654    3.9273e-11    0.0215473
1.3881    -1.12654    3.35699e-11    0.0215474
1.3881    -1.12654    2.80136e-11    0.0215474
1.3881    -1.12654    2.27352e-11    0.0215474
1.3881    -1.12654    1.78497e-11    0.0215474
1.3881    -1.12654    1.34531e-11    0.0215474
1.3881    -1.12654    9.62106e-12    0.0215475
1.3881    -1.12654    6.40785e-12    0.0215475
1.3881    -1.12654    3.84616e-12    0.0215475
1.3881    -1.12654    1.94753e-12    0.0215475
1.3881    -1.12654    7.03416e-13    0.0215475
1.3881    -1.12654    8.68074e-14    0.0215475
1.3881    -1.12654    5.42492e-14    0.0215475
1.3881    -1.12654    5.48257e-13    0.0215475
1.3881    -1.12654    1.49998e-12    0.0215475
1.3881    -1.12654    2.83204e-12    0.0215475
1.3881    -1.12654    4.46141e-12    0.0215475
1.3881    -1.12654    6.30231e-12    0.0215475
1.3881    -1.12654    8.26895e-12    0.0215475
1.3881    -1.12654    1.02781e-11    0.0215475
1.3881    -1.12654    1.22514e-11    0.0215475
1.3881    -1.12654    1.41175e-11    0.0215474
1.3881    -1.12654    1.58135e-11    0.0215474
1.3881    -1.12654    1.72865e-11    0.0215474
1.3881    -1.12654    1.84942e-11    0.0215474
1.3881    -1.12654    1.94059e-11    0.0215474
1.3881    -1.12654    2.00022e-11    0.0215474
1.3881    -1.12654    2.02749e-11    0.0215473
1.3881    -1.12654    2.02267e-11    0.0215473
1.38809    -1.12654    1.987e-11    0.0215473
1.38809    -1.12654    1.92263e-11    0.0215473
1.38809    -1.12654    1.83246e-11    0.0215473
1.38809    -1.12654    1.71998e-11    0.0215473
1.38809    -1.12654    1.58919e-11    0.0215472
1.38809    -1.12654    1.44438e-11    0.0215472
1.38809    -1.12654    1.29002e-11    0.0215472
1.38809    -1.12654    1.13057e-11    0.0215472
1.38809    -1.12654    9.70401e-12    0.0215472
1.38809    -1.12654    8.13614e-12    0.0215472
1.38809    -1.12654    6.63967e-12    0.0215471
1.38809    -1.12654    5.2477e-12    0.0215471
1.38809    -1.12654    3.98818e-12    0.0215471
1.38809    -1.12654    2.8834e-12    0.0215471
1.38808    -1.12654    1.9497e-12    0.0215471
1.38808    -1.12654    1.19736e-12    0.0215471
1.38808    -1.12654    6.30696e-13    0.0215471
1.38808    -1.12654    2.48337e-13    0.0215471
1.38808    -1.12654    4.3632e-14    0.0215471
1.38808    -1.12654    5.20997e-15    0.0215471
1.38808    -1.12654    1.17634e-13    0.0215471
1.38808    -1.12654    3.6214e-13    0.0215471
1.38808    -1.12654    7.1742e-13    0.0215471
1.38808    -1.12654    1.16044e-12    0.0215471
1.38808    -1.12654    1.66723e-12    0.0215471
1.38809    -1.12654    2.21369e-12    0.0215471
1.38809    -1.12654    2.77632e-12    0.0215471
1.38809    -1.12654    3.33285e-12    0.0215471
1.38809    -1.12654    3.86286e-12    0.0215471
1.38809    -1.12654    4.34828e-12    0.0215471
1.38809    -1.12654    4.7737e-12    0.0215471
1.38809    -1.12654    5.12675e-12    0.0215472
1.38809    -1.12654    5.39818e-12    0.0215472
1.38809    -1.12654    5.58196e-12    0.0215472
1.38809    -1.12654    5.67525e-12    0.0215472
1.38809    -1.12654    5.67823e-12    0.0215472
1.38809    -1.12654    5.59392e-12    0.0215472
1.38809    -1.12654    5.42788e-12    0.0215472
1.38809    -1.12654    5.18784e-12    0.0215472
1.38809    -1.12654    4.88338e-12    0.0215472
1.38809    -1.12654    4.52543e-12    0.0215472
1.38809    -1.12654    4.12592e-12    0.0215472
1.38809    -1.12654    3.69729e-12    0.0215473
1.38809    -1.12654    3.2521e-12    0.0215473
1.38809    -1.12654    2.80267e-12    0.0215473
1.38809    -1.12654    2.36064e-12    0.0215473
1.38809    -1.12654    1.93677e-12    0.0215473
1.38809    -1.12654    1.54057e-12    0.0215473
1.38809    -1.12654    1.18015e-12    0.0215473
1.38809    -1.12654    8.6207e-13    0.0215473
1.38809    -1.12654    5.91217e-13    0.0215473
1.38809    -1.12654    3.70786e-13    0.0215473
1.38809    -1.12654    2.02296e-13    0.0215473
1.3881    -1.12654    8.56469e-14    0.0215473
1.3881    -1.12654    1.92402e-14    0.0215473
1.3881    -1.12654    1.20732e-16    0.0215473
1.3881    -1.12654    2.41583e-14    0.0215473
1.3881    -1.12654    8.62506e-14    0.0215473
1.3881    -1.12654    1.80541e-13    0.0215473
1.38809    -1.12654    3.00646e-13    0.0215473
1.38809    -1.12654    4.3988e-13    0.0215473
1.38809    -1.12654    5.91481e-13    0.0215473
1.38809    -1.12654    7.48812e-13    0.0215473
1.38809    -1.12654    9.05559e-13    0.0215473
1.38809    -1.12654    1.05589e-12    0.0215473
1.38809    -1.12654    1.19461e-12    0.0215473
1.38809    -1.12654    1.31725e-12    0.0215473
1.38809    -1.12654    1.42019e-12    0.0215473
1.38809    -1.12654    1.50067e-12    0.0215473
1.38809    -1.12654    1.55683e-12    0.0215473
1.38809    -1.12654    1.5877e-12    0.0215473
1.38809    -1.12654    1.5932e-12    0.0215473
1.38809    -1.12654    1.57401e-12    0.0215473
1.38809    -1.12654    1.53158e-12    0.0215473
1.38809    -1.12654    1.46797e-12    0.0215472
1.38809    -1.12654    1.38576e-12    0.0215472
1.38809    -1.12654    1.28798e-12    0.0215472
1.38809    -1.12654    1.17791e-12    0.0215472
1.38809    -1.12654    1.05902e-12    0.0215472
1.38809    -1.12654    9.34844e-13    0.0215472
1.38809    -1.12654    8.08845e-13    0.0215472
1.38809    -1.12654    6.84336e-13    0.0215472
1.38809    -1.12654    5.64377e-13    0.0215472
1.38809    -1.12654    4.51706e-13    0.0215472
1.38809    -1.12654    3.48675e-13    0.0215472
1.38809    -1.12654    2.57204e-13    0.0215472
1.38809    -1.12654    1.7875e-13    0.0215472
1.38809    -1.12654    1.14299e-13    0.0215472
1.38809    -1.12654    6.4361e-14    0.0215472
1.38809    -1.12654    2.89913e-14    0.0215472
1.38809    -1.12654    7.81657e-15    0.0215472
1.38809    -1.12654    7.57029e-17    0.0215472
1.38809    -1.12654    4.66812e-15    0.0215472
1.38809    -1.12654    2.02098e-14    0.0215472
1.38809    -1.12654    4.50937e-14    0.0215472
1.38809    -1.12654    7.75532e-14    0.0215472
1.38809    -1.12654    1.15726e-13    0.0215472
1.38809    -1.12654    1.57715e-13    0.0215472
1.38809    -1.12654    2.0165e-13    0.0215472
1.38809    -1.12654    2.45741e-13    0.0215472
1.38809    -1.12654    2.88326e-13    0.0215472
1.38809    -1.12654    3.2791e-13    0.0215472
1.38809    -1.12654    3.63205e-13    0.0215472
1.38809    -1.12654    3.93147e-13    0.0215472
1.38809    -1.12654    4.16918e-13    0.0215472
1.38809    -1.12654    4.3395e-13    0.0215472
1.38809    -1.12654    4.43928e-13    0.0215472
1.38809    -1.12654    4.46779e-13    0.0215472
1.38809    -1.12654    4.42661e-13    0.0215472
1.38809    -1.12654    4.31939e-13    0.0215472
1.38809    -1.12654    4.1516e-13    0.0215472
1.38809    -1.12654    3.93027e-13    0.0215472
1.38809    -1.12654    3.66363e-13    0.0215472
1.38809    -1.12654    3.36079e-13    0.0215472
1.38809    -1.12654    3.03142e-13    0.0215472
1.38809    -1.12654    2.68539e-13    0.0215472
1.38809    -1.12654    2.33248e-13    0.0215472
1.38809    -1.12654    1.98206e-13    0.0215472
1.38809    -1.12654    1.64287e-13    0.0215473
1.38809    -1.12654    1.32276e-13    0.0215473
1.38809    -1.12654    1.02853e-13    0.0215473
1.38809    -1.12654    7.65801e-14    0.0215473
1.38809    -1.12654    5.38896e-14    0.0215473
1.38809    -1.12654    3.50825e-14    0.0215473
1.38809    -1.12654    2.03264e-14    0.0215473
1.38809    -1.12654    9.6599e-15    0.0215473
1.38809    -1.12654    2.99989e-15    0.0215473
1.38809    -1.12654    1.52243e-16    0.0215473
1.38809    -1.12654    8.25027e-16    0.0215473
1.38809    -1.12654    4.64383e-15    0.0215473
1.38809    -1.12654    1.11685e-14    0.0215473
1.38809    -1.12654    1.99109e-14    0.0215473
1.38809    -1.12654    3.03526e-14    0.0215473
1.38809    -1.12654    4.19626e-14    0.0215473
1.38809    -1.12654    5.42141e-14    0.0215473
1.38809    -1.12654    6.66001e-14    0.0215473
1.38809    -1.12654    7.86469e-14    0.0215473
1.38809    -1.12654    8.99267e-14    0.0215473
1.38809    -1.12654    1.00067e-13    0.0215473
1.38809    -1.12654    1.08756e-13    0.0215473
1.38809    -1.12654    1.15754e-13    0.0215473
1.38809    -1.12654    1.20887e-13    0.0215472
1.38809    -1.12654    1.24054e-13    0.0215472
1.38809    -1.12654    1.25223e-13    0.0215472
1.38809    -1.12654    1.24425e-13    0.0215472
1.38809    -1.12654    1.21753e-13    0.0215472
1.38809    -1.12654    1.17352e-13    0.0215472
1.38809    -1.12654    1.11411e-13    0.0215472
1.38809    -1.12654    1.04154e-13    0.0215472
1.38809    -1.12654    9.58347e-14    0.0215472
1.38809    -1.12654    8.67204e-14    0.0215472
1.38809    -1.12654    7.70879e-14    0.0215472
1.38809    -1.12654    6.72121e-14    0.0215472
1.38809    -1.12654    5.73586e-14    0.0215472
1.38809    -1.12654    4.77761e-14    0.0215472
1.38809    -1.12654    3.86896e-14    0.0215472
1.38809    -1.12654    3.02955e-14    0.0215472
1.38809    -1.12654    2.27576e-14    0.0215472
1.38809    -1.12654    1.62042e-14    0.0215472
1.38809    -1.12654    1.07263e-14    0.0215472
1.38809    -1.12654    6.3779e-15    0.0215472
1.38809    -1.12654    3.17635e-15    0.0215472
1.38809    -1.12654    1.1045e-15    0.0215472
1.38809    -1.12654    1.13457e-16    0.0215472
1.38809    -1.12654    1.26177e-16    0.0215472
1.38809    -1.12654    1.04167e-15    0.0215472
1.38809    -1.12654    2.73962e-15    0.0215472
1.38809    -1.12654    5.08532e-15    0.0215472
1.38809    -1.12654    7.93468e-15    0.0215472
1.38809    -1.12654    1.11392e-14    0.0215472
1.38809    -1.12654    1.45506e-14    0.0215472
1.38809    -1.12654    1.80254e-14    0.0215472
1.38809    -1.12654    2.1429e-14    0.0215472
1.38809    -1.12654    2.46387e-14    0.0215472
1.38809    -1.12654    2.75471e-14    0.0215472
1.38809    -1.12654    3.00638e-14    0.0215472
1.38809    -1.12654    3.21173e-14    0.0215472
1.38809    -1.12654    3.36557e-14    0.0215472
1.38809    -1.12654    3.46469e-14    0.0215472
1.38809    -1.12654    3.50782e-14    0.0215472
1.38809    -1.12654    3.49554e-14    0.0215472
1.38809    -1.12654    3.43014e-14    0.0215472
1.38809    -1.12654    3.31542e-14    0.0215472
1.38809    -1.12654    3.15646e-14    0.0215472
1.38809    -1.12654    2.95941e-14    0.0215472
1.38809    -1.12654    2.7312e-14    0.0215472
1.38809    -1.12654    2.4793e-14    0.0215472
1.38809    -1.12654    2.21143e-14    0.0215472
1.38809    -1.12654    1.93533e-14    0.0215472
1.38809    -1.12654    1.6585e-14    0.0215472
1.38809    -1.12654    1.38802e-14    0.0215472
1.38809    -1.12654    1.13032e-14    0.0215472
1.38809    -1.12654    8.91082e-15    0.0215472
1.38809    -1.12654    6.75059e-15    0.0215472
1.38809    -1.12654    4.86037e-15    0.0215472
1.38809    -1.12654    3.26766e-15    0.0215472
1.38809    -1.12654    1.98948e-15    0.0215472
1.38809    -1.12654    1.03259e-15    0.0215472
1.38809    -1.12654    3.93923e-16    0.0215472
1.38809    -1.12654    6.13473e-17    0.0215472
1.38809    -1.12654    1.46531e-17    0.0215472
1.38809    -1.12654    2.26685e-16    0.0215472
1.38809    -1.12654    6.64627e-16    0.0215472
1.38809    -1.12654    1.29137e-15    0.0215472
1.38809    -1.12654    2.0669e-15    0.0215472
1.38809    -1.12654    2.94972e-15    0.0215472
1.38809    -1.12654    3.89818e-15    0.0215472
1.38809    -1.12654    4.87173e-15    0.0215472
1.38809    -1.12654    5.83209e-15    0.0215472
1.38809    -1.12654    6.74419e-15    0.0215472
