1.37547    -1.12651    0.015914    0.0212559
1.40079    -1.12651    0.0147177    0.0216748
1.42514    -1.12629    0.0134068    0.022167
1.44837    -1.12588    0.0120316    0.0226521
1.47038    -1.12534    0.0106361    0.0231176
1.49108    -1.12469    0.00925688    0.0235604
1.51039    -1.12398    0.0079244    0.0239777
1.52825    -1.12324    0.00666282    0.0243675
1.54463    -1.12249    0.00549077    0.024728
1.5595    -1.12176    0.00442194    0.0250578
1.57285    -1.12105    0.00346572    0.025356
1.58466    -1.1204    0.00262777    0.0256218
1.59495    -1.11981    0.00191059    0.0258549
1.60372    -1.11928    0.00131402    0.026055
1.611    -1.11884    0.000835719    0.0262223
1.6168    -1.11848    0.000471509    0.0263571
1.62116    -1.1182    0.000215757    0.0264597
1.6241    -1.11801    6.16617e-05    0.0265307
1.62568    -1.11791    1.49805e-06    0.026571
1.62592    -1.1179    2.68368e-05    0.0265813
1.62488    -1.11796    0.000128721    0.0265628
1.62261    -1.11811    0.000297818    0.0265166
1.61914    -1.11833    0.000524546    0.0264438
1.61455    -1.11862    0.000799185    0.0263457
1.60888    -1.11897    0.00111197    0.0262239
1.60218    -1.11938    0.00145318    0.0260797
1.59453    -1.11983    0.0018132    0.0259148
1.58599    -1.12032    0.00218262    0.0257306
1.57661    -1.12085    0.00255228    0.0255289
1.56647    -1.12139    0.00291337    0.0253113
1.55564    -1.12195    0.00325748    0.0250797
1.54419    -1.12251    0.00357672    0.0248357
1.53219    -1.12307    0.00386378    0.0245811
1.51971    -1.12361    0.00411203    0.0243178
1.50684    -1.12412    0.00431567    0.0240475
1.49366    -1.1246    0.00446975    0.023772
1.48024    -1.12505    0.00457039    0.0234931
1.46668    -1.12544    0.0046148    0.0232126
1.45305    -1.12578    0.00460146    0.0229322
1.43943    -1.12606    0.00453016    0.0226536
1.42593    -1.12628    0.00440212    0.0223784
1.41261    -1.12643    0.00422002    0.0221085
1.39957    -1.12652    0.00398801    0.0218452
1.3869    -1.12654    0.00371169    0.0215902
1.37467    -1.12651    0.00339802    0.021345
1.36298    -1.12642    0.00305517    0.0211111
1.35188    -1.12628    0.00269234    0.0208898
1.34147    -1.1261    0.00231943    0.0206823
1.33181    -1.12589    0.00194675    0.02049
1.32295    -1.12566    0.00158463    0.0203138
1.31496    -1.12541    0.00124298    0.0201547
1.30789    -1.12517    0.000930946    0.0200135
1.30177    -1.12495    0.000656417    0.0198908
1.29662    -1.12474    0.000425738    0.0197872
1.29248    -1.12456    0.000243402    0.0197029
1.28935    -1.12442    0.000111871    0.019638
1.28723    -1.12432    3.14973e-05    0.0195925
1.2861    -1.12427    5.7516e-07    0.019566
1.28595    -1.12426    1.54926e-05    0.0195582
1.28674    -1.1243    7.09944e-05    0.0195685
1.28843    -1.12438    0.000160522    0.0195961
1.29097    -1.1245    0.00027661    0.0196402
1.29431    -1.12464    0.000411296    0.0196998
1.29838    -1.12481    0.000556542    0.0197737
1.30312    -1.125    0.000704604    0.0198608
1.30844    -1.12519    0.000848362    0.0199597
1.31429    -1.12539    0.000981577    0.0200693
1.32058    -1.12559    0.00109907    0.0201881
1.32723    -1.12577    0.00119684    0.0203147
1.33417    -1.12594    0.00127208    0.0204478
1.34133    -1.1261    0.00132318    0.020586
1.34863    -1.12623    0.00134961    0.0207278
1.356    -1.12634    0.00135186    0.020872
1.36338    -1.12642    0.00133122    0.0210173
1.3707    -1.12648    0.00128973    0.0211623
1.37791    -1.12652    0.00122989    0.0213059
1.38495    -1.12654    0.00115463    0.021447
1.39177    -1.12654    0.00106706    0.0215845
1.39832    -1.12652    0.00097041    0.0217174
1.40457    -1.12649    0.000867861    0.0218449
1.41048    -1.12645    0.000762481    0.021966
1.41603    -1.1264    0.000657127    0.0220801
1.42117    -1.12634    0.000554391    0.0221866
1.4259    -1.12628    0.000456554    0.022285
1.43018    -1.12622    0.000365556    0.0223747
1.43402    -1.12615    0.000282977    0.0224554
1.4374    -1.1261    0.000210039    0.0225268
1.4403    -1.12604    0.000147607    0.0225888
1.44274    -1.126    9.62023e-05    0.0226412
1.44471    -1.12596    5.60252e-05    0.022684
1.44621    -1.12593    2.69788e-05    0.0227172
1.44725    -1.12591    8.69814e-06    0.0227409
1.44785    -1.12589    5.82481e-07    0.0227554
1.448    -1.12589    1.82848e-06    0.0227607
1.44773    -1.1259    1.14651e-05    0.0227572
1.44705    -1.12591    2.83886e-05    0.0227453
1.44598    -1.12593    5.13972e-05    0.0227253
1.44454    -1.12596    7.92253e-05    0.0226975
1.44275    -1.126    0.000110576    0.0226626
1.44064    -1.12604    0.000144154    0.022621
1.43824    -1.12608    0.000178691    0.0225732
1.43555    -1.12613    0.000212981    0.0225197
1.43262    -1.12618    0.000245895    0.0224612
1.42948    -1.12623    0.000276413    0.0223982
1.42614    -1.12627    0.000303636    0.0223312
1.42264    -1.12632    0.000326805    0.022261
1.41902    -1.12636    0.000345315    0.0221882
1.41529    -1.1264    0.00035872    0.0221132
1.41149    -1.12644    0.00036674    0.0220368
1.40764    -1.12647    0.000369262    0.0219595
1.40379    -1.1265    0.000366335    0.021882
1.39995    -1.12652    0.000358164    0.0218048
1.39615    -1.12653    0.000345098    0.0217284
1.39242    -1.12654    0.000327617    0.0216534
1.38879    -1.12654    0.000306309    0.0215803
1.38528    -1.12654    0.000281855    0.0215096
1.38191    -1.12654    0.000255    0.0214418
1.3787    -1.12653    0.000226532    0.0213772
1.37568    -1.12651    0.000197255    0.0213163
1.37286    -1.1265    0.000167962    0.0212593
1.37026    -1.12648    0.000139412    0.0212067
1.36789    -1.12646    0.000112308    0.0211586
1.36577    -1.12645    8.72729e-05    0.0211153
1.36389    -1.12643    6.48366e-05    0.0210769
1.36227    -1.12641    4.54198e-05    0.0210437
1.36092    -1.1264    2.93266e-05    0.0210156
1.35984    -1.12638    1.67396e-05    0.0209928
1.35901    -1.12637    7.72001e-06    0.0209752
1.35846    -1.12637    2.2122e-06    0.0209628
1.35816    -1.12636    5.20579e-08    0.0209556
1.35811    -1.12636    9.79044e-07    0.0209533
1.35831    -1.12637    4.65101e-06    0.0209559
1.35874    -1.12637    1.06611e-05    0.0209632
1.3594    -1.12638    1.85561e-05    0.0209749
1.36026    -1.12639    2.78549e-05    0.0209908
1.36132    -1.1264    3.80673e-05    0.0210106
1.36256    -1.12641    4.8711e-05    0.0210341
1.36396    -1.12643    5.9328e-05    0.0210608
1.36551    -1.12644    6.94977e-05    0.0210906
1.36718    -1.12646    7.88489e-05    0.0211229
1.36896    -1.12647    8.70676e-05    0.0211576
1.37083    -1.12649    9.39038e-05    0.0211942
1.37278    -1.1265    9.91738e-05    0.0212323
1.37478    -1.12651    0.000102761    0.0212716
1.37681    -1.12652    0.000104615    0.0213118
1.37887    -1.12653    0.000104745    0.0213525
1.38092    -1.12653    0.000103218    0.0213934
1.38296    -1.12654    0.00010015    0.021434
1.38497    -1.12654    9.56958e-05    0.0214742
1.38693    -1.12654    9.00456e-05    0.0215136
1.38883    -1.12654    8.34119e-05    0.021552
1.39067    -1.12654    7.60228e-05    0.021589
1.39242    -1.12654    6.81132e-05    0.0216244
1.39407    -1.12654    5.99171e-05    0.0216581
1.39563    -1.12653    5.16605e-05    0.0216898
1.39707    -1.12653    4.35552e-05    0.0217193
1.39839    -1.12652    3.57938e-05    0.0217465
1.39959    -1.12652    2.85452e-05    0.0217712
1.40067    -1.12651    2.19519e-05    0.0217935
1.40161    -1.12651    1.61276e-05    0.021813
1.40241    -1.12651    1.11563e-05    0.02183
1.40308    -1.1265    7.09213e-06    0.0218442
1.40362    -1.1265    3.95999e-06    0.0218556
1.40402    -1.1265    1.75701e-06    0.0218644
1.40428    -1.12649    4.54727e-07    0.0218704
1.40442    -1.12649    1.6573e-09    0.0218738
1.40442    -1.12649    3.26415e-07    0.0218747
1.40431    -1.12649    1.34109e-06    0.021873
1.40408    -1.1265    2.94483e-06    0.0218689
1.40373    -1.1265    5.02755e-06    0.0218626
1.40328    -1.1265    7.47361e-06    0.0218541
1.40273    -1.1265    1.01654e-05    0.0218436
1.4021    -1.12651    1.29868e-05    0.0218312
1.40137    -1.12651    1.58262e-05    0.0218171
1.40057    -1.12651    1.85794e-05    0.0218014
1.39971    -1.12652    2.11523e-05    0.0217844
1.39879    -1.12652    2.34624e-05    0.0217662
1.39781    -1.12653    2.54408e-05    0.0217469
1.3968    -1.12653    2.70334e-05    0.0217269
1.39576    -1.12653    2.8201e-05    0.0217061
1.39469    -1.12654    2.89203e-05    0.0216849
1.39361    -1.12654    2.91827e-05    0.0216633
1.39253    -1.12654    2.89945e-05    0.0216417
1.39145    -1.12654    2.83754e-05    0.02162
1.39038    -1.12654    2.73569e-05    0.0215986
1.38933    -1.12654    2.59811e-05    0.0215775
1.38831    -1.12654    2.42988e-05    0.021557
1.38732    -1.12654    2.23669e-05    0.021537
1.38637    -1.12654    2.0247e-05    0.0215179
1.38547    -1.12654    1.8003e-05    0.0214996
1.38461    -1.12654    1.56987e-05    0.0214824
1.38382    -1.12654    1.33963e-05    0.0214662
1.38308    -1.12654    1.11546e-05    0.0214513
1.38241    -1.12654    9.02678e-06    0.0214376
1.38181    -1.12654    7.05992e-06    0.0214252
1.38128    -1.12654    5.29333e-06    0.0214143
1.38082    -1.12653    3.75803e-06    0.0214047
1.38043    -1.12653    2.47623e-06    0.0213966
1.38011    -1.12653    1.46122e-06    0.0213899
1.37987    -1.12653    7.17497e-07    0.0213847
1.3797    -1.12653    2.41162e-07    0.0213809
1.3796    -1.12653    2.05976e-08    0.0213786
1.37957    -1.12653    3.73173e-08    0.0213776
1.37961    -1.12653    2.66991e-07    0.021378
1.37971    -1.12653    6.80588e-07    0.0213798
1.37988    -1.12653    1.2456e-06    0.0213827
1.3801    -1.12653    1.92727e-06    0.0213869
1.38038    -1.12653    2.68988e-06    0.0213921
1.38071    -1.12653    3.49784e-06    0.0213984
1.38109    -1.12654    4.3169e-06    0.0214056
1.3815    -1.12654    5.11502e-06    0.0214137
1.38196    -1.12654    5.86328e-06    0.0214225
1.38244    -1.12654    6.53651e-06    0.021432
1.38296    -1.12654    7.11382e-06    0.0214421
1.38349    -1.12654    7.57896e-06    0.0214527
1.38404    -1.12654    7.92045e-06    0.0214636
1.38461    -1.12654    8.13158e-06    0.0214748
1.38518    -1.12654    8.21033e-06    0.0214861
1.38576    -1.12654    8.159e-06    0.0214976
1.38633    -1.12654    7.98389e-06    0.021509
1.3869    -1.12654    7.69478e-06    0.0215204
1.38745    -1.12654    7.30438e-06    0.0215315
1.388    -1.12654    6.82772e-06    0.0215425
1.38852    -1.12654    6.28151e-06    0.021553
1.38902    -1.12654    5.68353e-06    0.0215632
1.3895    -1.12654    5.05198e-06    0.0215729
1.38995    -1.12654    4.40493e-06    0.021582
1.39037    -1.12654    3.75973e-06    0.0215906
1.39076    -1.12654    3.1326e-06    0.0215986
1.39112    -1.12654    2.53814e-06    0.0216058
1.39144    -1.12654    1.9891e-06    0.0216124
1.39172    -1.12654    1.49603e-06    0.0216183
1.39197    -1.12654    1.0672e-06    0.0216234
1.39217    -1.12654    7.08439e-07    0.0216277
1.39234    -1.12654    4.23199e-07    0.0216313
1.39247    -1.12654    2.12564e-07    0.0216341
1.39257    -1.12654    7.54055e-08    0.0216362
1.39262    -1.12654    8.55798e-09    0.0216375
1.39264    -1.12654    7.05513e-09    0.021638
1.39262    -1.12654    6.43966e-08    0.0216379
1.39257    -1.12654    1.72843e-07    0.0216371
1.39249    -1.12654    3.23729e-07    0.0216356
1.39237    -1.12654    5.07778e-07    0.0216334
1.39223    -1.12654    7.15416e-07    0.0216307
1.39206    -1.12654    9.37076e-07    0.0216275
1.39187    -1.12654    1.16348e-06    0.0216237
1.39165    -1.12654    1.38588e-06    0.0216195
1.39141    -1.12654    1.59629e-06    0.0216149
1.39116    -1.12654    1.78769e-06    0.0216099
1.39089    -1.12654    1.95413e-06    0.0216046
1.39061    -1.12654    2.09085e-06    0.0215991
1.39032    -1.12654    2.19436e-06    0.0215933
1.39002    -1.12654    2.26244e-06    0.0215874
1.38972    -1.12654    2.29412e-06    0.0215814
1.38942    -1.12654    2.28963e-06    0.0215753
1.38911    -1.12654    2.25032e-06    0.0215693
1.38881    -1.12654    2.17853e-06    0.0215633
1.38852    -1.12654    2.07748e-06    0.0215573
1.38823    -1.12654    1.95107e-06    0.0215515
1.38795    -1.12654    1.80377e-06    0.0215459
1.38768    -1.12654    1.64041e-06    0.0215404
1.38742    -1.12654    1.466e-06    0.0215352
1.38718    -1.12654    1.28562e-06    0.0215303
1.38695    -1.12654    1.1042e-06    0.0215257
1.38674    -1.12654    9.26414e-07    0.0215214
1.38655    -1.12654    7.56549e-07    0.0215174
1.38637    -1.12654    5.98391e-07    0.0215139
1.38622    -1.12654    4.55145e-07    0.0215107
1.38608    -1.12654    3.29381e-07    0.0215078
1.38597    -1.12654    2.22989e-07    0.0215054
1.38587    -1.12654    1.3717e-07    0.0215034
1.3858    -1.12654    7.24448e-08    0.0215019
1.38574    -1.12654    2.86805e-08    0.0215007
1.38571    -1.12654    5.13839e-09    0.0214999
1.38569    -1.12654    5.36891e-10    0.0214995
1.3857    -1.12654    1.31258e-08    0.0214995
1.38572    -1.12654    4.07711e-08    0.0214998
1.38576    -1.12654    8.1045e-08    0.0215006
1.38582    -1.12654    1.3132e-07    0.0215016
1.38589    -1.12654    1.8886e-07    0.021503
1.38598    -1.12654    2.50915e-07    0.0215046
1.38608    -1.12654    3.14801e-07    0.0215066
1.38619    -1.12654    3.77978e-07    0.0215088
1.38632    -1.12654    4.38119e-07    0.0215112
1.38645    -1.12654    4.93164e-07    0.0215138
1.38659    -1.12654    5.41364e-07    0.0215165
1.38674    -1.12654    5.81313e-07    0.0215194
1.38689    -1.12654    6.11966e-07    0.0215225
1.38705    -1.12654    6.32648e-07    0.0215256
1.38721    -1.12654    6.43043e-07    0.0215288
1.38737    -1.12654    6.43185e-07    0.021532
1.38753    -1.12654    6.33426e-07    0.0215352
1.38769    -1.12654    6.14409e-07    0.0215384
1.38785    -1.12654    5.87023e-07    0.0215415
1.388    -1.12654    5.5236e-07    0.0215446
1.38815    -1.12654    5.1167e-07    0.0215476
1.38829    -1.12654    4.66308e-07    0.0215505
1.38843    -1.12654    4.17687e-07    0.0215533
1.38856    -1.12654    3.67233e-07    0.0215559
1.38868    -1.12654    3.16337e-07    0.0215584
1.38879    -1.12654    2.66317e-07    0.0215607
1.3889    -1.12654    2.18384e-07    0.0215628
1.38899    -1.12654    1.7361e-07    0.0215647
1.38908    -1.12654    1.32907e-07    0.0215664
1.38915    -1.12654    9.70089e-08    0.021568
1.38921    -1.12654    6.64629e-08    0.0215693
1.38926    -1.12654    4.16241e-08    0.0215704
1.3893    -1.12654    2.26586e-08    0.0215712
1.38933    -1.12654    9.55075e-09    0.0215719
1.38935    -1.12654    2.11619e-09    0.0215723
1.38936    -1.12654    1.84048e-11    0.0215726
1.38936    -1.12654    2.78913e-09    0.0215726
1.38935    -1.12654    9.85118e-09    0.0215725
1.38933    -1.12654    2.0543e-08    0.0215721
1.3893    -1.12654    3.41441e-08    0.0215716
1.38927    -1.12654    4.99004e-08    0.0215709
1.38922    -1.12654    6.70493e-08    0.02157
1.38917    -1.12654    8.48426e-08    0.021569
1.38911    -1.12654    1.02568e-07    0.0215679
1.38905    -1.12654    1.19569e-07    0.0215666
1.38898    -1.12654    1.35257e-07    0.0215653
1.3889    -1.12654    1.49131e-07    0.0215638
1.38883    -1.12654    1.60779e-07    0.0215623
1.38874    -1.12654    1.69889e-07    0.0215607
1.38866    -1.12654    1.76252e-07    0.0215591
1.38858    -1.12654    1.79757e-07    0.0215574
1.38849    -1.12654    1.80392e-07    0.0215557
1.38841    -1.12654    1.78236e-07    0.021554
1.38832    -1.12654    1.73449e-07    0.0215523
1.38824    -1.12654    1.66264e-07    0.0215506
1.38816    -1.12654    1.56972e-07    0.021549
1.38808    -1.12654    1.45914e-07    0.0215474
1.388    -1.12654    1.33461e-07    0.0215458
1.38793    -1.12654    1.20006e-07    0.0215444
1.38786    -1.12654    1.05948e-07    0.021543
1.38779    -1.12654    9.16802e-08    0.0215416
1.38773    -1.12654    7.75772e-08    0.0215404
1.38768    -1.12654    6.39865e-08    0.0215392
1.38763    -1.12654    5.12187e-08    0.0215382
1.38758    -1.12654    3.95409e-08    0.0215373
1.38754    -1.12654    2.91715e-08    0.0215364
1.38751    -1.12654    2.02762e-08    0.0215357
1.38748    -1.12654    1.29674e-08    0.0215351
1.38745    -1.12654    7.30339e-09    0.0215346
1.38744    -1.12654    3.29099e-09    0.0215343
1.38743    -1.12654    8.88142e-10    0.021534
1.38742    -1.12654    8.75157e-12    0.0215339
1.38742    -1.12654    5.28114e-10    0.0215338
1.38742    -1.12654    2.28927e-09    0.0215339
1.38743    -1.12654    5.10991e-09    0.0215341
1.38745    -1.12654    8.78953e-09    0.0215343
1.38747    -1.12654    1.31167e-08    0.0215347
1.38749    -1.12654    1.78763e-08    0.0215351
1.38752    -1.12654    2.28559e-08    0.0215356
1.38755    -1.12654    2.78524e-08    0.0215362
1.38758    -1.12654    3.26772e-08    0.0215369
1.38762    -1.12654    3.7161e-08    0.0215376
1.38766    -1.12654    4.11576e-08    0.0215383
1.3877    -1.12654    4.45465e-08    0.0215391
1.38774    -1.12654    4.72352e-08    0.02154
1.38778    -1.12654    4.91595e-08    0.0215408
1.38783    -1.12654    5.02841e-08    0.0215417
1.38787    -1.12654    5.06009e-08    0.0215426
1.38792    -1.12654    5.01281e-08    0.0215435
1.38796    -1.12654    4.89073e-08    0.0215444
1.38801    -1.12654    4.7001e-08    0.0215453
1.38805    -1.12654    4.44889e-08    0.0215462
1.38809    -1.12654    4.14644e-08    0.021547
1.38813    -1.12654    3.80311e-08    0.0215478
1.38817    -1.12654    3.42984e-08    0.0215486
1.38821    -1.12654    3.03782e-08    0.0215494
1.38824    -1.12654    2.63812e-08    0.0215501
1.38828    -1.12654    2.24136e-08    0.0215508
1.38831    -1.12654    1.85741e-08    0.0215514
1.38833    -1.12654    1.49515e-08    0.0215519
1.38836    -1.12654    1.16226e-08    0.0215524
1.38838    -1.12654    8.65088e-09    0.0215529
1.3884    -1.12654    6.08511e-09    0.0215533
1.38841    -1.12654    3.95917e-09    0.0215536
1.38843    -1.12654    2.29188e-09    0.0215539
1.38844    -1.12654    1.08745e-09    0.0215541
1.38844    -1.12654    3.36361e-10    0.0215542
1.38845    -1.12654    1.65504e-11    0.0215543
1.38845    -1.12654    9.49075e-11    0.0215543
1.38845    -1.12654    5.29015e-10    0.0215543
1.38844    -1.12654    1.26904e-09    0.0215542
1.38843    -1.12654    2.25974e-09    0.0215541
1.38842    -1.12654    3.44246e-09    0.0215539
1.38841    -1.12654    4.75714e-09    0.0215537
1.3884    -1.12654    6.14419e-09    0.0215534
1.38838    -1.12654    7.54627e-09    0.0215531
1.38837    -1.12654    8.90983e-09    0.0215528
1.38835    -1.12654    1.01865e-08    0.0215524
1.38833    -1.12654    1.1334e-08    0.021552
1.3883    -1.12654    1.23174e-08    0.0215516
1.38828    -1.12654    1.31092e-08    0.0215512
1.38826    -1.12654    1.369e-08    0.0215507
1.38824    -1.12654    1.40482e-08    0.0215503
1.38821    -1.12654    1.41803e-08    0.0215498
1.38819    -1.12654    1.40897e-08    0.0215493
1.38816    -1.12654    1.3787e-08    0.0215488
1.38814    -1.12654    1.32886e-08    0.0215484
1.38812    -1.12654    1.26157e-08    0.0215479
1.3881    -1.12654    1.1794e-08    0.0215474
1.38807    -1.12654    1.08519e-08    0.021547
1.38805    -1.12654    9.81974e-09    0.0215466
1.38803    -1.12654    8.72891e-09    0.0215462
1.38801    -1.12654    7.61053e-09    0.0215458
1.388    -1.12654    6.49468e-09    0.0215454
1.38798    -1.12654    5.40949e-09    0.0215451
1.38797    -1.12654    4.38048e-09    0.0215448
1.38795    -1.12654    3.42989e-09    0.0215445
1.38794    -1.12654    2.57629e-09    0.0215443
1.38793    -1.12654    1.83419e-09    0.0215441
1.38792    -1.12654    1.21392e-09    0.0215439
1.38791    -1.12654    7.21601e-10    0.0215438
1.38791    -1.12654    3.59192e-10    0.0215436
1.38791    -1.12654    1.24751e-10    0.0215436
1.3879    -1.12654    1.27361e-11    0.0215435
1.3879    -1.12654    1.44146e-11    0.0215435
1.3879    -1.12654    1.18339e-10    0.0215435
1.38791    -1.12654    3.10875e-10    0.0215435
1.38791    -1.12654    5.76755e-10    0.0215436
1.38791    -1.12654    8.99647e-10    0.0215437
1.38792    -1.12654    1.26272e-09    0.0215438
1.38793    -1.12654    1.64918e-09    0.0215439
1.38794    -1.12654    2.04277e-09    0.0215441
1.38794    -1.12654    2.42824e-09    0.0215443
1.38795    -1.12654    2.79169e-09    0.0215445
1.38796    -1.12654    3.12096e-09    0.0215447
1.38798    -1.12654    3.40582e-09    0.0215449
1.38799    -1.12654    3.63817e-09    0.0215451
1.388    -1.12654    3.81215e-09    0.0215454
1.38801    -1.12654    3.92412e-09    0.0215456
1.38802    -1.12654    3.97268e-09    0.0215458
1.38804    -1.12654    3.95848e-09    0.0215461
1.38805    -1.12654    3.88413e-09    0.0215464
1.38806    -1.12654    3.75394e-09    0.0215466
1.38807    -1.12654    3.57367e-09    0.0215468
1.38809    -1.12654    3.35031e-09    0.0215471
1.3881    -1.12654    3.0917e-09    0.0215473
1.38811    -1.12654    2.80631e-09    0.0215475
1.38812    -1.12654    2.50288e-09    0.0215478
1.38813    -1.12654    2.19018e-09    0.021548
1.38814    -1.12654    1.8767e-09    0.0215482
1.38815    -1.12654    1.57044e-09    0.0215483
1.38816    -1.12654    1.2787e-09    0.0215485
1.38816    -1.12654    1.00789e-09    0.0215486
1.38817    -1.12654    7.63403e-10    0.0215488
1.38818    -1.12654    5.49506e-10    0.0215489
1.38818    -1.12654    3.6931e-10    0.021549
1.38818    -1.12654    2.24736e-10    0.0215491
1.38819    -1.12654    1.16542e-10    0.0215491
1.38819    -1.12654    4.43756e-11    0.0215492
1.38819    -1.12654    6.85928e-12    0.0215492
1.38819    -1.12654    1.70041e-12    0.0215492
1.38819    -1.12654    2.58213e-11    0.0215492
1.38819    -1.12654    7.55044e-11    0.0215492
1.38819    -1.12654    1.46546e-10    0.0215492
1.38819    -1.12654    2.34417e-10    0.0215491
1.38818    -1.12654    3.34418e-10    0.0215491
1.38818    -1.12654    4.41834e-10    0.021549
1.38817    -1.12654    5.52076e-10    0.0215489
1.38817    -1.12654    6.60809e-10    0.0215488
1.38816    -1.12654    7.64067e-10    0.0215487
1.38816    -1.12654    8.58345e-10    0.0215486
1.38815    -1.12654    9.40674e-10    0.0215485
1.38815    -1.12654    1.00867e-09    0.0215484
1.38814    -1.12654    1.06058e-09    0.0215483
1.38813    -1.12654    1.09526e-09    0.0215481
1.38813    -1.12654    1.1122e-09    0.021548
1.38812    -1.12654    1.11148e-09    0.0215479
1.38811    -1.12654    1.09372e-09    0.0215477
1.38811    -1.12654    1.06007e-09    0.0215476
1.3881    -1.12654    1.01205e-09    0.0215475
1.38809    -1.12654    9.51557e-10    0.0215473
1.38809    -1.12654    8.80762e-10    0.0215472
1.38808    -1.12654    8.02005e-10    0.0215471
1.38808    -1.12654    7.17727e-10    0.021547
1.38807    -1.12654    6.30389e-10    0.0215469
1.38807    -1.12654    5.42394e-10    0.0215468
1.38806    -1.12654    4.56014e-10    0.0215467
1.38806    -1.12654    3.73335e-10    0.0215466
1.38805    -1.12654    2.96205e-10    0.0215465
1.38805    -1.12654    2.2619e-10    0.0215464
1.38805    -1.12654    1.64551e-10    0.0215464
1.38804    -1.12654    1.1222e-10    0.0215463
1.38804    -1.12654    6.97991e-11    0.0215463
1.38804    -1.12654    3.75614e-11    0.0215462
1.38804    -1.12654    1.54648e-11    0.0215462
1.38804    -1.12654    3.1751e-12    0.0215462
1.38804    -1.12654    9.49954e-14    0.0215462
1.38804    -1.12654    5.39976e-12    0.0215462
1.38804    -1.12654    1.80773e-11    0.0215462
1.38804    -1.12654    3.6971e-11    0.0215462
1.38804    -1.12654    6.08243e-11    0.0215462
1.38804    -1.12654    8.83252e-11    0.0215463
1.38804    -1.12654    1.18149e-10    0.0215463
1.38805    -1.12654    1.49e-10    0.0215463
1.38805    -1.12654    1.79646e-10    0.0215464
1.38805    -1.12654    2.08954e-10    0.0215464
1.38805    -1.12654    2.35916e-10    0.0215465
1.38806    -1.12654    2.59669e-10    0.0215466
1.38806    -1.12654    2.79516e-10    0.0215466
1.38806    -1.12654    2.94929e-10    0.0215467
1.38807    -1.12654    3.05558e-10    0.0215468
1.38807    -1.12654    3.11227e-10    0.0215468
1.38807    -1.12654    3.1193e-10    0.0215469
1.38808    -1.12654    3.07816e-10    0.021547
1.38808    -1.12654    2.99174e-10    0.021547
1.38809    -1.12654    2.8642e-10    0.0215471
1.38809    -1.12654    2.70066e-10    0.0215472
1.38809    -1.12654    2.50707e-10    0.0215472
1.3881    -1.12654    2.28993e-10    0.0215473
1.3881    -1.12654    2.05605e-10    0.0215474
1.3881    -1.12654    1.81233e-10    0.0215474
1.3881    -1.12654    1.56554e-10    0.0215475
1.38811    -1.12654    1.32215e-10    0.0215475
1.38811    -1.12654    1.0881e-10    0.0215476
1.38811    -1.12654    8.68704e-11    0.0215476
1.38811    -1.12654    6.68505e-11    0.0215477
1.38811    -1.12654    4.91195e-11    0.0215477
1.38812    -1.12654    3.39561e-11    0.0215477
1.38812    -1.12654    2.15458e-11    0.0215477
1.38812    -1.12654    1.19819e-11    0.0215478
1.38812    -1.12654    5.26854e-12    0.0215478
1.38812    -1.12654    1.32657e-12    0.0215478
1.38812    -1.12654    1.50809e-15    0.0215478
1.38812    -1.12654    1.07321e-12    0.0215478
1.38812    -1.12654    4.26689e-12    0.0215478
1.38812    -1.12654    9.26502e-12    0.0215478
1.38812    -1.12654    1.57198e-11    0.0215478
1.38812    -1.12654    2.32654e-11    0.0215478
1.38812    -1.12654    3.15306e-11    0.0215477
1.38812    -1.12654    4.01499e-11    0.0215477
1.38811    -1.12654    4.87741e-11    0.0215477
1.38811    -1.12654    5.70799e-11    0.0215477
1.38811    -1.12654    6.47777e-11    0.0215476
1.38811    -1.12654    7.16181e-11    0.0215476
1.38811    -1.12654    7.73964e-11    0.0215476
1.38811    -1.12654    8.19559e-11    0.0215475
1.3881    -1.12654    8.51893e-11    0.0215475
1.3881    -1.12654    8.70384e-11    0.0215475
1.3881    -1.12654    8.74926e-11    0.0215474
1.3881    -1.12654    8.65858e-11    0.0215474
1.3881    -1.12654    8.43924e-11    0.0215474
1.38809    -1.12654    8.10222e-11    0.0215473
1.38809    -1.12654    7.66146e-11    0.0215473
1.38809    -1.12654    7.13325e-11    0.0215472
1.38809    -1.12654    6.53554e-11    0.0215472
1.38809    -1.12654    5.8873e-11    0.0215472
1.38809    -1.12654    5.20789e-11    0.0215471
1.38808    -1.12654    4.51642e-11    0.0215471
1.38808    -1.12654    3.83116e-11    0.0215471
1.38808    -1.12654    3.16911e-11    0.0215471
1.38808    -1.12654    2.54551e-11    0.021547
1.38808    -1.12654    1.97352e-11    0.021547
1.38808    -1.12654    1.46394e-11    0.021547
1.38808    -1.12654    1.02507e-11    0.021547
1.38808    -1.12654    6.62595e-12    0.021547
1.38808    -1.12654    3.7961e-12    0.021547
1.38808    -1.12654    1.76683e-12    0.021547
1.38808    -1.12654    5.20174e-13    0.0215469
1.38808    -1.12654    1.65591e-14    0.0215469
1.38808    -1.12654    1.97483e-13    0.0215469
1.38808    -1.12654    9.88522e-13    0.0215469
1.38808    -1.12654    2.30264e-12    0.0215469
1.38808    -1.12654    4.04364e-12    0.021547
1.38808    -1.12654    6.10969e-12    0.021547
1.38808    -1.12654    8.39672e-12    0.021547
1.38808    -1.12654    1.08018e-11    0.021547
1.38808    -1.12654    1.32258e-11    0.021547
1.38808    -1.12654    1.55769e-11    0.021547
1.38808    -1.12654    1.77717e-11    0.021547
1.38808    -1.12654    1.97383e-11    0.021547
1.38808    -1.12654    2.14168e-11    0.0215471
1.38808    -1.12654    2.27608e-11    0.0215471
1.38808    -1.12654    2.37376e-11    0.0215471
1.38809    -1.12654    2.43284e-11    0.0215471
1.38809    -1.12654    2.45278e-11    0.0215471
1.38809    -1.12654    2.43431e-11    0.0215472
1.38809    -1.12654    2.37931e-11    0.0215472
1.38809    -1.12654    2.29069e-11    0.0215472
1.38809    -1.12654    2.17221e-11    0.0215472
1.38809    -1.12654    2.02834e-11    0.0215472
1.38809    -1.12654    1.86403e-11    0.0215472
1.38809    -1.12654    1.68455e-11    0.0215473
1.38809    -1.12654    1.49534e-11    0.0215473
1.38809    -1.12654    1.30177e-11    0.0215473
1.3881    -1.12654    1.10901e-11    0.0215473
1.3881    -1.12654    9.21915e-12    0.0215473
1.3881    -1.12654    7.44843e-12    0.0215473
1.3881    -1.12654    5.81599e-12    0.0215474
1.3881    -1.12654    4.3534e-12    0.0215474
1.3881    -1.12654    3.08521e-12    0.0215474
1.3881    -1.12654    2.02875e-12    0.0215474
1.3881    -1.12654    1.194e-12    0.0215474
1.3881    -1.12654    5.83847e-13    0.0215474
1.3881    -1.12654    1.94445e-13    0.0215474
1.3881    -1.12654    1.5771e-14    0.0215474
1.3881    -1.12654    3.23523e-14    0.0215474
1.3881    -1.12654    2.2409e-13    0.0215474
1.3881    -1.12654    5.67174e-13    0.0215474
1.3881    -1.12654    1.03505e-12    0.0215474
1.3881    -1.12654    1.59939e-12    0.0215474
1.3881    -1.12654    2.23108e-12    0.0215474
1.3881    -1.12654    2.90114e-12    0.0215474
1.3881    -1.12654    3.58156e-12    0.0215474
1.3881    -1.12654    4.24612e-12    0.0215474
1.3881    -1.12654    4.87102e-12    0.0215474
1.3881    -1.12654    5.43544e-12    0.0215473
1.3881    -1.12654    5.92197e-12    0.0215473
1.3881    -1.12654    6.31687e-12    0.0215473
1.3881    -1.12654    6.61027e-12    0.0215473
1.38809    -1.12654    6.79618e-12    0.0215473
1.38809    -1.12654    6.87239e-12    0.0215473
1.38809    -1.12654    6.84031e-12    0.0215473
1.38809    -1.12654    6.70464e-12    0.0215473
1.38809    -1.12654    6.47303e-12    0.0215473
1.38809    -1.12654    6.15563e-12    0.0215473
1.38809    -1.12654    5.76459e-12    0.0215472
1.38809    -1.12654    5.31361e-12    0.0215472
1.38809    -1.12654    4.81735e-12    0.0215472
1.38809    -1.12654    4.29096e-12    0.0215472
1.38809    -1.12654    3.74957e-12    0.0215472
1.38809    -1.12654    3.20784e-12    0.0215472
1.38809    -1.12654    2.67954e-12    0.0215472
1.38809    -1.12654    2.17717e-12    0.0215472
1.38809    -1.12654    1.71171e-12    0.0215472
1.38809    -1.12654    1.29235e-12    0.0215472
1.38809    -1.12654    9.26361e-13    0.0215472
1.38809    -1.12654    6.18962e-13    0.0215472
1.38809    -1.12654    3.73339e-13    0.0215472
1.38809    -1.12654    1.90663e-13    0.0215472
1.38809    -1.12654    7.01944e-14    0.0215472
1.38809    -1.12654    9.43326e-15    0.0215472
1.38809    -1.12654    4.30916e-15    0.0215472
1.38809    -1.12654    4.94108e-14    0.0215472
1.38809    -1.12654    1.38238e-13    0.0215472
1.38809    -1.12654    2.63468e-13    0.0215472
1.38809    -1.12654    4.17236e-13    0.0215472
1.38809    -1.12654    5.91401e-13    0.0215472
1.38809    -1.12654    7.77812e-13    0.0215472
1.38809    -1.12654    9.68554e-13    0.0215472
1.38809    -1.12654    1.15617e-12    0.0215472
1.38809    -1.12654    1.33385e-12    0.0215472
1.38809    -1.12654    1.49559e-12    0.0215472
1.38809    -1.12654    1.63632e-12    0.0215472
1.38809    -1.12654    1.75201e-12    0.0215472
1.38809    -1.12654    1.83968e-12    0.0215472
1.38809    -1.12654    1.89745e-12    0.0215472
1.38809    -1.12654    1.92452e-12    0.0215472
1.38809    -1.12654    1.92109e-12    0.0215472
1.38809    -1.12654    1.88831e-12    0.0215472
1.38809    -1.12654    1.82819e-12    0.0215472
1.38809    -1.12654    1.74344e-12    0.0215472
1.38809    -1.12654    1.6374e-12    0.0215472
1.38809    -1.12654    1.51381e-12    0.0215472
1.38809    -1.12654    1.37675e-12    0.0215472
1.38809    -1.12654    1.23046e-12    0.0215472
1.38809    -1.12654    1.07919e-12    0.0215473
1.38809    -1.12654    9.27074e-13    0.0215473
1.38809    -1.12654    7.78028e-13    0.0215473
1.38809    -1.12654    6.35632e-13    0.0215473
1.38809    -1.12654    5.03046e-13    0.0215473
1.38809    -1.12654    3.82944e-13    0.0215473
1.38809    -1.12654    2.77463e-13    0.0215473
1.38809    -1.12654    1.88176e-13    0.0215473
1.38809    -1.12654    1.1608e-13    0.0215473
1.38809    -1.12654    6.16074e-14    0.0215473
1.38809    -1.12654    2.46471e-14    0.0215473
1.38809    -1.12654    4.58609e-15    0.0215473
1.38809    -1.12654    3.60654e-16    0.0215473
1.38809    -1.12654    1.05188e-14    0.0215473
1.38809    -1.12654    3.32896e-14    0.0215473
1.38809    -1.12654    6.6658e-14    0.0215473
1.38809    -1.12654    1.08442e-13    0.0215473
1.38809    -1.12654    1.56368e-13    0.0215473
1.38809    -1.12654    2.08147e-13    0.0215473
1.38809    -1.12654    2.61545e-13    0.0215473
1.38809    -1.12654    3.14441e-13    0.0215473
1.38809    -1.12654    3.64891e-13    0.0215473
1.38809    -1.12654    4.11167e-13    0.0215473
1.38809    -1.12654    4.51799e-13    0.0215473
1.38809    -1.12654    4.85598e-13    0.0215473
1.38809    -1.12654    5.11677e-13    0.0215473
1.38809    -1.12654    5.29451e-13    0.0215473
1.38809    -1.12654    5.38638e-13    0.0215473
1.38809    -1.12654    5.39246e-13    0.0215473
1.38809    -1.12654    5.3155e-13    0.0215472
1.38809    -1.12654    5.1607e-13    0.0215472
1.38809    -1.12654    4.93534e-13    0.0215472
1.38809    -1.12654    4.64844e-13    0.0215472
1.38809    -1.12654    4.31034e-13    0.0215472
1.38809    -1.12654    3.93233e-13    0.0215472
1.38809    -1.12654    3.52622e-13    0.0215472
1.38809    -1.12654    3.10394e-13    0.0215472
1.38809    -1.12654    2.67718e-13    0.0215472
1.38809    -1.12654    2.25705e-13    0.0215472
1.38809    -1.12654    1.85378e-13    0.0215472
1.38809    -1.12654    1.47646e-13    0.0215472
1.38809    -1.12654    1.13285e-13    0.0215472
1.38809    -1.12654    8.29223e-14    0.0215472
1.38809    -1.12654    5.70287e-14    0.0215472
1.38809    -1.12654    3.59137e-14    0.0215472
1.38809    -1.12654    1.97273e-14    0.0215472
1.38809    -1.12654    8.46603e-15    0.0215472
1.38809    -1.12654    1.98314e-15    0.0215472
1.38809    -1.12654    2.72022e-18    0.0215472
1.38809    -1.12654    2.13658e-15    0.0215472
1.38809    -1.12654    7.90344e-15    0.0215472
1.38809    -1.12654    1.67496e-14    0.0215472
1.38809    -1.12654    2.80705e-14    0.0215472
1.38809    -1.12654    4.12321e-14    0.0215472
1.38809    -1.12654    5.55923e-14    0.0215472
1.38809    -1.12654    7.05202e-14    0.0215472
1.38809    -1.12654    8.54147e-14    0.0215472
1.38809    -1.12654    9.97204e-14    0.0215472
1.38809    -1.12654    1.12941e-13    0.0215472
1.38809    -1.12654    1.2465e-13    0.0215472
1.38809    -1.12654    1.345e-13    0.0215472
1.38809    -1.12654    1.42226e-13    0.0215472
1.38809    -1.12654    1.47648e-13    0.0215472
1.38809    -1.12654    1.50672e-13    0.0215472
1.38809    -1.12654    1.51285e-13    0.0215472
1.38809    -1.12654    1.49551e-13    0.0215472
1.38809    -1.12654    1.45603e-13    0.0215472
1.38809    -1.12654    1.39636e-13    0.0215472
1.38809    -1.12654    1.31894e-13    0.0215472
1.38809    -1.12654    1.22661e-13    0.0215472
1.38809    -1.12654    1.12249e-13    0.0215472
1.38809    -1.12654    1.00988e-13    0.0215472
1.38809    -1.12654    8.92112e-14    0.0215472
1.38809    -1.12654    7.72494e-14    0.0215472
1.38809    -1.12654    6.54173e-14    0.0215472
1.38809    -1.12654    5.40067e-14    0.0215472
1.38809    -1.12654    4.32787e-14    0.0215472
1.38809    -1.12654    3.34583e-14    0.0215472
1.38809    -1.12654    2.47291e-14    0.0215472
1.38809    -1.12654    1.72314e-14    0.0215472
1.38809    -1.12654    1.10603e-14    0.0215472
1.38809    -1.12654    6.26612e-15    0.0215473
1.38809    -1.12654    2.85564e-15    0.0215473
1.38809    -1.12654    7.94911e-16    0.0215473
1.38809    -1.12654    1.29952e-17    0.0215473
1.38809    -1.12654    4.0654e-16    0.0215473
1.38809    -1.12654    1.84507e-15    0.0215473
1.38809    -1.12654    4.1767e-15    0.0215473
1.38809    -1.12654    7.23419e-15    0.0215473
1.38809    -1.12654    1.08409e-14    0.0215473
1.38809    -1.12654    1.48169e-14    0.0215472
1.38809    -1.12654    1.89843e-14    0.0215472
1.38809    -1.12654    2.31728e-14    0.0215472
1.38809    -1.12654    2.7224e-14    0.0215472
1.38809    -1.12654    3.09955e-14    0.0215472
1.38809    -1.12654    3.4364e-14    0.0215472
1.38809    -1.12654    3.72278e-14    0.0215472
1.38809    -1.12654    3.95082e-14    0.0215472
1.38809    -1.12654    4.11504e-14    0.0215472
1.38809    -1.12654    4.21236e-14    0.0215472
1.38809    -1.12654    4.242e-14    0.0215472
1.38809    -1.12654    4.20538e-14    0.0215472
1.38809    -1.12654    4.1059e-14    0.0215472
1.38809    -1.12654    3.94868e-14    0.0215472
1.38809    -1.12654    3.74035e-14    0.0215472
1.38809    -1.12654    3.48869e-14    0.0215472
1.38809    -1.12654    3.20232e-14    0.0215472
1.38809    -1.12654    2.8904e-14    0.0215472
1.38809    -1.12654    2.5623e-14    0.0215472
1.38809    -1.12654    2.22732e-14    0.0215472
1.38809    -1.12654    1.89438e-14    0.0215472
1.38809    -1.12654    1.5718e-14    0.0215472
1.38809    -1.12654    1.26706e-14    0.0215472
1.38809    -1.12654    9.86669e-15    0.0215472
1.38809    -1.12654    7.35999e-15    0.0215472
1.38809    -1.12654    5.19211e-15    0.0215472
1.38809    -1.12654    3.39206e-15    0.0215472
1.38809    -1.12654    1.97623e-15    0.0215472
1.38809    -1.12654    9.48765e-16    0.0215472
1.38809    -1.12654    3.02184e-16    0.0215472
1.38809    -1.12654    1.84421e-17    0.0215472
1.38809    -1.12654    7.01503e-17    0.0215472
1.38809    -1.12654    4.22032e-16    0.0215472
1.38809    -1.12654    1.03251e-15    0.0215472
1.38809    -1.12654    1.85537e-15    0.0215472
1.38809    -1.12654    2.84149e-15    0.0215472
1.38809    -1.12654    3.94045e-15    0.0215472
1.38809    -1.12654    5.10221e-15    0.0215472
1.38809    -1.12654    6.27852e-15    0.0215472
1.38809    -1.12654    7.42428e-15    0.0215472
1.38809    -1.12654    8.49867e-15    0.0215472
1.38809    -1.12654    9.46609e-15    0.0215472
1.38809    -1.12654    1.02969e-14    0.0215472
1.38809    -1.12654    1.09677e-14    0.0215472
1.38809    -1.12654    1.1462e-14    0.0215472
1.38809    -1.12654    1.17699e-14    0.0215472
1.38809    -1.12654    1.18881e-14    0.0215472
1.38809    -1.12654    1.18194e-14    0.0215472
