1.71664    -1.11136    0.017075    0.0287793
1.74287    -1.10927    0.0139462    0.0291841
1.76656    -1.10729    0.0111672    0.0297279
1.78777    -1.10547    0.00873522    0.0302419
1.80653    -1.10383    0.00664009    0.0306939
1.82288    -1.10236    0.00486841    0.0310915
1.83688    -1.10109    0.00340401    0.0314341
1.84859    -1.10001    0.00222892    0.0317227
1.85807    -1.09913    0.00132408    0.0319582
1.86537    -1.09845    0.000669866    0.0321417
1.87056    -1.09796    0.00024646    0.0322744
1.87371    -1.09766    3.41548e-05    0.0323577
1.87488    -1.09755    1.3539e-05    0.032393
1.87415    -1.09762    0.000165631    0.0323819
1.87156    -1.09786    0.000471956    0.032326
1.8672    -1.09827    0.000914579    0.0322269
1.86114    -1.09884    0.00147611    0.0320863
1.85342    -1.09956    0.0021397    0.0319061
1.84414    -1.10042    0.00288896    0.031688
1.83336    -1.10141    0.00370796    0.0314342
1.82114    -1.10252    0.00458115    0.0311464
1.80755    -1.10373    0.00549329    0.0308268
1.79268    -1.10505    0.00642943    0.0304776
1.77659    -1.10644    0.0073748    0.0301009
1.75935    -1.1079    0.00831482    0.0296991
1.74106    -1.10942    0.00923503    0.0292746
1.72177    -1.11097    0.0101211    0.0288298
1.70158    -1.11254    0.0109589    0.0283672
1.68057    -1.11412    0.0117343    0.0278895
1.65883    -1.11568    0.0124336    0.0273992
1.63646    -1.11721    0.0130434    0.026899
1.61354    -1.11868    0.0135507    0.0263916
1.59018    -1.12008    0.0139435    0.0258797
1.56648    -1.12139    0.0142105    0.0253659
1.54256    -1.12259    0.0143419    0.0248528
1.51853    -1.12366    0.0143296    0.024343
1.4945    -1.12457    0.0141676    0.0238388
1.47062    -1.12533    0.0138525    0.0233427
1.447    -1.12591    0.0133842    0.022857
1.42378    -1.12631    0.0127664    0.0223839
1.40111    -1.12651    0.0120067    0.0219255
1.37912    -1.12653    0.0111177    0.0214842
1.35796    -1.12636    0.0101167    0.0210622
1.33777    -1.12602    0.0090261    0.0206616
1.31871    -1.12553    0.00787297    0.0202849
1.3009    -1.12491    0.00668861    0.0199342
1.28449    -1.12419    0.00550745    0.0196119
1.26959    -1.12342    0.00436571    0.01932
1.25634    -1.12261    0.00329958    0.0190603
1.24481    -1.12183    0.00234317    0.0188345
1.23509    -1.12111    0.00152637    0.0186438
1.22725    -1.12048    0.000872775    0.0184889
1.22132    -1.11997    0.000397998    0.0183702
1.21732    -1.11962    0.000108496    0.0182878
1.21523    -1.11943    1.14024e-06    0.0182412
1.21502    -1.11941    6.35661e-05    0.0182296
1.21662    -1.11956    0.000275284    0.0182517
1.21995    -1.11985    0.000609413    0.0183059
1.2249    -1.12028    0.00103483    0.0183905
1.23136    -1.12081    0.0015185    0.0185033
1.23918    -1.12142    0.0020277    0.018642
1.24821    -1.12207    0.00253197    0.0188042
1.25831    -1.12274    0.00300467    0.0189874
1.26931    -1.1234    0.00342401    0.0191889
1.28105    -1.12403    0.00377358    0.0194061
1.29338    -1.1246    0.00404246    0.0196364
1.30614    -1.12511    0.00422489    0.0198771
1.31918    -1.12555    0.00431982    0.0201257
1.33237    -1.1259    0.00433013    0.0203797
1.34558    -1.12618    0.00426184    0.0206365
1.35868    -1.12637    0.00412336    0.0208939
1.37157    -1.12649    0.00392468    0.0211495
1.38414    -1.12654    0.00367673    0.0214013
1.39631    -1.12653    0.00339079    0.0216471
1.40799    -1.12647    0.00307798    0.0218853
1.41913    -1.12636    0.00274896    0.022114
1.42965    -1.12622    0.00241357    0.0223317
1.43951    -1.12606    0.00208069    0.0225373
1.44866    -1.12588    0.0017581    0.0227294
1.45708    -1.12568    0.00145242    0.0229071
1.46472    -1.12549    0.00116908    0.0230697
1.47159    -1.1253    0.000912355    0.0232165
1.47765    -1.12513    0.000685429    0.023347
1.4829    -1.12496    0.000490431    0.0234609
1.48734    -1.12482    0.000328532    0.023558
1.49098    -1.1247    0.000200037    0.0236383
1.49382    -1.1246    0.000104473    0.0237017
1.49587    -1.12453    4.06876e-05    0.0237486
1.49715    -1.12448    6.93905e-06    0.0237791
1.49768    -1.12446    9.90561e-07    0.0237937
1.49748    -1.12447    2.01971e-05    0.0237929
1.49658    -1.1245    6.15895e-05    0.0237771
1.495    -1.12456    0.000121955    0.023747
1.49279    -1.12463    0.000197911    0.0237034
1.48996    -1.12473    0.00028598    0.0236469
1.48657    -1.12484    0.000382655    0.0235784
1.48265    -1.12497    0.000484465    0.0234988
1.47823    -1.12511    0.000588031    0.0234089
1.47336    -1.12525    0.000690132    0.0233097
1.46809    -1.1254    0.000787749    0.0232022
1.46246    -1.12555    0.000878119    0.0230873
1.45651    -1.1257    0.000958782    0.022966
1.4503    -1.12584    0.00102762    0.0228394
1.44386    -1.12597    0.00108288    0.0227085
1.43726    -1.1261    0.00112324    0.0225743
1.43053    -1.12621    0.00114778    0.0224378
1.42374    -1.12631    0.00115605    0.0223
1.41691    -1.12639    0.00114802    0.022162
1.41011    -1.12645    0.00112413    0.0220246
1.40338    -1.1265    0.00108522    0.0218889
1.39677    -1.12653    0.00103256    0.0217557
1.39032    -1.12654    0.000967775    0.0216259
1.38408    -1.12654    0.000892789    0.0215003
1.37809    -1.12653    0.000809796    0.0213798
1.37237    -1.1265    0.000721172    0.021265
1.36699    -1.12646    0.000629401    0.0211567
1.36195    -1.12641    0.000536995    0.0210555
1.3573    -1.12635    0.000446411    0.0209619
1.35306    -1.1263    0.000359972    0.0208764
1.34925    -1.12624    0.000279783    0.0207995
1.3459    -1.12618    0.00020767    0.0207313
1.343    -1.12613    0.000145119    0.0206723
1.34059    -1.12608    9.32349e-05    0.0206226
1.33865    -1.12604    5.27128e-05    0.0205823
1.33719    -1.12601    2.38301e-05    0.0205513
1.33621    -1.12599    6.45385e-06    0.0205297
1.3357    -1.12598    6.59921e-08    0.0205173
1.33565    -1.12598    3.80304e-06    0.0205138
1.33604    -1.12599    1.65085e-05    0.0205191
1.33686    -1.126    3.67947e-05    0.0205327
1.33808    -1.12603    6.31107e-05    0.0205543
1.33967    -1.12606    9.38122e-05    0.0205833
1.34161    -1.1261    0.00012723    0.0206194
1.34388    -1.12615    0.000161737    0.0206619
1.34643    -1.12619    0.000195803    0.0207102
1.34924    -1.12624    0.000228043    0.0207638
1.35227    -1.12628    0.000257261    0.020822
1.35549    -1.12633    0.00028247    0.0208842
1.35886    -1.12637    0.000302914    0.0209497
1.36235    -1.12641    0.000318071    0.0210179
1.36593    -1.12645    0.00032765    0.021088
1.36956    -1.12648    0.000331579    0.0211596
1.37322    -1.1265    0.000329988    0.0212318
1.37686    -1.12652    0.000323181    0.0213042
1.38047    -1.12653    0.000311613    0.0213762
1.38401    -1.12654    0.000295855    0.0214471
1.38747    -1.12654    0.000276569    0.0215164
1.3908    -1.12654    0.000254476    0.0215837
1.394    -1.12654    0.000230326    0.0216486
1.39705    -1.12653    0.000204872    0.0217104
1.39992    -1.12652    0.000178849    0.021769
1.40261    -1.1265    0.000152951    0.021824
1.40509    -1.12649    0.000127814    0.021875
1.40736    -1.12647    0.000104003    0.0219219
1.4094    -1.12646    8.20048e-05    0.0219644
1.41122    -1.12644    6.22155e-05    0.0220023
1.4128    -1.12643    4.49417e-05    0.0220355
1.41415    -1.12642    3.03974e-05    0.0220639
1.41525    -1.12641    1.87063e-05    0.0220876
1.41612    -1.1264    9.90599e-06    0.0221064
1.41675    -1.12639    3.9531e-06    0.0221204
1.41715    -1.12639    7.31363e-07    0.0221297
1.41732    -1.12638    5.98813e-08    0.0221343
1.41728    -1.12638    1.70279e-06    0.0221345
1.41701    -1.12639    5.37943e-06    0.0221303
1.41655    -1.12639    1.07748e-05    0.0221219
1.41589    -1.1264    1.75503e-05    0.0221096
1.41505    -1.12641    2.53542e-05    0.0220935
1.41404    -1.12642    3.38314e-05    0.0220739
1.41287    -1.12643    4.26334e-05    0.0220511
1.41156    -1.12644    5.14271e-05    0.0220254
1.41012    -1.12645    5.99022e-05    0.021997
1.40857    -1.12646    6.77785e-05    0.0219663
1.40692    -1.12648    7.48118e-05    0.0219335
1.40518    -1.12649    8.07978e-05    0.021899
1.40338    -1.1265    8.5576e-05    0.021863
1.40152    -1.12651    8.90315e-05    0.021826
1.39963    -1.12652    9.10954e-05    0.0217882
1.39771    -1.12653    9.17446e-05    0.0217499
1.39579    -1.12653    9.09997e-05    0.0217114
1.39388    -1.12654    8.89222e-05    0.021673
1.39198    -1.12654    8.56108e-05    0.021635
1.39013    -1.12654    8.11959e-05    0.0215977
1.38832    -1.12654    7.58348e-05    0.0215613
1.38657    -1.12654    6.97053e-05    0.0215261
1.38489    -1.12654    6.29991e-05    0.0214923
1.3833    -1.12654    5.59158e-05    0.0214602
1.3818    -1.12654    4.86558e-05    0.0214298
1.3804    -1.12653    4.14145e-05    0.0214014
1.37911    -1.12653    3.43763e-05    0.0213752
1.37793    -1.12652    2.77098e-05    0.0213512
1.37688    -1.12652    2.15627e-05    0.0213296
1.37595    -1.12652    1.6059e-05    0.0213104
1.37514    -1.12651    1.12962e-05    0.0212938
1.37447    -1.12651    7.34333e-06    0.0212797
1.37392    -1.12651    4.24102e-06    0.0212682
1.37351    -1.1265    2.00144e-06    0.0212593
1.37323    -1.1265    6.09799e-07    0.021253
1.37307    -1.1265    2.64535e-08    0.0212492
1.37304    -1.1265    1.89718e-07    0.0212479
1.37312    -1.1265    1.01927e-06    0.021249
1.37333    -1.1265    2.41993e-06    0.0212524
1.37364    -1.1265    4.28573e-06    0.021258
1.37405    -1.12651    6.50401e-06    0.0212657
1.37457    -1.12651    8.95952e-06    0.0212753
1.37517    -1.12651    1.15383e-05    0.0212868
1.37585    -1.12652    1.41312e-05    0.0212999
1.3766    -1.12652    1.66371e-05    0.0213145
1.37742    -1.12652    1.89654e-05    0.0213304
1.37829    -1.12653    2.10384e-05    0.0213475
1.37922    -1.12653    2.27925e-05    0.0213655
1.38017    -1.12653    2.41793e-05    0.0213844
1.38116    -1.12654    2.5166e-05    0.0214038
1.38217    -1.12654    2.57353e-05    0.0214238
1.38318    -1.12654    2.58845e-05    0.021444
1.38421    -1.12654    2.56247e-05    0.0214643
1.38522    -1.12654    2.49794e-05    0.0214846
1.38622    -1.12654    2.39825e-05    0.0215047
1.38721    -1.12654    2.26769e-05    0.0215244
1.38816    -1.12654    2.11121e-05    0.0215436
1.38909    -1.12654    1.93423e-05    0.0215622
1.38997    -1.12654    1.74245e-05    0.0215801
1.39081    -1.12654    1.54161e-05    0.021597
1.39159    -1.12654    1.33739e-05    0.0216131
1.39233    -1.12654    1.13516e-05    0.021628
1.393    -1.12654    9.39882e-06    0.0216419
1.39362    -1.12654    7.56005e-06    0.0216545
1.39417    -1.12654    5.87332e-06    0.0216659
1.39466    -1.12654    4.3698e-06    0.021676
1.39508    -1.12654    3.07326e-06    0.0216847
1.39543    -1.12653    1.99994e-06    0.0216921
1.39571    -1.12653    1.15861e-06    0.0216982
1.39593    -1.12653    5.50808e-07    0.0217029
1.39608    -1.12653    1.71324e-07    0.0217062
1.39616    -1.12653    8.81584e-09    0.0217082
1.39618    -1.12653    4.65604e-08    0.0217089
1.39614    -1.12653    2.63307e-07    0.0217084
1.39603    -1.12653    6.34204e-07    0.0217067
1.39587    -1.12653    1.13176e-06    0.0217037
1.39566    -1.12653    1.72681e-06    0.0216998
1.3954    -1.12653    2.38948e-06    0.0216947
1.39509    -1.12654    3.09012e-06    0.0216888
1.39473    -1.12654    3.80008e-06    0.0216819
1.39434    -1.12654    4.49257e-06    0.0216743
1.39392    -1.12654    5.14321e-06    0.0216659
1.39346    -1.12654    5.73067e-06    0.021657
1.39298    -1.12654    6.23706e-06    0.0216475
1.39248    -1.12654    6.6482e-06    0.0216376
1.39196    -1.12654    6.95384e-06    0.0216273
1.39143    -1.12654    7.14767e-06    0.0216168
1.3909    -1.12654    7.22727e-06    0.0216061
1.39036    -1.12654    7.19392e-06    0.0215953
1.38982    -1.12654    7.05232e-06    0.0215846
1.38929    -1.12654    6.81025e-06    0.0215739
1.38876    -1.12654    6.4781e-06    0.0215634
1.38825    -1.12654    6.06844e-06    0.0215531
1.38776    -1.12654    5.59543e-06    0.0215432
1.38728    -1.12654    5.07437e-06    0.0215336
1.38683    -1.12654    4.52109e-06    0.0215245
1.3864    -1.12654    3.9515e-06    0.0215158
1.386    -1.12654    3.38104e-06    0.0215077
1.38564    -1.12654    2.82427e-06    0.0215002
1.3853    -1.12654    2.29449e-06    0.0214933
1.38499    -1.12654    1.80339e-06    0.0214871
1.38472    -1.12654    1.36078e-06    0.0214815
1.38449    -1.12654    9.74457e-07    0.0214766
1.38429    -1.12654    6.50064e-07    0.0214725
1.38413    -1.12654    3.91051e-07    0.0214691
1.384    -1.12654    1.98722e-07    0.0214664
1.38392    -1.12654    7.23316e-08    0.0214644
1.38386    -1.12654    9.23815e-09    0.0214632
1.38384    -1.12654    5.11168e-09    0.0214626
1.38386    -1.12654    5.41768e-08    0.0214627
1.3839    -1.12654    1.49485e-07    0.0214635
1.38398    -1.12654    2.83208e-07    0.0214648
1.38409    -1.12654    4.46932e-07    0.0214668
1.38422    -1.12654    6.31959e-07    0.0214693
1.38438    -1.12654    8.2959e-07    0.0214724
1.38456    -1.12654    1.03139e-06    0.0214759
1.38477    -1.12654    1.22943e-06    0.0214799
1.38499    -1.12654    1.4165e-06    0.0214842
1.38523    -1.12654    1.58626e-06    0.0214889
1.38548    -1.12654    1.73338e-06    0.0214938
1.38575    -1.12654    1.85366e-06    0.021499
1.38602    -1.12654    1.94404e-06    0.0215044
1.3863    -1.12654    2.00262e-06    0.02151
1.38658    -1.12654    2.02865e-06    0.0215156
1.38687    -1.12654    2.02247e-06    0.0215213
1.38715    -1.12654    1.9854e-06    0.021527
1.38744    -1.12654    1.91965e-06    0.0215327
1.38772    -1.12654    1.82819e-06    0.0215383
1.38799    -1.12654    1.7146e-06    0.0215437
1.38825    -1.12654    1.5829e-06    0.021549
1.3885    -1.12654    1.43742e-06    0.0215541
1.38874    -1.12654    1.28265e-06    0.021559
1.38897    -1.12654    1.12306e-06    0.0215636
1.38918    -1.12654    9.63001e-07    0.0215679
1.38938    -1.12654    8.06553e-07    0.0215719
1.38956    -1.12654    6.5744e-07    0.0215756
1.38972    -1.12654    5.18931e-07    0.021579
1.38987    -1.12654    3.93776e-07    0.0215819
1.38999    -1.12654    2.84157e-07    0.0215846
1.3901    -1.12654    1.91663e-07    0.0215868
1.39019    -1.12654    1.17281e-07    0.0215887
1.39026    -1.12654    6.14075e-08    0.0215901
1.39031    -1.12654    2.38769e-08    0.0215912
1.39034    -1.12654    4.00406e-09    0.0215919
1.39035    -1.12654    6.40015e-10    0.0215923
1.39034    -1.12654    1.22372e-08    0.0215923
1.39032    -1.12654    3.69223e-08    0.0215919
1.39028    -1.12654    7.25741e-08    0.0215912
1.39023    -1.12654    1.16903e-07    0.0215902
1.39016    -1.12654    1.6753e-07    0.021589
1.39008    -1.12654    2.22065e-07    0.0215874
1.38998    -1.12654    2.78176e-07    0.0215856
1.38988    -1.12654    3.33657e-07    0.0215835
1.38976    -1.12654    3.86482e-07    0.0215812
1.38964    -1.12654    4.34857e-07    0.0215788
1.38951    -1.12654    4.77255e-07    0.0215762
1.38937    -1.12654    5.12444e-07    0.0215735
1.38922    -1.12654    5.39504e-07    0.0215706
1.38908    -1.12654    5.57834e-07    0.0215677
1.38893    -1.12654    5.67146e-07    0.0215647
1.38877    -1.12654    5.67455e-07    0.0215617
1.38862    -1.12654    5.59059e-07    0.0215587
1.38847    -1.12654    5.42504e-07    0.0215557
1.38833    -1.12654    5.1856e-07    0.0215527
1.38818    -1.12654    4.88176e-07    0.0215498
1.38804    -1.12654    4.5244e-07    0.021547
1.38791    -1.12654    4.12541e-07    0.0215443
1.38778    -1.12654    3.69718e-07    0.0215417
1.38766    -1.12654    3.25229e-07    0.0215392
1.38754    -1.12654    2.80302e-07    0.0215369
1.38743    -1.12654    2.36104e-07    0.0215347
1.38734    -1.12654    1.93712e-07    0.0215327
1.38725    -1.12654    1.54079e-07    0.0215309
1.38717    -1.12654    1.18021e-07    0.0215293
1.3871    -1.12654    8.61964e-08    0.0215278
1.38704    -1.12654    5.90965e-08    0.0215266
1.38699    -1.12654    3.70438e-08    0.0215256
1.38695    -1.12654    2.01918e-08    0.0215248
1.38693    -1.12654    8.53206e-09    0.0215241
1.38691    -1.12654    1.90476e-09    0.0215237
1.3869    -1.12654    1.39625e-11    0.0215235
1.3869    -1.12654    2.44544e-09    0.0215234
1.38691    -1.12654    8.68708e-09    0.0215236
1.38693    -1.12654    1.81509e-08    0.0215239
1.38696    -1.12654    3.01961e-08    0.0215244
1.38699    -1.12654    4.41515e-08    0.0215251
1.38703    -1.12654    5.93382e-08    0.0215259
1.38708    -1.12654    7.50907e-08    0.0215268
1.38714    -1.12654    9.07756e-08    0.0215279
1.3872    -1.12654    1.05809e-07    0.0215291
1.38726    -1.12654    1.1967e-07    0.0215303
1.38733    -1.12654    1.31913e-07    0.0215317
1.3874    -1.12654    1.42176e-07    0.0215331
1.38748    -1.12654    1.50183e-07    0.0215346
1.38756    -1.12654    1.55752e-07    0.0215362
1.38764    -1.12654    1.58788e-07    0.0215377
1.38772    -1.12654    1.59284e-07    0.0215393
1.3878    -1.12654    1.57312e-07    0.0215409
1.38788    -1.12654    1.53017e-07    0.0215425
1.38796    -1.12654    1.46608e-07    0.0215441
1.38803    -1.12654    1.38347e-07    0.0215456
1.38811    -1.12654    1.28535e-07    0.0215471
1.38818    -1.12654    1.17504e-07    0.0215486
1.38825    -1.12654    1.05599e-07    0.02155
1.38831    -1.12654    9.31758e-08    0.0215513
1.38837    -1.12654    8.0579e-08    0.0215526
1.38843    -1.12654    6.81394e-08    0.0215537
1.38848    -1.12654    5.61623e-08    0.0215548
1.38853    -1.12654    4.49201e-08    0.0215558
1.38857    -1.12654    3.46465e-08    0.0215566
1.38861    -1.12654    2.5532e-08    0.0215574
1.38864    -1.12654    1.7721e-08    0.0215581
1.38867    -1.12654    1.13104e-08    0.0215586
1.38869    -1.12654    6.35007e-09    0.0215591
1.38871    -1.12654    2.84435e-09    0.0215594
1.38872    -1.12654    7.55028e-10    0.0215597
1.38872    -1.12654    5.31247e-12    0.0215598
1.38872    -1.12654    4.84715e-10    0.0215599
1.38872    -1.12654    2.05463e-09    0.0215598
1.38871    -1.12654    4.55436e-09    0.0215596
1.3887    -1.12654    7.80744e-09    0.0215594
1.38868    -1.12654    1.16279e-08    0.0215591
1.38866    -1.12654    1.58267e-08    0.0215586
1.38863    -1.12654    2.02172e-08    0.0215582
1.3886    -1.12654    2.4621e-08    0.0215576
1.38857    -1.12654    2.88723e-08    0.021557
1.38854    -1.12654    3.28225e-08    0.0215563
1.3885    -1.12654    3.6343e-08    0.0215556
1.38846    -1.12654    3.93281e-08    0.0215549
1.38842    -1.12654    4.16962e-08    0.0215541
1.38838    -1.12654    4.33909e-08    0.0215533
1.38834    -1.12654    4.43808e-08    0.0215524
1.3883    -1.12654    4.4659e-08    0.0215516
1.38826    -1.12654    4.42412e-08    0.0215507
1.38821    -1.12654    4.3164e-08    0.0215499
1.38817    -1.12654    4.14821e-08    0.0215491
1.38813    -1.12654    3.92658e-08    0.0215482
1.38809    -1.12654    3.65973e-08    0.0215474
1.38805    -1.12654    3.35678e-08    0.0215467
1.38802    -1.12654    3.02737e-08    0.0215459
1.38798    -1.12654    2.68137e-08    0.0215452
1.38795    -1.12654    2.32856e-08    0.0215446
1.38792    -1.12654    1.97831e-08    0.0215439
1.38789    -1.12654    1.63934e-08    0.0215434
1.38786    -1.12654    1.31951e-08    0.0215428
1.38784    -1.12654    1.02559e-08    0.0215424
1.38782    -1.12654    7.63216e-09    0.0215419
1.3878    -1.12654    5.36696e-09    0.0215416
1.38779    -1.12654    3.49032e-09    0.0215413
1.38778    -1.12654    2.01893e-09    0.021541
1.38777    -1.12654    9.56547e-10    0.0215408
1.38776    -1.12654    2.9477e-10    0.0215407
1.38776    -1.12654    1.4081e-11    0.0215406
1.38776    -1.12654    8.5183e-11    0.0215406
1.38776    -1.12654    4.70534e-10    0.0215406
1.38776    -1.12654    1.12603e-09    0.0215407
1.38777    -1.12654    2.00276e-09    0.0215408
1.38778    -1.12654    3.04883e-09    0.0215409
1.38779    -1.12654    4.21109e-09    0.0215412
1.3878    -1.12654    5.43684e-09    0.0215414
1.38782    -1.12654    6.67535e-09    0.0215417
1.38783    -1.12654    7.8793e-09    0.021542
1.38785    -1.12654    9.00592e-09    0.0215424
1.38787    -1.12654    1.0018e-08    0.0215427
1.38789    -1.12654    1.08847e-08    0.0215431
1.38791    -1.12654    1.15817e-08    0.0215435
1.38793    -1.12654    1.2092e-08    0.021544
1.38796    -1.12654    1.24056e-08    0.0215444
1.38798    -1.12654    1.25193e-08    0.0215449
1.388    -1.12654    1.24365e-08    0.0215453
1.38802    -1.12654    1.21664e-08    0.0215458
1.38804    -1.12654    1.17237e-08    0.0215462
1.38807    -1.12654    1.11273e-08    0.0215466
1.38809    -1.12654    1.03999e-08    0.0215471
1.38811    -1.12654    9.5666e-09    0.0215475
1.38813    -1.12654    8.65431e-09    0.0215479
1.38815    -1.12654    7.69069e-09    0.0215482
1.38816    -1.12654    6.70322e-09    0.0215486
1.38818    -1.12654    5.71843e-09    0.0215489
1.3882    -1.12654    4.76113e-09    0.0215492
1.38821    -1.12654    3.85377e-09    0.0215495
1.38822    -1.12654    3.01593e-09    0.0215498
1.38823    -1.12654    2.26392e-09    0.02155
1.38824    -1.12654    1.61048e-09    0.0215502
1.38825    -1.12654    1.06466e-09    0.0215504
1.38826    -1.12654    6.31791e-10    0.0215505
1.38826    -1.12654    3.13537e-10    0.0215506
1.38827    -1.12654    1.08134e-10    0.0215507
1.38827    -1.12654    1.06463e-11    0.0215508
1.38827    -1.12654    1.33347e-11    0.0215508
1.38827    -1.12654    1.06074e-10    0.0215508
1.38827    -1.12654    2.76819e-10    0.0215507
1.38826    -1.12654    5.12093e-10    0.0215507
1.38826    -1.12654    7.97488e-10    0.0215506
1.38825    -1.12654    1.11816e-09    0.0215505
1.38825    -1.12654    1.45931e-09    0.0215504
1.38824    -1.12654    1.80661e-09    0.0215502
1.38823    -1.12654    2.14662e-09    0.02155
1.38822    -1.12654    2.4671e-09    0.0215499
1.38821    -1.12654    2.75734e-09    0.0215497
1.3882    -1.12654    3.00833e-09    0.0215495
1.38819    -1.12654    3.21295e-09    0.0215492
1.38818    -1.12654    3.36604e-09    0.021549
1.38817    -1.12654    3.46441e-09    0.0215488
1.38815    -1.12654    3.50682e-09    0.0215485
1.38814    -1.12654    3.49387e-09    0.0215483
1.38813    -1.12654    3.42786e-09    0.0215481
1.38812    -1.12654    3.31261e-09    0.0215478
1.38811    -1.12654    3.1532e-09    0.0215476
1.3881    -1.12654    2.9558e-09    0.0215474
1.38808    -1.12654    2.72735e-09    0.0215472
1.38807    -1.12654    2.47529e-09    0.0215469
1.38806    -1.12654    2.20737e-09    0.0215467
1.38805    -1.12654    1.9313e-09    0.0215466
1.38805    -1.12654    1.6546e-09    0.0215464
1.38804    -1.12654    1.38432e-09    0.0215462
1.38803    -1.12654    1.12689e-09    0.0215461
1.38802    -1.12654    8.87973e-10    0.0215459
1.38802    -1.12654    6.7232e-10    0.0215458
1.38801    -1.12654    4.83703e-10    0.0215457
1.38801    -1.12654    3.24857e-10    0.0215456
1.388    -1.12654    1.97473e-10    0.0215455
1.388    -1.12654    1.02215e-10    0.0215455
1.388    -1.12654    3.87629e-11    0.0215454
1.388    -1.12654    5.89526e-12    0.0215454
1.388    -1.12654    1.58126e-12    0.0215454
1.388    -1.12654    2.30975e-11    0.0215454
1.388    -1.12654    6.7156e-11    0.0215454
1.388    -1.12654    1.30041e-10    0.0215454
1.388    -1.12654    2.07749e-10    0.0215455
1.38801    -1.12654    2.96129e-10    0.0215455
1.38801    -1.12654    3.91017e-10    0.0215456
1.38801    -1.12654    4.88359e-10    0.0215457
1.38802    -1.12654    5.84331e-10    0.0215457
1.38802    -1.12654    6.75433e-10    0.0215458
1.38803    -1.12654    7.58574e-10    0.0215459
1.38803    -1.12654    8.31137e-10    0.021546
1.38804    -1.12654    8.91025e-10    0.0215462
1.38804    -1.12654    9.36687e-10    0.0215463
1.38805    -1.12654    9.6713e-10    0.0215464
1.38806    -1.12654    9.81906e-10    0.0215465
1.38806    -1.12654    9.81094e-10    0.0215466
1.38807    -1.12654    9.65255e-10    0.0215468
1.38808    -1.12654    9.35383e-10    0.0215469
1.38808    -1.12654    8.9285e-10    0.021547
1.38809    -1.12654    8.39332e-10    0.0215471
1.38809    -1.12654    7.76739e-10    0.0215473
1.3881    -1.12654    7.07142e-10    0.0215474
1.3881    -1.12654    6.32699e-10    0.0215475
1.38811    -1.12654    5.55581e-10    0.0215476
1.38811    -1.12654    4.77907e-10    0.0215477
1.38812    -1.12654    4.01683e-10    0.0215478
1.38812    -1.12654    3.28748e-10    0.0215479
1.38813    -1.12654    2.60728e-10    0.0215479
1.38813    -1.12654    1.99005e-10    0.021548
1.38813    -1.12654    1.44685e-10    0.0215481
1.38814    -1.12654    9.85898e-11    0.0215481
1.38814    -1.12654    6.12461e-11    0.0215481
1.38814    -1.12654    3.28913e-11    0.0215482
1.38814    -1.12654    1.34853e-11    0.0215482
1.38814    -1.12654    2.73023e-12    0.0215482
1.38814    -1.12654    9.64193e-14    0.0215482
1.38814    -1.12654    4.85399e-12    0.0215482
1.38814    -1.12654    1.61081e-11    0.0215482
1.38814    -1.12654    3.2837e-11    0.0215482
1.38814    -1.12654    5.39311e-11    0.0215482
1.38814    -1.12654    7.82321e-11    0.0215482
1.38814    -1.12654    1.04571e-10    0.0215481
1.38813    -1.12654    1.31805e-10    0.0215481
1.38813    -1.12654    1.58848e-10    0.021548
1.38813    -1.12654    1.84701e-10    0.021548
1.38813    -1.12654    2.08475e-10    0.0215479
1.38812    -1.12654    2.2941e-10    0.0215479
1.38812    -1.12654    2.46892e-10    0.0215478
1.38812    -1.12654    2.60457e-10    0.0215478
1.38811    -1.12654    2.69797e-10    0.0215477
1.38811    -1.12654    2.7476e-10    0.0215476
1.38811    -1.12654    2.75339e-10    0.0215476
1.3881    -1.12654    2.71668e-10    0.0215475
1.3881    -1.12654    2.64004e-10    0.0215474
1.3881    -1.12654    2.52713e-10    0.0215474
1.38809    -1.12654    2.3825e-10    0.0215473
1.38809    -1.12654    2.2114e-10    0.0215472
1.38809    -1.12654    2.01956e-10    0.0215472
1.38808    -1.12654    1.81299e-10    0.0215471
1.38808    -1.12654    1.59779e-10    0.0215471
1.38808    -1.12654    1.37994e-10    0.021547
1.38808    -1.12654    1.16514e-10    0.021547
1.38807    -1.12654    9.58631e-11    0.0215469
1.38807    -1.12654    7.65097e-11    0.0215469
1.38807    -1.12654    5.88542e-11    0.0215468
1.38807    -1.12654    4.32221e-11    0.0215468
1.38807    -1.12654    2.98585e-11    0.0215468
1.38807    -1.12654    1.89266e-11    0.0215468
1.38807    -1.12654    1.0508e-11    0.0215467
1.38807    -1.12654    4.60554e-12    0.0215467
1.38807    -1.12654    1.14877e-12    0.0215467
1.38807    -1.12654    6.97408e-16    0.0215467
1.38807    -1.12654    9.66455e-13    0.0215467
1.38807    -1.12654    3.80302e-12    0.0215467
1.38807    -1.12654    8.22974e-12    0.0215467
1.38807    -1.12654    1.39393e-11    0.0215467
1.38807    -1.12654    2.06087e-11    0.0215467
1.38807    -1.12654    2.791e-11    0.0215468
1.38807    -1.12654    3.55207e-11    0.0215468
1.38807    -1.12654    4.31328e-11    0.0215468
1.38807    -1.12654    5.04609e-11    0.0215468
1.38807    -1.12654    5.72498e-11    0.0215469
1.38807    -1.12654    6.32797e-11    0.0215469
1.38808    -1.12654    6.83702e-11    0.0215469
1.38808    -1.12654    7.23836e-11    0.021547
1.38808    -1.12654    7.52254e-11    0.021547
1.38808    -1.12654    7.68449e-11    0.021547
1.38808    -1.12654    7.7233e-11    0.0215471
1.38808    -1.12654    7.64201e-11    0.0215471
1.38809    -1.12654    7.44723e-11    0.0215471
1.38809    -1.12654    7.14868e-11    0.0215472
1.38809    -1.12654    6.75869e-11    0.0215472
1.38809    -1.12654    6.29166e-11    0.0215472
1.38809    -1.12654    5.76346e-11    0.0215473
1.38809    -1.12654    5.19084e-11    0.0215473
1.3881    -1.12654    4.59088e-11    0.0215473
1.3881    -1.12654    3.98045e-11    0.0215474
1.3881    -1.12654    3.37568e-11    0.0215474
1.3881    -1.12654    2.79155e-11    0.0215474
1.3881    -1.12654    2.24149e-11    0.0215474
1.3881    -1.12654    1.7371e-11    0.0215474
1.3881    -1.12654    1.2879e-11    0.0215475
1.3881    -1.12654    9.01172e-12    0.0215475
1.3881    -1.12654    5.81928e-12    0.0215475
1.3881    -1.12654    3.32867e-12    0.0215475
1.3881    -1.12654    1.54469e-12    0.0215475
1.38811    -1.12654    4.51267e-13    0.0215475
1.38811    -1.12654    1.3276e-14    0.0215475
1.38811    -1.12654    1.78916e-13    0.0215475
1.38811    -1.12654    8.82365e-13    0.0215475
1.3881    -1.12654    2.0467e-12    0.0215475
1.3881    -1.12654    3.58693e-12    0.0215475
1.3881    -1.12654    5.41315e-12    0.0215475
1.3881    -1.12654    7.4335e-12    0.0215475
1.3881    -1.12654    9.55708e-12    0.0215475
1.3881    -1.12654    1.16966e-11    0.0215475
1.3881    -1.12654    1.37709e-11    0.0215475
1.3881    -1.12654    1.57066e-11    0.0215474
1.3881    -1.12654    1.74403e-11    0.0215474
1.3881    -1.12654    1.89192e-11    0.0215474
1.3881    -1.12654    2.01024e-11    0.0215474
1.3881    -1.12654    2.09613e-11    0.0215474
1.3881    -1.12654    2.14794e-11    0.0215474
1.3881    -1.12654    2.1652e-11    0.0215473
1.3881    -1.12654    2.14856e-11    0.0215473
1.38809    -1.12654    2.0997e-11    0.0215473
1.38809    -1.12654    2.02119e-11    0.0215473
1.38809    -1.12654    1.91637e-11    0.0215473
1.38809    -1.12654    1.78916e-11    0.0215472
1.38809    -1.12654    1.64396e-11    0.0215472
1.38809    -1.12654    1.48542e-11    0.0215472
1.38809    -1.12654    1.31833e-11    0.0215472
1.38809    -1.12654    1.14744e-11    0.0215472
1.38809    -1.12654    9.77312e-12    0.0215472
1.38809    -1.12654    8.12219e-12    0.0215472
1.38809    -1.12654    6.56013e-12    0.0215471
1.38809    -1.12654    5.12044e-12    0.0215471
1.38809    -1.12654    3.83093e-12    0.0215471
1.38809    -1.12654    2.71323e-12    0.0215471
1.38808    -1.12654    1.78254e-12    0.0215471
1.38808    -1.12654    1.04763e-12    0.0215471
1.38808    -1.12654    5.1099e-13    0.0215471
1.38808    -1.12654    1.69158e-13    0.0215471
1.38808    -1.12654    1.32378e-14    0.0215471
1.38808    -1.12654    2.95259e-14    0.0215471
1.38808    -1.12654    2.00242e-13    0.0215471
1.38808    -1.12654    5.04339e-13    0.0215471
1.38808    -1.12654    9.18352e-13    0.0215471
1.38808    -1.12654    1.41727e-12    0.0215471
1.38808    -1.12654    1.97538e-12    0.0215471
1.38808    -1.12654    2.5671e-12    0.0215471
1.38809    -1.12654    3.16773e-12    0.0215471
1.38809    -1.12654    3.75413e-12    0.0215471
1.38809    -1.12654    4.30532e-12    0.0215471
1.38809    -1.12654    4.80294e-12    0.0215471
1.38809    -1.12654    5.23166e-12    0.0215471
1.38809    -1.12654    5.57938e-12    0.0215472
1.38809    -1.12654    5.83744e-12    0.0215472
1.38809    -1.12654    6.00056e-12    0.0215472
1.38809    -1.12654    6.06684e-12    0.0215472
1.38809    -1.12654    6.03756e-12    0.0215472
1.38809    -1.12654    5.91689e-12    0.0215472
1.38809    -1.12654    5.7116e-12    0.0215472
1.38809    -1.12654    5.43069e-12    0.0215472
1.38809    -1.12654    5.08489e-12    0.0215472
1.38809    -1.12654    4.6863e-12    0.0215472
1.38809    -1.12654    4.24788e-12    0.0215473
1.38809    -1.12654    3.783e-12    0.0215473
1.38809    -1.12654    3.30502e-12    0.0215473
1.38809    -1.12654    2.82687e-12    0.0215473
1.38809    -1.12654    2.36068e-12    0.0215473
1.38809    -1.12654    1.9175e-12    0.0215473
1.38809    -1.12654    1.507e-12    0.0215473
1.38809    -1.12654    1.13727e-12    0.0215473
1.38809    -1.12654    8.14697e-13    0.0215473
1.38809    -1.12654    5.43889e-13    0.0215473
1.38809    -1.12654    3.27632e-13    0.0215473
1.3881    -1.12654    1.66944e-13    0.0215473
1.3881    -1.12654    6.11538e-14    0.0215473
1.3881    -1.12654    8.03969e-15    0.0215473
1.3881    -1.12654    3.99556e-15    0.0215473
1.3881    -1.12654    4.42336e-14    0.0215473
1.3881    -1.12654    1.23007e-13    0.0215473
1.3881    -1.12654    2.33847e-13    0.0215473
1.3881    -1.12654    3.69804e-13    0.0215473
1.38809    -1.12654    5.23694e-13    0.0215473
1.38809    -1.12654    6.88321e-13    0.0215473
1.38809    -1.12654    8.56703e-13    0.0215473
1.38809    -1.12654    1.02226e-12    0.0215473
1.38809    -1.12654    1.17899e-12    0.0215473
1.38809    -1.12654    1.32159e-12    0.0215473
1.38809    -1.12654    1.44562e-12    0.0215473
1.38809    -1.12654    1.54751e-12    0.0215473
1.38809    -1.12654    1.62464e-12    0.0215473
1.38809    -1.12654    1.67536e-12    0.0215473
1.38809    -1.12654    1.69898e-12    0.0215473
1.38809    -1.12654    1.69568e-12    0.0215473
1.38809    -1.12654    1.66649e-12    0.0215473
1.38809    -1.12654    1.61319e-12    0.0215473
1.38809    -1.12654    1.53818e-12    0.0215472
1.38809    -1.12654    1.44439e-12    0.0215472
1.38809    -1.12654    1.33515e-12    0.0215472
1.38809    -1.12654    1.21407e-12    0.0215472
1.38809    -1.12654    1.08487e-12    0.0215472
1.38809    -1.12654    9.51302e-13    0.0215472
1.38809    -1.12654    8.17031e-13    0.0215472
1.38809    -1.12654    6.85504e-13    0.0215472
1.38809    -1.12654    5.59877e-13    0.0215472
1.38809    -1.12654    4.42936e-13    0.0215472
1.38809    -1.12654    3.37037e-13    0.0215472
1.38809    -1.12654    2.44061e-13    0.0215472
1.38809    -1.12654    1.65392e-13    0.0215472
1.38809    -1.12654    1.01905e-13    0.0215472
1.38809    -1.12654    5.3977e-14    0.0215472
1.38809    -1.12654    2.15045e-14    0.0215472
1.38809    -1.12654    3.94238e-15    0.0215472
1.38809    -1.12654    3.47995e-16    0.0215472
1.38809    -1.12654    9.43632e-15    0.0215472
1.38809    -1.12654    2.96416e-14    0.0215472
1.38809    -1.12654    5.91832e-14    0.0215472
1.38809    -1.12654    9.61334e-14    0.0215472
1.38809    -1.12654    1.38485e-13    0.0215472
1.38809    -1.12654    1.84219e-13    0.0215472
1.38809    -1.12654    2.3136e-13    0.0215472
1.38809    -1.12654    2.78041e-13    0.0215472
1.38809    -1.12654    3.22546e-13    0.0215472
1.38809    -1.12654    3.63352e-13    0.0215472
1.38809    -1.12654    3.99164e-13    0.0215472
1.38809    -1.12654    4.28935e-13    0.0215472
1.38809    -1.12654    4.51884e-13    0.0215472
1.38809    -1.12654    4.67497e-13    0.0215472
1.38809    -1.12654    4.7553e-13    0.0215472
1.38809    -1.12654    4.7599e-13    0.0215472
1.38809    -1.12654    4.69124e-13    0.0215472
1.38809    -1.12654    4.55392e-13    0.0215472
1.38809    -1.12654    4.35438e-13    0.0215472
1.38809    -1.12654    4.10061e-13    0.0215472
1.38809    -1.12654    3.80174e-13    0.0215472
1.38809    -1.12654    3.46774e-13    0.0215472
1.38809    -1.12654    3.10904e-13    0.0215472
1.38809    -1.12654    2.73618e-13    0.0215472
1.38809    -1.12654    2.35947e-13    0.0215472
1.38809    -1.12654    1.9887e-13    0.0215473
1.38809    -1.12654    1.63291e-13    0.0215473
1.38809    -1.12654    1.3001e-13    0.0215473
1.38809    -1.12654    9.97111e-14    0.0215473
1.38809    -1.12654    7.29467e-14    0.0215473
1.38809    -1.12654    5.01308e-14    0.0215473
1.38809    -1.12654    3.15354e-14    0.0215473
1.38809    -1.12654    1.72913e-14    0.0215473
1.38809    -1.12654    7.39421e-15    0.0215473
1.38809    -1.12654    1.7133e-15    0.0215473
1.38809    -1.12654    3.93656e-18    0.0215473
1.38809    -1.12654    1.92252e-15    0.0215473
1.38809    -1.12654    7.04346e-15    0.0215473
1.38809    -1.12654    1.48774e-14    0.0215473
1.38809    -1.12654    2.48903e-14    0.0215473
1.38809    -1.12654    3.65224e-14    0.0215473
1.38809    -1.12654    4.92068e-14    0.0215473
1.38809    -1.12654    6.23868e-14    0.0215473
1.38809    -1.12654    7.55321e-14    0.0215473
1.38809    -1.12654    8.81528e-14    0.0215473
1.38809    -1.12654    9.98116e-14    0.0215473
1.38809    -1.12654    1.10133e-13    0.0215473
1.38809    -1.12654    1.1881e-13    0.0215473
1.38809    -1.12654    1.2561e-13    0.0215473
1.38809    -1.12654    1.30375e-13    0.0215472
1.38809    -1.12654    1.33023e-13    0.0215472
1.38809    -1.12654    1.33542e-13    0.0215472
1.38809    -1.12654    1.31991e-13    0.0215472
1.38809    -1.12654    1.28487e-13    0.0215472
1.38809    -1.12654    1.23203e-13    0.0215472
1.38809    -1.12654    1.16354e-13    0.0215472
1.38809    -1.12654    1.08191e-13    0.0215472
1.38809    -1.12654    9.8991e-14    0.0215472
1.38809    -1.12654    8.90438e-14    0.0215472
1.38809    -1.12654    7.86449e-14    0.0215472
1.38809    -1.12654    6.80853e-14    0.0215472
1.38809    -1.12654    5.76429e-14    0.0215472
1.38809    -1.12654    4.75752e-14    0.0215472
1.38809    -1.12654    3.81122e-14    0.0215472
1.38809    -1.12654    2.94522e-14    0.0215472
1.38809    -1.12654    2.17569e-14    0.0215472
1.38809    -1.12654    1.51498e-14    0.0215472
1.38809    -1.12654    9.71442e-15    0.0215472
1.38809    -1.12654    5.49476e-15    0.0215472
1.38809    -1.12654    2.49645e-15    0.0215472
1.38809    -1.12654    6.89159e-16    0.0215472
1.38809    -1.12654    9.96036e-18    0.0215472
1.38809    -1.12654    3.6735e-16    0.0215472
1.38809    -1.12654    1.64593e-15    0.0215472
1.38809    -1.12654    3.71147e-15    0.0215472
1.38809    -1.12654    6.41621e-15    0.0215472
1.38809    -1.12654    9.60419e-15    0.0215472
1.38809    -1.12654    1.31165e-14    0.0215472
1.38809    -1.12654    1.67963e-14    0.0215472
1.38809    -1.12654    2.04931e-14    0.0215472
1.38809    -1.12654    2.40675e-14    0.0215472
1.38809    -1.12654    2.73937e-14    0.0215472
1.38809    -1.12654    3.03631e-14    0.0215472
1.38809    -1.12654    3.28862e-14    0.0215472
1.38809    -1.12654    3.48937e-14    0.0215472
1.38809    -1.12654    3.63375e-14    0.0215472
1.38809    -1.12654    3.71905e-14    0.0215472
1.38809    -1.12654    3.74462e-14    0.0215472
1.38809    -1.12654    3.71171e-14    0.0215472
1.38809    -1.12654    3.62334e-14    0.0215472
1.38809    -1.12654    3.48407e-14    0.0215472
1.38809    -1.12654    3.29974e-14    0.0215472
