1.86026    -1.09888    0.00295652    0.0329133
1.84935    -1.09994    0.00379965    0.0317177
1.83698    -1.10108    0.00469823    0.0315373
1.82323    -1.10233    0.00563847    0.0312008
1.80816    -1.10368    0.00660527    0.0308462
1.79185    -1.10512    0.00758378    0.0304627
1.77437    -1.10663    0.00855931    0.0300532
1.75581    -1.1082    0.00951728    0.0296203
1.73623    -1.10981    0.0104432    0.0291664
1.71572    -1.11145    0.0113227    0.028694
1.69437    -1.11309    0.0121415    0.0282057
1.67225    -1.11472    0.0128855    0.0277041
1.64947    -1.11633    0.0135408    0.0271921
1.62612    -1.11788    0.0140941    0.0266722
1.6023    -1.11937    0.0145326    0.0261472
1.57811    -1.12077    0.0148444    0.0256198
1.55366    -1.12205    0.0150187    0.0250927
1.52906    -1.12321    0.0150464    0.0245684
1.50445    -1.12421    0.0149205    0.0240494
1.47993    -1.12506    0.0146362    0.0235382
1.45565    -1.12572    0.0141923    0.0230371
1.43175    -1.12619    0.0135908    0.0225484
1.40835    -1.12647    0.0128383    0.0220743
1.38561    -1.12654    0.0119458    0.0216171
1.36368    -1.12643    0.0109298    0.0211789
1.3427    -1.12612    0.00981171    0.0207621
1.32282    -1.12565    0.00861848    0.020369
1.30419    -1.12504    0.00738156    0.0200019
1.28695    -1.12431    0.0061363    0.0196633
1.27123    -1.12351    0.00492054    0.0193552
1.25715    -1.12267    0.00377281    0.0190797
1.24483    -1.12183    0.0027302    0.0188385
1.23434    -1.12105    0.00182608    0.0186331
1.22577    -1.12035    0.00108779    0.0184642
1.21915    -1.11978    0.000534666    0.0183326
1.21451    -1.11936    0.000176525    0.0182383
1.21184    -1.11912    1.29892e-05    0.0181809
1.21112    -1.11905    3.35788e-05    0.0181597
1.21228    -1.11916    0.000218692    0.0181735
1.21525    -1.11943    0.000541312    0.0182208
1.21992    -1.11985    0.000969234    0.0182998
1.22616    -1.12039    0.00146755    0.0184083
1.23385    -1.12101    0.00200114    0.0185441
1.24283    -1.12169    0.00253683    0.0187046
1.25294    -1.12239    0.00304521    0.0188872
1.26401    -1.12309    0.00350187    0.0190893
1.27589    -1.12376    0.00388809    0.0193081
1.2884    -1.12438    0.004191    0.019541
1.30139    -1.12493    0.00440343    0.0197853
1.31471    -1.12541    0.00452327    0.0200382
1.3282    -1.1258    0.00455283    0.0202973
1.34175    -1.1261    0.00449792    0.0205599
1.3552    -1.12633    0.00436702    0.0208236
1.36847    -1.12647    0.00417045    0.0210861
1.38143    -1.12654    0.00391965    0.0213451
1.39399    -1.12654    0.00362649    0.0215985
1.40607    -1.12648    0.00330279    0.0218444
1.41761    -1.12638    0.0029599    0.022081
1.42853    -1.12624    0.00260835    0.0223067
1.43877    -1.12607    0.00225769    0.0225202
1.44831    -1.12588    0.00191632    0.0227202
1.45709    -1.12568    0.0015914    0.0229057
1.4651    -1.12548    0.00128886    0.0230758
1.47231    -1.12528    0.00101341    0.0232299
1.47869    -1.12509    0.000768586    0.0233674
1.48426    -1.12492    0.000556815    0.0234879
1.48899    -1.12476    0.000379507    0.0235913
1.4929    -1.12463    0.000237146    0.0236774
1.49599    -1.12452    0.000129392    0.0237464
1.49828    -1.12444    5.51742e-05    0.0237982
1.49977    -1.12439    1.27958e-05    0.0238333
1.50048    -1.12436    2.55837e-08    0.023852
1.50045    -1.12436    1.41918e-05    0.0238547
1.4997    -1.12439    5.22697e-05    0.0238421
1.49824    -1.12444    0.000110965    0.0238147
1.49613    -1.12452    0.000186793    0.0237732
1.49339    -1.12461    0.000276152    0.0237184
1.49005    -1.12473    0.000375395    0.0236511
1.48616    -1.12486    0.000480897    0.0235722
1.48176    -1.125    0.000589115    0.0234826
1.47689    -1.12515    0.000696649    0.0233832
1.4716    -1.1253    0.000800299    0.0232751
1.46592    -1.12546    0.000897114    0.0231591
1.45991    -1.12561    0.000984443    0.0230364
1.45361    -1.12577    0.00105998    0.022908
1.44708    -1.12591    0.00112179    0.0227749
1.44036    -1.12604    0.00116836    0.0226382
1.4335    -1.12616    0.00119862    0.0224988
1.42655    -1.12627    0.00121194    0.0223579
1.41956    -1.12636    0.00120818    0.0222165
1.41259    -1.12643    0.00118765    0.0220754
1.40567    -1.12649    0.00115111    0.0219358
1.39886    -1.12652    0.00109975    0.0217986
1.39221    -1.12654    0.00103517    0.0216646
1.38575    -1.12654    0.000959303    0.0215347
1.37954    -1.12653    0.000874363    0.0214098
1.3736    -1.1265    0.000782794    0.0212905
1.36799    -1.12646    0.000687175    0.0211777
1.36273    -1.12642    0.000590142    0.021072
1.35785    -1.12636    0.000494301    0.020974
1.35339    -1.1263    0.000402138    0.0208841
1.34937    -1.12624    0.000315942    0.0208028
1.3458    -1.12618    0.000237724    0.0207305
1.3427    -1.12612    0.000169154    0.0206675
1.34009    -1.12607    0.000111512    0.020614
1.33798    -1.12603    6.56545e-05    0.0205701
1.33635    -1.12599    3.19965e-05    0.0205358
1.33521    -1.12597    1.05173e-05    0.0205111
1.33456    -1.12595    7.79844e-07    0.0204958
1.33439    -1.12595    1.96971e-06    0.0204899
1.33467    -1.12596    1.29464e-05    0.0204929
1.33539    -1.12597    3.23069e-05    0.0205046
1.33653    -1.126    5.84556e-05    0.0205246
1.33807    -1.12603    8.96786e-05    0.0205524
1.33997    -1.12607    0.000124218    0.0205875
1.3422    -1.12611    0.000160339    0.0206293
1.34474    -1.12616    0.0001964    0.0206773
1.34756    -1.12621    0.000230897    0.0207309
1.35061    -1.12626    0.000262516    0.0207893
1.35386    -1.12631    0.000290159    0.020852
1.35727    -1.12635    0.00031297    0.0209183
1.36083    -1.1264    0.000330336    0.0209875
1.36447    -1.12643    0.000341892    0.0210589
1.36818    -1.12647    0.000347508    0.0211318
1.37192    -1.12649    0.000347269    0.0212057
1.37566    -1.12651    0.000341455    0.0212799
1.37937    -1.12653    0.000330506    0.0213538
1.38302    -1.12654    0.000314998    0.0214267
1.38658    -1.12654    0.000295607    0.0214982
1.39003    -1.12654    0.000273078    0.0215677
1.39335    -1.12654    0.000248194    0.0216348
1.39651    -1.12653    0.000221748    0.021699
1.3995    -1.12652    0.000194519    0.0217599
1.4023    -1.12651    0.000167246    0.0218172
1.40489    -1.12649    0.000140613    0.0218705
1.40727    -1.12647    0.000115234    0.0219196
1.40943    -1.12646    9.16382e-05    0.0219643
1.41135    -1.12644    7.0265e-05    0.0220043
1.41303    -1.12643    5.14588e-05    0.0220395
1.41447    -1.12641    3.54677e-05    0.0220699
1.41566    -1.1264    2.24442e-05    0.0220954
1.41662    -1.12639    1.24492e-05    0.0221159
1.41732    -1.12638    5.45771e-06    0.0221315
1.41779    -1.12638    1.36618e-06    0.0221423
1.41803    -1.12638    1.13185e-09    0.0221482
1.41803    -1.12638    1.12908e-06    0.0221495
1.41782    -1.12638    4.46697e-06    0.0221463
1.4174    -1.12638    9.69314e-06    0.0221388
1.41677    -1.12639    1.64584e-05    0.0221272
1.41596    -1.1264    2.43969e-05    0.0221117
1.41497    -1.12641    3.3137e-05    0.0220926
1.41381    -1.12642    4.23112e-05    0.0220701
1.41251    -1.12643    5.15657e-05    0.0220445
1.41106    -1.12644    6.05686e-05    0.0220161
1.4095    -1.12646    6.90179e-05    0.0219852
1.40784    -1.12647    7.66472e-05    0.0219521
1.40608    -1.12648    8.32312e-05    0.0219172
1.40425    -1.12649    8.85894e-05    0.0218807
1.40236    -1.12651    9.25885e-05    0.021843
1.40043    -1.12652    9.51434e-05    0.0218044
1.39847    -1.12652    9.62173e-05    0.0217653
1.3965    -1.12653    9.58196e-05    0.0217259
1.39454    -1.12654    9.40036e-05    0.0216865
1.39259    -1.12654    9.08625e-05    0.0216475
1.39068    -1.12654    8.65246e-05    0.021609
1.38881    -1.12654    8.11478e-05    0.0215715
1.387    -1.12654    7.49133e-05    0.0215351
1.38527    -1.12654    6.80188e-05    0.0215001
1.38361    -1.12654    6.06722e-05    0.0214667
1.38205    -1.12654    5.3084e-05    0.0214351
1.38059    -1.12653    4.54613e-05    0.0214054
1.37923    -1.12653    3.80014e-05    0.021378
1.378    -1.12652    3.0886e-05    0.0213528
1.37688    -1.12652    2.42765e-05    0.02133
1.37589    -1.12652    1.83103e-05    0.0213097
1.37503    -1.12651    1.30971e-05    0.0212919
1.37431    -1.12651    8.71785e-06    0.0212768
1.37372    -1.1265    5.22303e-06    0.0212644
1.37326    -1.1265    2.63334e-06    0.0212546
1.37293    -1.1265    9.40658e-07    0.0212474
1.37274    -1.1265    1.10017e-07    0.0212428
1.37267    -1.1265    8.24516e-08    0.0212408
1.37273    -1.1265    7.78403e-07    0.0212413
1.3729    -1.1265    2.10161e-06    0.0212442
1.3732    -1.1265    3.94332e-06    0.0212494
1.37359    -1.1265    6.1866e-06    0.0212567
1.37409    -1.12651    8.71069e-06    0.021266
1.37469    -1.12651    1.13951e-05    0.0212773
1.37536    -1.12651    1.41236e-05    0.0212903
1.37612    -1.12652    1.67874e-05    0.0213048
1.37694    -1.12652    1.92883e-05    0.0213208
1.37782    -1.12652    2.15409e-05    0.021338
1.37875    -1.12653    2.34744e-05    0.0213562
1.37972    -1.12653    2.50339e-05    0.0213753
1.38073    -1.12653    2.61807e-05    0.0213952
1.38176    -1.12654    2.68924e-05    0.0214155
1.3828    -1.12654    2.71625e-05    0.0214361
1.38384    -1.12654    2.69989e-05    0.0214569
1.38488    -1.12654    2.64231e-05    0.0214777
1.38592    -1.12654    2.54682e-05    0.0214984
1.38693    -1.12654    2.4177e-05    0.0215187
1.38792    -1.12654    2.25998e-05    0.0215385
1.38887    -1.12654    2.07925e-05    0.0215577
1.38978    -1.12654    1.88142e-05    0.0215762
1.39066    -1.12654    1.67256e-05    0.0215939
1.39148    -1.12654    1.45863e-05    0.0216105
1.39224    -1.12654    1.24538e-05    0.0216262
1.39295    -1.12654    1.03814e-05    0.0216406
1.3936    -1.12654    8.41716e-06    0.0216539
1.39418    -1.12654    6.60284e-06    0.0216659
1.39469    -1.12654    4.97302e-06    0.0216766
1.39514    -1.12654    3.55467e-06    0.0216859
1.39552    -1.12653    2.36684e-06    0.0216939
1.39583    -1.12653    1.42074e-06    0.0217004
1.39607    -1.12653    7.19885e-07    0.0217056
1.39624    -1.12653    2.60578e-07    0.0217094
1.39634    -1.12653    3.25162e-08    0.0217118
1.39638    -1.12653    1.95364e-08    0.0217128
1.39635    -1.12653    2.00493e-07    0.0217126
1.39626    -1.12653    5.50206e-07    0.0217111
1.39611    -1.12653    1.04047e-06    0.0217085
1.39591    -1.12653    1.64106e-06    0.0217047
1.39565    -1.12653    2.32076e-06    0.0216998
1.39534    -1.12653    3.04831e-06    0.0216939
1.39499    -1.12654    3.79334e-06    0.0216871
1.3946    -1.12654    4.52715e-06    0.0216795
1.39418    -1.12654    5.22347e-06    0.0216711
1.39372    -1.12654    5.85905e-06    0.0216621
1.39323    -1.12654    6.41414e-06    0.0216526
1.39272    -1.12654    6.87283e-06    0.0216425
1.3922    -1.12654    7.22327e-06    0.0216321
1.39166    -1.12654    7.45777e-06    0.0216213
1.39111    -1.12654    7.57273e-06    0.0216104
1.39056    -1.12654    7.56848e-06    0.0215994
1.39    -1.12654    7.44906e-06    0.0215884
1.38946    -1.12654    7.22181e-06    0.0215774
1.38892    -1.12654    6.89695e-06    0.0215666
1.38839    -1.12654    6.48711e-06    0.021556
1.38788    -1.12654    6.00677e-06    0.0215457
1.38739    -1.12654    5.47171e-06    0.0215358
1.38692    -1.12654    4.89846e-06    0.0215263
1.38647    -1.12654    4.30372e-06    0.0215173
1.38606    -1.12654    3.70387e-06    0.0215089
1.38567    -1.12654    3.1145e-06    0.021501
1.38532    -1.12654    2.54991e-06    0.0214938
1.385    -1.12654    2.02287e-06    0.0214872
1.38471    -1.12654    1.5442e-06    0.0214813
1.38446    -1.12654    1.12267e-06    0.0214762
1.38425    -1.12654    7.64791e-07    0.0214717
1.38407    -1.12654    4.74792e-07    0.021468
1.38394    -1.12654    2.54626e-07    0.0214651
1.38383    -1.12654    1.04062e-07    0.0214629
1.38377    -1.12654    2.08327e-08    0.0214614
1.38374    -1.12654    8.34465e-10    0.0214606
1.38375    -1.12654    3.83769e-08    0.0214606
1.38379    -1.12654    1.26461e-07    0.0214612
1.38386    -1.12654    2.57081e-07    0.0214624
1.38396    -1.12654    4.21536e-07    0.0214643
1.38409    -1.12654    6.10746e-07    0.0214667
1.38425    -1.12654    8.15552e-07    0.0214697
1.38443    -1.12654    1.027e-06    0.0214732
1.38463    -1.12654    1.23662e-06    0.0214771
1.38485    -1.12654    1.43661e-06    0.0214815
1.38509    -1.12654    1.62006e-06    0.0214862
1.38535    -1.12654    1.78112e-06    0.0214912
1.38562    -1.12654    1.91503e-06    0.0214965
1.3859    -1.12654    2.01829e-06    0.0215019
1.38618    -1.12654    2.08857e-06    0.0215076
1.38647    -1.12654    2.12479e-06    0.0215134
1.38676    -1.12654    2.12701e-06    0.0215192
1.38706    -1.12654    2.09636e-06    0.021525
1.38735    -1.12654    2.03493e-06    0.0215308
1.38763    -1.12654    1.94564e-06    0.0215366
1.38791    -1.12654    1.8321e-06    0.0215422
1.38818    -1.12654    1.69843e-06    0.0215477
1.38845    -1.12654    1.54909e-06    0.0215529
1.3887    -1.12654    1.38878e-06    0.021558
1.38893    -1.12654    1.22219e-06    0.0215628
1.38915    -1.12654    1.05395e-06    0.0215673
1.38936    -1.12654    8.88419e-07    0.0215715
1.38955    -1.12654    7.29609e-07    0.0215754
1.38972    -1.12654    5.81083e-07    0.0215789
1.38987    -1.12654    4.45873e-07    0.021582
1.39001    -1.12654    3.26429e-07    0.0215848
1.39012    -1.12654    2.24578e-07    0.0215872
1.39022    -1.12654    1.41521e-07    0.0215892
1.39029    -1.12654    7.78336e-08    0.0215908
1.39035    -1.12654    3.34904e-08    0.021592
1.39039    -1.12654    7.90969e-09    0.0215929
1.3904    -1.12654    6.56285e-12    0.0215933
1.3904    -1.12654    8.25918e-09    0.0215934
1.39038    -1.12654    3.07837e-08    0.0215931
1.39035    -1.12654    6.54144e-08    0.0215925
1.3903    -1.12654    1.09787e-07    0.0215916
1.39023    -1.12654    1.61424e-07    0.0215903
1.39015    -1.12654    2.17811e-07    0.0215888
1.39006    -1.12654    2.76481e-07    0.021587
1.38995    -1.12654    3.35077e-07    0.021585
1.38984    -1.12654    3.91421e-07    0.0215827
1.38971    -1.12654    4.43562e-07    0.0215802
1.38958    -1.12654    4.89822e-07    0.0215776
1.38944    -1.12654    5.28825e-07    0.0215748
1.38929    -1.12654    5.5952e-07    0.0215719
1.38914    -1.12654    5.81187e-07    0.021569
1.38899    -1.12654    5.93441e-07    0.0215659
1.38883    -1.12654    5.96217e-07    0.0215629
1.38868    -1.12654    5.89749e-07    0.0215598
1.38852    -1.12654    5.74548e-07    0.0215567
1.38837    -1.12654    5.51363e-07    0.0215536
1.38822    -1.12654    5.21145e-07    0.0215506
1.38808    -1.12654    4.85001e-07    0.0215477
1.38794    -1.12654    4.44155e-07    0.0215449
1.3878    -1.12654    3.99898e-07    0.0215422
1.38768    -1.12654    3.53549e-07    0.0215396
1.38756    -1.12654    3.06407e-07    0.0215372
1.38745    -1.12654    2.59719e-07    0.0215349
1.38734    -1.12654    2.1464e-07    0.0215329
1.38725    -1.12654    1.72209e-07    0.021531
1.38717    -1.12654    1.33321e-07    0.0215292
1.38709    -1.12654    9.87097e-08    0.0215277
1.38703    -1.12654    6.89386e-08    0.0215264
1.38698    -1.12654    4.43924e-08    0.0215253
1.38694    -1.12654    2.5278e-08    0.0215244
1.3869    -1.12654    1.16299e-08    0.0215237
1.38688    -1.12654    3.32079e-09    0.0215232
1.38687    -1.12654    7.56752e-11    0.0215229
1.38687    -1.12654    1.49037e-09    0.0215229
1.38688    -1.12654    7.05215e-09    0.021523
1.38689    -1.12654    1.61626e-08    0.0215233
1.38692    -1.12654    2.81612e-08    0.0215237
1.38695    -1.12654    4.235e-08    0.0215243
1.38699    -1.12654    5.80163e-08    0.0215251
1.38704    -1.12654    7.44561e-08    0.0215261
1.3871    -1.12654    9.09941e-08    0.0215271
1.38716    -1.12654    1.07002e-07    0.0215283
1.38722    -1.12654    1.21916e-07    0.0215296
1.38729    -1.12654    1.35246e-07    0.021531
1.38737    -1.12654    1.46588e-07    0.0215324
1.38744    -1.12654    1.5563e-07    0.0215339
1.38752    -1.12654    1.62155e-07    0.0215355
1.3876    -1.12654    1.66038e-07    0.0215371
1.38769    -1.12654    1.67249e-07    0.0215387
1.38777    -1.12654    1.65844e-07    0.0215404
1.38785    -1.12654    1.61954e-07    0.021542
1.38793    -1.12654    1.55784e-07    0.0215436
1.38801    -1.12654    1.47594e-07    0.0215452
1.38809    -1.12654    1.3769e-07    0.0215467
1.38816    -1.12654    1.26414e-07    0.0215482
1.38823    -1.12654    1.14127e-07    0.0215497
1.3883    -1.12654    1.01198e-07    0.0215511
1.38836    -1.12654    8.79933e-08    0.0215524
1.38842    -1.12654    7.48658e-08    0.0215536
1.38848    -1.12654    6.21431e-08    0.0215547
1.38853    -1.12654    5.01207e-08    0.0215557
1.38857    -1.12654    3.90549e-08    0.0215566
1.38861    -1.12654    2.91577e-08    0.0215575
1.38865    -1.12654    2.05934e-08    0.0215582
1.38868    -1.12654    1.34768e-08    0.0215588
1.3887    -1.12654    7.87287e-09    0.0215593
1.38872    -1.12654    3.79846e-09    0.0215597
1.38873    -1.12654    1.22473e-09    0.0215599
1.38874    -1.12654    8.12103e-11    0.0215601
1.38874    -1.12654    2.60649e-10    0.0215602
1.38874    -1.12654    1.62472e-09    0.0215601
1.38873    -1.12654    4.01025e-09    0.02156
1.38872    -1.12654    7.23575e-09    0.0215598
1.3887    -1.12654    1.11081e-08    0.0215594
1.38868    -1.12654    1.54291e-08    0.021559
1.38865    -1.12654    2.00018e-08    0.0215586
1.38862    -1.12654    2.46362e-08    0.021558
1.38859    -1.12654    2.91544e-08    0.0215574
1.38856    -1.12654    3.33955e-08    0.0215567
1.38852    -1.12654    3.72189e-08    0.021556
1.38848    -1.12654    4.05069e-08    0.0215553
1.38844    -1.12654    4.31674e-08    0.0215545
1.3884    -1.12654    4.51343e-08    0.0215536
1.38836    -1.12654    4.63678e-08    0.0215528
1.38831    -1.12654    4.6854e-08    0.0215519
1.38827    -1.12654    4.66035e-08    0.0215511
1.38823    -1.12654    4.56491e-08    0.0215502
1.38818    -1.12654    4.40436e-08    0.0215493
1.38814    -1.12654    4.18567e-08    0.0215485
1.3881    -1.12654    3.91718e-08    0.0215477
1.38806    -1.12654    3.60823e-08    0.0215469
1.38802    -1.12654    3.26885e-08    0.0215461
1.38799    -1.12654    2.90936e-08    0.0215454
1.38795    -1.12654    2.54007e-08    0.0215447
1.38792    -1.12654    2.17095e-08    0.021544
1.38789    -1.12654    1.81135e-08    0.0215434
1.38786    -1.12654    1.46978e-08    0.0215429
1.38784    -1.12654    1.15367e-08    0.0215424
1.38782    -1.12654    8.69231e-09    0.0215419
1.3878    -1.12654    6.21367e-09    0.0215415
1.38778    -1.12654    4.13586e-09    0.0215412
1.38777    -1.12654    2.48003e-09    0.0215409
1.38776    -1.12654    1.2536e-09    0.0215407
1.38775    -1.12654    4.50996e-10    0.0215405
1.38775    -1.12654    5.46518e-11    0.0215404
1.38775    -1.12654    3.63624e-11    0.0215404
1.38775    -1.12654    3.58829e-10    0.0215404
1.38775    -1.12654    9.77395e-10    0.0215405
1.38776    -1.12654    1.84188e-09    0.0215406
1.38777    -1.12654    2.89846e-09    0.0215407
1.38778    -1.12654    4.09154e-09    0.021541
1.38779    -1.12654    5.36553e-09    0.0215412
1.38781    -1.12654    6.66652e-09    0.0215415
1.38782    -1.12654    7.94379e-09    0.0215418
1.38784    -1.12654    9.15112e-09    0.0215421
1.38786    -1.12654    1.02479e-08    0.0215425
1.38788    -1.12654    1.11998e-08    0.0215429
1.3879    -1.12654    1.19796e-08    0.0215433
1.38792    -1.12654    1.25675e-08    0.0215438
1.38795    -1.12654    1.2951e-08    0.0215442
1.38797    -1.12654    1.3125e-08    0.0215447
1.38799    -1.12654    1.30912e-08    0.0215451
1.38802    -1.12654    1.28578e-08    0.0215456
1.38804    -1.12654    1.24389e-08    0.0215461
1.38806    -1.12654    1.1853e-08    0.0215465
1.38808    -1.12654    1.11232e-08    0.0215469
1.3881    -1.12654    1.02752e-08    0.0215474
1.38812    -1.12654    9.3368e-09    0.0215478
1.38814    -1.12654    8.33696e-09    0.0215482
1.38816    -1.12654    7.30464e-09    0.0215485
1.38818    -1.12654    6.26801e-09    0.0215489
1.38819    -1.12654    5.25364e-09    0.0215492
1.38821    -1.12654    4.2858e-09    0.0215495
1.38822    -1.12654    3.38586e-09    0.0215498
1.38823    -1.12654    2.57186e-09    0.02155
1.38824    -1.12654    1.85817e-09    0.0215502
1.38825    -1.12654    1.2553e-09    0.0215504
1.38826    -1.12654    7.69859e-10    0.0215506
1.38827    -1.12654    4.04579e-10    0.0215507
1.38827    -1.12654    1.58526e-10    0.0215508
1.38827    -1.12654    2.73545e-11    0.0215508
1.38827    -1.12654    3.67269e-12    0.0215509
1.38827    -1.12654    7.74646e-11    0.0215509
1.38827    -1.12654    2.36568e-10    0.0215508
1.38827    -1.12654    4.67185e-10    0.0215508
1.38826    -1.12654    7.54402e-10    0.0215507
1.38826    -1.12654    1.08272e-09    0.0215506
1.38825    -1.12654    1.43654e-09    0.0215505
1.38824    -1.12654    1.80066e-09    0.0215503
1.38823    -1.12654    2.16071e-09    0.0215502
1.38823    -1.12654    2.50348e-09    0.02155
1.38822    -1.12654    2.81728e-09    0.0215498
1.3882    -1.12654    3.09219e-09    0.0215496
1.38819    -1.12654    3.3202e-09    0.0215493
1.38818    -1.12654    3.49535e-09    0.0215491
1.38817    -1.12654    3.61376e-09    0.0215489
1.38816    -1.12654    3.6736e-09    0.0215486
1.38815    -1.12654    3.67502e-09    0.0215484
1.38813    -1.12654    3.61997e-09    0.0215482
1.38812    -1.12654    3.51206e-09    0.0215479
1.38811    -1.12654    3.35631e-09    0.0215477
1.3881    -1.12654    3.15892e-09    0.0215474
1.38809    -1.12654    2.92698e-09    0.0215472
1.38808    -1.12654    2.6682e-09    0.021547
1.38807    -1.12654    2.39064e-09    0.0215468
1.38806    -1.12654    2.10244e-09    0.0215466
1.38805    -1.12654    1.81154e-09    0.0215464
1.38804    -1.12654    1.5255e-09    0.0215462
1.38803    -1.12654    1.25126e-09    0.0215461
1.38802    -1.12654    9.94987e-10    0.0215459
1.38802    -1.12654    7.61915e-10    0.0215458
1.38801    -1.12654    5.56279e-10    0.0215457
1.38801    -1.12654    3.81238e-10    0.0215456
1.388    -1.12654    2.38851e-10    0.0215455
1.388    -1.12654    1.30092e-10    0.0215454
1.388    -1.12654    5.48894e-11    0.0215454
1.388    -1.12654    1.21985e-11    0.0215453
1.388    -1.12654    9.93056e-14    0.0215453
1.388    -1.12654    1.59116e-11    0.0215453
1.388    -1.12654    5.63265e-11    0.0215453
1.388    -1.12654    1.17548e-10    0.0215454
1.388    -1.12654    1.95441e-10    0.0215454
1.388    -1.12654    2.85675e-10    0.0215455
1.38801    -1.12654    3.83871e-10    0.0215455
1.38801    -1.12654    4.85735e-10    0.0215456
1.38801    -1.12654    5.8718e-10    0.0215457
1.38802    -1.12654    6.84435e-10    0.0215458
1.38802    -1.12654    7.74138e-10    0.0215459
1.38803    -1.12654    8.53408e-10    0.021546
1.38804    -1.12654    9.19897e-10    0.0215461
1.38804    -1.12654    9.71829e-10    0.0215462
1.38805    -1.12654    1.00801e-09    0.0215463
1.38805    -1.12654    1.02782e-09    0.0215465
1.38806    -1.12654    1.0312e-09    0.0215466
1.38807    -1.12654    1.01861e-09    0.0215467
1.38807    -1.12654    9.90986e-10    0.0215469
1.38808    -1.12654    9.49668e-10    0.021547
1.38809    -1.12654    8.96337e-10    0.0215471
1.38809    -1.12654    8.32942e-10    0.0215472
1.3881    -1.12654    7.61619e-10    0.0215473
1.3881    -1.12654    6.84615e-10    0.0215475
1.38811    -1.12654    6.04213e-10    0.0215476
1.38811    -1.12654    5.22657e-10    0.0215477
1.38812    -1.12654    4.42087e-10    0.0215478
1.38812    -1.12654    3.64484e-10    0.0215478
1.38813    -1.12654    2.91617e-10    0.0215479
1.38813    -1.12654    2.25005e-10    0.021548
1.38813    -1.12654    1.65886e-10    0.0215481
1.38814    -1.12654    1.15202e-10    0.0215481
1.38814    -1.12654    7.35857e-11    0.0215482
1.38814    -1.12654    4.13649e-11    0.0215482
1.38814    -1.12654    1.85718e-11    0.0215482
1.38814    -1.12654    4.96197e-12    0.0215482
1.38814    -1.12654    4.01375e-14    0.0215483
1.38814    -1.12654    3.09191e-12    0.0215483
1.38814    -1.12654    1.32198e-11    0.0215482
1.38814    -1.12654    2.93825e-11    0.0215482
1.38814    -1.12654    5.04359e-11    0.0215482
1.38814    -1.12654    7.51741e-11    0.0215482
1.38814    -1.12654    1.0237e-10    0.0215482
1.38813    -1.12654    1.30813e-10    0.0215481
1.38813    -1.12654    1.59346e-10    0.0215481
1.38813    -1.12654    1.86893e-10    0.021548
1.38813    -1.12654    2.1249e-10    0.021548
1.38812    -1.12654    2.35302e-10    0.0215479
1.38812    -1.12654    2.54645e-10    0.0215479
1.38812    -1.12654    2.69988e-10    0.0215478
1.38811    -1.12654    2.80968e-10    0.0215477
1.38811    -1.12654    2.87381e-10    0.0215477
1.38811    -1.12654    2.89181e-10    0.0215476
1.3881    -1.12654    2.86472e-10    0.0215475
1.3881    -1.12654    2.79492e-10    0.0215475
1.3881    -1.12654    2.68596e-10    0.0215474
1.38809    -1.12654    2.54239e-10    0.0215473
1.38809    -1.12654    2.36954e-10    0.0215473
1.38809    -1.12654    2.17333e-10    0.0215472
1.38809    -1.12654    1.96e-10    0.0215471
1.38808    -1.12654    1.73596e-10    0.0215471
1.38808    -1.12654    1.50751e-10    0.021547
1.38808    -1.12654    1.28074e-10    0.021547
1.38808    -1.12654    1.06129e-10    0.0215469
1.38807    -1.12654    8.54231e-11    0.0215469
1.38807    -1.12654    6.63967e-11    0.0215468
1.38807    -1.12654    4.94121e-11    0.0215468
1.38807    -1.12654    3.47489e-11    0.0215468
1.38807    -1.12654    2.26008e-11    0.0215468
1.38807    -1.12654    1.30755e-11    0.0215467
1.38807    -1.12654    6.19726e-12    0.0215467
1.38806    -1.12654    1.91154e-12    0.0215467
1.38806    -1.12654    9.20004e-14    0.0215467
1.38806    -1.12654    5.49097e-13    0.0215467
1.38806    -1.12654    3.03999e-12    0.0215467
1.38806    -1.12654    7.2794e-12    0.0215467
1.38807    -1.12654    1.29511e-11    0.0215467
1.38807    -1.12654    1.97192e-11    0.0215467
1.38807    -1.12654    2.72402e-11    0.0215467
1.38807    -1.12654    3.5173e-11    0.0215468
1.38807    -1.12654    4.31896e-11    0.0215468
1.38807    -1.12654    5.09837e-11    0.0215468
1.38807    -1.12654    5.82786e-11    0.0215468
1.38807    -1.12654    6.48334e-11    0.0215469
1.38808    -1.12654    7.04478e-11    0.0215469
1.38808    -1.12654    7.49653e-11    0.0215469
1.38808    -1.12654    7.82749e-11    0.021547
1.38808    -1.12654    8.03116e-11    0.021547
1.38808    -1.12654    8.10546e-11    0.021547
1.38808    -1.12654    8.05254e-11    0.0215471
1.38809    -1.12654    7.87838e-11    0.0215471
1.38809    -1.12654    7.5924e-11    0.0215472
1.38809    -1.12654    7.20686e-11    0.0215472
1.38809    -1.12654    6.73638e-11    0.0215472
1.38809    -1.12654    6.19724e-11    0.0215473
1.38809    -1.12654    5.60686e-11    0.0215473
1.3881    -1.12654    4.98311e-11    0.0215473
1.3881    -1.12654    4.3438e-11    0.0215473
1.3881    -1.12654    3.70612e-11    0.0215474
1.3881    -1.12654    3.08613e-11    0.0215474
1.3881    -1.12654    2.49839e-11    0.0215474
1.3881    -1.12654    1.95559e-11    0.0215474
1.3881    -1.12654    1.46831e-11    0.0215475
1.3881    -1.12654    1.04482e-11    0.0215475
1.3881    -1.12654    6.91e-12    0.0215475
1.3881    -1.12654    4.10307e-12    0.0215475
1.38811    -1.12654    2.03846e-12    0.0215475
1.38811    -1.12654    7.0482e-13    0.0215475
1.38811    -1.12654    7.03181e-14    0.0215475
1.38811    -1.12654    8.49074e-14    0.0215475
1.38811    -1.12654    6.83075e-13    0.0215475
1.38811    -1.12654    1.78684e-12    0.0215475
1.38811    -1.12654    3.30894e-12    0.0215475
1.3881    -1.12654    5.15605e-12    0.0215475
1.3881    -1.12654    7.23204e-12    0.0215475
1.3881    -1.12654    9.44098e-12    0.0215475
1.3881    -1.12654    1.16901e-11    0.0215475
1.3881    -1.12654    1.38922e-11    0.0215475
1.3881    -1.12654    1.59681e-11    0.0215474
1.3881    -1.12654    1.78483e-11    0.0215474
1.3881    -1.12654    1.94744e-11    0.0215474
1.3881    -1.12654    2.08004e-11    0.0215474
1.3881    -1.12654    2.17926e-11    0.0215474
1.3881    -1.12654    2.24305e-11    0.0215474
1.3881    -1.12654    2.27061e-11    0.0215473
1.3881    -1.12654    2.2623e-11    0.0215473
1.38809    -1.12654    2.21964e-11    0.0215473
1.38809    -1.12654    2.14507e-11    0.0215473
1.38809    -1.12654    2.04192e-11    0.0215473
1.38809    -1.12654    1.91415e-11    0.0215472
1.38809    -1.12654    1.76626e-11    0.0215472
1.38809    -1.12654    1.60308e-11    0.0215472
1.38809    -1.12654    1.42962e-11    0.0215472
1.38809    -1.12654    1.25088e-11    0.0215472
1.38809    -1.12654    1.07171e-11    0.0215472
1.38809    -1.12654    8.96701e-12    0.0215472
1.38809    -1.12654    7.30004e-12    0.0215471
1.38809    -1.12654    5.75286e-12    0.0215471
1.38809    -1.12654    4.35624e-12    0.0215471
1.38808    -1.12654    3.13461e-12    0.0215471
1.38808    -1.12654    2.10569e-12    0.0215471
1.38808    -1.12654    1.28045e-12    0.0215471
1.38808    -1.12654    6.63176e-13    0.0215471
1.38808    -1.12654    2.51828e-13    0.0215471
1.38808    -1.12654    3.8503e-14    0.0215471
1.38808    -1.12654    1.00675e-14    0.0215471
1.38808    -1.12654    1.48903e-13    0.0215471
1.38808    -1.12654    4.33735e-13    0.0215471
1.38808    -1.12654    8.40518e-13    0.0215471
1.38808    -1.12654    1.34334e-12    0.0215471
1.38808    -1.12654    1.91534e-12    0.0215471
1.38808    -1.12654    2.52955e-12    0.0215471
1.38809    -1.12654    3.15975e-12    0.0215471
1.38809    -1.12654    3.78116e-12    0.0215471
1.38809    -1.12654    4.37112e-12    0.0215471
1.38809    -1.12654    4.90961e-12    0.0215471
1.38809    -1.12654    5.37968e-12    0.0215471
1.38809    -1.12654    5.76775e-12    0.0215472
1.38809    -1.12654    6.06375e-12    0.0215472
1.38809    -1.12654    6.26124e-12    0.0215472
1.38809    -1.12654    6.35731e-12    0.0215472
1.38809    -1.12654    6.35246e-12    0.0215472
1.38809    -1.12654    6.25029e-12    0.0215472
1.38809    -1.12654    6.05725e-12    0.0215472
1.38809    -1.12654    5.78219e-12    0.0215472
1.38809    -1.12654    5.43595e-12    0.0215472
1.38809    -1.12654    5.03091e-12    0.0215472
1.38809    -1.12654    4.58046e-12    0.0215472
1.38809    -1.12654    4.09856e-12    0.0215473
1.38809    -1.12654    3.59929e-12    0.0215473
1.38809    -1.12654    3.09636e-12    0.0215473
1.38809    -1.12654    2.60277e-12    0.0215473
1.38809    -1.12654    2.13042e-12    0.0215473
1.38809    -1.12654    1.68985e-12    0.0215473
1.38809    -1.12654    1.29002e-12    0.0215473
1.38809    -1.12654    9.381e-13    0.0215473
1.38809    -1.12654    6.39416e-13    0.0215473
1.3881    -1.12654    3.97389e-13    0.0215473
1.3881    -1.12654    2.13564e-13    0.0215473
1.3881    -1.12654    8.76885e-14    0.0215473
1.3881    -1.12654    1.78403e-14    0.0215473
1.3881    -1.12654    5.95431e-16    0.0215473
1.3881    -1.12654    3.12321e-14    0.0215473
1.3881    -1.12654    1.0396e-13    0.0215473
1.3881    -1.12654    2.12164e-13    0.0215473
1.3881    -1.12654    3.48661e-13    0.0215473
1.3881    -1.12654    5.05951e-13    0.0215473
1.38809    -1.12654    6.76466e-13    0.0215473
1.38809    -1.12654    8.528e-13    0.0215473
1.38809    -1.12654    1.02792e-12    0.0215473
1.38809    -1.12654    1.19535e-12    0.0215473
1.38809    -1.12654    1.34934e-12    0.0215473
1.38809    -1.12654    1.48497e-12    0.0215473
1.38809    -1.12654    1.59824e-12    0.0215473
1.38809    -1.12654    1.68616e-12    0.0215473
1.38809    -1.12654    1.74673e-12    0.0215473
1.38809    -1.12654    1.77895e-12    0.0215473
1.38809    -1.12654    1.78279e-12    0.0215473
1.38809    -1.12654    1.75911e-12    0.0215473
1.38809    -1.12654    1.70956e-12    0.0215473
1.38809    -1.12654    1.63652e-12    0.0215472
1.38809    -1.12654    1.54293e-12    0.0215472
1.38809    -1.12654    1.4322e-12    0.0215472
1.38809    -1.12654    1.30802e-12    0.0215472
1.38809    -1.12654    1.17429e-12    0.0215472
1.38809    -1.12654    1.03497e-12    0.0215472
1.38809    -1.12654    8.93916e-13    0.0215472
1.38809    -1.12654    7.54825e-13    0.0215472
1.38809    -1.12654    6.21095e-13    0.0215472
1.38809    -1.12654    4.95758e-13    0.0215472
1.38809    -1.12654    3.81407e-13    0.0215472
1.38809    -1.12654    2.8015e-13    0.0215472
1.38809    -1.12654    1.93577e-13    0.0215472
1.38809    -1.12654    1.22746e-13    0.0215472
1.38809    -1.12654    6.81859e-14    0.0215472
1.38809    -1.12654    2.99178e-14    0.0215472
1.38809    -1.12654    7.48624e-15    0.0215472
1.38809    -1.12654    5.74946e-18    0.0215472
1.38809    -1.12654    6.21577e-15    0.0215472
1.38809    -1.12654    2.45438e-14    0.0215472
1.38809    -1.12654    5.31735e-14    0.0215472
1.38809    -1.12654    9.01157e-14    0.0215472
1.38809    -1.12654    1.33279e-13    0.0215472
1.38809    -1.12654    1.80542e-13    0.0215472
1.38809    -1.12654    2.29815e-13    0.0215472
1.38809    -1.12654    2.79102e-13    0.0215472
1.38809    -1.12654    3.26558e-13    0.0215472
1.38809    -1.12654    3.70529e-13    0.0215472
1.38809    -1.12654    4.09589e-13    0.0215472
1.38809    -1.12654    4.42572e-13    0.0215472
1.38809    -1.12654    4.68583e-13    0.0215472
1.38809    -1.12654    4.87011e-13    0.0215472
1.38809    -1.12654    4.97525e-13    0.0215472
1.38809    -1.12654    5.00066e-13    0.0215472
1.38809    -1.12654    4.9483e-13    0.0215472
1.38809    -1.12654    4.82245e-13    0.0215472
1.38809    -1.12654    4.62938e-13    0.0215472
1.38809    -1.12654    4.37707e-13    0.0215472
1.38809    -1.12654    4.07485e-13    0.0215472
1.38809    -1.12654    3.73298e-13    0.0215472
1.38809    -1.12654    3.36231e-13    0.0215472
1.38809    -1.12654    2.9739e-13    0.0215472
1.38809    -1.12654    2.57867e-13    0.0215472
1.38809    -1.12654    2.18706e-13    0.0215472
1.38809    -1.12654    1.80879e-13    0.0215473
1.38809    -1.12654    1.45255e-13    0.0215473
1.38809    -1.12654    1.12585e-13    0.0215473
1.38809    -1.12654    8.34858e-14    0.0215473
1.38809    -1.12654    5.8431e-14    0.0215473
1.38809    -1.12654    3.77445e-14    0.0215473
1.38809    -1.12654    2.16019e-14    0.0215473
1.38809    -1.12654    1.00347e-14    0.0215473
1.38809    -1.12654    2.93935e-15    0.0215473
1.38809    -1.12654    8.88859e-17    0.0215473
1.38809    -1.12654    1.14823e-15    0.0215473
1.38809    -1.12654    5.69148e-15    0.0215473
1.38809    -1.12654    1.32208e-14    0.0215473
1.38809    -1.12654    2.3186e-14    0.0215473
1.38809    -1.12654    3.5005e-14    0.0215473
1.38809    -1.12654    4.8083e-14    0.0215473
1.38809    -1.12654    6.18316e-14    0.0215473
1.38809    -1.12654    7.56854e-14    0.0215473
1.38809    -1.12654    8.91182e-14    0.0215473
1.38809    -1.12654    1.01656e-13    0.0215473
1.38809    -1.12654    1.12886e-13    0.0215473
1.38809    -1.12654    1.22467e-13    0.0215473
1.38809    -1.12654    1.30135e-13    0.0215473
1.38809    -1.12654    1.35704e-13    0.0215472
1.38809    -1.12654    1.39066e-13    0.0215472
1.38809    -1.12654    1.40191e-13    0.0215472
1.38809    -1.12654    1.39121e-13    0.0215472
1.38809    -1.12654    1.35964e-13    0.0215472
1.38809    -1.12654    1.30887e-13    0.0215472
1.38809    -1.12654    1.24105e-13    0.0215472
1.38809    -1.12654    1.15873e-13    0.0215472
1.38809    -1.12654    1.06475e-13    0.0215472
1.38809    -1.12654    9.62126e-14    0.0215472
1.38809    -1.12654    8.53954e-14    0.0215472
1.38809    -1.12654    7.43309e-14    0.0215472
1.38809    -1.12654    6.3315e-14    0.0215472
1.38809    -1.12654    5.26241e-14    0.0215472
1.38809    -1.12654    4.25079e-14    0.0215472
1.38809    -1.12654    3.31834e-14    0.0215472
1.38809    -1.12654    2.48307e-14    0.0215472
1.38809    -1.12654    1.75899e-14    0.0215472
1.38809    -1.12654    1.15597e-14    0.0215472
1.38809    -1.12654    6.7971e-15    0.0215472
1.38809    -1.12654    3.31817e-15    0.0215472
1.38809    -1.12654    1.1007e-15    0.0215472
1.38809    -1.12654    8.72012e-17    0.0215472
1.38809    -1.12654    1.89036e-16    0.0215472
1.38809    -1.12654    1.29117e-15    0.0215472
1.38809    -1.12654    3.25739e-15    0.0215472
1.38809    -1.12654    5.93582e-15    0.0215472
1.38809    -1.12654    9.16454e-15    0.0215472
1.38809    -1.12654    1.27771e-14    0.0215472
1.38809    -1.12654    1.66078e-14    0.0215472
1.38809    -1.12654    2.04968e-14    0.0215472
1.38809    -1.12654    2.42941e-14    0.0215472
1.38809    -1.12654    2.78639e-14    0.0215472
1.38809    -1.12654    3.10872e-14    0.0215472
1.38809    -1.12654    3.38647e-14    0.0215472
1.38809    -1.12654    3.61181e-14    0.0215472
1.38809    -1.12654    3.7791e-14    0.0215472
1.38809    -1.12654    3.88493e-14    0.0215472
1.38809    -1.12654    3.92807e-14    0.0215472
1.38809    -1.12654    3.90932e-14    0.0215472
1.38809    -1.12654    3.83139e-14    0.0215472
1.38809    -1.12654    3.69866e-14    0.0215472
1.38809    -1.12654    3.51694e-14    0.0215472
1.38809    -1.12654    3.29318e-14    0.0215472
1.38809    -1.12654    3.03521e-14    0.0215472
1.38809    -1.12654    2.75142e-14    0.0215472
1.38809    -1.12654    2.45047e-14    0.0215472
1.38809    -1.12654    2.141e-14    0.0215472
1.38809    -1.12654    1.8314e-14    0.0215472
1.38809    -1.12654    1.52952e-14    0.0215472
1.38809    -1.12654    1.24251e-14    0.0215472
1.38809    -1.12654    9.7663e-15    0.0215472
1.38809    -1.12654    7.37138e-15    0.0215472
1.38809    -1.12654    5.28169e-15    0.0215472
1.38809    -1.12654    3.52706e-15    0.0215472
1.38809    -1.12654    2.1256e-15    0.0215472
1.38809    -1.12654    1.08393e-15    0.0215472
1.38809    -1.12654    3.97741e-16    0.0215472
1.38809    -1.12654    5.26861e-17    0.0215472
1.38809    -1.12654    2.54438e-17    0.0215472
1.38809    -1.12654    2.85038e-16    0.0215472
