1.39701    -1.12653    0.00283585    0.0216741
1.4077    -1.12647    0.00256892    0.0218848
1.41787    -1.12638    0.00228913    0.0220933
1.42747    -1.12626    0.00200471    0.0222919
1.43645    -1.12611    0.00172312    0.022479
1.44478    -1.12596    0.00145086    0.0226536
1.45243    -1.12579    0.0011935    0.0228148
1.45936    -1.12563    0.000955617    0.0229619
1.46557    -1.12547    0.000740794    0.0230943
1.47103    -1.12532    0.00055169    0.0232116
1.47574    -1.12518    0.000390073    0.0233136
1.4797    -1.12506    0.000256891    0.0234001
1.48292    -1.12496    0.000152341    0.023471
1.4854    -1.12488    7.59529e-05    0.0235264
1.48715    -1.12482    2.66663e-05    0.0235665
1.48818    -1.12479    2.91238e-06    0.0235916
1.48853    -1.12478    2.69277e-06    0.023602
1.4882    -1.12479    2.36569e-05    0.0235982
1.48722    -1.12482    6.31763e-05    0.0235807
1.48562    -1.12487    0.000118416    0.0235502
1.48344    -1.12495    0.000186402    0.0235072
1.4807    -1.12503    0.000264088    0.0234526
1.47744    -1.12513    0.000348411    0.023387
1.47369    -1.12524    0.000436358    0.0233113
1.4695    -1.12536    0.000525013    0.0232263
1.4649    -1.12549    0.00061161    0.0231329
1.45994    -1.12561    0.000693583    0.023032
1.45466    -1.12574    0.000768607    0.0229246
1.44909    -1.12587    0.000834635    0.0228115
1.44329    -1.12599    0.000889939    0.0226937
1.43731    -1.1261    0.000933133    0.0225722
1.43118    -1.1262    0.000963195    0.0224479
1.42495    -1.12629    0.000979489    0.0223218
1.41867    -1.12637    0.000981765    0.0221947
1.41238    -1.12643    0.000970164    0.0220677
1.40613    -1.12648    0.000945208    0.0219416
1.39996    -1.12652    0.000907777    0.0218172
1.39391    -1.12654    0.000859084    0.0216955
1.38803    -1.12654    0.000800634    0.0215771
1.38235    -1.12654    0.000734179    0.0214629
1.37692    -1.12652    0.000661661    0.0213536
1.37175    -1.12649    0.000585148    0.0212498
1.3669    -1.12646    0.000506771    0.0211522
1.36238    -1.12641    0.000428651    0.0210613
1.35823    -1.12637    0.000352832    0.0209775
1.35446    -1.12632    0.000281212    0.0209014
1.35109    -1.12627    0.000215483    0.0208332
1.34815    -1.12622    0.000157078    0.0207732
1.34563    -1.12618    0.000107129    0.0207217
1.34355    -1.12614    6.64363e-05    0.0206787
1.34192    -1.12611    3.5455e-05    0.0206444
1.34072    -1.12608    1.42907e-05    0.0206188
1.33997    -1.12607    2.71322e-06    0.0206016
1.33964    -1.12606    1.82445e-07    0.0205929
1.33972    -1.12606    5.88519e-06    0.0205924
1.34021    -1.12607    1.87817e-05    0.0205997
1.34108    -1.12609    3.76586e-05    0.0206147
1.34231    -1.12612    6.11858e-05    0.0206368
1.34388    -1.12615    8.79741e-05    0.0206656
1.34576    -1.12618    0.000116631    0.0207007
1.34793    -1.12622    0.000145814    0.0207416
1.35035    -1.12626    0.000174271    0.0207877
1.353    -1.1263    0.000200886    0.0208384
1.35584    -1.12634    0.000224702    0.0208933
1.35885    -1.12637    0.000244943    0.0209515
1.36199    -1.12641    0.000261027    0.0210127
1.36524    -1.12644    0.000272567    0.0210761
1.36855    -1.12647    0.000279366    0.0211412
1.3719    -1.12649    0.00028141    0.0212074
1.37527    -1.12651    0.000278843    0.0212741
1.37862    -1.12653    0.000271957    0.0213407
1.38193    -1.12654    0.00026116    0.0214068
1.38517    -1.12654    0.000246955    0.0214718
1.38833    -1.12654    0.000229915    0.0215352
1.39137    -1.12654    0.000210657    0.0215967
1.39428    -1.12654    0.000189816    0.0216557
1.39705    -1.12653    0.00016803    0.0217119
1.39965    -1.12652    0.000145914    0.021765
1.40207    -1.12651    0.000124045    0.0218147
1.40431    -1.12649    0.000102952    0.0218606
1.40634    -1.12648    8.30982e-05    0.0219027
1.40817    -1.12647    6.48791e-05    0.0219407
1.40979    -1.12646    4.8614e-05    0.0219744
1.41119    -1.12644    3.45445e-05    0.0220038
1.41237    -1.12643    2.28336e-05    0.0220288
1.41333    -1.12642    1.35678e-05    0.0220493
1.41407    -1.12642    6.76084e-06    0.0220654
1.41459    -1.12641    2.35899e-06    0.0220771
1.4149    -1.12641    2.47557e-07    0.0220844
1.415    -1.12641    2.58522e-07    0.0220875
1.41489    -1.12641    2.17893e-06    0.0220865
1.4146    -1.12641    5.75975e-06    0.0220815
1.41412    -1.12642    1.0725e-05    0.0220728
1.41346    -1.12642    1.67808e-05    0.0220604
1.41264    -1.12643    2.36246e-05    0.0220446
1.41166    -1.12644    3.09535e-05    0.0220257
1.41055    -1.12645    3.84724e-05    0.0220039
1.4093    -1.12646    4.59017e-05    0.0219794
1.40794    -1.12647    5.29833e-05    0.0219526
1.40648    -1.12648    5.94866e-05    0.0219237
1.40493    -1.12649    6.52133e-05    0.021893
1.40331    -1.1265    7.00004e-05    0.0218608
1.40163    -1.12651    7.37231e-05    0.0218273
1.39991    -1.12652    7.62959e-05    0.021793
1.39816    -1.12653    7.7673e-05    0.0217579
1.39639    -1.12653    7.78471e-05    0.0217226
1.39462    -1.12654    7.68476e-05    0.0216871
1.39286    -1.12654    7.47379e-05    0.0216518
1.39112    -1.12654    7.16115e-05    0.021617
1.38943    -1.12654    6.75878e-05    0.0215829
1.38778    -1.12654    6.2807e-05    0.0215497
1.38619    -1.12654    5.74252e-05    0.0215176
1.38466    -1.12654    5.16081e-05    0.0214869
1.38322    -1.12654    4.55262e-05    0.0214578
1.38187    -1.12654    3.93491e-05    0.0214304
1.38061    -1.12653    3.32399e-05    0.0214048
1.37945    -1.12653    2.73512e-05    0.0213813
1.3784    -1.12653    2.18205e-05    0.0213599
1.37747    -1.12652    1.67668e-05    0.0213406
1.37664    -1.12652    1.22879e-05    0.0213237
1.37594    -1.12652    8.45866e-06    0.0213091
1.37536    -1.12651    5.32971e-06    0.0212969
1.37489    -1.12651    2.92756e-06    0.0212871
1.37455    -1.12651    1.25501e-06    0.0212796
1.37433    -1.12651    2.92582e-07    0.0212745
1.37422    -1.12651    5.19977e-10    0.0212717
1.37422    -1.12651    3.21328e-07    0.0212712
1.37434    -1.12651    1.18276e-06    0.0212729
1.37455    -1.12651    2.50111e-06    0.0212767
1.37487    -1.12651    4.18462e-06    0.0212824
1.37528    -1.12651    6.137e-06    0.0212901
1.37578    -1.12651    8.26077e-06    0.0212995
1.37636    -1.12652    1.04605e-05    0.0213105
1.377    -1.12652    1.26456e-05    0.021323
1.37772    -1.12652    1.4733e-05    0.0213369
1.37849    -1.12653    1.66493e-05    0.0213519
1.37931    -1.12653    1.83319e-05    0.0213679
1.38017    -1.12653    1.97308e-05    0.0213847
1.38106    -1.12654    2.0809e-05    0.0214023
1.38197    -1.12654    2.15425e-05    0.0214204
1.38291    -1.12654    2.19202e-05    0.0214389
1.38384    -1.12654    2.19434e-05    0.0214575
1.38478    -1.12654    2.16246e-05    0.0214763
1.38572    -1.12654    2.09863e-05    0.0214949
1.38664    -1.12654    2.00598e-05    0.0215133
1.38754    -1.12654    1.8883e-05    0.0215314
1.38841    -1.12654    1.74992e-05    0.0215489
1.38925    -1.12654    1.59553e-05    0.0215659
1.39005    -1.12654    1.42998e-05    0.0215821
1.39081    -1.12654    1.25816e-05    0.0215975
1.39152    -1.12654    1.08481e-05    0.021612
1.39218    -1.12654    9.14404e-06    0.0216255
1.39279    -1.12654    7.51053e-06    0.0216379
1.39334    -1.12654    5.98375e-06    0.0216492
1.39383    -1.12654    4.59444e-06    0.0216594
1.39426    -1.12654    3.36729e-06    0.0216683
1.39463    -1.12654    2.32067e-06    0.021676
1.39493    -1.12654    1.46656e-06    0.0216825
1.39518    -1.12654    8.10585e-07    0.0216877
1.39536    -1.12653    3.52349e-07    0.0216916
1.39548    -1.12653    8.58393e-08    0.0216943
1.39553    -1.12653    3.10357e-13    0.0216958
1.39553    -1.12653    7.93961e-08    0.0216961
1.39548    -1.12653    3.04961e-07    0.0216953
1.39537    -1.12653    6.548e-07    0.0216934
1.3952    -1.12654    1.10501e-06    0.0216904
1.39499    -1.12654    1.63053e-06    0.0216864
1.39474    -1.12654    2.2059e-06    0.0216815
1.39444    -1.12654    2.80608e-06    0.0216758
1.3941    -1.12654    3.40711e-06    0.0216692
1.39373    -1.12654    3.98676e-06    0.021662
1.39333    -1.12654    4.52505e-06    0.0216541
1.39291    -1.12654    5.00468e-06    0.0216457
1.39246    -1.12654    5.41138e-06    0.0216369
1.39199    -1.12654    5.7341e-06    0.0216276
1.39151    -1.12654    5.96516e-06    0.0216181
1.39102    -1.12654    6.10023e-06    0.0216083
1.39052    -1.12654    6.13823e-06    0.0215984
1.39003    -1.12654    6.0812e-06    0.0215885
1.38953    -1.12654    5.93397e-06    0.0215786
1.38904    -1.12654    5.70388e-06    0.0215688
1.38856    -1.12654    5.4004e-06    0.0215592
1.3881    -1.12654    5.03465e-06    0.0215498
1.38765    -1.12654    4.61904e-06    0.0215407
1.38721    -1.12654    4.16674e-06    0.021532
1.38681    -1.12654    3.69127e-06    0.0215237
1.38642    -1.12654    3.20605e-06    0.0215159
1.38606    -1.12654    2.72401e-06    0.0215086
1.38573    -1.12654    2.2572e-06    0.0215019
1.38543    -1.12654    1.81652e-06    0.0214957
1.38516    -1.12654    1.41141e-06    0.0214901
1.38492    -1.12654    1.04969e-06    0.0214852
1.38471    -1.12654    7.3741e-07    0.0214809
1.38454    -1.12654    4.78787e-07    0.0214773
1.3844    -1.12654    2.7618e-07    0.0214744
1.3843    -1.12654    1.30149e-07    0.0214721
1.38422    -1.12654    3.95496e-08    0.0214705
1.38418    -1.12654    1.68266e-09    0.0214695
1.38418    -1.12654    1.24765e-08    0.0214692
1.3842    -1.12654    6.67032e-08    0.0214695
1.38425    -1.12654    1.58215e-07    0.0214703
1.38433    -1.12654    2.80195e-07    0.0214718
1.38444    -1.12654    4.25408e-07    0.0214738
1.38457    -1.12654    5.86451e-07    0.0214762
1.38472    -1.12654    7.55993e-07    0.0214792
1.3849    -1.12654    9.2699e-07    0.0214825
1.38509    -1.12654    1.09288e-06    0.0214863
1.3853    -1.12654    1.24776e-06    0.0214904
1.38552    -1.12654    1.3865e-06    0.0214948
1.38576    -1.12654    1.50485e-06    0.0214994
1.386    -1.12654    1.59955e-06    0.0215043
1.38626    -1.12654    1.66829e-06    0.0215093
1.38652    -1.12654    1.70975e-06    0.0215145
1.38678    -1.12654    1.72358e-06    0.0215197
1.38704    -1.12654    1.71032e-06    0.0215249
1.38731    -1.12654    1.67133e-06    0.0215302
1.38757    -1.12654    1.6087e-06    0.0215354
1.38782    -1.12654    1.52509e-06    0.0215405
1.38807    -1.12654    1.42369e-06    0.0215455
1.38831    -1.12654    1.30799e-06    0.0215503
1.38854    -1.12654    1.18172e-06    0.0215549
1.38876    -1.12654    1.0487e-06    0.0215593
1.38896    -1.12654    9.12706e-07    0.0215635
1.38915    -1.12654    7.77375e-07    0.0215674
1.38933    -1.12654    6.4609e-07    0.021571
1.38949    -1.12654    5.21904e-07    0.0215743
1.38964    -1.12654    4.07469e-07    0.0215773
1.38976    -1.12654    3.04979e-07    0.02158
1.38987    -1.12654    2.16138e-07    0.0215823
1.38997    -1.12654    1.42145e-07    0.0215842
1.39004    -1.12654    8.36853e-08    0.0215858
1.3901    -1.12654    4.09509e-08    0.0215871
1.39014    -1.12654    1.36646e-08    0.021588
1.39017    -1.12654    1.1213e-09    0.0215886
1.39017    -1.12654    2.23723e-09    0.0215888
1.39016    -1.12654    1.5608e-08    0.0215887
1.39014    -1.12654    3.95721e-08    0.0215883
1.3901    -1.12654    7.22772e-08    0.0215875
1.39004    -1.12654    1.11748e-07    0.0215865
1.38998    -1.12654    1.55955e-07    0.0215853
1.3899    -1.12654    2.02875e-07    0.0215837
1.38981    -1.12654    2.50555e-07    0.021582
1.38971    -1.12654    2.97161e-07    0.02158
1.3896    -1.12654    3.41029e-07    0.0215779
1.38948    -1.12654    3.80699e-07    0.0215756
1.38936    -1.12654    4.14949e-07    0.0215732
1.38923    -1.12654    4.42811e-07    0.0215706
1.38909    -1.12654    4.63586e-07    0.021568
1.38896    -1.12654    4.76845e-07    0.0215652
1.38882    -1.12654    4.82423e-07    0.0215625
1.38868    -1.12654    4.80408e-07    0.0215597
1.38854    -1.12654    4.7112e-07    0.0215569
1.3884    -1.12654    4.55084e-07    0.0215542
1.38827    -1.12654    4.33003e-07    0.0215515
1.38813    -1.12654    4.05723e-07    0.0215488
1.38801    -1.12654    3.74199e-07    0.0215462
1.38788    -1.12654    3.39455e-07    0.0215438
1.38777    -1.12654    3.02555e-07    0.0215414
1.38766    -1.12654    2.6456e-07    0.0215391
1.38755    -1.12654    2.26501e-07    0.021537
1.38746    -1.12654    1.89348e-07    0.0215351
1.38737    -1.12654    1.53986e-07    0.0215333
1.38729    -1.12654    1.21191e-07    0.0215317
1.38722    -1.12654    9.16144e-08    0.0215303
1.38716    -1.12654    6.57734e-08    0.021529
1.38711    -1.12654    4.4042e-08    0.0215279
1.38707    -1.12654    2.66499e-08    0.021527
1.38704    -1.12654    1.36848e-08    0.0215263
1.38701    -1.12654    5.09929e-09    0.0215258
1.387    -1.12654    7.21394e-10    0.0215255
1.38699    -1.12654    2.67671e-10    0.0215253
1.387    -1.12654    3.35944e-09    0.0215253
1.38701    -1.12654    9.54054e-09    0.0215255
1.38703    -1.12654    1.82962e-08    0.0215259
1.38705    -1.12654    2.90727e-08    0.0215264
1.38709    -1.12654    4.12966e-08    0.021527
1.38713    -1.12654    5.4393e-08    0.0215278
1.38718    -1.12654    6.78038e-08    0.0215287
1.38723    -1.12654    8.10026e-08    0.0215297
1.38728    -1.12654    9.35087e-08    0.0215308
1.38735    -1.12654    1.04899e-07    0.021532
1.38741    -1.12654    1.14815e-07    0.0215333
1.38748    -1.12654    1.22971e-07    0.0215347
1.38755    -1.12654    1.29158e-07    0.021536
1.38762    -1.12654    1.33243e-07    0.0215375
1.38769    -1.12654    1.35168e-07    0.0215389
1.38777    -1.12654    1.34948e-07    0.0215404
1.38784    -1.12654    1.32664e-07    0.0215419
1.38792    -1.12654    1.28457e-07    0.0215433
1.38799    -1.12654    1.22517e-07    0.0215448
1.38806    -1.12654    1.15078e-07    0.0215462
1.38813    -1.12654    1.06405e-07    0.0215476
1.38819    -1.12654    9.67847e-08    0.0215489
1.38825    -1.12654    8.65135e-08    0.0215501
1.38831    -1.12654    7.58906e-08    0.0215513
1.38837    -1.12654    6.52069e-08    0.0215525
1.38842    -1.12654    5.47373e-08    0.0215535
1.38847    -1.12654    4.47331e-08    0.0215545
1.38851    -1.12654    3.54164e-08    0.0215553
1.38855    -1.12654    2.69747e-08    0.0215561
1.38858    -1.12654    1.95583e-08    0.0215568
1.38861    -1.12654    1.32777e-08    0.0215574
1.38863    -1.12654    8.20309e-09    0.0215579
1.38865    -1.12654    4.36498e-09    0.0215583
1.38866    -1.12654    1.75589e-09    0.0215586
1.38867    -1.12654    3.33105e-10    0.0215588
1.38867    -1.12654    2.23205e-11    0.0215589
1.38867    -1.12654    7.22005e-10    0.0215589
1.38867    -1.12654    2.30825e-09    0.0215588
1.38866    -1.12654    4.63999e-09    0.0215586
1.38864    -1.12654    7.56439e-09    0.0215584
1.38863    -1.12654    1.09222e-08    0.021558
1.38861    -1.12654    1.45529e-08    0.0215576
1.38858    -1.12654    1.82998e-08    0.0215572
1.38855    -1.12654    2.20141e-08    0.0215566
1.38852    -1.12654    2.55592e-08    0.021556
1.38849    -1.12654    2.88137e-08    0.0215554
1.38846    -1.12654    3.16741e-08    0.0215548
1.38842    -1.12654    3.40567e-08    0.021554
1.38839    -1.12654    3.58987e-08    0.0215533
1.38835    -1.12654    3.71587e-08    0.0215526
1.38831    -1.12654    3.78163e-08    0.0215518
1.38827    -1.12654    3.78716e-08    0.021551
1.38823    -1.12654    3.73436e-08    0.0215502
1.38819    -1.12654    3.62683e-08    0.0215495
1.38815    -1.12654    3.46963e-08    0.0215487
1.38812    -1.12654    3.26907e-08    0.0215479
1.38808    -1.12654    3.03239e-08    0.0215472
1.38805    -1.12654    2.76749e-08    0.0215465
1.38801    -1.12654    2.48266e-08    0.0215458
1.38798    -1.12654    2.18629e-08    0.0215452
1.38795    -1.12654    1.88658e-08    0.0215446
1.38792    -1.12654    1.59134e-08    0.021544
1.3879    -1.12654    1.30779e-08    0.0215435
1.38787    -1.12654    1.04233e-08    0.021543
1.38785    -1.12654    8.00428e-09    0.0215426
1.38784    -1.12654    5.86527e-09    0.0215422
1.38782    -1.12654    4.03959e-09    0.0215419
1.38781    -1.12654    2.54927e-09    0.0215417
1.3878    -1.12654    1.40511e-09    0.0215414
1.38779    -1.12654    6.07105e-10    0.0215413
1.38779    -1.12654    1.45149e-10    0.0215412
1.38778    -1.12654    4.07694e-14    0.0215411
1.38778    -1.12654    1.44647e-10    0.0215411
1.38779    -1.12654    5.45258e-10    0.0215411
1.38779    -1.12654    1.16304e-09    0.0215412
1.3878    -1.12654    1.95554e-09    0.0215413
1.38781    -1.12654    2.87822e-09    0.0215415
1.38782    -1.12654    3.88594e-09    0.0215417
1.38783    -1.12654    4.93432e-09    0.0215419
1.38784    -1.12654    5.98105e-09    0.0215422
1.38786    -1.12654    6.98703e-09    0.0215425
1.38788    -1.12654    7.9173e-09    0.0215428
1.38789    -1.12654    8.74182e-09    0.0215432
1.38791    -1.12654    9.43604e-09    0.0215436
1.38793    -1.12654    9.98125e-09    0.021544
1.38795    -1.12654    1.03647e-08    0.0215443
1.38797    -1.12654    1.05798e-08    0.0215448
1.38799    -1.12654    1.06254e-08    0.0215452
1.38801    -1.12654    1.05061e-08    0.0215456
1.38803    -1.12654    1.02311e-08    0.021546
1.38805    -1.12654    9.81401e-09    0.0215464
1.38807    -1.12654    9.27197e-09    0.0215468
1.38809    -1.12654    8.6249e-09    0.0215472
1.38811    -1.12654    7.89471e-09    0.0215476
1.38813    -1.12654    7.10452e-09    0.0215479
1.38815    -1.12654    6.27782e-09    0.0215483
1.38816    -1.12654    5.43779e-09    0.0215486
1.38818    -1.12654    4.60657e-09    0.0215489
1.38819    -1.12654    3.80466e-09    0.0215492
1.3882    -1.12654    3.05046e-09    0.0215494
1.38821    -1.12654    2.35976e-09    0.0215496
1.38822    -1.12654    1.74552e-09    0.0215499
1.38823    -1.12654    1.21763e-09    0.02155
1.38824    -1.12654    7.82808e-10    0.0215502
1.38825    -1.12654    4.44633e-10    0.0215503
1.38825    -1.12654    2.03621e-10    0.0215504
1.38825    -1.12654    5.74329e-11    0.0215504
1.38825    -1.12654    1.12372e-12    0.0215505
1.38825    -1.12654    2.74718e-11    0.0215505
1.38825    -1.12654    1.27345e-10    0.0215505
1.38825    -1.12654    2.90105e-10    0.0215504
1.38825    -1.12654    5.04025e-10    0.0215504
1.38824    -1.12654    7.56718e-10    0.0215503
1.38824    -1.12654    1.03555e-09    0.0215502
1.38823    -1.12654    1.32803e-09    0.0215501
1.38822    -1.12654    1.6222e-09    0.0215499
1.38822    -1.12654    1.90692e-09    0.0215498
1.38821    -1.12654    2.17217e-09    0.0215496
1.3882    -1.12654    2.40927e-09    0.0215494
1.38819    -1.12654    2.61104e-09    0.0215492
1.38818    -1.12654    2.77195e-09    0.021549
1.38817    -1.12654    2.88811e-09    0.0215488
1.38816    -1.12654    2.95732e-09    0.0215486
1.38815    -1.12654    2.97901e-09    0.0215484
1.38813    -1.12654    2.95414e-09    0.0215482
1.38812    -1.12654    2.88508e-09    0.0215479
1.38811    -1.12654    2.7754e-09    0.0215477
1.3881    -1.12654    2.62973e-09    0.0215475
1.38809    -1.12654    2.45352e-09    0.0215473
1.38808    -1.12654    2.25281e-09    0.0215471
1.38807    -1.12654    2.03404e-09    0.0215469
1.38806    -1.12654    1.80379e-09    0.0215467
1.38805    -1.12654    1.56858e-09    0.0215466
1.38805    -1.12654    1.33468e-09    0.0215464
1.38804    -1.12654    1.10795e-09    0.0215462
1.38803    -1.12654    8.93655e-10    0.0215461
1.38803    -1.12654    6.96383e-10    0.021546
1.38802    -1.12654    5.1992e-10    0.0215459
1.38802    -1.12654    3.67206e-10    0.0215458
1.38801    -1.12654    2.40297e-10    0.0215457
1.38801    -1.12654    1.4036e-10    0.0215456
1.38801    -1.12654    6.77026e-11    0.0215456
1.38801    -1.12654    2.18139e-11    0.0215455
1.38801    -1.12654    1.43951e-12    0.0215455
1.388    -1.12654    4.66693e-12    0.0215455
1.38801    -1.12654    2.90273e-11    0.0215455
1.38801    -1.12654    7.1607e-11    0.0215455
1.38801    -1.12654    1.29165e-10    0.0215456
1.38801    -1.12654    1.98252e-10    0.0215456
1.38801    -1.12654    2.75328e-10    0.0215457
1.38802    -1.12654    3.56875e-10    0.0215457
1.38802    -1.12654    4.39502e-10    0.0215458
1.38802    -1.12654    5.20036e-10    0.0215459
1.38803    -1.12654    5.95603e-10    0.021546
1.38803    -1.12654    6.63696e-10    0.0215461
1.38804    -1.12654    7.22222e-10    0.0215462
1.38804    -1.12654    7.6954e-10    0.0215463
1.38805    -1.12654    8.04475e-10    0.0215464
1.38806    -1.12654    8.26326e-10    0.0215465
1.38806    -1.12654    8.3485e-10    0.0215466
1.38807    -1.12654    8.30241e-10    0.0215467
1.38807    -1.12654    8.13092e-10    0.0215468
1.38808    -1.12654    7.84349e-10    0.021547
1.38808    -1.12654    7.45261e-10    0.0215471
1.38809    -1.12654    6.97318e-10    0.0215472
1.3881    -1.12654    6.42189e-10    0.0215473
1.3881    -1.12654    5.81662e-10    0.0215474
1.38811    -1.12654    5.17578e-10    0.0215475
1.38811    -1.12654    4.51773e-10    0.0215476
1.38811    -1.12654    3.86023e-10    0.0215477
1.38812    -1.12654    3.21991e-10    0.0215478
1.38812    -1.12654    2.6119e-10    0.0215478
1.38812    -1.12654    2.04938e-10    0.0215479
1.38813    -1.12654    1.54342e-10    0.021548
1.38813    -1.12654    1.10268e-10    0.021548
1.38813    -1.12654    7.33385e-11    0.021548
1.38813    -1.12654    4.39258e-11    0.0215481
1.38814    -1.12654    2.2159e-11    0.0215481
1.38814    -1.12654    7.9359e-12    0.0215481
1.38814    -1.12654    9.41685e-13    0.0215481
1.38814    -1.12654    6.72326e-13    0.0215482
1.38814    -1.12654    6.46256e-12    0.0215481
1.38814    -1.12654    1.75166e-11    0.0215481
1.38814    -1.12654    3.29409e-11    0.0215481
1.38813    -1.12654    5.17774e-11    0.0215481
1.38813    -1.12654    7.30367e-11    0.0215481
1.38813    -1.12654    9.57298e-11    0.021548
1.38813    -1.12654    1.18898e-10    0.021548
1.38813    -1.12654    1.41639e-10    0.021548
1.38812    -1.12654    1.63131e-10    0.0215479
1.38812    -1.12654    1.82651e-10    0.0215479
1.38812    -1.12654    1.9959e-10    0.0215478
1.38812    -1.12654    2.13464e-10    0.0215478
1.38811    -1.12654    2.2392e-10    0.0215477
1.38811    -1.12654    2.30735e-10    0.0215476
1.38811    -1.12654    2.3382e-10    0.0215476
1.3881    -1.12654    2.33205e-10    0.0215475
1.3881    -1.12654    2.29037e-10    0.0215475
1.3881    -1.12654    2.21564e-10    0.0215474
1.3881    -1.12654    2.11121e-10    0.0215473
1.38809    -1.12654    1.98113e-10    0.0215473
1.38809    -1.12654    1.83001e-10    0.0215472
1.38809    -1.12654    1.66281e-10    0.0215472
1.38808    -1.12654    1.48467e-10    0.0215471
1.38808    -1.12654    1.30075e-10    0.0215471
1.38808    -1.12654    1.11608e-10    0.021547
1.38808    -1.12654    9.35376e-11    0.021547
1.38808    -1.12654    7.62973e-11    0.0215469
1.38807    -1.12654    6.02678e-11    0.0215469
1.38807    -1.12654    4.57703e-11    0.0215469
1.38807    -1.12654    3.30608e-11    0.0215468
1.38807    -1.12654    2.23265e-11    0.0215468
1.38807    -1.12654    1.3685e-11    0.0215468
1.38807    -1.12654    7.18501e-12    0.0215468
1.38807    -1.12654    2.80959e-12    0.0215468
1.38807    -1.12654    4.81151e-13    0.0215468
1.38807    -1.12654    6.775e-14    0.0215468
1.38807    -1.12654    1.39068e-12    0.0215468
1.38807    -1.12654    4.233e-12    0.0215468
1.38807    -1.12654    8.34859e-12    0.0215468
1.38807    -1.12654    1.34715e-11    0.0215468
1.38807    -1.12654    1.93254e-11    0.0215468
1.38807    -1.12654    2.56323e-11    0.0215468
1.38807    -1.12654    3.21212e-11    0.0215468
1.38807    -1.12654    3.85358e-11    0.0215468
1.38807    -1.12654    4.4641e-11    0.0215469
1.38807    -1.12654    5.02287e-11    0.0215469
1.38808    -1.12654    5.5122e-11    0.0215469
1.38808    -1.12654    5.91786e-11    0.021547
1.38808    -1.12654    6.22926e-11    0.021547
1.38808    -1.12654    6.4395e-11    0.021547
1.38808    -1.12654    6.54535e-11    0.0215471
1.38808    -1.12654    6.5471e-11    0.0215471
1.38809    -1.12654    6.44827e-11    0.0215471
1.38809    -1.12654    6.25532e-11    0.0215471
1.38809    -1.12654    5.9772e-11    0.0215472
1.38809    -1.12654    5.62499e-11    0.0215472
1.38809    -1.12654    5.21132e-11    0.0215472
1.38809    -1.12654    4.74995e-11    0.0215473
1.38809    -1.12654    4.25523e-11    0.0215473
1.3881    -1.12654    3.74167e-11    0.0215473
1.3881    -1.12654    3.22343e-11    0.0215474
1.3881    -1.12654    2.71396e-11    0.0215474
1.3881    -1.12654    2.22561e-11    0.0215474
1.3881    -1.12654    1.76934e-11    0.0215474
1.3881    -1.12654    1.35447e-11    0.0215474
1.3881    -1.12654    9.88525e-12    0.0215474
1.3881    -1.12654    6.7712e-12    0.0215475
1.3881    -1.12654    4.23905e-12    0.0215475
1.3881    -1.12654    2.30596e-12    0.0215475
1.3881    -1.12654    9.7051e-13    0.0215475
1.3881    -1.12654    2.13985e-13    0.0215475
1.3881    -1.12654    2.06917e-15    0.0215475
1.3881    -1.12654    2.86934e-13    0.0215475
1.3881    -1.12654    1.00958e-12    0.0215475
1.3881    -1.12654    2.10235e-12    0.0215475
1.3881    -1.12654    3.49155e-12    0.0215475
1.3881    -1.12654    5.10008e-12    0.0215475
1.3881    -1.12654    6.84993e-12    0.0215475
1.3881    -1.12654    8.66465e-12    0.0215475
1.3881    -1.12654    1.04715e-11    0.0215474
1.3881    -1.12654    1.22033e-11    0.0215474
1.3881    -1.12654    1.38003e-11    0.0215474
1.3881    -1.12654    1.52112e-11    0.0215474
1.3881    -1.12654    1.63942e-11    0.0215474
1.3881    -1.12654    1.73178e-11    0.0215474
1.3881    -1.12654    1.79607e-11    0.0215474
1.3881    -1.12654    1.8312e-11    0.0215473
1.3881    -1.12654    1.83706e-11    0.0215473
1.38809    -1.12654    1.81449e-11    0.0215473
1.38809    -1.12654    1.76514e-11    0.0215473
1.38809    -1.12654    1.69141e-11    0.0215473
1.38809    -1.12654    1.5963e-11    0.0215473
1.38809    -1.12654    1.48328e-11    0.0215472
1.38809    -1.12654    1.35615e-11    0.0215472
1.38809    -1.12654    1.21893e-11    0.0215472
1.38809    -1.12654    1.07567e-11    0.0215472
1.38809    -1.12654    9.3037e-12    0.0215472
1.38809    -1.12654    7.86849e-12    0.0215472
1.38809    -1.12654    6.4863e-12    0.0215472
1.38809    -1.12654    5.18863e-12    0.0215471
1.38809    -1.12654    4.00252e-12    0.0215471
1.38809    -1.12654    2.95003e-12    0.0215471
1.38809    -1.12654    2.04788e-12    0.0215471
1.38809    -1.12654    1.30734e-12    0.0215471
1.38808    -1.12654    7.34217e-13    0.0215471
1.38808    -1.12654    3.29055e-13    0.0215471
1.38808    -1.12654    8.74764e-14    0.0215471
1.38808    -1.12654    6.35767e-16    0.0215471
1.38808    -1.12654    5.57831e-14    0.0215471
1.38808    -1.12654    2.36911e-13    0.0215471
1.38808    -1.12654    5.25451e-13    0.0215471
1.38808    -1.12654    9.01008e-13    0.0215471
1.38809    -1.12654    1.34209e-12    0.0215471
1.38809    -1.12654    1.82683e-12    0.0215471
1.38809    -1.12654    2.33367e-12    0.0215471
1.38809    -1.12654    2.84198e-12    0.0215471
1.38809    -1.12654    3.33261e-12    0.0215471
1.38809    -1.12654    3.78839e-12    0.0215471
1.38809    -1.12654    4.19448e-12    0.0215471
1.38809    -1.12654    4.53867e-12    0.0215472
1.38809    -1.12654    4.81156e-12    0.0215472
1.38809    -1.12654    5.00666e-12    0.0215472
1.38809    -1.12654    5.12038e-12    0.0215472
1.38809    -1.12654    5.15193e-12    0.0215472
1.38809    -1.12654    5.10316e-12    0.0215472
1.38809    -1.12654    4.97831e-12    0.0215472
1.38809    -1.12654    4.78375e-12    0.0215472
1.38809    -1.12654    4.52759e-12    0.0215472
1.38809    -1.12654    4.21934e-12    0.0215472
1.38809    -1.12654    3.86953e-12    0.0215472
1.38809    -1.12654    3.48931e-12    0.0215473
1.38809    -1.12654    3.09006e-12    0.0215473
1.38809    -1.12654    2.68306e-12    0.0215473
1.38809    -1.12654    2.27911e-12    0.0215473
1.38809    -1.12654    1.88826e-12    0.0215473
1.38809    -1.12654    1.51955e-12    0.0215473
1.38809    -1.12654    1.1808e-12    0.0215473
1.38809    -1.12654    8.78472e-13    0.0215473
1.38809    -1.12654    6.17524e-13    0.0215473
1.38809    -1.12654    4.014e-13    0.0215473
1.38809    -1.12654    2.3201e-13    0.0215473
1.38809    -1.12654    1.09774e-13    0.0215473
1.38809    -1.12654    3.37125e-14    0.0215473
1.38809    -1.12654    1.56698e-15    0.0215473
1.38809    -1.12654    9.95399e-15    0.0215473
1.38809    -1.12654    5.4542e-14    0.0215473
1.38809    -1.12654    1.30245e-13    0.0215473
1.38809    -1.12654    2.31426e-13    0.0215473
1.38809    -1.12654    3.52104e-13    0.0215473
1.38809    -1.12654    4.86154e-13    0.0215473
1.38809    -1.12654    6.27504e-13    0.0215473
1.38809    -1.12654    7.70311e-13    0.0215473
1.38809    -1.12654    9.09124e-13    0.0215473
1.38809    -1.12654    1.03901e-12    0.0215473
1.38809    -1.12654    1.1557e-12    0.0215473
1.38809    -1.12654    1.25561e-12    0.0215473
1.38809    -1.12654    1.33596e-12    0.0215473
1.38809    -1.12654    1.39479e-12    0.0215473
1.38809    -1.12654    1.43094e-12    0.0215473
1.38809    -1.12654    1.44404e-12    0.0215473
1.38809    -1.12654    1.43448e-12    0.0215473
1.38809    -1.12654    1.40333e-12    0.0215473
1.38809    -1.12654    1.35227e-12    0.0215472
1.38809    -1.12654    1.28349e-12    0.0215472
1.38809    -1.12654    1.19959e-12    0.0215472
1.38809    -1.12654    1.10348e-12    0.0215472
1.38809    -1.12654    9.98252e-13    0.0215472
1.38809    -1.12654    8.87103e-13    0.0215472
1.38809    -1.12654    7.732e-13    0.0215472
1.38809    -1.12654    6.59603e-13    0.0215472
1.38809    -1.12654    5.49174e-13    0.0215472
1.38809    -1.12654    4.44505e-13    0.0215472
1.38809    -1.12654    3.47855e-13    0.0215472
1.38809    -1.12654    2.61106e-13    0.0215472
1.38809    -1.12654    1.85729e-13    0.0215472
1.38809    -1.12654    1.22769e-13    0.0215472
1.38809    -1.12654    7.284e-14    0.0215472
1.38809    -1.12654    3.61359e-14    0.0215472
1.38809    -1.12654    1.24526e-14    0.0215472
1.38809    -1.12654    1.22081e-15    0.0215472
1.38809    -1.12654    1.54706e-15    0.0215472
1.38809    -1.12654    1.22627e-14    0.0215472
1.38809    -1.12654    3.19772e-14    0.0215472
1.38809    -1.12654    5.91351e-14    0.0215472
1.38809    -1.12654    9.20732e-14    0.0215472
1.38809    -1.12654    1.29078e-13    0.0215472
1.38809    -1.12654    1.68442e-13    0.0215472
1.38809    -1.12654    2.08511e-13    0.0215472
1.38809    -1.12654    2.47734e-13    0.0215472
1.38809    -1.12654    2.847e-13    0.0215472
1.38809    -1.12654    3.18173e-13    0.0215472
1.38809    -1.12654    3.47113e-13    0.0215472
1.38809    -1.12654    3.70701e-13    0.0215472
1.38809    -1.12654    3.8834e-13    0.0215472
1.38809    -1.12654    3.99665e-13    0.0215472
1.38809    -1.12654    4.04534e-13    0.0215472
1.38809    -1.12654    4.03016e-13    0.0215472
1.38809    -1.12654    3.95377e-13    0.0215472
1.38809    -1.12654    3.82059e-13    0.0215472
1.38809    -1.12654    3.63651e-13    0.0215472
1.38809    -1.12654    3.40863e-13    0.0215472
1.38809    -1.12654    3.14496e-13    0.0215472
1.38809    -1.12654    2.85411e-13    0.0215472
1.38809    -1.12654    2.54499e-13    0.0215472
1.38809    -1.12654    2.22651e-13    0.0215472
1.38809    -1.12654    1.90735e-13    0.0215472
1.38809    -1.12654    1.59562e-13    0.0215472
1.38809    -1.12654    1.29875e-13    0.0215473
1.38809    -1.12654    1.02327e-13    0.0215473
1.38809    -1.12654    7.74634e-14    0.0215473
1.38809    -1.12654    5.57199e-14    0.0215473
1.38809    -1.12654    3.74114e-14    0.0215473
1.38809    -1.12654    2.27322e-14    0.0215473
1.38809    -1.12654    1.17582e-14    0.0215473
1.38809    -1.12654    4.45223e-15    0.0215473
1.38809    -1.12654    6.72969e-16    0.0215473
1.38809    -1.12654    1.85858e-16    0.0215473
1.38809    -1.12654    2.67657e-15    0.0215473
1.38809    -1.12654    7.76574e-15    0.0215473
1.38809    -1.12654    1.50247e-14    0.0215473
1.38809    -1.12654    2.39919e-14    0.0215473
1.38809    -1.12654    3.41883e-14    0.0215473
1.38809    -1.12654    4.51339e-14    0.0215473
1.38809    -1.12654    5.63615e-14    0.0215473
1.38809    -1.12654    6.74299e-14    0.0215473
1.38809    -1.12654    7.79357e-14    0.0215473
1.38809    -1.12654    8.75226e-14    0.0215473
1.38809    -1.12654    9.5889e-14    0.0215473
1.38809    -1.12654    1.02793e-13    0.0215473
1.38809    -1.12654    1.08056e-13    0.0215472
1.38809    -1.12654    1.11563e-13    0.0215472
1.38809    -1.12654    1.13264e-13    0.0215472
1.38809    -1.12654    1.13167e-13    0.0215472
1.38809    -1.12654    1.11336e-13    0.0215472
1.38809    -1.12654    1.07888e-13    0.0215472
1.38809    -1.12654    1.02979e-13    0.0215472
1.38809    -1.12654    9.68038e-14    0.0215472
1.38809    -1.12654    8.95821e-14    0.0215472
1.38809    -1.12654    8.15529e-14    0.0215472
1.38809    -1.12654    7.29651e-14    0.0215472
1.38809    -1.12654    6.40692e-14    0.0215472
1.38809    -1.12654    5.51095e-14    0.0215472
1.38809    -1.12654    4.63175e-14    0.0215472
1.38809    -1.12654    3.79052e-14    0.0215472
1.38809    -1.12654    3.00602e-14    0.0215472
1.38809    -1.12654    2.29417e-14    0.0215472
1.38809    -1.12654    1.66776e-14    0.0215472
1.38809    -1.12654    1.13623e-14    0.0215472
1.38809    -1.12654    7.05666e-15    0.0215472
1.38809    -1.12654    3.78802e-15    0.0215472
1.38809    -1.12654    1.55167e-15    0.0215472
1.38809    -1.12654    3.132e-16    0.0215472
1.38809    -1.12654    1.14474e-17    0.0215472
1.38809    -1.12654    5.62166e-16    0.0215472
1.38809    -1.12654    1.86209e-15    0.0215472
1.38809    -1.12654    3.79329e-15    0.0215472
1.38809    -1.12654    6.22776e-15    0.0215472
1.38809    -1.12654    9.03184e-15    0.0215472
1.38809    -1.12654    1.20707e-14    0.0215472
1.38809    -1.12654    1.52125e-14    0.0215472
1.38809    -1.12654    1.83319e-14    0.0215472
1.38809    -1.12654    2.13136e-14    0.0215472
1.38809    -1.12654    2.40553e-14    0.0215472
1.38809    -1.12654    2.64693e-14    0.0215472
1.38809    -1.12654    2.84847e-14    0.0215472
1.38809    -1.12654    3.00481e-14    0.0215472
1.38809    -1.12654    3.11241e-14    0.0215472
1.38809    -1.12654    3.16951e-14    0.0215472
1.38809    -1.12654    3.17604e-14    0.0215472
1.38809    -1.12654    3.13355e-14    0.0215472
1.38809    -1.12654    3.04501e-14    0.0215472
1.38809    -1.12654    2.91464e-14    0.0215472
1.38809    -1.12654    2.74771e-14    0.0215472
1.38809    -1.12654    2.55025e-14    0.0215472
1.38809    -1.12654    2.32889e-14    0.0215472
1.38809    -1.12654    2.09057e-14    0.0215472
1.38809    -1.12654    1.84231e-14    0.0215472
1.38809    -1.12654    1.59102e-14    0.0215472
1.38809    -1.12654    1.34326e-14    0.0215472
1.38809    -1.12654    1.10509e-14    0.0215472
1.38809    -1.12654    8.81904e-15    0.0215472
1.38809    -1.12654    6.78314e-15    0.0215472
1.38809    -1.12654    4.98072e-15    0.0215472
1.38809    -1.12654    3.44006e-15    0.0215472
1.38809    -1.12654    2.17992e-15    0.0215472
1.38809    -1.12654    1.2097e-15    0.0215472
1.38809    -1.12654    5.29696e-16    0.0215472
1.38809    -1.12654    1.31759e-16    0.0215472
1.38809    -1.12654    6.35896e-20    0.0215472
1.38809    -1.12654    1.12116e-16    0.0215472
1.38809    -1.12654    4.39869e-16    0.0215472
1.38809    -1.12654    9.50944e-16    0.0215472
1.38809    -1.12654    1.60988e-15    0.0215472
1.38809    -1.12654    2.37943e-15    0.0215472
1.38809    -1.12654    3.22177e-15    0.0215472
1.38809    -1.12654    4.0997e-15    0.0215472
1.38809    -1.12654    4.97769e-15    0.0215472
1.38809    -1.12654    5.82285e-15    0.0215472
1.38809    -1.12654    6.60574e-15    0.0215472
1.38809    -1.12654    7.30102e-15    0.0215472
1.38809    -1.12654    7.88791e-15    0.0215472
1.38809    -1.12654    8.35051e-15    0.0215472
1.38809    -1.12654    8.67796e-15    0.0215472
1.38809    -1.12654    8.86441e-15    0.0215472
1.38809    -1.12654    8.90882e-15    0.0215472
1.38809    -1.12654    8.81472e-15    0.0215472
1.38809    -1.12654    8.58973e-15    0.0215472
1.38809    -1.12654    8.24507e-15    0.0215472
1.38809    -1.12654    7.79498e-15    0.0215472
1.38809    -1.12654    7.25607e-15    0.0215472
1.38809    -1.12654    6.64663e-15    0.0215472
1.38809    -1.12654    5.98601e-15    0.0215472
1.38809    -1.12654    5.2939e-15    0.0215472
1.38809    -1.12654    4.58976e-15    0.0215472
1.38809    -1.12654    3.89218e-15    0.0215472
1.38809    -1.12654    3.21846e-15    0.0215472
1.38809    -1.12654    2.58407e-15    0.0215472
1.38809    -1.12654    2.00239e-15    0.0215472
1.38809    -1.12654    1.4844e-15    0.0215472
1.38809    -1.12654    1.03849e-15    0.0215472
1.38809    -1.12654    6.70435e-16    0.0215472
1.38809    -1.12654    3.83343e-16    0.0215472
1.38809    -1.12654    1.77762e-16    0.0215472
1.38809    -1.12654    5.18309e-17    0.0215472
1.38809    -1.12654    1.49421e-18    0.0215472
1.38809    -1.12654    2.07716e-17    0.0215472
1.38809    -1.12654    1.02066e-16    0.0215472
1.38809    -1.12654    2.36501e-16    0.0215472
1.38809    -1.12654    4.14273e-16    0.0215472
1.38809    -1.12654    6.25006e-16    0.0215472
1.38809    -1.12654    8.58104e-16    0.0215472
1.38809    -1.12654    1.10308e-15    0.0215472
1.38809    -1.12654    1.34988e-15    0.0215472
1.38809    -1.12654    1.58912e-15    0.0215472
1.38809    -1.12654    1.81236e-15    0.0215472
1.38809    -1.12654    2.01227e-15    0.0215472
1.38809    -1.12654    2.18277e-15    0.0215472
1.38809    -1.12654    2.31917e-15    0.0215472
1.38809    -1.12654    2.41814e-15    0.0215472
1.38809    -1.12654    2.47779e-15    0.0215472
1.38809    -1.12654    2.49759e-15    0.0215472
1.38809    -1.12654    2.47829e-15    0.0215472
1.38809    -1.12654    2.42183e-15    0.0215472
1.38809    -1.12654    2.33118e-15    0.0215472
1.38809    -1.12654    2.21018e-15    0.0215472
1.38809    -1.12654    2.06338e-15    0.0215472
