1.13973    -1.11036    0.00704939    0.0171716
1.12288    -1.10768    0.00416959    0.0165608
1.10992    -1.10543    0.00198651    0.0163483
1.10098    -1.10377    0.000592729    0.0161869
1.09609    -1.10284    1.85461e-05    0.016091
1.09523    -1.10267    0.000229074    0.0160676
1.09826    -1.10326    0.00112822    0.0161134
1.105    -1.10453    0.00257165    0.0162245
1.11518    -1.10636    0.00438575    0.0163962
1.12847    -1.1086    0.00638845    0.016623
1.14451    -1.11108    0.00840834    0.0168991
1.16291    -1.11364    0.010299    0.0172183
1.18328    -1.11615    0.0119474    0.0175748
1.20521    -1.11848    0.0132772    0.0179627
1.22834    -1.12057    0.0142464    0.0183766
1.25229    -1.12235    0.0148432    0.0188116
1.27674    -1.1238    0.0150798    0.0192626
1.30138    -1.12493    0.0149856    0.0197253
1.32595    -1.12574    0.0146013    0.020195
1.3502    -1.12625    0.0139739    0.0206673
1.37392    -1.1265    0.0131526    0.0211376
1.39694    -1.12653    0.0121857    0.0216017
1.41909    -1.12636    0.0111186    0.0220553
1.44025    -1.12604    0.00999253    0.0224947
1.46031    -1.1256    0.00884377    0.0229165
1.47918    -1.12508    0.00770347    0.0233178
1.4968    -1.12449    0.00659759    0.023696
1.5131    -1.12388    0.00554722    0.0240492
1.52804    -1.12325    0.00456887    0.0243758
1.54161    -1.12263    0.00367495    0.0246744
1.55377    -1.12204    0.0028742    0.0249442
1.56453    -1.1215    0.00217216    0.0251844
1.57388    -1.121    0.00157159    0.0253947
1.58184    -1.12056    0.00107291    0.0255749
1.58841    -1.12019    0.000674525    0.025725
1.59363    -1.11988    0.000373195    0.0258452
1.5975    -1.11966    0.000164311    0.025936
1.60007    -1.1195    4.21559e-05    0.0259978
1.60138    -1.11943    1.29713e-07    0.0260315
1.60145    -1.11942    3.09399e-05    0.0260378
1.60033    -1.11949    0.000126769    0.0260176
1.59807    -1.11962    0.000279418    0.0259721
1.59472    -1.11982    0.000480428    0.0259023
1.59032    -1.12008    0.000721195    0.0258096
1.58493    -1.12038    0.000993058    0.0256951
1.57861    -1.12074    0.00128739    0.0255604
1.57141    -1.12113    0.0015957    0.0254068
1.56339    -1.12155    0.00190966    0.0252359
1.55462    -1.122    0.00222123    0.0250492
1.54516    -1.12247    0.00252274    0.0248483
1.53508    -1.12294    0.00280692    0.0246348
1.52445    -1.12341    0.00306704    0.0244104
1.51334    -1.12387    0.00329695    0.0241768
1.50181    -1.12431    0.00349122    0.0239356
1.48996    -1.12473    0.0036452    0.0236884
1.47784    -1.12512    0.0037551    0.0234371
1.46554    -1.12547    0.00381815    0.0231831
1.45314    -1.12578    0.0038326    0.0229282
1.44072    -1.12604    0.00379786    0.0226739
1.42835    -1.12624    0.00371454    0.0224219
1.41612    -1.1264    0.00358447    0.0221737
1.40411    -1.1265    0.00341076    0.0219308
1.39239    -1.12654    0.00319771    0.0216946
1.38104    -1.12654    0.00295078    0.0214667
1.37014    -1.12648    0.00267647    0.0212483
1.35976    -1.12638    0.00238214    0.0210407
1.34996    -1.12625    0.00207583    0.0208452
1.34082    -1.12609    0.00176595    0.0206628
1.33238    -1.1259    0.00146103    0.0204947
1.32471    -1.12571    0.00116938    0.0203417
1.31785    -1.12551    0.000898757    0.0202046
1.31184    -1.12531    0.000656049    0.020084
1.3067    -1.12513    0.000446983    0.0199805
1.30245    -1.12497    0.000275889    0.0198943
1.29912    -1.12484    0.000145522    0.0198258
1.2967    -1.12474    5.6974e-05    0.0197747
1.29518    -1.12468    9.67126e-06    0.0197411
1.29456    -1.12465    1.45877e-06    0.0197247
1.2948    -1.12466    2.87687e-05    0.0197249
1.29588    -1.12471    8.68565e-05    0.0197412
1.29775    -1.12479    0.000170088    0.0197729
1.30037    -1.12489    0.000272255    0.019819
1.30368    -1.12502    0.000386899    0.0198788
1.30762    -1.12516    0.000507625    0.0199512
1.31215    -1.12532    0.000628372    0.020035
1.31718    -1.12548    0.000743655    0.0201292
1.32265    -1.12565    0.000848742    0.0202324
1.3285    -1.12581    0.000939776    0.0203435
1.33465    -1.12595    0.00101384    0.0204613
1.34104    -1.12609    0.00106899    0.0205844
1.3476    -1.12621    0.00110418    0.0207116
1.35427    -1.12631    0.00111925    0.0208418
1.36098    -1.1264    0.00111478    0.0209736
1.36768    -1.12646    0.00109201    0.0211059
1.37431    -1.12651    0.00105269    0.0212376
1.38082    -1.12653    0.000998997    0.0213677
1.38717    -1.12654    0.000933348    0.0214951
1.3933    -1.12654    0.000858334    0.0216189
1.39918    -1.12652    0.000776595    0.0217382
1.40477    -1.12649    0.000690733    0.0218523
1.41004    -1.12645    0.000603236    0.0219604
1.41497    -1.12641    0.000516411    0.022062
1.41953    -1.12636    0.000432339    0.0221564
1.42371    -1.12631    0.000352839    0.0222432
1.42747    -1.12626    0.000279445    0.0223221
1.43083    -1.12621    0.000213393    0.0223926
1.43376    -1.12616    0.000155619    0.0224547
1.43626    -1.12612    0.000106765    0.0225081
1.43834    -1.12608    6.71881e-05    0.0225527
1.43998    -1.12605    3.69817e-05    0.0225886
1.4412    -1.12603    1.59941e-05    0.0226157
1.44201    -1.12601    3.85443e-06    0.0226343
1.4424    -1.126    2.27952e-10    0.0226444
1.4424    -1.126    3.70585e-06    0.0226464
1.44201    -1.12601    1.41123e-05    0.0226404
1.44126    -1.12603    3.02573e-05    0.0226267
1.44015    -1.12605    5.1105e-05    0.0226059
1.43872    -1.12607    7.5575e-05    0.0225782
1.43697    -1.1261    0.000102571    0.022544
1.43494    -1.12614    0.000131006    0.022504
1.43264    -1.12618    0.000159829    0.0224584
1.43011    -1.12622    0.000188046    0.0224079
1.42736    -1.12626    0.000214744    0.022353
1.42441    -1.1263    0.000239105    0.0222941
1.42131    -1.12634    0.000260421    0.022232
1.41807    -1.12638    0.000278112    0.0221671
1.41473    -1.12641    0.000291728    0.0220999
1.4113    -1.12644    0.000300959    0.0220311
1.40782    -1.12647    0.000305635    0.0219612
1.40431    -1.12649    0.000305726    0.0218907
1.4008    -1.12651    0.000301336    0.0218202
1.39732    -1.12653    0.000292695    0.0217502
1.39388    -1.12654    0.00028015    0.0216811
1.39052    -1.12654    0.000264147    0.0216136
1.38726    -1.12654    0.000245215    0.0215479
1.38412    -1.12654    0.00022395    0.0214847
1.38112    -1.12654    0.000200992    0.0214242
1.37827    -1.12653    0.000177004    0.0213668
1.3756    -1.12651    0.000152651    0.0213128
1.37312    -1.1265    0.00012858    0.0212627
1.37085    -1.12649    0.000105399    0.0212165
1.36879    -1.12647    8.36589e-05    0.0211746
1.36695    -1.12646    6.38402e-05    0.0211371
1.36535    -1.12644    4.63387e-05    0.0211042
1.36398    -1.12643    3.14576e-05    0.021076
1.36286    -1.12642    1.94012e-05    0.0210525
1.36197    -1.12641    1.0274e-05    0.0210338
1.36133    -1.1264    4.08215e-06    0.0210198
1.36092    -1.1264    7.38681e-07    0.0210106
1.36075    -1.12639    7.21689e-08    0.0210059
1.3608    -1.1264    1.83743e-06    0.0210058
1.36108    -1.1264    5.72848e-06    0.02101
1.36156    -1.1264    1.13929e-05    0.0210183
1.36223    -1.12641    1.84468e-05    0.0210306
1.3631    -1.12642    2.64902e-05    0.0210466
1.36413    -1.12643    3.51215e-05    0.0210661
1.36532    -1.12644    4.39512e-05    0.0210887
1.36665    -1.12645    5.26143e-05    0.0211143
1.3681    -1.12647    6.07805e-05    0.0211424
1.36967    -1.12648    6.81625e-05    0.0211727
1.37133    -1.12649    7.45226e-05    0.021205
1.37306    -1.1265    7.9676e-05    0.0212389
1.37485    -1.12651    8.34929e-05    0.0212742
1.37668    -1.12652    8.58984e-05    0.0213103
1.37854    -1.12653    8.68699e-05    0.0213471
1.38041    -1.12653    8.64339e-05    0.0213843
1.38228    -1.12654    8.4661e-05    0.0214214
1.38413    -1.12654    8.16595e-05    0.0214583
1.38594    -1.12654    7.75693e-05    0.0214947
1.38771    -1.12654    7.25546e-05    0.0215302
1.38942    -1.12654    6.67967e-05    0.0215646
1.39106    -1.12654    6.0487e-05    0.0215978
1.39262    -1.12654    5.38202e-05    0.0216295
1.39409    -1.12654    4.69881e-05    0.0216594
1.39546    -1.12653    4.01742e-05    0.0216875
1.39674    -1.12653    3.35485e-05    0.0217135
1.3979    -1.12653    2.72637e-05    0.0217374
1.39895    -1.12652    2.14522e-05    0.0217591
1.39988    -1.12652    1.62233e-05    0.0217784
1.40068    -1.12651    1.16624e-05    0.0217952
1.40137    -1.12651    7.82974e-06    0.0218097
1.40193    -1.12651    4.76112e-06    0.0218216
1.40237    -1.12651    2.46822e-06    0.0218311
1.40268    -1.1265    9.40259e-07    0.021838
1.40288    -1.1265    1.45873e-07    0.0218426
1.40296    -1.1265    3.54596e-08    0.0218447
1.40292    -1.1265    5.43862e-07    0.0218446
1.40277    -1.1265    1.59328e-06    0.0218422
1.40252    -1.1265    3.09632e-06    0.0218376
1.40216    -1.12651    4.95908e-06    0.0218311
1.40172    -1.12651    7.08427e-06    0.0218226
1.40118    -1.12651    9.37409e-06    0.0218123
1.40057    -1.12651    1.17331e-05    0.0218004
1.39988    -1.12652    1.40706e-05    0.0217869
1.39913    -1.12652    1.6303e-05    0.0217722
1.39832    -1.12652    1.8356e-05    0.0217562
1.39746    -1.12653    2.01653e-05    0.0217392
1.39656    -1.12653    2.16788e-05    0.0217214
1.39562    -1.12653    2.28565e-05    0.0217028
1.39466    -1.12654    2.36716e-05    0.0216837
1.39369    -1.12654    2.41099e-05    0.0216643
1.3927    -1.12654    2.41696e-05    0.0216446
1.39171    -1.12654    2.38608e-05    0.0216249
1.39073    -1.12654    2.32043e-05    0.0216052
1.38977    -1.12654    2.22303e-05    0.0215858
1.38882    -1.12654    2.09769e-05    0.0215668
1.3879    -1.12654    1.94888e-05    0.0215483
1.38702    -1.12654    1.78151e-05    0.0215305
1.38617    -1.12654    1.60079e-05    0.0215134
1.38537    -1.12654    1.41204e-05    0.0214971
1.38461    -1.12654    1.22052e-05    0.0214818
1.38391    -1.12654    1.03127e-05    0.0214676
1.38327    -1.12654    8.4897e-06    0.0214545
1.38268    -1.12654    6.7784e-06    0.0214425
1.38216    -1.12654    5.21501e-06    0.0214318
1.3817    -1.12654    3.82921e-06    0.0214223
1.38131    -1.12654    2.6436e-06    0.0214141
1.38098    -1.12653    1.67341e-06    0.0214073
1.38072    -1.12653    9.26537e-07    0.0214018
1.38053    -1.12653    4.03688e-07    0.0213976
1.3804    -1.12653    9.88744e-08    0.0213947
1.38034    -1.12653    4.50379e-12    0.0213931
1.38034    -1.12653    8.96567e-08    0.0213927
1.3804    -1.12653    3.45972e-07    0.0213936
1.38052    -1.12653    7.43629e-07    0.0213957
1.38069    -1.12653    1.25486e-06    0.0213988
1.38091    -1.12653    1.85048e-06    0.021403
1.38119    -1.12654    2.50089e-06    0.0214082
1.38151    -1.12654    3.17703e-06    0.0214143
1.38186    -1.12654    3.85123e-06    0.0214212
1.38226    -1.12654    4.49799e-06    0.0214288
1.38268    -1.12654    5.09459e-06    0.0214371
1.38314    -1.12654    5.62163e-06    0.021446
1.38361    -1.12654    6.06335e-06    0.0214554
1.38411    -1.12654    6.40789e-06    0.0214651
1.38461    -1.12654    6.64737e-06    0.0214752
1.38513    -1.12654    6.77779e-06    0.0214854
1.38565    -1.12654    6.79897e-06    0.0214958
1.38618    -1.12654    6.71417e-06    0.0215062
1.3867    -1.12654    6.52981e-06    0.0215166
1.38721    -1.12654    6.25501e-06    0.0215269
1.38771    -1.12654    5.90112e-06    0.021537
1.3882    -1.12654    5.4812e-06    0.0215468
1.38867    -1.12654    5.0095e-06    0.0215563
1.38912    -1.12654    4.50095e-06    0.0215654
1.38954    -1.12654    3.97064e-06    0.021574
1.38994    -1.12654    3.43335e-06    0.0215821
1.39032    -1.12654    2.90314e-06    0.0215897
1.39066    -1.12654    2.39293e-06    0.0215967
1.39097    -1.12654    1.91427e-06    0.0216031
1.39125    -1.12654    1.477e-06    0.0216088
1.39149    -1.12654    1.08912e-06    0.0216138
1.3917    -1.12654    7.56703e-07    0.0216182
1.39187    -1.12654    4.83777e-07    0.0216219
1.39201    -1.12654    2.72406e-07    0.0216249
1.39212    -1.12654    1.22736e-07    0.0216272
1.39219    -1.12654    3.31284e-08    0.0216287
1.39222    -1.12654    3.28235e-10    0.0216296
1.39223    -1.12654    1.96712e-08    0.0216299
1.3922    -1.12654    8.53162e-08    0.0216295
1.39214    -1.12654    1.90497e-07    0.0216285
1.39205    -1.12654    3.27783e-07    0.0216269
1.39194    -1.12654    4.89347e-07    0.0216247
1.3918    -1.12654    6.67215e-07    0.0216221
1.39163    -1.12654    8.53518e-07    0.0216189
1.39145    -1.12654    1.04071e-06    0.0216153
1.39124    -1.12654    1.22178e-06    0.0216113
1.39102    -1.12654    1.39042e-06    0.021607
1.39079    -1.12654    1.54113e-06    0.0216023
1.39054    -1.12654    1.66939e-06    0.0215974
1.39028    -1.12654    1.77169e-06    0.0215923
1.39001    -1.12654    1.84556e-06    0.021587
1.38974    -1.12654    1.88959e-06    0.0215816
1.38946    -1.12654    1.90341e-06    0.0215761
1.38918    -1.12654    1.88758e-06    0.0215705
1.38891    -1.12654    1.8436e-06    0.021565
1.38864    -1.12654    1.77372e-06    0.0215596
1.38837    -1.12654    1.68085e-06    0.0215542
1.38811    -1.12654    1.56845e-06    0.021549
1.38786    -1.12654    1.44036e-06    0.0215439
1.38762    -1.12654    1.30067e-06    0.021539
1.38739    -1.12654    1.15357e-06    0.0215344
1.38717    -1.12654    1.00324e-06    0.02153
1.38697    -1.12654    8.53678e-07    0.021526
1.38679    -1.12654    7.08648e-07    0.0215222
1.38662    -1.12654    5.71535e-07    0.0215187
1.38647    -1.12654    4.45283e-07    0.0215156
1.38633    -1.12654    3.32335e-07    0.0215128
1.38622    -1.12654    2.34588e-07    0.0215104
1.38612    -1.12654    1.53372e-07    0.0215084
1.38604    -1.12654    8.94477e-08    0.0215067
1.38598    -1.12654    4.30167e-08    0.0215054
1.38594    -1.12654    1.37566e-08    0.0215045
1.38591    -1.12654    8.62888e-10    0.0215039
1.38591    -1.12654    3.10582e-09    0.0215037
1.38592    -1.12654    1.8896e-08    0.0215039
1.38595    -1.12654    4.63565e-08    0.0215043
1.38599    -1.12654    8.33992e-08    0.0215051
1.38605    -1.12654    1.27802e-07    0.0215062
1.38612    -1.12654    1.77286e-07    0.0215075
1.38621    -1.12654    2.29587e-07    0.0215091
1.3863    -1.12654    2.82524e-07    0.021511
1.38641    -1.12654    3.34061e-07    0.0215131
1.38652    -1.12654    3.82354e-07    0.0215153
1.38665    -1.12654    4.258e-07    0.0215178
1.38678    -1.12654    4.63064e-07    0.0215204
1.38692    -1.12654    4.93102e-07    0.021523
1.38706    -1.12654    5.15173e-07    0.0215258
1.3872    -1.12654    5.2884e-07    0.0215287
1.38735    -1.12654    5.33963e-07    0.0215316
1.38749    -1.12654    5.30679e-07    0.0215345
1.38764    -1.12654    5.19383e-07    0.0215374
1.38778    -1.12654    5.00692e-07    0.0215403
1.38793    -1.12654    4.75418e-07    0.0215432
1.38806    -1.12654    4.44524e-07    0.021546
1.3882    -1.12654    4.09084e-07    0.0215487
1.38833    -1.12654    3.70247e-07    0.0215513
1.38845    -1.12654    3.29192e-07    0.0215537
1.38856    -1.12654    2.87093e-07    0.0215561
1.38867    -1.12654    2.45083e-07    0.0215583
1.38877    -1.12654    2.04219e-07    0.0215603
1.38886    -1.12654    1.65463e-07    0.0215621
1.38894    -1.12654    1.2965e-07    0.0215638
1.38902    -1.12654    9.74782e-08    0.0215653
1.38908    -1.12654    6.94929e-08    0.0215666
1.38913    -1.12654    4.60829e-08    0.0215677
1.38917    -1.12654    2.74783e-08    0.0215686
1.38921    -1.12654    1.37543e-08    0.0215693
1.38923    -1.12654    4.83949e-09    0.0215699
1.38924    -1.12654    5.27532e-10    0.0215702
1.38925    -1.12654    4.92711e-10    0.0215703
1.38924    -1.12654    4.30754e-09    0.0215703
1.38923    -1.12654    1.14624e-08    0.0215701
1.38921    -1.12654    2.13862e-08    0.0215697
1.38918    -1.12654    3.34678e-08    0.0215692
1.38914    -1.12654    4.70766e-08    0.0215685
1.3891    -1.12654    6.15831e-08    0.0215676
1.38905    -1.12654    7.63772e-08    0.0215667
1.389    -1.12654    9.08852e-08    0.0215656
1.38893    -1.12654    1.04585e-07    0.0215644
1.38887    -1.12654    1.17017e-07    0.0215631
1.3888    -1.12654    1.27795e-07    0.0215618
1.38873    -1.12654    1.36613e-07    0.0215604
1.38866    -1.12654    1.43245e-07    0.0215589
1.38858    -1.12654    1.47552e-07    0.0215574
1.3885    -1.12654    1.49477e-07    0.0215559
1.38842    -1.12654    1.49041e-07    0.0215543
1.38835    -1.12654    1.46339e-07    0.0215528
1.38827    -1.12654    1.41528e-07    0.0215512
1.38819    -1.12654    1.34824e-07    0.0215497
1.38812    -1.12654    1.26486e-07    0.0215482
1.38805    -1.12654    1.16807e-07    0.0215468
1.38798    -1.12654    1.06105e-07    0.0215454
1.38792    -1.12654    9.47094e-08    0.0215441
1.38785    -1.12654    8.29486e-08    0.0215428
1.3878    -1.12654    7.11438e-08    0.0215417
1.38774    -1.12654    5.95973e-08    0.0215406
1.38769    -1.12654    4.85853e-08    0.0215396
1.38765    -1.12654    3.83509e-08    0.0215387
1.38761    -1.12654    2.90992e-08    0.0215378
1.38758    -1.12654    2.09936e-08    0.0215371
1.38755    -1.12654    1.41533e-08    0.0215365
1.38752    -1.12654    8.65283e-09    0.021536
1.3875    -1.12654    4.5228e-09    0.0215356
1.38749    -1.12654    1.75174e-09    0.0215353
1.38748    -1.12654    2.89339e-10    0.0215351
1.38748    -1.12654    5.05098e-11    0.021535
1.38748    -1.12654    9.20281e-10    0.021535
1.38749    -1.12654    2.75926e-09    0.0215351
1.3875    -1.12654    5.40947e-09    0.0215353
1.38751    -1.12654    8.70036e-09    0.0215356
1.38753    -1.12654    1.24548e-08    0.0215359
1.38755    -1.12654    1.64947e-08    0.0215364
1.38758    -1.12654    2.06467e-08    0.0215369
1.38761    -1.12654    2.4747e-08    0.0215374
1.38764    -1.12654    2.86454e-08    0.021538
1.38767    -1.12654    3.22091e-08    0.0215387
1.38771    -1.12654    3.53254e-08    0.0215394
1.38775    -1.12654    3.7904e-08    0.0215402
1.38779    -1.12654    3.98776e-08    0.0215409
1.38783    -1.12654    4.1203e-08    0.0215417
1.38787    -1.12654    4.18603e-08    0.0215425
1.38791    -1.12654    4.18518e-08    0.0215434
1.38795    -1.12654    4.12009e-08    0.0215442
1.38799    -1.12654    3.99494e-08    0.021545
1.38803    -1.12654    3.81553e-08    0.0215458
1.38807    -1.12654    3.58896e-08    0.0215466
1.38811    -1.12654    3.32337e-08    0.0215473
1.38814    -1.12654    3.02756e-08    0.0215481
1.38818    -1.12654    2.71073e-08    0.0215488
1.38821    -1.12654    2.38215e-08    0.0215495
1.38824    -1.12654    2.05087e-08    0.0215501
1.38827    -1.12654    1.72546e-08    0.0215507
1.3883    -1.12654    1.41378e-08    0.0215512
1.38832    -1.12654    1.12282e-08    0.0215517
1.38834    -1.12654    8.58495e-09    0.0215521
1.38836    -1.12654    6.25573e-09    0.0215525
1.38838    -1.12654    4.27597e-09    0.0215529
1.38839    -1.12654    2.6686e-09    0.0215531
1.3884    -1.12654    1.44422e-09    0.0215534
1.38841    -1.12654    6.01543e-10    0.0215535
1.38841    -1.12654    1.28292e-10    0.0215536
1.38842    -1.12654    2.26333e-12    0.0215537
1.38842    -1.12654    1.92674e-10    0.0215537
1.38841    -1.12654    6.61653e-10    0.0215537
1.38841    -1.12654    1.36586e-09    0.0215536
1.3884    -1.12654    2.25814e-09    0.0215534
1.38839    -1.12654    3.28921e-09    0.0215533
1.38838    -1.12654    4.40927e-09    0.021553
1.38837    -1.12654    5.56953e-09    0.0215528
1.38835    -1.12654    6.72359e-09    0.0215525
1.38833    -1.12654    7.8287e-09    0.0215522
1.38832    -1.12654    8.84676e-09    0.0215518
1.3883    -1.12654    9.74518e-09    0.0215515
1.38828    -1.12654    1.04974e-08    0.0215511
1.38826    -1.12654    1.10835e-08    0.0215507
1.38824    -1.12654    1.149e-08    0.0215502
1.38821    -1.12654    1.171e-08    0.0215498
1.38819    -1.12654    1.1743e-08    0.0215494
1.38817    -1.12654    1.15945e-08    0.0215489
1.38815    -1.12654    1.12752e-08    0.0215485
1.38813    -1.12654    1.08004e-08    0.0215481
1.38811    -1.12654    1.01895e-08    0.0215477
1.38809    -1.12654    9.46454e-09    0.0215473
1.38807    -1.12654    8.65004e-09    0.0215469
1.38805    -1.12654    7.77156e-09    0.0215465
1.38803    -1.12654    6.85509e-09    0.0215461
1.38801    -1.12654    5.92616e-09    0.0215458
1.388    -1.12654    5.00912e-09    0.0215455
1.38798    -1.12654    4.12647e-09    0.0215452
1.38797    -1.12654    3.29829e-09    0.0215449
1.38796    -1.12654    2.5418e-09    0.0215447
1.38795    -1.12654    1.87104e-09    0.0215445
1.38794    -1.12654    1.29662e-09    0.0215443
1.38793    -1.12654    8.25667e-10    0.0215441
1.38793    -1.12654    4.6182e-10    0.021544
1.38792    -1.12654    2.05352e-10    0.0215439
1.38792    -1.12654    5.33934e-11    0.0215439
1.38792    -1.12654    2.21172e-13    0.0215438
1.38792    -1.12654    3.76257e-11    0.0215438
1.38792    -1.12654    1.55322e-10    0.0215438
1.38792    -1.12654    3.414e-10    0.0215439
1.38793    -1.12654    5.82788e-10    0.0215439
1.38793    -1.12654    8.65728e-10    0.021544
1.38794    -1.12654    1.17623e-09    0.0215441
1.38794    -1.12654    1.50052e-09    0.0215443
1.38795    -1.12654    1.82541e-09    0.0215444
1.38796    -1.12654    2.13869e-09    0.0215446
1.38797    -1.12654    2.42941e-09    0.0215448
1.38798    -1.12654    2.68812e-09    0.021545
1.38799    -1.12654    2.90706e-09    0.0215452
1.388    -1.12654    3.08027e-09    0.0215454
1.38801    -1.12654    3.20364e-09    0.0215456
1.38802    -1.12654    3.27494e-09    0.0215458
1.38804    -1.12654    3.2937e-09    0.0215461
1.38805    -1.12654    3.26115e-09    0.0215463
1.38806    -1.12654    3.18006e-09    0.0215465
1.38807    -1.12654    3.05451e-09    0.0215468
1.38808    -1.12654    2.88974e-09    0.021547
1.38809    -1.12654    2.69183e-09    0.0215472
1.3881    -1.12654    2.46755e-09    0.0215474
1.38811    -1.12654    2.22403e-09    0.0215476
1.38812    -1.12654    1.96854e-09    0.0215478
1.38813    -1.12654    1.70829e-09    0.021548
1.38814    -1.12654    1.45018e-09    0.0215481
1.38815    -1.12654    1.20061e-09    0.0215483
1.38815    -1.12654    9.65348e-10    0.0215484
1.38816    -1.12654    7.49367e-10    0.0215486
1.38817    -1.12654    5.56765e-10    0.0215487
1.38817    -1.12654    3.90691e-10    0.0215488
1.38817    -1.12654    2.53319e-10    0.0215489
1.38818    -1.12654    1.45841e-10    0.0215489
1.38818    -1.12654    6.85008e-11    0.021549
1.38818    -1.12654    2.06487e-11    0.021549
1.38818    -1.12654    8.20049e-13    0.021549
1.38818    -1.12654    6.8343e-12    0.0215491
1.38818    -1.12654    3.59083e-11    0.021549
1.38818    -1.12654    8.47801e-11    0.021549
1.38818    -1.12654    1.49839e-10    0.021549
1.38818    -1.12654    2.27259e-10    0.0215489
1.38817    -1.12654    3.13124e-10    0.0215489
1.38817    -1.12654    4.03555e-10    0.0215488
1.38817    -1.12654    4.94824e-10    0.0215487
1.38816    -1.12654    5.83454e-10    0.0215487
1.38816    -1.12654    6.66305e-10    0.0215486
1.38815    -1.12654    7.40648e-10    0.0215485
1.38815    -1.12654    8.04218e-10    0.0215484
1.38814    -1.12654    8.55249e-10    0.0215482
1.38813    -1.12654    8.92495e-10    0.0215481
1.38813    -1.12654    9.15229e-10    0.021548
1.38812    -1.12654    9.23231e-10    0.0215479
1.38812    -1.12654    9.16758e-10    0.0215478
1.38811    -1.12654    8.96507e-10    0.0215476
1.3881    -1.12654    8.63559e-10    0.0215475
1.3881    -1.12654    8.1932e-10    0.0215474
1.38809    -1.12654    7.65461e-10    0.0215473
1.38809    -1.12654    7.03843e-10    0.0215472
1.38808    -1.12654    6.3645e-10    0.0215471
1.38808    -1.12654    5.6532e-10    0.021547
1.38807    -1.12654    4.9248e-10    0.0215469
1.38807    -1.12654    4.19883e-10    0.0215468
1.38806    -1.12654    3.49356e-10    0.0215467
1.38806    -1.12654    2.8255e-10    0.0215466
1.38806    -1.12654    2.20904e-10    0.0215465
1.38805    -1.12654    1.65615e-10    0.0215465
1.38805    -1.12654    1.17618e-10    0.0215464
1.38805    -1.12654    7.75723e-11    0.0215464
1.38805    -1.12654    4.5865e-11    0.0215463
1.38804    -1.12654    2.26132e-11    0.0215463
1.38804    -1.12654    7.68025e-12    0.0215463
1.38804    -1.12654    6.96373e-13    0.0215463
1.38804    -1.12654    1.08551e-12    0.0215463
1.38804    -1.12654    8.09634e-12    0.0215463
1.38804    -1.12654    2.08366e-11    0.0215463
1.38804    -1.12654    3.83093e-11    0.0215463
1.38805    -1.12654    5.94499e-11    0.0215463
1.38805    -1.12654    8.31625e-11    0.0215464
1.38805    -1.12654    1.08355e-10    0.0215464
1.38805    -1.12654    1.33972e-10    0.0215464
1.38805    -1.12654    1.59023e-10    0.0215465
1.38806    -1.12654    1.82609e-10    0.0215465
1.38806    -1.12654    2.03942e-10    0.0215466
1.38806    -1.12654    2.22362e-10    0.0215466
1.38807    -1.12654    2.37348e-10    0.0215467
1.38807    -1.12654    2.48522e-10    0.0215468
1.38807    -1.12654    2.55655e-10    0.0215468
1.38807    -1.12654    2.58659e-10    0.0215469
1.38808    -1.12654    2.57583e-10    0.021547
1.38808    -1.12654    2.526e-10    0.021547
1.38808    -1.12654    2.43994e-10    0.0215471
1.38809    -1.12654    2.32145e-10    0.0215471
1.38809    -1.12654    2.17509e-10    0.0215472
1.38809    -1.12654    2.00598e-10    0.0215473
1.3881    -1.12654    1.81965e-10    0.0215473
1.3881    -1.12654    1.62179e-10    0.0215474
1.3881    -1.12654    1.41809e-10    0.0215474
1.3881    -1.12654    1.2141e-10    0.0215475
1.38811    -1.12654    1.015e-10    0.0215475
1.38811    -1.12654    8.2551e-11    0.0215476
1.38811    -1.12654    6.49794e-11    0.0215476
1.38811    -1.12654    4.91329e-11    0.0215476
1.38811    -1.12654    3.52873e-11    0.0215477
1.38811    -1.12654    2.36419e-11    0.0215477
1.38812    -1.12654    1.43191e-11    0.0215477
1.38812    -1.12654    7.36528e-12    0.0215477
1.38812    -1.12654    2.75497e-12    0.0215477
1.38812    -1.12654    3.96064e-13    0.0215477
1.38812    -1.12654    1.37191e-13    0.0215477
1.38812    -1.12654    1.77619e-12    0.0215477
1.38812    -1.12654    5.06958e-12    0.0215477
1.38812    -1.12654    9.74265e-12    0.0215477
1.38812    -1.12654    1.54998e-11    0.0215477
1.38811    -1.12654    2.20349e-11    0.0215477
1.38811    -1.12654    2.9041e-11    0.0215477
1.38811    -1.12654    3.62198e-11    0.0215477
1.38811    -1.12654    4.32898e-11    0.0215476
1.38811    -1.12654    4.99939e-11    0.0215476
1.38811    -1.12654    5.6105e-11    0.0215476
1.38811    -1.12654    6.14313e-11    0.0215476
1.38811    -1.12654    6.58193e-11    0.0215475
1.3881    -1.12654    6.91557e-11    0.0215475
1.3881    -1.12654    7.13685e-11    0.0215475
1.3881    -1.12654    7.24258e-11    0.0215474
1.3881    -1.12654    7.23344e-11    0.0215474
1.3881    -1.12654    7.11364e-11    0.0215474
1.3881    -1.12654    6.89062e-11    0.0215473
1.38809    -1.12654    6.57455e-11    0.0215473
1.38809    -1.12654    6.17783e-11    0.0215473
1.38809    -1.12654    5.7146e-11    0.0215472
1.38809    -1.12654    5.20015e-11    0.0215472
1.38809    -1.12654    4.6504e-11    0.0215472
1.38809    -1.12654    4.08135e-11    0.0215471
1.38808    -1.12654    3.50863e-11    0.0215471
1.38808    -1.12654    2.94699e-11    0.0215471
1.38808    -1.12654    2.40995e-11    0.0215471
1.38808    -1.12654    1.90947e-11    0.0215471
1.38808    -1.12654    1.45568e-11    0.021547
1.38808    -1.12654    1.05669e-11    0.021547
1.38808    -1.12654    7.18491e-12    0.021547
1.38808    -1.12654    4.44916e-12    0.021547
1.38808    -1.12654    2.37657e-12    0.021547
1.38808    -1.12654    9.63646e-13    0.021547
1.38808    -1.12654    1.87899e-13    0.021547
1.38808    -1.12654    9.82366e-15    0.021547
1.38808    -1.12654    3.75207e-13    0.021547
1.38808    -1.12654    1.21775e-12    0.021547
1.38808    -1.12654    2.46184e-12    0.021547
1.38808    -1.12654    4.02551e-12    0.021547
1.38808    -1.12654    5.82327e-12    0.021547
1.38808    -1.12654    7.76891e-12    0.021547
1.38808    -1.12654    9.77818e-12    0.021547
1.38808    -1.12654    1.17711e-11    0.021547
1.38808    -1.12654    1.36743e-11    0.021547
1.38808    -1.12654    1.54224e-11    0.021547
1.38808    -1.12654    1.69596e-11    0.0215471
1.38808    -1.12654    1.8241e-11    0.0215471
1.38808    -1.12654    1.92327e-11    0.0215471
1.38809    -1.12654    1.99123e-11    0.0215471
1.38809    -1.12654    2.02689e-11    0.0215471
1.38809    -1.12654    2.03023e-11    0.0215472
1.38809    -1.12654    2.00227e-11    0.0215472
1.38809    -1.12654    1.94493e-11    0.0215472
1.38809    -1.12654    1.86093e-11    0.0215472
1.38809    -1.12654    1.75364e-11    0.0215472
1.38809    -1.12654    1.62694e-11    0.0215472
1.38809    -1.12654    1.48508e-11    0.0215473
1.38809    -1.12654    1.33249e-11    0.0215473
1.38809    -1.12654    1.17367e-11    0.0215473
1.38809    -1.12654    1.01302e-11    0.0215473
1.3881    -1.12654    8.54728e-12    0.0215473
1.3881    -1.12654    7.02665e-12    0.0215473
1.3881    -1.12654    5.60265e-12    0.0215473
1.3881    -1.12654    4.30465e-12    0.0215473
1.3881    -1.12654    3.15647e-12    0.0215474
1.3881    -1.12654    2.17603e-12    0.0215474
1.3881    -1.12654    1.37517e-12    0.0215474
1.3881    -1.12654    7.59732e-13    0.0215474
1.3881    -1.12654    3.29774e-13    0.0215474
1.3881    -1.12654    7.99414e-14    0.0215474
1.3881    -1.12654    7.92164e-19    0.0215474
1.3881    -1.12654    7.54686e-14    0.0215474
1.3881    -1.12654    2.88333e-13    0.0215474
1.3881    -1.12654    6.17829e-13    0.0215474
1.3881    -1.12654    1.04125e-12    0.0215474
1.3881    -1.12654    1.53476e-12    0.0215474
1.3881    -1.12654    2.07418e-12    0.0215474
1.3881    -1.12654    2.63575e-12    0.0215474
1.3881    -1.12654    3.19678e-12    0.0215474
1.3881    -1.12654    3.73631e-12    0.0215473
1.3881    -1.12654    4.23557e-12    0.0215473
1.3881    -1.12654    4.67844e-12    0.0215473
1.3881    -1.12654    5.0517e-12    0.0215473
1.3881    -1.12654    5.34529e-12    0.0215473
1.38809    -1.12654    5.55233e-12    0.0215473
1.38809    -1.12654    5.66917e-12    0.0215473
1.38809    -1.12654    5.69523e-12    0.0215473
1.38809    -1.12654    5.63283e-12    0.0215473
1.38809    -1.12654    5.4869e-12    0.0215473
1.38809    -1.12654    5.26468e-12    0.0215473
1.38809    -1.12654    4.97531e-12    0.0215472
1.38809    -1.12654    4.62945e-12    0.0215472
1.38809    -1.12654    4.23881e-12    0.0215472
1.38809    -1.12654    3.81577e-12    0.0215472
1.38809    -1.12654    3.37293e-12    0.0215472
1.38809    -1.12654    2.92271e-12    0.0215472
1.38809    -1.12654    2.47699e-12    0.0215472
1.38809    -1.12654    2.04679e-12    0.0215472
1.38809    -1.12654    1.64197e-12    0.0215472
1.38809    -1.12654    1.27106e-12    0.0215472
1.38809    -1.12654    9.41026e-13    0.0215472
1.38809    -1.12654    6.57195e-13    0.0215472
1.38809    -1.12654    4.2321e-13    0.0215472
1.38809    -1.12654    2.41017e-13    0.0215472
1.38809    -1.12654    1.10924e-13    0.0215472
1.38809    -1.12654    3.17051e-14    0.0215472
1.38809    -1.12654    7.31548e-16    0.0215472
1.38809    -1.12654    1.41509e-14    0.0215472
1.38809    -1.12654    6.70821e-14    0.0215472
1.38809    -1.12654    1.53832e-13    0.0215472
1.38809    -1.12654    2.6812e-13    0.0215472
1.38809    -1.12654    4.03306e-13    0.0215472
1.38809    -1.12654    5.52615e-13    0.0215472
1.38809    -1.12654    7.09349e-13    0.0215472
1.38809    -1.12654    8.67083e-13    0.0215472
1.38809    -1.12654    1.01984e-12    0.0215472
1.38809    -1.12654    1.16223e-12    0.0215472
1.38809    -1.12654    1.28959e-12    0.0215472
1.38809    -1.12654    1.39807e-12    0.0215472
1.38809    -1.12654    1.48467e-12    0.0215472
1.38809    -1.12654    1.54731e-12    0.0215472
1.38809    -1.12654    1.58479e-12    0.0215472
1.38809    -1.12654    1.59678e-12    0.0215472
1.38809    -1.12654    1.58381e-12    0.0215472
1.38809    -1.12654    1.54712e-12    0.0215472
1.38809    -1.12654    1.48862e-12    0.0215472
1.38809    -1.12654    1.4108e-12    0.0215472
1.38809    -1.12654    1.31655e-12    0.0215472
1.38809    -1.12654    1.20914e-12    0.0215472
1.38809    -1.12654    1.09199e-12    0.0215472
1.38809    -1.12654    9.68636e-13    0.0215473
1.38809    -1.12654    8.42576e-13    0.0215473
1.38809    -1.12654    7.17175e-13    0.0215473
1.38809    -1.12654    5.95574e-13    0.0215473
1.38809    -1.12654    4.80603e-13    0.0215473
1.38809    -1.12654    3.74722e-13    0.0215473
1.38809    -1.12654    2.79968e-13    0.0215473
1.38809    -1.12654    1.97924e-13    0.0215473
1.38809    -1.12654    1.29696e-13    0.0215473
1.38809    -1.12654    7.59191e-14    0.0215473
1.38809    -1.12654    3.67618e-14    0.0215473
1.38809    -1.12654    1.19575e-14    0.0215473
1.38809    -1.12654    8.39256e-16    0.0215473
1.38809    -1.12654    2.38703e-15    0.0215473
1.38809    -1.12654    1.52818e-14    0.0215473
1.38809    -1.12654    3.79654e-14    0.0215473
1.38809    -1.12654    6.87033e-14    0.0215473
1.38809    -1.12654    1.05649e-13    0.0215473
1.38809    -1.12654    1.46905e-13    0.0215473
1.38809    -1.12654    1.90586e-13    0.0215473
1.38809    -1.12654    2.34874e-13    0.0215473
1.38809    -1.12654    2.78065e-13    0.0215473
1.38809    -1.12654    3.18618e-13    0.0215473
1.38809    -1.12654    3.55186e-13    0.0215473
1.38809    -1.12654    3.86643e-13    0.0215473
1.38809    -1.12654    4.12105e-13    0.0215473
1.38809    -1.12654    4.3094e-13    0.0215473
1.38809    -1.12654    4.42766e-13    0.0215473
1.38809    -1.12654    4.47451e-13    0.0215473
1.38809    -1.12654    4.45093e-13    0.0215473
1.38809    -1.12654    4.36008e-13    0.0215472
1.38809    -1.12654    4.20699e-13    0.0215472
1.38809    -1.12654    3.99834e-13    0.0215472
1.38809    -1.12654    3.74208e-13    0.0215472
1.38809    -1.12654    3.44716e-13    0.0215472
1.38809    -1.12654    3.12314e-13    0.0215472
1.38809    -1.12654    2.77989e-13    0.0215472
1.38809    -1.12654    2.42726e-13    0.0215472
1.38809    -1.12654    2.07476e-13    0.0215472
1.38809    -1.12654    1.73134e-13    0.0215472
1.38809    -1.12654    1.4051e-13    0.0215472
1.38809    -1.12654    1.10314e-13    0.0215472
1.38809    -1.12654    8.31406e-14    0.0215472
1.38809    -1.12654    5.94568e-14    0.0215472
1.38809    -1.12654    3.9598e-14    0.0215472
1.38809    -1.12654    2.37662e-14    0.0215472
1.38809    -1.12654    1.20328e-14    0.0215472
1.38809    -1.12654    4.34496e-15    0.0215472
1.38809    -1.12654    5.35577e-16    0.0215472
1.38809    -1.12654    3.36065e-16    0.0215472
1.38809    -1.12654    3.39107e-15    0.0215472
1.38809    -1.12654    9.27499e-15    0.0215472
1.38809    -1.12654    1.75095e-14    0.0215472
1.38809    -1.12654    2.75814e-14    0.0215472
1.38809    -1.12654    3.89605e-14    0.0215472
1.38809    -1.12654    5.11165e-14    0.0215472
1.38809    -1.12654    6.35349e-14    0.0215472
1.38809    -1.12654    7.57317e-14    0.0215472
1.38809    -1.12654    8.72653e-14    0.0215472
1.38809    -1.12654    9.77474e-14    0.0215472
1.38809    -1.12654    1.06851e-13    0.0215472
1.38809    -1.12654    1.14314e-13    0.0215472
1.38809    -1.12654    1.19948e-13    0.0215472
1.38809    -1.12654    1.23632e-13    0.0215472
1.38809    -1.12654    1.25317e-13    0.0215472
1.38809    -1.12654    1.25017e-13    0.0215472
1.38809    -1.12654    1.22812e-13    0.0215472
1.38809    -1.12654    1.18832e-13    0.0215472
1.38809    -1.12654    1.13257e-13    0.0215472
1.38809    -1.12654    1.06304e-13    0.0215472
1.38809    -1.12654    9.82193e-14    0.0215472
1.38809    -1.12654    8.92684e-14    0.0215472
1.38809    -1.12654    7.9727e-14    0.0215472
1.38809    -1.12654    6.98718e-14    0.0215472
1.38809    -1.12654    5.9972e-14    0.0215472
1.38809    -1.12654    5.02815e-14    0.0215472
1.38809    -1.12654    4.10324e-14    0.0215472
1.38809    -1.12654    3.24294e-14    0.0215472
1.38809    -1.12654    2.46452e-14    0.0215472
1.38809    -1.12654    1.78175e-14    0.0215472
1.38809    -1.12654    1.20472e-14    0.0215472
1.38809    -1.12654    7.39791e-15    0.0215472
1.38809    -1.12654    3.89626e-15    0.0215472
1.38809    -1.12654    1.53373e-15    0.0215472
1.38809    -1.12654    2.69197e-16    0.0215472
1.38809    -1.12654    3.23625e-17    0.0215472
1.38809    -1.12654    7.278e-16    0.0215472
1.38809    -1.12654    2.23952e-15    0.0215472
1.38809    -1.12654    4.43581e-15    0.0215472
1.38809    -1.12654    7.1743e-15    0.0215472
1.38809    -1.12654    1.03069e-14    0.0215472
1.38809    -1.12654    1.36845e-14    0.0215472
1.38809    -1.12654    1.7162e-14    0.0215472
1.38809    -1.12654    2.06018e-14    0.0215472
1.38809    -1.12654    2.38775e-14    0.0215472
1.38809    -1.12654    2.68776e-14    0.0215472
1.38809    -1.12654    2.95068e-14    0.0215472
1.38809    -1.12654    3.16887e-14    0.0215472
1.38809    -1.12654    3.3366e-14    0.0215472
1.38809    -1.12654    3.45016e-14    0.0215472
1.38809    -1.12654    3.50779e-14    0.0215472
1.38809    -1.12654    3.5096e-14    0.0215472
1.38809    -1.12654    3.45746e-14    0.0215472
1.38809    -1.12654    3.35481e-14    0.0215472
1.38809    -1.12654    3.20643e-14    0.0215472
1.38809    -1.12654    3.01822e-14    0.0215472
1.38809    -1.12654    2.79697e-14    0.0215472
1.38809    -1.12654    2.55002e-14    0.0215472
1.38809    -1.12654    2.28508e-14    0.0215472
1.38809    -1.12654    2.00992e-14    0.0215472
1.38809    -1.12654    1.73213e-14    0.0215472
1.38809    -1.12654    1.45893e-14    0.0215472
1.38809    -1.12654    1.19695e-14    0.0215472
1.38809    -1.12654    9.52071e-15    0.0215472
1.38809    -1.12654    7.29316e-15    0.0215472
1.38809    -1.12654    5.32731e-15    0.0215472
1.38809    -1.12654    3.65337e-15    0.0215472
1.38809    -1.12654    2.2911e-15    0.0215472
1.38809    -1.12654    1.24986e-15    0.0215472
