1.20689    -1.11864    0.205056    0.0186081
1.11601    -1.10651    0.176465    0.0166475
1.03171    -1.08789    0.143487    0.0150324
0.955694    -1.06286    0.107037    0.0136739
0.890039    -1.03286    0.069656    0.0125597
0.837075    -1.00137    0.0357822    0.0116869
0.799114    -0.973854    0.0110504    0.0110675
0.778018    -0.956477    0.000272346    0.010718
0.774706    -0.953601    0.00494374    0.0106512
0.788816    -0.965571    0.0222059    0.0108677
0.818721    -0.988635    0.0462774    0.0113499
0.861892    -1.01704    0.0711268    0.0120603
0.915412    -1.04552    0.0924217    0.0129475
0.97642    -1.07061    0.108028    0.0139588
1.04238    -1.09073    0.11755    0.0150497
1.11118    -1.10565    0.121603    0.0161901
1.18116    -1.1159    0.12123    0.0173668
1.25104    -1.12226    0.117537    0.0185825
1.31984    -1.12556    0.111514    0.019846
1.38685    -1.12654    0.103974    0.0211583
1.45156    -1.12581    0.0955521    0.0225026
1.51359    -1.12386    0.0867259    0.0238483
1.57269    -1.12106    0.0778442    0.0251664
1.62868    -1.11772    0.0691567    0.0264388
1.68146    -1.11405    0.0608371    0.0276562
1.73095    -1.11023    0.0530012    0.0288137
1.77715    -1.10639    0.0457213    0.0299074
1.82006    -1.10261    0.039037    0.0309343
1.85971    -1.09898    0.0329643    0.0318922
1.89615    -1.09552    0.0275013    0.0327799
1.92943    -1.09229    0.0226343    0.0335965
1.95962    -1.08931    0.0183408    0.0343419
1.9868    -1.08658    0.0145928    0.0350168
2.01104    -1.08412    0.011359    0.0356218
2.03243    -1.08193    0.00860633    0.0361583
2.05105    -1.08001    0.00630094    0.0366277
2.06698    -1.07836    0.0044093    0.0370315
2.0803    -1.07697    0.00289868    0.0373716
2.09111    -1.07584    0.00173752    0.0376498
2.09947    -1.07497    0.000895693    0.0378679
2.10548    -1.07434    0.000344673    0.0380277
2.1092    -1.07395    5.75594e-05    0.0381311
2.11073    -1.07379    9.09813e-06    0.0381798
2.11012    -1.07385    0.000175633    0.0381756
2.10746    -1.07413    0.000535036    0.0381202
2.10282    -1.07462    0.00106661    0.0380153
2.09626    -1.07531    0.00175096    0.0378625
2.08787    -1.07618    0.00256992    0.0376635
2.07769    -1.07724    0.00350636    0.0374198
2.06581    -1.07848    0.00454409    0.0371332
2.05228    -1.07988    0.0056677    0.0368053
2.03718    -1.08144    0.00686245    0.0364377
2.02055    -1.08315    0.00811409    0.0360323
2.00247    -1.08499    0.00940877    0.0355907
1.98301    -1.08696    0.0107328    0.0351151
1.96222    -1.08905    0.0120728    0.0346072
1.94017    -1.09124    0.013415    0.0340694
1.91693    -1.09352    0.0147457    0.0335037
1.89256    -1.09587    0.0160511    0.0329126
1.86713    -1.09828    0.0173167    0.0322986
1.84072    -1.10074    0.0185276    0.0316642
1.81341    -1.10321    0.0196687    0.0310124
1.78526    -1.10569    0.0207241    0.0303459
1.75637    -1.10815    0.0216773    0.0296678
1.72683    -1.11057    0.0225117    0.0289812
1.69672    -1.11291    0.0232101    0.0282893
1.66614    -1.11516    0.0237551    0.0275952
1.63521    -1.11729    0.0241298    0.0269021
1.60404    -1.11926    0.0243176    0.0262133
1.57275    -1.12106    0.024303    0.0255316
1.54146    -1.12264    0.0240724    0.0248601
1.51033    -1.12399    0.0236147    0.0242015
1.47949    -1.12507    0.0229223    0.0235582
1.4491    -1.12587    0.0219922    0.0229327
1.41934    -1.12636    0.0208274    0.0223272
1.39038    -1.12654    0.0194379    0.021744
1.3624    -1.12641    0.0178422    0.0211854
1.3356    -1.12598    0.0160681    0.0206539
1.31016    -1.12525    0.0141534    0.0201524
1.28629    -1.12428    0.0121462    0.0196839
1.26417    -1.1231    0.0101034    0.0192516
1.244    -1.12177    0.00808973    0.0188588
1.22595    -1.12037    0.00617407    0.0185085
1.21018    -1.11896    0.0044256    0.0182032
1.19683    -1.11763    0.0029088    0.017945
1.18601    -1.11646    0.00167818    0.0177353
1.17779    -1.1155    0.00077331    0.0175748
1.1722    -1.11483    0.000214976    0.0174637
1.16926    -1.11446    2.99846e-06    0.0174012
1.16891    -1.11442    0.000116241    0.0173864
1.17108    -1.11469    0.000514779    0.0174173
1.17563    -1.11525    0.00114394    0.0174917
1.18242    -1.11605    0.00193959    0.0176069
1.19126    -1.11704    0.0028339    0.0177597
1.20194    -1.11816    0.00376075    0.0179468
1.21425    -1.11934    0.00466037    0.0181645
1.22795    -1.12053    0.00548254    0.0184094
1.24281    -1.12169    0.00618851    0.0186778
1.25859    -1.12276    0.00675159    0.018966
1.27508    -1.12372    0.00715669    0.0192705
1.29206    -1.12454    0.00739906    0.0195878
1.30932    -1.12522    0.00748263    0.0199145
1.32668    -1.12576    0.0074181    0.0202473
1.34396    -1.12615    0.00722108    0.0205831
1.36102    -1.1264    0.00691039    0.0209186
1.3777    -1.12652    0.00650654    0.0212508
1.39389    -1.12654    0.00603054    0.021577
1.40947    -1.12646    0.00550293    0.0218946
1.42436    -1.1263    0.00494307    0.022201
1.43847    -1.12608    0.00436868    0.0224942
1.45173    -1.12581    0.00379551    0.0227722
1.46409    -1.12551    0.00323721    0.0230335
1.47551    -1.12519    0.00270526    0.0232767
1.48595    -1.12486    0.00220899    0.0235005
1.49538    -1.12454    0.00175572    0.0237041
1.50379    -1.12424    0.00135085    0.0238869
1.51117    -1.12395    0.000998062    0.0240483
1.51751    -1.1237    0.000699436    0.024188
1.52281    -1.12348    0.000455669    0.0243059
1.5271    -1.12329    0.000266226    0.0244021
1.53037    -1.12315    0.000129512    0.0244766
1.53266    -1.12305    4.30267e-05    0.0245299
1.53397    -1.12299    3.50954e-06    0.0245623
1.53435    -1.12297    7.07581e-06    0.0245744
1.53381    -1.12299    4.93406e-05    0.0245668
1.5324    -1.12306    0.000125533    0.0245404
1.53016    -1.12316    0.0002306    0.0244959
1.52711    -1.12329    0.000359304    0.0244342
1.5233    -1.12346    0.000506313    0.0243563
1.51879    -1.12365    0.000666283    0.0242633
1.51361    -1.12386    0.000833937    0.0241563
1.50781    -1.12408    0.00100414    0.0240363
1.50145    -1.12432    0.00117197    0.0239047
1.49458    -1.12457    0.00133279    0.0237625
1.48726    -1.12482    0.00148232    0.0236111
1.47953    -1.12507    0.00161666    0.0234516
1.47146    -1.12531    0.00173243    0.0232855
1.46311    -1.12553    0.00182674    0.0231139
1.45453    -1.12574    0.0018973    0.0229381
1.44579    -1.12594    0.00194244    0.0227594
1.43695    -1.1261    0.00196116    0.0225791
1.42806    -1.12625    0.00195313    0.0223984
1.41919    -1.12636    0.00191873    0.0222186
1.4104    -1.12645    0.00185903    0.0220407
1.40175    -1.12651    0.00177579    0.021866
1.39329    -1.12654    0.00167139    0.0216957
1.38509    -1.12654    0.00154878    0.0215307
1.37719    -1.12652    0.00141143    0.0213721
1.36965    -1.12648    0.00126319    0.0212208
1.36252    -1.12641    0.00110817    0.0210779
1.35584    -1.12633    0.00095066    0.020944
1.34965    -1.12624    0.000794913    0.0208199
1.34399    -1.12615    0.000645048    0.0207063
1.3389    -1.12605    0.000504886    0.0206038
1.33439    -1.12595    0.000377815    0.0205129
1.33049    -1.12586    0.000266666    0.0204338
1.32721    -1.12577    0.000173623    0.0203669
1.32456    -1.1257    0.000100149    0.0203123
1.32256    -1.12564    4.69539e-05    0.0202701
1.32118    -1.12561    1.39901e-05    0.0202401
1.32043    -1.12558    4.89785e-07    0.0202223
1.32029    -1.12558    5.02823e-06    0.0202164
1.32074    -1.12559    2.56172e-05    0.020222
1.32176    -1.12562    5.98188e-05    0.0202387
1.32331    -1.12567    0.000104874    0.0202658
1.32536    -1.12572    0.000157836    0.0203029
1.32788    -1.12579    0.000215703    0.0203493
1.33083    -1.12586    0.000275546    0.0204042
1.33416    -1.12594    0.000334616    0.0204669
1.33783    -1.12602    0.000390437    0.0205365
1.3418    -1.12611    0.000440882    0.0206122
1.34601    -1.12618    0.000484216    0.0206932
1.35043    -1.12626    0.000519129    0.0207785
1.355    -1.12632    0.00054474    0.0208674
1.35968    -1.12638    0.000560588    0.0209589
1.36444    -1.12643    0.000566601    0.0210522
1.36921    -1.12647    0.000563063    0.0211465
1.37397    -1.12651    0.000550563    0.0212409
1.37868    -1.12653    0.00052994    0.0213347
1.3833    -1.12654    0.000502233    0.0214272
1.3878    -1.12654    0.00046862    0.0215176
1.39214    -1.12654    0.000430368    0.0216053
1.39631    -1.12653    0.00038878    0.0216897
1.40026    -1.12652    0.000345153    0.0217702
1.40399    -1.1265    0.000300735    0.0218465
1.40747    -1.12647    0.000256697    0.0219179
1.41069    -1.12645    0.0002141    0.0219842
1.41362    -1.12642    0.000173879    0.0220451
1.41627    -1.12639    0.000136829    0.0221002
1.41862    -1.12637    0.000103592    0.0221493
1.42066    -1.12635    7.46561e-05    0.0221923
1.42239    -1.12632    5.03555e-05    0.0222291
1.42382    -1.12631    3.08748e-05    0.0222597
1.42493    -1.12629    1.62571e-05    0.0222839
1.42574    -1.12628    6.41431e-06    0.022302
1.42625    -1.12627    1.14025e-06    0.0223139
1.42647    -1.12627    1.25087e-07    0.0223197
1.42639    -1.12627    2.97108e-06    0.0223197
1.42605    -1.12628    9.20912e-06    0.0223141
1.42544    -1.12628    1.83156e-05    0.0223031
1.42458    -1.1263    2.97295e-05    0.0222869
1.42349    -1.12631    4.28687e-05    0.0222659
1.42217    -1.12633    5.71463e-05    0.0222403
1.42066    -1.12635    7.19854e-05    0.0222106
1.41895    -1.12637    8.68335e-05    0.022177
1.41708    -1.12639    0.000101175    0.02214
1.41506    -1.12641    0.000114541    0.0220999
1.41292    -1.12643    0.000126522    0.0220571
1.41066    -1.12645    0.000136773    0.0220121
1.40831    -1.12647    0.000145017    0.0219653
1.4059    -1.12648    0.000151055    0.0219169
1.40343    -1.1265    0.000154761    0.0218676
1.40093    -1.12651    0.000156086    0.0218176
1.39843    -1.12652    0.000155054    0.0217673
1.39593    -1.12653    0.000151758    0.0217171
1.39345    -1.12654    0.000146353    0.0216675
1.39103    -1.12654    0.00013905    0.0216187
1.38866    -1.12654    0.000130108    0.0215711
1.38637    -1.12654    0.000119821    0.021525
1.38417    -1.12654    0.000108511    0.0214808
1.38208    -1.12654    9.65133e-05    0.0214386
1.38011    -1.12653    8.41696e-05    0.0213987
1.37827    -1.12653    7.18143e-05    0.0213614
1.37657    -1.12652    5.97655e-05    0.0213269
1.37502    -1.12651    4.83158e-05    0.0212953
1.37362    -1.1265    3.77241e-05    0.0212669
1.37239    -1.1265    2.82094e-05    0.0212416
1.37133    -1.12649    1.99454e-05    0.0212196
1.37043    -1.12648    1.3058e-05    0.0212009
1.36971    -1.12648    7.62335e-06    0.0211857
1.36915    -1.12647    3.66848e-06    0.0211738
1.36877    -1.12647    1.17313e-06    0.0211653
1.36855    -1.12647    7.33014e-08    0.0211601
1.36849    -1.12647    2.66037e-07    0.0211581
1.3686    -1.12647    1.61522e-06    0.0211593
1.36885    -1.12647    3.95816e-06    0.0211636
1.36925    -1.12647    7.11273e-06    0.0211707
1.36979    -1.12648    1.08846e-05    0.0211806
1.37045    -1.12648    1.50745e-05    0.021193
1.37123    -1.12649    1.94849e-05    0.0212078
1.37212    -1.12649    2.39268e-05    0.0212248
1.3731    -1.1265    2.82246e-05    0.0212437
1.37416    -1.12651    3.22213e-05    0.0212644
1.3753    -1.12651    3.57821e-05    0.0212866
1.3765    -1.12652    3.87971e-05    0.0213101
1.37775    -1.12652    4.11825e-05    0.0213347
1.37904    -1.12653    4.28819e-05    0.0213601
1.38035    -1.12653    4.38654e-05    0.0213861
1.38168    -1.12654    4.41289e-05    0.0214124
1.38302    -1.12654    4.36918e-05    0.021439
1.38434    -1.12654    4.25947e-05    0.0214654
1.38565    -1.12654    4.08965e-05    0.0214916
1.38694    -1.12654    3.86707e-05    0.0215174
1.38818    -1.12654    3.60027e-05    0.0215425
1.38939    -1.12654    3.29853e-05    0.0215668
1.39054    -1.12654    2.9716e-05    0.0215901
1.39163    -1.12654    2.62932e-05    0.0216123
1.39266    -1.12654    2.28133e-05    0.0216332
1.39362    -1.12654    1.9368e-05    0.0216528
1.39451    -1.12654    1.60417e-05    0.0216709
1.39531    -1.12653    1.29096e-05    0.0216874
1.39603    -1.12653    1.00363e-05    0.0217023
1.39667    -1.12653    7.47454e-06    0.0217155
1.39721    -1.12653    5.26442e-06    0.0217269
1.39768    -1.12653    3.43339e-06    0.0217366
1.39805    -1.12653    1.9962e-06    0.0217446
1.39833    -1.12652    9.55445e-07    0.0217507
1.39853    -1.12652    3.02308e-07    0.0217551
1.39864    -1.12652    1.76514e-08    0.0217578
1.39866    -1.12652    7.32757e-08    0.0217587
1.39861    -1.12652    4.33352e-07    0.0217581
1.39848    -1.12652    1.05598e-06    0.0217558
1.39827    -1.12652    1.89477e-06    0.0217521
1.39799    -1.12653    2.90053e-06    0.0217469
1.39765    -1.12653    4.02279e-06    0.0217404
1.39725    -1.12653    5.2114e-06    0.0217327
1.39679    -1.12653    6.41787e-06    0.0217238
1.39628    -1.12653    7.59672e-06    0.0217138
1.39573    -1.12653    8.70657e-06    0.021703
1.39514    -1.12654    9.71102e-06    0.0216913
1.39451    -1.12654    1.05795e-05    0.021679
1.39386    -1.12654    1.12875e-05    0.021666
1.39319    -1.12654    1.18174e-05    0.0216527
1.3925    -1.12654    1.21579e-05    0.0216389
1.3918    -1.12654    1.23046e-05    0.021625
1.39109    -1.12654    1.22592e-05    0.0216109
1.39039    -1.12654    1.20292e-05    0.0215969
1.38969    -1.12654    1.16273e-05    0.0215829
1.38901    -1.12654    1.10711e-05    0.0215692
1.38834    -1.12654    1.03814e-05    0.0215558
1.3877    -1.12654    9.58225e-06    0.0215428
1.38707    -1.12654    8.69947e-06    0.0215302
1.38648    -1.12654    7.75996e-06    0.0215183
1.38592    -1.12654    6.7908e-06    0.0215069
1.3854    -1.12654    5.81837e-06    0.0214963
1.38492    -1.12654    4.86764e-06    0.0214865
1.38447    -1.12654    3.96144e-06    0.0214774
1.38407    -1.12654    3.11991e-06    0.0214692
1.38372    -1.12654    2.36009e-06    0.0214619
1.38341    -1.12654    1.69552e-06    0.0214555
1.38315    -1.12654    1.1361e-06    0.0214501
1.38294    -1.12654    6.87986e-07    0.0214456
1.38277    -1.12654    3.53647e-07    0.021442
1.38265    -1.12654    1.32031e-07    0.0214394
1.38258    -1.12654    1.88183e-08    0.0214377
1.38255    -1.12654    6.76762e-09    0.0214369
1.38257    -1.12654    8.61336e-08    0.021437
1.38263    -1.12654    2.45131e-07    0.0214379
1.38272    -1.12654    4.70432e-07    0.0214397
1.38286    -1.12654    7.47683e-07    0.0214422
1.38304    -1.12654    1.06201e-06    0.0214455
1.38324    -1.12654    1.39853e-06    0.0214494
1.38348    -1.12654    1.74278e-06    0.021454
1.38374    -1.12654    2.08115e-06    0.0214591
1.38403    -1.12654    2.40123e-06    0.0214648
1.38435    -1.12654    2.69215e-06    0.0214709
1.38467    -1.12654    2.94472e-06    0.0214773
1.38502    -1.12654    3.15169e-06    0.0214841
1.38538    -1.12654    3.30776e-06    0.0214912
1.38574    -1.12654    3.40963e-06    0.0214984
1.38611    -1.12654    3.45597e-06    0.0215058
1.38648    -1.12654    3.44729e-06    0.0215132
1.38686    -1.12654    3.38582e-06    0.0215206
1.38723    -1.12654    3.2753e-06    0.021528
1.38759    -1.12654    3.12077e-06    0.0215353
1.38794    -1.12654    2.92829e-06    0.0215424
1.38829    -1.12654    2.70474e-06    0.0215493
1.38862    -1.12654    2.45749e-06    0.021556
1.38893    -1.12654    2.19417e-06    0.0215624
1.38923    -1.12654    1.92242e-06    0.0215684
1.38951    -1.12654    1.64966e-06    0.021574
1.38976    -1.12654    1.38286e-06    0.0215793
1.39    -1.12654    1.12837e-06    0.0215841
1.39021    -1.12654    8.91776e-07    0.0215885
1.3904    -1.12654    6.77791e-07    0.0215924
1.39057    -1.12654    4.90154e-07    0.0215959
1.39071    -1.12654    3.31597e-07    0.0215988
1.39082    -1.12654    2.03828e-07    0.0216012
1.39092    -1.12654    1.07552e-07    0.0216032
1.39098    -1.12654    4.25149e-08    0.0216046
1.39102    -1.12654    7.58013e-09    0.0216056
1.39104    -1.12654    8.18709e-10    0.0216061
1.39103    -1.12654    1.96213e-08    0.0216061
1.39101    -1.12654    6.08216e-08    0.0216056
1.39096    -1.12654    1.20827e-07    0.0216048
1.39089    -1.12654    1.95755e-07    0.0216035
1.3908    -1.12654    2.81567e-07    0.0216018
1.39069    -1.12654    3.74196e-07    0.0215998
1.39057    -1.12654    4.69674e-07    0.0215974
1.39043    -1.12654    5.64238e-07    0.0215947
1.39028    -1.12654    6.54432e-07    0.0215918
1.39012    -1.12654    7.37184e-07    0.0215886
1.38995    -1.12654    8.09876e-07    0.0215852
1.38977    -1.12654    8.70389e-07    0.0215816
1.38958    -1.12654    9.17132e-07    0.0215779
1.38939    -1.12654    9.49054e-07    0.0215741
1.38919    -1.12654    9.65642e-07    0.0215702
1.38899    -1.12654    9.66895e-07    0.0215663
1.3888    -1.12654    9.53292e-07    0.0215624
1.3886    -1.12654    9.25746e-07    0.0215584
1.38841    -1.12654    8.85546e-07    0.0215546
1.38822    -1.12654    8.34293e-07    0.0215508
1.38803    -1.12654    7.73829e-07    0.0215471
1.38786    -1.12654    7.06169e-07    0.0215435
1.38769    -1.12654    6.33422e-07    0.0215401
1.38753    -1.12654    5.57728e-07    0.0215369
1.38738    -1.12654    4.81184e-07    0.0215338
1.38724    -1.12654    4.05786e-07    0.021531
1.38711    -1.12654    3.33375e-07    0.0215284
1.387    -1.12654    2.65591e-07    0.021526
1.38689    -1.12654    2.03835e-07    0.0215239
1.3868    -1.12654    1.49243e-07    0.021522
1.38673    -1.12654    1.02669e-07    0.0215204
1.38666    -1.12654    6.46765e-08    0.021519
1.38661    -1.12654    3.55422e-08    0.0215179
1.38657    -1.12654    1.52645e-08    0.0215171
1.38655    -1.12654    3.58325e-09    0.0215166
1.38654    -1.12654    4.37911e-12    0.0215163
1.38654    -1.12654    3.8303e-09    0.0215162
1.38655    -1.12654    1.41947e-08    0.0215164
1.38657    -1.12654    3.00999e-08    0.0215168
1.38661    -1.12654    5.04561e-08    0.0215174
1.38665    -1.12654    7.41202e-08    0.0215183
1.38671    -1.12654    9.99341e-08    0.0215193
1.38677    -1.12654    1.26761e-07    0.0215205
1.38684    -1.12654    1.53517e-07    0.0215219
1.38692    -1.12654    1.79203e-07    0.0215234
1.38701    -1.12654    2.02926e-07    0.0215251
1.3871    -1.12654    2.23919e-07    0.0215269
1.38719    -1.12654    2.41559e-07    0.0215288
1.38729    -1.12654    2.55372e-07    0.0215307
1.38739    -1.12654    2.65038e-07    0.0215327
1.38749    -1.12654    2.7039e-07    0.0215348
1.3876    -1.12654    2.7141e-07    0.0215368
1.3877    -1.12654    2.68217e-07    0.0215389
1.38781    -1.12654    2.61053e-07    0.021541
1.38791    -1.12654    2.50272e-07    0.0215431
1.38801    -1.12654    2.36315e-07    0.0215451
1.38811    -1.12654    2.19694e-07    0.021547
1.3882    -1.12654    2.00972e-07    0.0215489
1.38829    -1.12654    1.80739e-07    0.0215508
1.38838    -1.12654    1.59599e-07    0.0215525
1.38846    -1.12654    1.3814e-07    0.0215541
1.38853    -1.12654    1.16928e-07    0.0215556
1.3886    -1.12654    9.64835e-08    0.021557
1.38866    -1.12654    7.72741e-08    0.0215583
1.38872    -1.12654    5.97001e-08    0.0215595
1.38877    -1.12654    4.40888e-08    0.0215605
1.38881    -1.12654    3.06892e-08    0.0215614
1.38884    -1.12654    1.96697e-08    0.0215621
1.38887    -1.12654    1.11182e-08    0.0215627
1.38889    -1.12654    5.04506e-09    0.0215632
1.38891    -1.12654    1.38811e-09    0.0215635
1.38892    -1.12654    1.9065e-11    0.0215637
1.38892    -1.12654    7.51974e-10    0.0215637
1.38891    -1.12654    3.35263e-09    0.0215636
1.3889    -1.12654    7.54883e-09    0.0215634
1.38888    -1.12654    1.3041e-08    0.0215631
1.38886    -1.12654    1.95131e-08    0.0215627
1.38883    -1.12654    2.66432e-08    0.0215622
1.3888    -1.12654    3.41133e-08    0.0215615
1.38876    -1.12654    4.16187e-08    0.0215608
1.38872    -1.12654    4.88763e-08    0.02156
1.38868    -1.12654    5.56316e-08    0.0215591
1.38863    -1.12654    6.1664e-08    0.0215582
1.38858    -1.12654    6.67916e-08    0.0215572
1.38853    -1.12654    7.08738e-08    0.0215562
1.38847    -1.12654    7.38126e-08    0.0215552
1.38842    -1.12654    7.55527e-08    0.0215541
1.38836    -1.12654    7.60802e-08    0.021553
1.38831    -1.12654    7.54204e-08    0.0215519
1.38825    -1.12654    7.3634e-08    0.0215508
1.3882    -1.12654    7.08129e-08    0.0215497
1.38815    -1.12654    6.70756e-08    0.0215486
1.38809    -1.12654    6.25613e-08    0.0215476
1.38804    -1.12654    5.74248e-08    0.0215465
1.388    -1.12654    5.183e-08    0.0215456
1.38795    -1.12654    4.59452e-08    0.0215446
1.38791    -1.12654    3.99367e-08    0.0215438
1.38787    -1.12654    3.39649e-08    0.021543
1.38783    -1.12654    2.81787e-08    0.0215422
1.3878    -1.12654    2.27128e-08    0.0215415
1.38777    -1.12654    1.76838e-08    0.0215409
1.38774    -1.12654    1.31882e-08    0.0215403
1.38772    -1.12654    9.30064e-09    0.0215399
1.3877    -1.12654    6.0733e-09    0.0215395
1.38768    -1.12654    3.53561e-09    0.0215391
1.38767    -1.12654    1.69495e-09    0.0215389
1.38766    -1.12654    5.37901e-10    0.0215387
1.38766    -1.12654    3.20087e-11    0.0215386
1.38765    -1.12654    1.28039e-10    0.0215385
1.38766    -1.12654    7.62582e-10    0.0215386
1.38766    -1.12654    1.86091e-09    0.0215386
1.38767    -1.12654    3.33999e-09    0.0215388
1.38768    -1.12654    5.11152e-09    0.021539
1.3877    -1.12654    7.08498e-09    0.0215393
1.38771    -1.12654    9.17044e-09    0.0215396
1.38773    -1.12654    1.12813e-08    0.02154
1.38775    -1.12654    1.33366e-08    0.0215404
1.38778    -1.12654    1.52631e-08    0.0215409
1.3878    -1.12654    1.6997e-08    0.0215413
1.38783    -1.12654    1.8485e-08    0.0215419
1.38786    -1.12654    1.96856e-08    0.0215424
1.38788    -1.12654    2.05691e-08    0.021543
1.38791    -1.12654    2.11178e-08    0.0215435
1.38794    -1.12654    2.1326e-08    0.0215441
1.38797    -1.12654    2.11989e-08    0.0215447
1.388    -1.12654    2.0752e-08    0.0215453
1.38803    -1.12654    2.00096e-08    0.0215459
1.38806    -1.12654    1.90041e-08    0.0215464
1.38809    -1.12654    1.77734e-08    0.021547
1.38811    -1.12654    1.63606e-08    0.0215475
1.38814    -1.12654    1.48112e-08    0.021548
1.38816    -1.12654    1.31724e-08    0.0215485
1.38819    -1.12654    1.1491e-08    0.021549
1.38821    -1.12654    9.81228e-09    0.0215494
1.38823    -1.12654    8.17869e-09    0.0215498
1.38824    -1.12654    6.62865e-09    0.0215502
1.38826    -1.12654    5.19575e-09    0.0215505
1.38828    -1.12654    3.90799e-09    0.0215508
1.38829    -1.12654    2.78735e-09    0.0215511
1.3883    -1.12654    1.84952e-09    0.0215513
1.38831    -1.12654    1.10381e-09    0.0215515
1.38831    -1.12654    5.5335e-10    0.0215517
1.38832    -1.12654    1.95358e-10    0.0215518
1.38832    -1.12654    2.1649e-11    0.0215518
1.38832    -1.12654    1.92293e-11    0.0215519
1.38832    -1.12654    1.71012e-10    0.0215518
1.38832    -1.12654    4.56602e-10    0.0215518
1.38831    -1.12654    8.53134e-10    0.0215517
1.38831    -1.12654    1.33612e-09    0.0215516
1.3883    -1.12654    1.88029e-09    0.0215515
1.38829    -1.12654    2.46042e-09    0.0215513
1.38828    -1.12654    3.05206e-09    0.0215511
1.38827    -1.12654    3.63222e-09    0.0215509
1.38826    -1.12654    4.17998e-09    0.0215507
1.38825    -1.12654    4.67696e-09    0.0215504
1.38823    -1.12654    5.1077e-09    0.0215501
1.38822    -1.12654    5.45991e-09    0.0215499
1.3882    -1.12654    5.72465e-09    0.0215496
1.38819    -1.12654    5.89635e-09    0.0215493
1.38817    -1.12654    5.97276e-09    0.021549
1.38816    -1.12654    5.95476e-09    0.0215486
1.38814    -1.12654    5.84615e-09    0.0215483
1.38813    -1.12654    5.65331e-09    0.021548
1.38811    -1.12654    5.38485e-09    0.0215477
1.3881    -1.12654    5.05117e-09    0.0215474
1.38808    -1.12654    4.66405e-09    0.0215471
1.38807    -1.12654    4.23616e-09    0.0215469
1.38806    -1.12654    3.78065e-09    0.0215466
1.38804    -1.12654    3.3107e-09    0.0215464
1.38803    -1.12654    2.83912e-09    0.0215461
1.38802    -1.12654    2.37796e-09    0.0215459
1.38801    -1.12654    1.93826e-09    0.0215457
1.388    -1.12654    1.52969e-09    0.0215455
1.388    -1.12654    1.16044e-09    0.0215454
1.38799    -1.12654    8.36995e-10    0.0215452
1.38798    -1.12654    5.64104e-10    0.0215451
1.38798    -1.12654    3.44724e-10    0.021545
1.38797    -1.12654    1.80058e-10    0.0215449
1.38797    -1.12654    6.96357e-11    0.0215449
1.38797    -1.12654    1.14376e-11    0.0215448
1.38797    -1.12654    2.0608e-12    0.0215448
1.38797    -1.12654    3.69127e-11    0.0215448
1.38797    -1.12654    1.10429e-10    0.0215448
1.38797    -1.12654    2.16305e-10    0.0215449
1.38798    -1.12654    3.47738e-10    0.0215449
1.38798    -1.12654    4.9766e-10    0.021545
1.38798    -1.12654    6.58974e-10    0.0215451
1.38799    -1.12654    8.24762e-10    0.0215452
1.38799    -1.12654    9.88488e-10    0.0215453
1.388    -1.12654    1.14416e-09    0.0215454
1.38801    -1.12654    1.28648e-09    0.0215455
1.38801    -1.12654    1.41096e-09    0.0215457
1.38802    -1.12654    1.51398e-09    0.0215458
1.38803    -1.12654    1.59285e-09    0.021546
1.38804    -1.12654    1.64586e-09    0.0215461
1.38805    -1.12654    1.67218e-09    0.0215463
1.38805    -1.12654    1.67193e-09    0.0215465
1.38806    -1.12654    1.64602e-09    0.0215466
1.38807    -1.12654    1.59612e-09    0.0215468
1.38808    -1.12654    1.52454e-09    0.0215469
1.38809    -1.12654    1.43411e-09    0.0215471
1.38809    -1.12654    1.32807e-09    0.0215473
1.3881    -1.12654    1.20995e-09    0.0215474
1.38811    -1.12654    1.08341e-09    0.0215475
1.38812    -1.12654    9.52157e-10    0.0215477
1.38812    -1.12654    8.19806e-10    0.0215478
1.38813    -1.12654    6.89783e-10    0.0215479
1.38813    -1.12654    5.65234e-10    0.021548
1.38814    -1.12654    4.48949e-10    0.0215481
1.38814    -1.12654    3.43296e-10    0.0215482
1.38815    -1.12654    2.50186e-10    0.0215483
1.38815    -1.12654    1.71035e-10    0.0215484
1.38815    -1.12654    1.06765e-10    0.0215484
1.38815    -1.12654    5.77993e-11    0.0215485
1.38815    -1.12654    2.40905e-11    0.0215485
1.38816    -1.12654    5.14872e-12    0.0215485
1.38816    -1.12654    8.78341e-14    0.0215485
1.38816    -1.12654    7.67799e-12    0.0215485
1.38816    -1.12654    2.64057e-11    0.0215485
1.38815    -1.12654    5.45384e-11    0.0215485
1.38815    -1.12654    9.0191e-11    0.0215485
1.38815    -1.12654    1.31393e-10    0.0215484
1.38815    -1.12654    1.76152e-10    0.0215484
1.38815    -1.12654    2.22519e-10    0.0215483
1.38814    -1.12654    2.68637e-10    0.0215483
1.38814    -1.12654    3.12798e-10    0.0215482
1.38814    -1.12654    3.53478e-10    0.0215482
1.38813    -1.12654    3.89375e-10    0.0215481
1.38813    -1.12654    4.19429e-10    0.021548
1.38812    -1.12654    4.42839e-10    0.0215479
1.38812    -1.12654    4.5907e-10    0.0215478
1.38812    -1.12654    4.67849e-10    0.0215478
1.38811    -1.12654    4.69157e-10    0.0215477
1.38811    -1.12654    4.63211e-10    0.0215476
1.3881    -1.12654    4.50439e-10    0.0215475
1.3881    -1.12654    4.31458e-10    0.0215474
1.38809    -1.12654    4.07037e-10    0.0215473
1.38809    -1.12654    3.78065e-10    0.0215472
1.38809    -1.12654    3.45516e-10    0.0215472
1.38808    -1.12654    3.10414e-10    0.0215471
1.38808    -1.12654    2.73797e-10    0.021547
1.38808    -1.12654    2.36685e-10    0.0215469
1.38807    -1.12654    2.00051e-10    0.0215469
1.38807    -1.12654    1.64793e-10    0.0215468
1.38807    -1.12654    1.31712e-10    0.0215468
1.38807    -1.12654    1.01498e-10    0.0215467
1.38806    -1.12654    7.47083e-11    0.0215467
1.38806    -1.12654    5.17684e-11    0.0215466
1.38806    -1.12654    3.29618e-11    0.0215466
1.38806    -1.12654    1.84335e-11    0.0215466
1.38806    -1.12654    8.19411e-12    0.0215466
1.38806    -1.12654    2.12872e-12    0.0215466
1.38806    -1.12654    8.59782e-15    0.0215466
1.38806    -1.12654    1.50574e-12    0.0215466
1.38806    -1.12654    6.20932e-12    0.0215466
1.38806    -1.12654    1.36436e-11    0.0215466
1.38806    -1.12654    2.32867e-11    0.0215466
1.38806    -1.12654    3.4589e-11    0.0215466
1.38806    -1.12654    4.69921e-11    0.0215466
1.38806    -1.12654    5.99456e-11    0.0215466
1.38806    -1.12654    7.29233e-11    0.0215467
1.38807    -1.12654    8.54375e-11    0.0215467
1.38807    -1.12654    9.70508e-11    0.0215467
1.38807    -1.12654    1.07386e-10    0.0215468
1.38807    -1.12654    1.16132e-10    0.0215468
1.38807    -1.12654    1.23053e-10    0.0215469
1.38808    -1.12654    1.27982e-10    0.0215469
1.38808    -1.12654    1.30832e-10    0.021547
1.38808    -1.12654    1.31583e-10    0.021547
1.38808    -1.12654    1.30285e-10    0.021547
1.38808    -1.12654    1.27047e-10    0.0215471
1.38809    -1.12654    1.22034e-10    0.0215471
1.38809    -1.12654    1.15453e-10    0.0215472
1.38809    -1.12654    1.07548e-10    0.0215472
1.38809    -1.12654    9.85893e-11    0.0215473
1.3881    -1.12654    8.88612e-11    0.0215473
1.3881    -1.12654    7.86549e-11    0.0215473
1.3881    -1.12654    6.82579e-11    0.0215474
1.3881    -1.12654    5.79458e-11    0.0215474
1.3881    -1.12654    4.79748e-11    0.0215475
1.3881    -1.12654    3.8575e-11    0.0215475
1.3881    -1.12654    2.99453e-11    0.0215475
1.38811    -1.12654    2.22494e-11    0.0215475
1.38811    -1.12654    1.56134e-11    0.0215475
1.38811    -1.12654    1.01241e-11    0.0215476
1.38811    -1.12654    5.82907e-12    0.0215476
1.38811    -1.12654    2.73826e-12    0.0215476
1.38811    -1.12654    8.25701e-13    0.0215476
1.38811    -1.12654    3.28919e-14    0.0215476
1.38811    -1.12654    2.72728e-13    0.0215476
1.38811    -1.12654    1.43401e-12    0.0215476
1.38811    -1.12654    3.38641e-12    0.0215476
1.38811    -1.12654    5.98565e-12    0.0215476
1.38811    -1.12654    9.0788e-12    0.0215476
1.38811    -1.12654    1.25094e-11    0.0215476
1.38811    -1.12654    1.61225e-11    0.0215476
1.38811    -1.12654    1.97691e-11    0.0215475
1.38811    -1.12654    2.33102e-11    0.0215475
1.3881    -1.12654    2.66203e-11    0.0215475
1.3881    -1.12654    2.95905e-11    0.0215475
1.3881    -1.12654    3.21302e-11    0.0215475
1.3881    -1.12654    3.41689e-11    0.0215474
1.3881    -1.12654    3.56568e-11    0.0215474
1.3881    -1.12654    3.65648e-11    0.0215474
1.3881    -1.12654    3.68842e-11    0.0215474
1.3881    -1.12654    3.66254e-11    0.0215473
1.3881    -1.12654    3.5816e-11    0.0215473
1.38809    -1.12654    3.44994e-11    0.0215473
1.38809    -1.12654    3.27317e-11    0.0215473
1.38809    -1.12654    3.05797e-11    0.0215472
1.38809    -1.12654    2.81178e-11    0.0215472
1.38809    -1.12654    2.54253e-11    0.0215472
1.38809    -1.12654    2.25835e-11    0.0215472
1.38809    -1.12654    1.96734e-11    0.0215472
1.38809    -1.12654    1.67731e-11    0.0215471
1.38809    -1.12654    1.39556e-11    0.0215471
1.38808    -1.12654    1.12868e-11    0.0215471
1.38808    -1.12654    8.82412e-12    0.0215471
1.38808    -1.12654    6.61547e-12    0.0215471
1.38808    -1.12654    4.69812e-12    0.0215471
1.38808    -1.12654    3.09847e-12    0.0215471
1.38808    -1.12654    1.83191e-12    0.0215471
1.38808    -1.12654    9.03143e-13    0.0215471
1.38808    -1.12654    3.06691e-13    0.0215471
1.38808    -1.12654    2.77841e-14    0.021547
1.38808    -1.12654    4.34051e-14    0.021547
1.38808    -1.12654    3.23538e-13    0.021547
1.38808    -1.12654    8.3254e-13    0.021547
1.38808    -1.12654    1.53058e-12    0.0215471
1.38808    -1.12654    2.37515e-12    0.0215471
1.38808    -1.12654    3.32245e-12    0.0215471
1.38808    -1.12654    4.32887e-12    0.0215471
1.38808    -1.12654    5.35225e-12    0.0215471
1.38808    -1.12654    6.35302e-12    0.0215471
1.38808    -1.12654    7.29527e-12    0.0215471
1.38808    -1.12654    8.14752e-12    0.0215471
1.38809    -1.12654    8.88341e-12    0.0215471
1.38809    -1.12654    9.48209e-12    0.0215471
1.38809    -1.12654    9.92854e-12    0.0215471
1.38809    -1.12654    1.02135e-11    0.0215472
1.38809    -1.12654    1.03336e-11    0.0215472
1.38809    -1.12654    1.02906e-11    0.0215472
1.38809    -1.12654    1.00916e-11    0.0215472
1.38809    -1.12654    9.74783e-12    0.0215472
1.38809    -1.12654    9.2745e-12    0.0215472
1.38809    -1.12654    8.68979e-12    0.0215472
1.38809    -1.12654    8.01423e-12    0.0215472
1.38809    -1.12654    7.26984e-12    0.0215473
1.38809    -1.12654    6.47938e-12    0.0215473
1.38809    -1.12654    5.66562e-12    0.0215473
1.38809    -1.12654    4.85064e-12    0.0215473
1.38809    -1.12654    4.0552e-12    0.0215473
1.38809    -1.12654    3.29817e-12    0.0215473
1.3881    -1.12654    2.59615e-12    0.0215473
1.3881    -1.12654    1.96304e-12    0.0215473
1.3881    -1.12654    1.40987e-12    0.0215473
1.3881    -1.12654    9.44603e-13    0.0215473
1.3881    -1.12654    5.72123e-13    0.0215473
1.3881    -1.12654    2.94291e-13    0.0215473
1.3881    -1.12654    1.10086e-13    0.0215473
1.3881    -1.12654    1.58303e-14    0.0215473
1.3881    -1.12654    5.47737e-15    0.0215473
1.3881    -1.12654    7.09501e-14    0.0215473
1.3881    -1.12654    2.02521e-13    0.0215473
1.3881    -1.12654    3.89215e-13    0.0215473
1.3881    -1.12654    6.19223e-13    0.0215473
1.3881    -1.12654    8.8031e-13    0.0215473
1.3881    -1.12654    1.16022e-12    0.0215473
1.3881    -1.12654    1.44702e-12    0.0215473
1.3881    -1.12654    1.72948e-12    0.0215473
1.3881    -1.12654    1.99732e-12    0.0215473
1.38809    -1.12654    2.24146e-12    0.0215473
1.38809    -1.12654    2.45425e-12    0.0215473
1.38809    -1.12654    2.62956e-12    0.0215473
1.38809    -1.12654    2.76285e-12    0.0215473
1.38809    -1.12654    2.85125e-12    0.0215473
1.38809    -1.12654    2.89348e-12    0.0215473
1.38809    -1.12654    2.88982e-12    0.0215473
1.38809    -1.12654    2.84196e-12    0.0215473
1.38809    -1.12654    2.75285e-12    0.0215473
1.38809    -1.12654    2.62657e-12    0.0215473
1.38809    -1.12654    2.46807e-12    0.0215472
1.38809    -1.12654    2.283e-12    0.0215472
1.38809    -1.12654    2.07747e-12    0.0215472
1.38809    -1.12654    1.85784e-12    0.0215472
1.38809    -1.12654    1.6305e-12    0.0215472
1.38809    -1.12654    1.40169e-12    0.0215472
1.38809    -1.12654    1.17731e-12    0.0215472
1.38809    -1.12654    9.62763e-13    0.0215472
1.38809    -1.12654    7.62821e-13    0.0215472
1.38809    -1.12654    5.81531e-13    0.0215472
1.38809    -1.12654    4.22135e-13    0.0215472
1.38809    -1.12654    2.87027e-13    0.0215472
1.38809    -1.12654    1.77736e-13    0.0215472
1.38809    -1.12654    9.49383e-14    0.0215472
1.38809    -1.12654    3.8494e-14    0.0215472
1.38809    -1.12654    7.505e-15    0.0215472
1.38809    -1.12654    3.92796e-16    0.0215472
1.38809    -1.12654    1.49915e-14    0.0215472
1.38809    -1.12654    4.86523e-14    0.0215472
1.38809    -1.12654    9.83552e-14    0.0215472
1.38809    -1.12654    1.60825e-13    0.0215472
1.38809    -1.12654    2.32646e-13    0.0215472
1.38809    -1.12654    3.10375e-13    0.0215472
1.38809    -1.12654    3.90646e-13    0.0215472
1.38809    -1.12654    4.70266e-13    0.0215472
1.38809    -1.12654    5.46298e-13    0.0215472
1.38809    -1.12654    6.16134e-13    0.0215472
1.38809    -1.12654    6.77549e-13    0.0215472
1.38809    -1.12654    7.28741e-13    0.0215472
1.38809    -1.12654    7.6836e-13    0.0215472
1.38809    -1.12654    7.95511e-13    0.0215472
1.38809    -1.12654    8.09756e-13    0.0215472
1.38809    -1.12654    8.11092e-13    0.0215472
1.38809    -1.12654    7.99923e-13    0.0215472
1.38809    -1.12654    7.77016e-13    0.0215472
1.38809    -1.12654    7.43457e-13    0.0215472
1.38809    -1.12654    7.00594e-13    0.0215472
1.38809    -1.12654    6.49979e-13    0.0215472
1.38809    -1.12654    5.93304e-13    0.0215472
1.38809    -1.12654    5.32344e-13    0.0215472
1.38809    -1.12654    4.68893e-13    0.0215472
1.38809    -1.12654    4.04712e-13    0.0215473
1.38809    -1.12654    3.41475e-13    0.0215473
1.38809    -1.12654    2.80724e-13    0.0215473
1.38809    -1.12654    2.23834e-13    0.0215473
1.38809    -1.12654    1.71977e-13    0.0215473
1.38809    -1.12654    1.26106e-13    0.0215473
1.38809    -1.12654    8.69361e-14    0.0215473
1.38809    -1.12654    5.49405e-14    0.0215473
1.38809    -1.12654    3.03528e-14    0.0215473
1.38809    -1.12654    1.31753e-14    0.0215473
1.38809    -1.12654    3.19395e-15    0.0215473
1.38809    -1.12654    3.10659e-20    0.0215473
1.38809    -1.12654    3.01489e-15    0.0215473
1.38809    -1.12654    1.15189e-14    0.0215473
1.38809    -1.12654    2.46826e-14    0.0215473
1.38809    -1.12654    4.15987e-14    0.0215473
1.38809    -1.12654    6.1315e-14    0.0215473
1.38809    -1.12654    8.28654e-14    0.0215473
1.38809    -1.12654    1.053e-13    0.0215473
1.38809    -1.12654    1.27714e-13    0.0215473
1.38809    -1.12654    1.49269e-13    0.0215473
1.38809    -1.12654    1.69215e-13    0.0215473
1.38809    -1.12654    1.86908e-13    0.0215473
1.38809    -1.12654    2.0182e-13    0.0215473
1.38809    -1.12654    2.13549e-13    0.0215473
1.38809    -1.12654    2.21821e-13    0.0215473
1.38809    -1.12654    2.26488e-13    0.0215473
1.38809    -1.12654    2.27529e-13    0.0215472
1.38809    -1.12654    2.25036e-13    0.0215472
1.38809    -1.12654    2.19206e-13    0.0215472
1.38809    -1.12654    2.10328e-13    0.0215472
1.38809    -1.12654    1.98767e-13    0.0215472
1.38809    -1.12654    1.84949e-13    0.0215472
1.38809    -1.12654    1.69343e-13    0.0215472
