1.04719    -1.09167    0.0941448    -0.656184    -2.78085    1.66174e-05    0.0216662
1.09073    -1.10177    0.105169    -0.651234    -2.73472    1.06016e-05    0.0561227
1.13675    -1.10991    0.111989    -0.642011    -2.69521    1.06575e-05    0.0997796
1.18423    -1.11626    0.11493    -0.632857    -2.65565    1.03422e-05    0.136792
1.23234    -1.12089    0.11452    -0.623895    -2.61692    9.75423e-06    0.167872
1.28036    -1.12399    0.111392    -0.615262    -2.57952    8.99378e-06    0.19351
1.32772    -1.12578    0.10618    -0.607048    -2.54382    8.14106e-06    0.214401
1.37396    -1.1265    0.0994642    -0.599304    -2.51005    7.25646e-06    0.231267
1.41871    -1.12637    0.0917502    -0.592057    -2.47835    6.38287e-06    0.244791
1.46169    -1.12557    0.0834573    -0.585313    -2.44879    5.54894e-06    0.255574
1.50269    -1.12428    0.0749245    -0.579065    -2.42137    4.77241e-06    0.26413
1.54153    -1.12264    0.0664184    -0.573303    -2.39608    4.06294e-06    0.270885
1.5781    -1.12077    0.0581428    -0.568011    -2.37286    3.42444e-06    0.276189
1.61232    -1.11876    0.0502493    -0.563172    -2.35162    2.8569e-06    0.280325
1.64413    -1.11669    0.0428464    -0.558767    -2.3323    2.35777e-06    0.283527
1.6735    -1.11463    0.0360074    -0.554777    -2.31481    1.92293e-06    0.285982
1.70043    -1.11263    0.029778    -0.551184    -2.29907    1.54746e-06    0.287845
1.72491    -1.11072    0.0241816    -0.547968    -2.28498    1.22611e-06    0.289241
1.74698    -1.10893    0.0192247    -0.545112    -2.27247    9.5364e-07    0.290271
1.76665    -1.10729    0.0149004    -0.542599    -2.26146    7.25026e-07    0.29102
1.78398    -1.1058    0.0111922    -0.540411    -2.25188    5.35593e-07    0.291554
1.79899    -1.10449    0.00807628    -0.538533    -2.24365    3.81069e-07    0.291926
1.81174    -1.10336    0.00552356    -0.536951    -2.23673    2.57617e-07    0.29218
1.82229    -1.10241    0.00350151    -0.535652    -2.23105    1.61821e-07    0.292348
1.83068    -1.10165    0.00197532    -0.534622    -2.22655    9.06722e-08    0.292457
1.83699    -1.10108    0.000908853    -0.533852    -2.22319    4.1533e-08    0.292527
1.84127    -1.10069    0.000265432    -0.533329    -2.22092    1.2103e-08    0.292569
1.84358    -1.10047    8.33772e-06    -0.533045    -2.2197    3.803e-10    0.292594
1.84399    -1.10044    0.000101201    -0.532992    -2.21949    4.62333e-09    0.292607
1.84256    -1.10057    0.000508259    -0.53316    -2.22026    2.33134e-08    0.292608
1.83936    -1.10086    0.00119451    -0.533543    -2.22197    5.51192e-08    0.292595
1.83446    -1.10131    0.00212579    -0.534134    -2.22459    9.88622e-08    0.292563
1.82792    -1.10191    0.00326883    -0.534927    -2.2281    1.53485e-07    0.292505
1.8198    -1.10264    0.00459117    -0.535915    -2.23247    2.18018e-07    0.292411
1.81019    -1.1035    0.00606117    -0.537095    -2.23767    2.91552e-07    0.292267
1.79914    -1.10448    0.00764791    -0.53846    -2.24368    3.7321e-07    0.292061
1.78673    -1.10556    0.0093211    -0.540005    -2.25048    4.62112e-07    0.291773
1.77303    -1.10674    0.011051    -0.541727    -2.25804    5.57357e-07    0.291387
1.75811    -1.108    0.0128084    -0.54362    -2.26635    6.57988e-07    0.290881
1.74205    -1.10933    0.0145645    -0.545679    -2.27538    7.6297e-07    0.290233
1.72493    -1.11072    0.0162907    -0.547899    -2.2851    8.71164e-07    0.289417
1.70682    -1.11214    0.0179591    -0.550275    -2.2955    9.81304e-07    0.28841
1.6878    -1.11358    0.0195418    -0.552802    -2.30654    1.09198e-06    0.287182
1.66796    -1.11503    0.0210117    -0.555472    -2.31819    1.20161e-06    0.285707
1.6474    -1.11647    0.0223423    -0.558279    -2.33042    1.30845e-06    0.283956
1.62618    -1.11788    0.0235079    -0.561215    -2.3432    1.41058e-06    0.281899
1.60443    -1.11924    0.0244839    -0.564271    -2.35649    1.50591e-06    0.279507
1.58222    -1.12054    0.0252474    -0.567436    -2.37024    1.59221e-06    0.276753
1.55968    -1.12175    0.0257774    -0.5707    -2.38441    1.66712e-06    0.273612
1.53689    -1.12285    0.0260559    -0.574048    -2.39894    1.72824e-06    0.270061
1.51399    -1.12384    0.0260677    -0.577467    -2.41376    1.77316e-06    0.26608
1.49108    -1.12469    0.0258024    -0.58094    -2.42882    1.79958e-06    0.261658
1.46828    -1.1254    0.0252542    -0.584449    -2.44403    1.80543e-06    0.256787
1.44573    -1.12594    0.0244234    -0.587974    -2.45931    1.78897e-06    0.251473
1.42356    -1.12631    0.0233172    -0.591492    -2.47457    1.74896e-06    0.245728
1.40189    -1.12651    0.0219504    -0.594979    -2.4897    1.68481e-06    0.239579
1.38086    -1.12653    0.0203464    -0.598411    -2.50461    1.59676e-06    0.233069
1.36062    -1.12639    0.0185373    -0.601761    -2.51918    1.48599e-06    0.226256
1.3413    -1.1261    0.0165638    -0.605    -2.53328    1.35478e-06    0.219217
1.32304    -1.12566    0.0144753    -0.608099    -2.54679    1.20649e-06    0.212046
1.30597    -1.1251    0.0123283    -0.611031    -2.55958    1.04562e-06    0.204856
1.29021    -1.12446    0.0101845    -0.613765    -2.57152    8.7765e-07    0.197776
1.27589    -1.12376    0.00810895    -0.616276    -2.5825    7.088e-07    0.190948
1.26311    -1.12304    0.00616615    -0.618536    -2.59239    5.45723e-07    0.184521
1.25197    -1.12233    0.00441704    -0.620522    -2.60109    3.95062e-07    0.178646
1.24254    -1.12167    0.00291509    -0.622214    -2.60851    2.62967e-07    0.173468
1.23488    -1.12109    0.00170282    -0.623596    -2.61458    1.54615e-07    0.169118
1.22902    -1.12062    0.00080884    -0.624657    -2.61924    7.37715e-08    0.165704
1.22499    -1.12029    0.000245874    -0.625389    -2.62247    2.24804e-08    0.163307
1.22276    -1.1201    9.92701e-06    -0.625791    -2.62425    9.09029e-10    0.161971
1.22231    -1.12006    8.08025e-05    -0.625868    -2.62462    7.37743e-09    0.161707
1.22359    -1.12017    0.000423902    -0.625629    -2.62361    3.85683e-08    0.162486
1.22651    -1.12041    0.000993093    -0.62509    -2.62129    8.98835e-08    0.164249
1.23098    -1.12078    0.00173432    -0.624268    -2.61774    1.55897e-07    0.166904
1.23689    -1.12124    0.00258957    -0.623189    -2.61307    2.30839e-07    0.17034
1.24411    -1.12178    0.00350073    -0.621876    -2.60738    3.09062e-07    0.174431
1.25251    -1.12236    0.00441305    -0.620359    -2.6008    3.85423e-07    0.179042
1.26194    -1.12297    0.00527796    -0.618668    -2.59346    4.55574e-07    0.184041
1.27225    -1.12356    0.006055    -0.616831    -2.58549    5.16132e-07    0.189297
1.28329    -1.12414    0.00671295    -0.614879    -2.57701    5.64739e-07    0.194693
1.29491    -1.12467    0.00723018    -0.612841    -2.56816    6.00036e-07    0.200125
1.30698    -1.12514    0.00759431    -0.610744    -2.55904    6.21564e-07    0.205501
1.31935    -1.12555    0.00780143    -0.608613    -2.54978    6.29621e-07    0.210749
1.33188    -1.12589    0.0078549    -0.606473    -2.54047    6.25105e-07    0.215808
1.34446    -1.12616    0.00776408    -0.604346    -2.53121    6.09342e-07    0.220634
1.35696    -1.12635    0.00754287    -0.602249    -2.52208    5.83942e-07    0.225194
1.36928    -1.12647    0.00720842    -0.600201    -2.51316    5.5066e-07    0.229468
1.38133    -1.12654    0.00677991    -0.598217    -2.50452    5.11287e-07    0.233443
1.39302    -1.12654    0.00627742    -0.596308    -2.4962    4.67565e-07    0.237114
1.40426    -1.12649    0.00572111    -0.594487    -2.48825    4.21129e-07    0.240483
1.41499    -1.12641    0.00513041    -0.592761    -2.48073    3.73458e-07    0.243556
1.42516    -1.12629    0.00452355    -0.591139    -2.47365    3.25857e-07    0.24634
1.4347    -1.12614    0.00391711    -0.589627    -2.46705    2.79444e-07    0.248849
1.44358    -1.12598    0.00332578    -0.588228    -2.46095    2.35148e-07    0.251094
1.45176    -1.12581    0.00276216    -0.586947    -2.45536    1.93717e-07    0.253088
1.45922    -1.12563    0.00223678    -0.585786    -2.45029    1.5573e-07    0.254845
1.46593    -1.12546    0.00175802    -0.584746    -2.44574    1.21611e-07    0.256379
1.47188    -1.12529    0.00133224    -0.583828    -2.44174    9.16434e-08    0.257701
1.47706    -1.12514    0.000963866    -0.583032    -2.43826    6.59897e-08    0.258824
1.48147    -1.12501    0.000655514    -0.582358    -2.43531    4.47049e-08    0.259759
1.4851    -1.12489    0.000408161    -0.581803    -2.43289    2.77516e-08    0.260517
1.48797    -1.1248    0.000221308    -0.581366    -2.43098    1.50143e-08    0.261105
1.49008    -1.12473    9.31453e-05    -0.581046    -2.42957    6.31087e-09    0.261533
1.49145    -1.12468    2.07305e-05    -0.580839    -2.42866    1.40407e-09    0.261808
1.4921    -1.12466    1.55295e-07    -0.580742    -2.42823    1.06927e-11    0.261936
1.49204    -1.12466    2.67109e-05    -0.580752    -2.42826    1.81012e-09    0.261923
1.49131    -1.12469    9.50462e-05    -0.580865    -2.42875    6.45166e-09    0.261773
1.48992    -1.12473    0.00019932    -0.581077    -2.42966    1.35612e-08    0.26149
1.48792    -1.1248    0.000333345    -0.581384    -2.43099    2.27472e-08    0.261079
1.48533    -1.12488    0.000490725    -0.581781    -2.43271    3.36061e-08    0.260542
1.48218    -1.12498    0.000664987    -0.582263    -2.4348    4.5728e-08    0.259883
1.47853    -1.1251    0.0008497    -0.582826    -2.43724    5.87014e-08    0.259105
1.47439    -1.12522    0.0010386    -0.583464    -2.44001    7.21188e-08    0.25821
1.46982    -1.12535    0.00122567    -0.584171    -2.44308    8.55818e-08    0.257202
1.46485    -1.12549    0.00140531    -0.584942    -2.44642    9.87067e-08    0.256084
1.45953    -1.12562    0.00157234    -0.585769    -2.45002    1.1113e-07    0.25486
1.4539    -1.12576    0.00172215    -0.586648    -2.45383    1.22516e-07    0.253534
1.44801    -1.12589    0.00185076    -0.587571    -2.45784    1.32558e-07    0.252113
1.44191    -1.12601    0.0019549    -0.588532    -2.46201    1.40991e-07    0.250601
1.43563    -1.12613    0.00203202    -0.589524    -2.46632    1.47592e-07    0.249006
1.42924    -1.12623    0.00208038    -0.590539    -2.47073    1.52188e-07    0.247336
1.42277    -1.12632    0.00209906    -0.591571    -2.47521    1.54659e-07    0.2456
1.41626    -1.12639    0.00208795    -0.592612    -2.47973    1.54943e-07    0.243809
1.40978    -1.12646    0.00204777    -0.593654    -2.48426    1.5304e-07    0.241974
1.40336    -1.1265    0.00198004    -0.594691    -2.48877    1.4901e-07    0.240108
1.39704    -1.12653    0.00188698    -0.595715    -2.49322    1.42973e-07    0.238225
1.39088    -1.12654    0.00177151    -0.596718    -2.49759    1.35108e-07    0.236338
1.38491    -1.12654    0.00163712    -0.597695    -2.50184    1.2565e-07    0.234465
1.37917    -1.12653    0.00148777    -0.598637    -2.50594    1.14876e-07    0.232621
1.37369    -1.1265    0.00132775    -0.599538    -2.50986    1.03104e-07    0.230823
1.36852    -1.12647    0.00116157    -0.600392    -2.51358    9.06796e-08    0.229088
1.36369    -1.12643    0.000993786    -0.601194    -2.51708    7.79631e-08    0.227432
1.35921    -1.12638    0.000828871    -0.601937    -2.52032    6.53173e-08    0.225871
1.35513    -1.12633    0.000671052    -0.602618    -2.52329    5.30941e-08    0.224422
1.35145    -1.12627    0.000524183    -0.603232    -2.52597    4.16213e-08    0.223097
1.3482    -1.12622    0.000391614    -0.603776    -2.52835    3.11904e-08    0.221911
1.34539    -1.12617    0.000276091    -0.604247    -2.53041    2.2046e-08    0.220873
1.34304    -1.12613    0.000179677    -0.604642    -2.53214    1.43769e-08    0.219993
1.34113    -1.12609    0.000103703    -0.604962    -2.53354    8.31069e-09    0.219278
1.33969    -1.12606    4.8748e-05    -0.605204    -2.5346    3.91075e-09    0.218732
1.3387    -1.12604    1.46526e-05    -0.60537    -2.53534    1.17615e-09    0.218357
1.33816    -1.12603    5.59465e-07    -0.60546    -2.53574    4.4922e-11    0.218152
1.33805    -1.12603    4.98319e-06    -0.605476    -2.53582    3.99848e-10    0.218114
1.33837    -1.12604    2.59013e-05    -0.605421    -2.53559    2.07654e-09    0.218239
1.33909    -1.12605    6.0863e-05    -0.605297    -2.53506    4.87325e-09    0.218518
1.3402    -1.12607    0.000107109    -0.605109    -2.53425    8.5618e-09    0.218943
1.34166    -1.1261    0.000161697    -0.604859    -2.53317    1.28989e-08    0.219503
1.34347    -1.12614    0.000221623    -0.604554    -2.53185    1.76372e-08    0.220186
1.34558    -1.12618    0.00028394    -0.604197    -2.53031    2.25358e-08    0.220978
1.34797    -1.12622    0.000345863    -0.603793    -2.52856    2.73693e-08    0.221866
1.35061    -1.12626    0.000404855    -0.603349    -2.52663    3.19353e-08    0.222836
1.35347    -1.1263    0.000458703    -0.60287    -2.52455    3.60603e-08    0.223874
1.35651    -1.12634    0.000505568    -0.602361    -2.52234    3.96033e-08    0.224965
1.3597    -1.12638    0.000544018    -0.601828    -2.52003    4.24585e-08    0.226096
1.36301    -1.12642    0.00057304    -0.601277    -2.51763    4.4555e-08    0.227253
1.3664    -1.12645    0.000592042    -0.600712    -2.51518    4.58562e-08    0.228425
1.36986    -1.12648    0.000600825    -0.60014    -2.51269    4.63574e-08    0.229599
1.37333    -1.1265    0.000599562    -0.599565    -2.51018    4.60823e-08    0.230765
1.37681    -1.12652    0.000588748    -0.598992    -2.50769    4.50792e-08    0.231914
1.38025    -1.12653    0.00056916    -0.598425    -2.50523    4.34168e-08    0.233035
1.38364    -1.12654    0.000541795    -0.59787    -2.50281    4.1179e-08    0.234123
1.38694    -1.12654    0.000507825    -0.597329    -2.50045    3.84614e-08    0.23517
1.39014    -1.12654    0.000468536    -0.596807    -2.49818    3.53661e-08    0.236169
1.39321    -1.12654    0.00042528    -0.596307    -2.496    3.1998e-08    0.237117
1.39614    -1.12653    0.000379424    -0.595831    -2.49393    2.84614e-08    0.238009
1.3989    -1.12652    0.000332307    -0.595383    -2.49197    2.48565e-08    0.238841
1.40149    -1.12651    0.000285203    -0.594964    -2.49015    2.12773e-08    0.239611
1.40388    -1.1265    0.000239287    -0.594577    -2.48846    1.78091e-08    0.240317
1.40608    -1.12648    0.000195611    -0.594223    -2.48692    1.4527e-08    0.240958
1.40806    -1.12647    0.000155084    -0.593904    -2.48552    1.14952e-08    0.241532
1.40983    -1.12645    0.000118457    -0.59362    -2.48428    8.76563e-09    0.242038
1.41137    -1.12644    8.63153e-05    -0.593372    -2.4832    6.37815e-09    0.242478
1.41269    -1.12643    5.90788e-05    -0.593161    -2.48228    4.36045e-09    0.242851
1.41378    -1.12642    3.70007e-05    -0.592986    -2.48151    2.72844e-09    0.243158
1.41465    -1.12641    2.01757e-05    -0.592848    -2.48091    1.48678e-09    0.2434
1.41528    -1.12641    8.54929e-06    -0.592747    -2.48046    6.29763e-10    0.243577
1.4157    -1.1264    1.93116e-06    -0.592681    -2.48017    1.42246e-10    0.243692
1.4159    -1.1264    1.02765e-08    -0.59265    -2.48003    7.66574e-13    0.243746
1.41588    -1.1264    2.37218e-06    -0.592653    -2.48004    1.74738e-10    0.24374
1.41566    -1.1264    8.5174e-06    -0.592689    -2.48019    6.27716e-10    0.243678
1.41525    -1.12641    1.78807e-05    -0.592756    -2.48048    1.31869e-09    0.243561
1.41465    -1.12641    2.98504e-05    -0.592853    -2.4809    2.20341e-09    0.243392
1.41387    -1.12642    4.37879e-05    -0.592978    -2.48144    3.23565e-09    0.243172
1.41293    -1.12643    5.90461e-05    -0.593129    -2.48209    4.36849e-09    0.242906
1.41184    -1.12644    7.49871e-05    -0.593305    -2.48285    5.55552e-09    0.242596
1.41061    -1.12645    9.09986e-05    -0.593503    -2.48371    6.75196e-09    0.242245
1.40926    -1.12646    0.000106509    -0.593721    -2.48466    7.9157e-09    0.241856
1.4078    -1.12647    0.000120998    -0.593958    -2.48569    9.00821e-09    0.241434
1.40624    -1.12648    0.000134013    -0.59421    -2.48678    9.99539e-09    0.24098
1.40459    -1.12649    0.000145171    -0.594476    -2.48793    1.08482e-08    0.2405
1.40288    -1.1265    0.000154169    -0.594752    -2.48914    1.1543e-08    0.239997
1.40112    -1.12651    0.000160786    -0.595038    -2.49038    1.20625e-08    0.239475
1.39932    -1.12652    0.000164886    -0.59533    -2.49165    1.2395e-08    0.238939
1.3975    -1.12653    0.000166416    -0.595626    -2.49293    1.25354e-08    0.238391
1.39567    -1.12653    0.000165404    -0.595923    -2.49423    1.24843e-08    0.237837
1.39384    -1.12654    0.000161953    -0.59622    -2.49552    1.22482e-08    0.23728
1.39204    -1.12654    0.000156234    -0.596514    -2.4968    1.18388e-08    0.236725
1.39026    -1.12654    0.000148477    -0.596804    -2.49806    1.12724e-08    0.236176
1.38854    -1.12654    0.000138962    -0.597086    -2.49928    1.05696e-08    0.235637
1.38686    -1.12654    0.000128009    -0.597359    -2.50047    9.75366e-09    0.235112
1.38526    -1.12654    0.000115963    -0.597622    -2.50162    8.85067e-09    0.234605
1.38373    -1.12654    0.000103185    -0.597872    -2.50271    7.88789e-09    0.23412
1.38229    -1.12654    9.00394e-05    -0.598108    -2.50374    6.89314e-09    0.233659
1.38094    -1.12653    7.6882e-05    -0.598329    -2.5047    5.89388e-09    0.233226
1.3797    -1.12653    6.40505e-05    -0.598533    -2.50559    4.91631e-09    0.232824
1.37856    -1.12653    5.18544e-05    -0.59872    -2.5064    3.98462e-09    0.232456
1.37754    -1.12652    4.05668e-05    -0.598887    -2.50713    3.12033e-09    0.232123
1.37664    -1.12652    3.04182e-05    -0.599036    -2.50778    2.34171e-09    0.231827
1.37585    -1.12652    2.15914e-05    -0.599164    -2.50835    1.66338e-09    0.23157
1.37519    -1.12651    1.42184e-05    -0.599273    -2.50882    1.09601e-09    0.231354
1.37466    -1.12651    8.37947e-06    -0.599361    -2.5092    6.46207e-10    0.231178
1.37425    -1.12651    4.10335e-06    -0.599428    -2.5095    3.1654e-10    0.231042
1.37396    -1.12651    1.36959e-06    -0.599475    -2.50971    1.05674e-10    0.230948
1.37379    -1.1265    1.12241e-07    -0.599502    -2.50983    8.66297e-12    0.230893
1.37375    -1.1265    2.24765e-07    -0.599509    -2.50986    1.73402e-11    0.230878
1.37381    -1.1265    1.56607e-06    -0.599498    -2.50981    1.20792e-10    0.230902
1.37399    -1.12651    3.96727e-06    -0.599468    -2.50969    3.059e-10    0.230961
1.37427    -1.12651    7.23893e-06    -0.599421    -2.50949    5.57924e-10    0.231056
1.37466    -1.12651    1.11785e-05    -0.599358    -2.50921    8.61099e-10    0.231183
1.37513    -1.12651    1.55778e-05    -0.599279    -2.50887    1.19923e-09    0.231341
1.37569    -1.12651    2.02298e-05    -0.599186    -2.50847    1.55624e-09    0.231526
1.37633    -1.12652    2.49355e-05    -0.599081    -2.50801    1.91672e-09    0.231737
1.37704    -1.12652    2.95095e-05    -0.598964    -2.50751    2.26636e-09    0.23197
1.37781    -1.12652    3.37848e-05    -0.598837    -2.50696    2.59233e-09    0.232223
1.37863    -1.12653    3.76171e-05    -0.598701    -2.50637    2.88359e-09    0.232492
1.3795    -1.12653    4.08874e-05    -0.598557    -2.50574    3.13112e-09    0.232776
1.38041    -1.12653    4.35039e-05    -0.598408    -2.50509    3.32803e-09    0.23307
1.38135    -1.12654    4.54029e-05    -0.598254    -2.50443    3.46963e-09    0.233372
1.3823    -1.12654    4.65489e-05    -0.598097    -2.50374    3.55339e-09    0.23368
1.38327    -1.12654    4.6933e-05    -0.597938    -2.50305    3.57886e-09    0.23399
1.38424    -1.12654    4.65717e-05    -0.597779    -2.50236    3.54751e-09    0.2343
1.38521    -1.12654    4.55041e-05    -0.59762    -2.50167    3.46253e-09    0.234608
1.38617    -1.12654    4.3789e-05    -0.597464    -2.50099    3.32858e-09    0.234911
1.38711    -1.12654    4.15018e-05    -0.59731    -2.50032    3.15154e-09    0.235207
1.38802    -1.12654    3.87304e-05    -0.597161    -2.49967    2.93824e-09    0.235494
1.38891    -1.12654    3.5572e-05    -0.597016    -2.49904    2.69612e-09    0.23577
1.38975    -1.12654    3.21293e-05    -0.596878    -2.49844    2.43304e-09    0.236034
1.39056    -1.12654    2.85066e-05    -0.596747    -2.49787    2.15691e-09    0.236283
1.39131    -1.12654    2.48069e-05    -0.596624    -2.49733    1.87553e-09    0.236518
1.39202    -1.12654    2.11288e-05    -0.596509    -2.49683    1.59631e-09    0.236736
1.39267    -1.12654    1.75637e-05    -0.596403    -2.49636    1.3261e-09    0.236936
1.39327    -1.12654    1.41937e-05    -0.596306    -2.49594    1.07103e-09    0.237119
1.3938    -1.12654    1.10896e-05    -0.596219    -2.49556    8.36372e-10    0.237282
1.39427    -1.12654    8.30995e-06    -0.596142    -2.49523    6.26458e-10    0.237426
1.39468    -1.12654    5.90006e-06    -0.596076    -2.49494    4.44621e-10    0.237551
1.39503    -1.12654    3.89146e-06    -0.59602    -2.49469    2.93168e-10    0.237656
1.39531    -1.12653    2.3021e-06    -0.595975    -2.4945    1.73393e-10    0.23774
1.39552    -1.12653    1.13673e-06    -0.59594    -2.49434    8.56059e-11    0.237805
1.39567    -1.12653    3.87697e-07    -0.595916    -2.49423    2.91957e-11    0.237851
1.39576    -1.12653    3.60148e-08    -0.595901    -2.49417    2.71306e-12    0.237877
1.39579    -1.12653    5.27038e-08    -0.595897    -2.49415    3.96862e-12    0.237885
1.39576    -1.12653    4.00321e-07    -0.595903    -2.49418    3.01464e-11    0.237875
1.39567    -1.12653    1.03462e-06    -0.595918    -2.49424    7.79265e-11    0.237847
1.39552    -1.12653    1.9063e-06    -0.595941    -2.49434    1.43613e-10    0.237803
1.39533    -1.12653    2.96276e-06    -0.595973    -2.49448    2.23266e-10    0.237743
1.39508    -1.12654    4.14987e-06    -0.596013    -2.49465    3.12826e-10    0.237668
1.39479    -1.12654    5.41363e-06    -0.59606    -2.49486    4.08243e-10    0.23758
1.39446    -1.12654    6.7017e-06    -0.596114    -2.49509    5.05586e-10    0.237479
1.3941    -1.12654    7.96486e-06    -0.596174    -2.49535    6.0115e-10    0.237367
1.3937    -1.12654    9.15821e-06    -0.596239    -2.49563    6.91549e-10    0.237244
1.39327    -1.12654    1.02422e-05    -0.59631    -2.49594    7.73792e-10    0.237112
1.39281    -1.12654    1.11833e-05    -0.596384    -2.49626    8.45342e-10    0.236972
1.39234    -1.12654    1.1955e-05    -0.596461    -2.49659    9.04164e-10    0.236826
1.39185    -1.12654    1.25375e-05    -0.596541    -2.49694    9.48749e-10    0.236675
1.39134    -1.12654    1.29184e-05    -0.596623    -2.4973    9.78128e-10    0.236519
1.39083    -1.12654    1.30924e-05    -0.596706    -2.49766    9.91865e-10    0.236361
1.39032    -1.12654    1.30609e-05    -0.59679    -2.49802    9.90035e-10    0.236202
1.38981    -1.12654    1.28314e-05    -0.596874    -2.49839    9.73191e-10    0.236043
1.3893    -1.12654    1.24175e-05    -0.596957    -2.49875    9.42319e-10    0.235884
1.3888    -1.12654    1.18374e-05    -0.597038    -2.4991    8.98778e-10    0.235728
1.38831    -1.12654    1.11133e-05    -0.597118    -2.49945    8.44238e-10    0.235575
1.38784    -1.12654    1.02705e-05    -0.597195    -2.49979    7.80609e-10    0.235427
1.38738    -1.12654    9.33669e-06    -0.59727    -2.50011    7.09971e-10    0.235285
1.38695    -1.12654    8.34037e-06    -0.597341    -2.50042    6.34496e-10    0.235148
1.38654    -1.12654    7.31043e-06    -0.597408    -2.50071    5.56378e-10    0.235019
1.38616    -1.12654    6.27504e-06    -0.59747    -2.50099    4.77763e-10    0.234898
1.3858    -1.12654    5.26086e-06    -0.597528    -2.50124    4.00689e-10    0.234786
1.38548    -1.12654    4.29234e-06    -0.597582    -2.50147    3.27028e-10    0.234683
1.38518    -1.12654    3.39109e-06    -0.59763    -2.50168    2.58437e-10    0.23459
1.38492    -1.12654    2.57543e-06    -0.597672    -2.50187    1.96324e-10    0.234507
1.38469    -1.12654    1.85998e-06    -0.59771    -2.50203    1.41816e-10    0.234435
1.3845    -1.12654    1.25554e-06    -0.597741    -2.50217    9.57462e-11    0.234374
1.38434    -1.12654    7.68904e-07    -0.597767    -2.50228    5.8644e-11    0.234324
1.38422    -1.12654    4.02985e-07    -0.597787    -2.50237    3.07387e-11    0.234284
1.38413    -1.12654    1.56942e-07    -0.597802    -2.50243    1.19721e-11    0.234256
1.38407    -1.12654    2.64579e-08    -0.597811    -2.50247    2.01861e-12    0.234238
1.38405    -1.12654    4.10157e-09    -0.597815    -2.50249    3.12944e-13    0.234231
1.38406    -1.12654    7.97573e-08    -0.597813    -2.50249    6.08341e-12    0.234234
1.3841    -1.12654    2.41114e-07    -0.597806    -2.50246    1.83894e-11    0.234247
1.38417    -1.12654    4.74188e-07    -0.597795    -2.50241    3.61618e-11    0.23427
1.38426    -1.12654    7.63864e-07    -0.597779    -2.50234    5.82446e-11    0.234301
1.38439    -1.12654    1.09443e-06    -0.597758    -2.50225    8.34364e-11    0.23434
1.38454    -1.12654    1.4501e-06    -0.597734    -2.50214    1.10531e-10    0.234388
1.38471    -1.12654    1.8155e-06    -0.597706    -2.50202    1.38354e-10    0.234442
1.3849    -1.12654    2.17613e-06    -0.597674    -2.50189    1.65797e-10    0.234503
1.38511    -1.12654    2.51869e-06    -0.59764    -2.50174    1.91848e-10    0.23457
1.38533    -1.12654    2.83146e-06    -0.597603    -2.50158    2.15615e-10    0.234641
1.38557    -1.12654    3.10454e-06    -0.597564    -2.50141    2.36344e-10    0.234717
1.38582    -1.12654    3.32998e-06    -0.597523    -2.50123    2.53434e-10    0.234796
1.38608    -1.12654    3.50193e-06    -0.597481    -2.50104    2.66442e-10    0.234878
1.38635    -1.12654    3.61665e-06    -0.597437    -2.50086    2.75089e-10    0.234962
1.38662    -1.12654    3.67249e-06    -0.597393    -2.50066    2.79252e-10    0.235047
1.38689    -1.12654    3.66976e-06    -0.597348    -2.50047    2.78961e-10    0.235133
1.38716    -1.12654    3.61062e-06    -0.597304    -2.50028    2.74384e-10    0.235219
1.38743    -1.12654    3.49884e-06    -0.59726    -2.50008    2.65812e-10    0.235303
1.38769    -1.12654    3.33962e-06    -0.597217    -2.4999    2.53643e-10    0.235387
1.38795    -1.12654    3.13928e-06    -0.597174    -2.49971    2.38361e-10    0.235468
1.38821    -1.12654    2.90501e-06    -0.597133    -2.49953    2.20515e-10    0.235547
1.38845    -1.12654    2.6446e-06    -0.597094    -2.49936    2.00697e-10    0.235623
1.38868    -1.12654    2.36614e-06    -0.597056    -2.4992    1.79522e-10    0.235695
1.3889    -1.12654    2.07777e-06    -0.59702    -2.49904    1.57608e-10    0.235763
1.3891    -1.12654    1.7874e-06    -0.596987    -2.4989    1.35554e-10    0.235827
1.38929    -1.12654    1.50252e-06    -0.596956    -2.49876    1.13928e-10    0.235886
1.38946    -1.12654    1.22998e-06    -0.596928    -2.49864    9.32466e-11    0.23594
1.38962    -1.12654    9.75839e-07    -0.596902    -2.49853    7.39685e-11    0.235989
1.38976    -1.12654    7.4522e-07    -0.596879    -2.49843    5.64802e-11    0.236032
1.38988    -1.12654    5.42237e-07    -0.596859    -2.49834    4.10916e-11    0.23607
1.38999    -1.12654    3.6993e-07    -0.596842    -2.49826    2.80314e-11    0.236103
1.39008    -1.12654    2.30246e-07    -0.596828    -2.4982    1.74457e-11    0.236129
1.39014    -1.12654    1.24062e-07    -0.596817    -2.49815    9.39974e-12    0.23615
1.39019    -1.12654    5.12215e-08    -0.596809    -2.49812    3.88084e-12    0.236166
1.39023    -1.12654    1.06167e-08    -0.596804    -2.4981    8.04454e-13    0.236176
1.39024    -1.12654    2.81436e-10    -0.596802    -2.49809    2.13582e-14    0.23618
1.39024    -1.12654    1.7509e-08    -0.596802    -2.49809    1.32648e-12    0.236179
1.39022    -1.12654    5.89824e-08    -0.596805    -2.4981    4.46871e-12    0.236173
1.39018    -1.12654    1.20914e-07    -0.596811    -2.49812    9.16143e-12    0.236163
1.39013    -1.12654    1.99189e-07    -0.596819    -2.49816    1.50934e-11    0.236147
1.39007    -1.12654    2.89513e-07    -0.596829    -2.4982    2.19395e-11    0.236127
1.39    -1.12654    3.87546e-07    -0.596842    -2.49826    2.93715e-11    0.236103
1.38991    -1.12654    4.8904e-07    -0.596856    -2.49832    3.70678e-11    0.236076
1.38981    -1.12654    5.89957e-07    -0.596872    -2.49839    4.47225e-11    0.236045
1.3897    -1.12654    6.86572e-07    -0.59689    -2.49847    5.20535e-11    0.236011
1.38958    -1.12654    7.7557e-07    -0.59691    -2.49855    5.88091e-11    0.235974
1.38946    -1.12654    8.54107e-07    -0.59693    -2.49864    6.47739e-11    0.235935
1.38932    -1.12654    9.19872e-07    -0.596951    -2.49873    6.9772e-11    0.235894
1.38919    -1.12654    9.71116e-07    -0.596974    -2.49883    7.36703e-11    0.235852
1.38905    -1.12654    1.00666e-06    -0.596997    -2.49893    7.63792e-11    0.235808
1.38891    -1.12654    1.02592e-06    -0.59702    -2.49903    7.78523e-11    0.235764
1.38876    -1.12654    1.02882e-06    -0.597043    -2.49913    7.80853e-11    0.235719
1.38862    -1.12654    1.01585e-06    -0.597067    -2.49924    7.71128e-11    0.235674
1.38848    -1.12654    9.87924e-07    -0.59709    -2.49934    7.50049e-11    0.235629
1.38833    -1.12654    9.46391e-07    -0.597113    -2.49944    7.18626e-11    0.235585
1.3882    -1.12654    8.92925e-07    -0.597136    -2.49954    6.78127e-11    0.235542
1.38806    -1.12654    8.29467e-07    -0.597158    -2.49963    6.30025e-11    0.2355
1.38793    -1.12654    7.58147e-07    -0.597179    -2.49972    5.75932e-11    0.235459
1.38781    -1.12654    6.81205e-07    -0.597199    -2.49981    5.17549e-11    0.23542
1.38769    -1.12654    6.00915e-07    -0.597218    -2.49989    4.56604e-11    0.235384
1.38758    -1.12654    5.19515e-07    -0.597236    -2.49997    3.94797e-11    0.235349
1.38748    -1.12654    4.39141e-07    -0.597253    -2.50005    3.33753e-11    0.235317
1.38739    -1.12654    3.61767e-07    -0.597268    -2.50011    2.74973e-11    0.235288
1.3873    -1.12654    2.89156e-07    -0.597282    -2.50017    2.19802e-11    0.235261
1.38722    -1.12654    2.22824e-07    -0.597294    -2.50023    1.69392e-11    0.235237
1.38716    -1.12654    1.64003e-07    -0.597305    -2.50028    1.24684e-11    0.235216
1.3871    -1.12654    1.1363e-07    -0.597315    -2.50032    8.63928e-12    0.235198
1.38705    -1.12654    7.23333e-08    -0.597323    -2.50035    5.49973e-12    0.235183
1.38701    -1.12654    4.04335e-08    -0.597329    -2.50038    3.0744e-12    0.235171
1.38699    -1.12654    1.79567e-08    -0.597333    -2.5004    1.36541e-12    0.235162
1.38697    -1.12654    4.65206e-09    -0.597336    -2.50041    3.53763e-13    0.235156
1.38696    -1.12654    1.72636e-11    -0.597338    -2.50042    1.32732e-15    0.235153
1.38696    -1.12654    3.33106e-09    -0.597338    -2.50042    2.53269e-13    0.235153
1.38696    -1.12654    1.36894e-08    -0.597337    -2.50041    1.04082e-12    0.235156
1.38698    -1.12654    3.0045e-08    -0.597334    -2.5004    2.28432e-12    0.235161
1.38701    -1.12654    5.12485e-08    -0.59733    -2.50038    3.8963e-12    0.235169
1.38704    -1.12654    7.60903e-08    -0.597325    -2.50036    5.78472e-12    0.235179
1.38708    -1.12654    1.03341e-07    -0.597318    -2.50033    7.85604e-12    0.235191
1.38712    -1.12654    1.31789e-07    -0.597311    -2.5003    1.00181e-11    0.235206
1.38717    -1.12654    1.60277e-07    -0.597302    -2.50026    1.21829e-11    0.235222
1.38723    -1.12654    1.87733e-07    -0.597293    -2.50022    1.4269e-11    0.23524
1.38729    -1.12654    2.13197e-07    -0.597283    -2.50018    1.62032e-11    0.235259
1.38736    -1.12654    2.35839e-07    -0.597272    -2.50013    1.79227e-11    0.23528
1.38743    -1.12654    2.54982e-07    -0.597261    -2.50008    1.93759e-11    0.235302
1.3875    -1.12654    2.70104e-07    -0.597249    -2.50003    2.05234e-11    0.235324
1.38757    -1.12654    2.80849e-07    -0.597237    -2.49998    2.1338e-11    0.235347
1.38765    -1.12654    2.87022e-07    -0.597225    -2.49993    2.18053e-11    0.235371
1.38772    -1.12654    2.88588e-07    -0.597212    -2.49987    2.19224e-11    0.235395
1.3878    -1.12654    2.85657e-07    -0.5972    -2.49982    2.16979e-11    0.235419
1.38788    -1.12654    2.78475e-07    -0.597188    -2.49977    2.11507e-11    0.235442
1.38795    -1.12654    2.67403e-07    -0.597175    -2.49971    2.03081e-11    0.235466
1.38802    -1.12654    2.52902e-07    -0.597163    -2.49966    1.92053e-11    0.235489
1.3881    -1.12654    2.3551e-07    -0.597152    -2.49961    1.78832e-11    0.235511
1.38816    -1.12654    2.15818e-07    -0.59714    -2.49956    1.63868e-11    0.235533
1.38823    -1.12654    1.94454e-07    -0.59713    -2.49951    1.47636e-11    0.235554
1.38829    -1.12654    1.72055e-07    -0.597119    -2.49947    1.30622e-11    0.235573
1.38835    -1.12654    1.49252e-07    -0.59711    -2.49943    1.13304e-11    0.235591
1.38841    -1.12654    1.26649e-07    -0.597101    -2.49939    9.61394e-12    0.235609
1.38846    -1.12654    1.04806e-07    -0.597093    -2.49935    7.95543e-12    0.235624
1.3885    -1.12654    8.42254e-08    -0.597085    -2.49932    6.39295e-12    0.235639
1.38854    -1.12654    6.53414e-08    -0.597078    -2.49929    4.95942e-12    0.235652
1.38858    -1.12654    4.8511e-08    -0.597072    -2.49926    3.68187e-12    0.235663
1.38861    -1.12654    3.40078e-08    -0.597067    -2.49924    2.58105e-12    0.235673
1.38864    -1.12654    2.20202e-08    -0.597063    -2.49922    1.67121e-12    0.235681
1.38866    -1.12654    1.26506e-08    -0.59706    -2.49921    9.60104e-13    0.235687
1.38867    -1.12654    5.91883e-09    -0.597057    -2.4992    4.49204e-13    0.235692
1.38869    -1.12654    1.76645e-09    -0.597055    -2.49919    1.34069e-13    0.235696
1.38869    -1.12654    6.41129e-11    -0.597054    -2.49919    4.87099e-15    0.235698
1.38869    -1.12654    6.20068e-10    -0.597054    -2.49918    4.7056e-14    0.235698
1.38869    -1.12654    3.1901e-09    -0.597055    -2.49919    2.42093e-13    0.235697
1.38868    -1.12654    7.48837e-09    -0.597056    -2.49919    5.68297e-13    0.235694
1.38867    -1.12654    1.31988e-08    -0.597058    -2.4992    1.00169e-12    0.23569
1.38865    -1.12654    1.99864e-08    -0.597061    -2.49921    1.51686e-12    0.235685
1.38863    -1.12654    2.7509e-08    -0.597064    -2.49923    2.08784e-12    0.235679
1.38861    -1.12654    3.54275e-08    -0.597068    -2.49924    2.68891e-12    0.235672
1.38858    -1.12654    4.34159e-08    -0.597072    -2.49926    3.29533e-12    0.235663
1.38855    -1.12654    5.11704e-08    -0.597077    -2.49928    3.88406e-12    0.235654
1.38852    -1.12654    5.84168e-08    -0.597082    -2.49931    4.43427e-12    0.235644
1.38849    -1.12654    6.49169e-08    -0.597088    -2.49933    4.92788e-12    0.235633
1.38845    -1.12654    7.04728e-08    -0.597094    -2.49936    5.34986e-12    0.235622
1.38841    -1.12654    7.49304e-08    -0.5971    -2.49938    5.6885e-12    0.23561
1.38837    -1.12654    7.81809e-08    -0.597107    -2.49941    5.93553e-12    0.235598
1.38833    -1.12654    8.0161e-08    -0.597113    -2.49944    6.08614e-12    0.235585
1.38829    -1.12654    8.08518e-08    -0.59712    -2.49947    6.13887e-12    0.235573
1.38825    -1.12654    8.0276e-08    -0.597126    -2.4995    6.09542e-12    0.23556
1.38821    -1.12654    7.84945e-08    -0.597133    -2.49952    5.96042e-12    0.235548
1.38817    -1.12654    7.56022e-08    -0.597139    -2.49955    5.74104e-12    0.235535
1.38813    -1.12654    7.17223e-08    -0.597146    -2.49958    5.44664e-12    0.235523
1.3881    -1.12654    6.7001e-08    -0.597152    -2.49961    5.08831e-12    0.235511
1.38806    -1.12654    6.16012e-08    -0.597158    -2.49963    4.67842e-12    0.235499
1.38802    -1.12654    5.56968e-08    -0.597164    -2.49966    4.23015e-12    0.235488
1.38799    -1.12654    4.94661e-08    -0.597169    -2.49968    3.75707e-12    0.235478
1.38796    -1.12654    4.30866e-08    -0.597174    -2.49971    3.27264e-12    0.235468
1.38793    -1.12654    3.67293e-08    -0.597179    -2.49973    2.78985e-12    0.235459
1.3879    -1.12654    3.05541e-08    -0.597183    -2.49975    2.32087e-12    0.23545
1.38788    -1.12654    2.47056e-08    -0.597187    -2.49976    1.87667e-12    0.235443
1.38786    -1.12654    1.93098e-08    -0.597191    -2.49978    1.46683e-12    0.235436
1.38784    -1.12654    1.44714e-08    -0.597194    -2.49979    1.09932e-12    0.235429
1.38782    -1.12654    1.02722e-08    -0.597197    -2.49981    7.80337e-13    0.235424
1.3878    -1.12654    6.76988e-09    -0.597199    -2.49982    5.14289e-13    0.23542
1.38779    -1.12654    3.99817e-09    -0.597201    -2.49982    3.03735e-13    0.235416
1.38778    -1.12654    1.96722e-09    -0.597203    -2.49983    1.4945e-13    0.235413
1.38778    -1.12654    6.649e-10    -0.597204    -2.49983    5.05146e-14    0.235411
1.38777    -1.12654    5.86851e-11    -0.597204    -2.49984    4.46003e-15    0.23541
1.38777    -1.12654    9.79567e-11    -0.597205    -2.49984    7.44147e-15    0.23541
1.38777    -1.12654    7.16755e-10    -0.597204    -2.49984    5.44479e-14    0.23541
1.38778    -1.12654    1.83679e-09    -0.597204    -2.49983    1.39531e-13    0.235411
1.38778    -1.12654    3.3706e-09    -0.597203    -2.49983    2.56046e-13    0.235413
1.38779    -1.12654    5.22486e-09    -0.597201    -2.49982    3.96899e-13    0.235416
1.3878    -1.12654    7.30348e-09    -0.5972    -2.49982    5.54794e-13    0.235419
1.38781    -1.12654    9.5108e-09    -0.597198    -2.49981    7.22458e-13    0.235423
1.38783    -1.12654    1.17543e-08    -0.597195    -2.4998    8.92866e-13    0.235427
1.38784    -1.12654    1.39474e-08    -0.597193    -2.49979    1.05943e-12    0.235432
1.38786    -1.12654    1.60112e-08    -0.59719    -2.49978    1.21618e-12    0.235437
1.38788    -1.12654    1.78769e-08    -0.597187    -2.49976    1.35787e-12    0.235443
1.3879    -1.12654    1.94869e-08    -0.597184    -2.49975    1.48012e-12    0.235449
1.38792    -1.12654    2.07954e-08    -0.597181    -2.49974    1.57948e-12    0.235455
1.38794    -1.12654    2.17699e-08    -0.597178    -2.49972    1.65345e-12    0.235462
1.38796    -1.12654    2.23901e-08    -0.597174    -2.49971    1.70052e-12    0.235468
1.38798    -1.12654    2.26487e-08    -0.597171    -2.49969    1.72012e-12    0.235475
1.388    -1.12654    2.255e-08    -0.597167    -2.49968    1.71259e-12    0.235482
1.38802    -1.12654    2.21095e-08    -0.597164    -2.49966    1.67909e-12    0.235488
1.38804    -1.12654    2.1352e-08    -0.59716    -2.49965    1.62153e-12    0.235495
1.38806    -1.12654    2.03111e-08    -0.597157    -2.49963    1.54245e-12    0.235501
1.38808    -1.12654    1.90266e-08    -0.597154    -2.49962    1.44487e-12    0.235508
1.3881    -1.12654    1.75436e-08    -0.59715    -2.4996    1.33223e-12    0.235514
1.38812    -1.12654    1.59105e-08    -0.597147    -2.49959    1.20819e-12    0.23552
1.38814    -1.12654    1.41771e-08    -0.597144    -2.49958    1.07654e-12    0.235525
1.38816    -1.12654    1.23934e-08    -0.597142    -2.49956    9.41077e-13    0.235531
1.38817    -1.12654    1.06076e-08    -0.597139    -2.49955    8.05466e-13    0.235536
1.38819    -1.12654    8.86526e-09    -0.597137    -2.49954    6.73155e-13    0.23554
1.3882    -1.12654    7.20765e-09    -0.597134    -2.49953    5.47284e-13    0.235544
1.38821    -1.12654    5.67103e-09    -0.597132    -2.49952    4.30602e-13    0.235548
1.38822    -1.12654    4.28579e-09    -0.597131    -2.49952    3.25418e-13    0.235551
1.38823    -1.12654    3.07597e-09    -0.597129    -2.49951    2.33556e-13    0.235554
1.38824    -1.12654    2.05893e-09    -0.597128    -2.4995    1.56332e-13    0.235557
1.38825    -1.12654    1.24527e-09    -0.597127    -2.4995    9.45523e-14    0.235559
1.38825    -1.12654    6.38987e-10    -0.597126    -2.4995    4.8518e-14    0.23556
1.38826    -1.12654    2.37749e-10    -0.597125    -2.49949    1.80527e-14    0.235561
1.38826    -1.12654    3.34308e-11    -0.597125    -2.49949    2.53892e-15    0.235562
1.38826    -1.12654    1.27222e-11    -0.597125    -2.49949    9.66043e-16    0.235562
1.38826    -1.12654    1.57882e-10    -0.597125    -2.49949    1.19871e-14    0.235562
1.38826    -1.12654    4.47567e-10    -0.597125    -2.49949    3.39815e-14    0.235562
1.38825    -1.12654    8.57711e-10    -0.597126    -2.4995    6.51225e-14    0.235561
1.38825    -1.12654    1.36244e-09    -0.597127    -2.4995    1.03445e-13    0.235559
1.38825    -1.12654    1.93494e-09    -0.597127    -2.4995    1.46915e-13    0.235558
1.38824    -1.12654    2.54838e-09    -0.597128    -2.49951    1.93494e-13    0.235556
1.38823    -1.12654    3.17667e-09    -0.59713    -2.49951    2.41201e-13    0.235553
1.38822    -1.12654    3.79519e-09    -0.597131    -2.49952    2.88168e-13    0.235551
1.38822    -1.12654    4.38146e-09    -0.597132    -2.49952    3.32688e-13    0.235548
1.38821    -1.12654    4.91567e-09    -0.597134    -2.49953    3.73255e-13    0.235545
1.3882    -1.12654    5.38105e-09    -0.597136    -2.49954    4.08597e-13    0.235542
1.38819    -1.12654    5.7642e-09    -0.597137    -2.49955    4.37696e-13    0.235539
1.38817    -1.12654    6.05525e-09    -0.597139    -2.49955    4.59803e-13    0.235536
1.38816    -1.12654    6.24793e-09    -0.597141    -2.49956    4.7444e-13    0.235532
1.38815    -1.12654    6.33948e-09    -0.597143    -2.49957    4.81398e-13    0.235529
1.38814    -1.12654    6.33052e-09    -0.597144    -2.49958    4.80724e-13    0.235525
1.38813    -1.12654    6.22477e-09    -0.597146    -2.49958    4.727e-13    0.235521
1.38812    -1.12654    6.02876e-09    -0.597148    -2.49959    4.57821e-13    0.235518
1.38811    -1.12654    5.7514e-09    -0.59715    -2.4996    4.36764e-13    0.235515
1.3881    -1.12654    5.40358e-09    -0.597152    -2.49961    4.10355e-13    0.235511
1.38809    -1.12654    4.99766e-09    -0.597153    -2.49962    3.79533e-13    0.235508
1.38808    -1.12654    4.54704e-09    -0.597155    -2.49962    3.45316e-13    0.235505
1.38807    -1.12654    4.06565e-09    -0.597157    -2.49963    3.08761e-13    0.235502
1.38806    -1.12654    3.56751e-09    -0.597158    -2.49964    2.70933e-13    0.235499
1.38805    -1.12654    3.06626e-09    -0.597159    -2.49964    2.32868e-13    0.235496
1.38804    -1.12654    2.57483e-09    -0.597161    -2.49965    1.95548e-13    0.235494
1.38803    -1.12654    2.10504e-09    -0.597162    -2.49965    1.59871e-13    0.235492
1.38803    -1.12654    1.66734e-09    -0.597163    -2.49966    1.2663e-13    0.235489
1.38802    -1.12654    1.27057e-09    -0.597164    -2.49966    9.6497e-14    0.235488
1.38802    -1.12654    9.21826e-10    -0.597165    -2.49966    7.00112e-14    0.235486
1.38801    -1.12654    6.26333e-10    -0.597165    -2.49967    4.75694e-14    0.235485
1.38801    -1.12654    3.87427e-10    -0.597166    -2.49967    2.94249e-14    0.235484
1.38801    -1.12654    2.06571e-10    -0.597167    -2.49967    1.56892e-14    0.235483
1.388    -1.12654    8.34427e-11    -0.597167    -2.49967    6.33768e-15    0.235482
1.388    -1.12654    1.60591e-11    -0.597167    -2.49967    1.21986e-15    0.235482
1.388    -1.12654    9.48065e-13    -0.597167    -2.49968    7.20561e-17    0.235482
1.388    -1.12654    3.33524e-11    -0.597167    -2.49968    2.53296e-15    0.235482
1.388    -1.12654    1.07459e-10    -0.597167    -2.49967    8.16104e-15    0.235482
1.388    -1.12654    2.16642e-10    -0.597167    -2.49967    1.64532e-14    0.235482
1.38801    -1.12654    3.53723e-10    -0.597166    -2.49967    2.68639e-14    0.235483
1.38801    -1.12654    5.11214e-10    -0.597166    -2.49967    3.88248e-14    0.235484
1.38801    -1.12654    6.81571e-10    -0.597165    -2.49967    5.17627e-14    0.235485
1.38802    -1.12654    8.57423e-10    -0.597165    -2.49967    6.51178e-14    0.235486
1.38802    -1.12654    1.03178e-09    -0.597164    -2.49966    7.8359e-14    0.235487
1.38802    -1.12654    1.19821e-09    -0.597163    -2.49966    9.09982e-14    0.235489
1.38803    -1.12654    1.35101e-09    -0.597163    -2.49966    1.02602e-13    0.23549
1.38804    -1.12654    1.48531e-09    -0.597162    -2.49965    1.12801e-13    0.235492
1.38804    -1.12654    1.59718e-09    -0.597161    -2.49965    1.21297e-13    0.235494
1.38805    -1.12654    1.68367e-09    -0.59716    -2.49964    1.27864e-13    0.235495
1.38805    -1.12654    1.74284e-09    -0.597159    -2.49964    1.32357e-13    0.235497
1.38806    -1.12654    1.77373e-09    -0.597158    -2.49964    1.34702e-13    0.235499
1.38806    -1.12654    1.77635e-09    -0.597157    -2.49963    1.349e-13    0.235501
1.38807    -1.12654    1.75159e-09    -0.597156    -2.49963    1.33019e-13    0.235503
1.38808    -1.12654    1.70114e-09    -0.597155    -2.49962    1.29187e-13    0.235505
1.38808    -1.12654    1.62739e-09    -0.597154    -2.49962    1.23586e-13    0.235507
1.38809    -1.12654    1.5333e-09    -0.597153    -2.49961    1.1644e-13    0.235508
1.38809    -1.12654    1.42228e-09    -0.597152    -2.49961    1.08008e-13    0.23551
1.3881    -1.12654    1.29802e-09    -0.597151    -2.49961    9.85714e-14    0.235512
1.3881    -1.12654    1.16442e-09    -0.597151    -2.4996    8.84256e-14    0.235513
1.38811    -1.12654    1.02541e-09    -0.59715    -2.4996    7.78691e-14    0.235515
1.38811    -1.12654    8.84851e-10    -0.597149    -2.4996    6.71946e-14    0.235516
1.38812    -1.12654    7.46396e-10    -0.597148    -2.49959    5.66803e-14    0.235518
1.38812    -1.12654    6.13423e-10    -0.597148    -2.49959    4.65824e-14    0.235519
1.38812    -1.12654    4.88936e-10    -0.597147    -2.49959    3.7129e-14    0.23552
1.38813    -1.12654    3.75499e-10    -0.597147    -2.49959    2.85147e-14    0.235521
1.38813    -1.12654    2.75191e-10    -0.597146    -2.49958    2.08975e-14    0.235522
1.38813    -1.12654    1.89572e-10    -0.597146    -2.49958    1.43957e-14    0.235523
1.38813    -1.12654    1.19673e-10    -0.597145    -2.49958    9.08776e-15    0.235523
1.38814    -1.12654    6.59986e-11    -0.597145    -2.49958    5.01188e-15    0.235524
1.38814    -1.12654    2.85487e-11    -0.597145    -2.49958    2.168e-15    0.235524
1.38814    -1.12654    6.84949e-12    -0.597145    -2.49958    5.20194e-16    0.235524
1.38814    -1.12654    1.20921e-15    -0.597145    -2.49958    1.14276e-19    0.235524
1.38814    -1.12654    6.73304e-12    -0.597145    -2.49958    5.11267e-16    0.235524
1.38814    -1.12654    2.54662e-11    -0.597145    -2.49958    1.93377e-15    0.235524
1.38814    -1.12654    5.43822e-11    -0.597145    -2.49958    4.12953e-15    0.235524
1.38814    -1.12654    9.14932e-11    -0.597145    -2.49958    6.94761e-15    0.235524
1.38814    -1.12654    1.34713e-10    -0.597145    -2.49958    1.02296e-14    0.235523
1.38813    -1.12654    1.81928e-10    -0.597146    -2.49958    1.38149e-14    0.235523
1.38813    -1.12654    2.31058e-10    -0.597146    -2.49958    1.75458e-14    0.235522
1.38813    -1.12654    2.80122e-10    -0.597146    -2.49958    2.12717e-14    0.235521
1.38813    -1.12654    3.27288e-10    -0.597147    -2.49959    2.48534e-14    0.235521
1.38812    -1.12654    3.70915e-10    -0.597147    -2.49959    2.81665e-14    0.23552
1.38812    -1.12654    4.09597e-10    -0.597148    -2.49959    3.1104e-14    0.235519
1.38812    -1.12654    4.4218e-10    -0.597148    -2.49959    3.35784e-14    0.235518
1.38812    -1.12654    4.67786e-10    -0.597149    -2.49959    3.55231e-14    0.235517
1.38811    -1.12654    4.85818e-10    -0.597149    -2.4996    3.68925e-14    0.235516
1.38811    -1.12654    4.95958e-10    -0.59715    -2.4996    3.76627e-14    0.235515
1.38811    -1.12654    4.98158e-10    -0.59715    -2.4996    3.78299e-14    0.235514
1.3881    -1.12654    4.92623e-10    -0.597151    -2.4996    3.74097e-14    0.235513
1.3881    -1.12654    4.79788e-10    -0.597151    -2.49961    3.64352e-14    0.235512
1.3881    -1.12654    4.60287e-10    -0.597152    -2.49961    3.49544e-14    0.235511
1.38809    -1.12654    4.34921e-10    -0.597152    -2.49961    3.30283e-14    0.23551
1.38809    -1.12654    4.04623e-10    -0.597153    -2.49961    3.07276e-14    0.235509
1.38809    -1.12654    3.7042e-10    -0.597153    -2.49961    2.81302e-14    0.235509
1.38809    -1.12654    3.33394e-10    -0.597154    -2.49962    2.53185e-14    0.235508
1.38808    -1.12654    2.94646e-10    -0.597154    -2.49962    2.2376e-14    0.235507
1.38808    -1.12654    2.55264e-10    -0.597154    -2.49962    1.93853e-14    0.235506
1.38808    -1.12654    2.16285e-10    -0.597155    -2.49962    1.64252e-14    0.235505
1.38808    -1.12654    1.78673e-10    -0.597155    -2.49962    1.35689e-14    0.235505
1.38807    -1.12654    1.4329e-10    -0.597155    -2.49962    1.08819e-14    0.235504
1.38807    -1.12654    1.10879e-10    -0.597156    -2.49963    8.42051e-15    0.235504
1.38807    -1.12654    8.20485e-11    -0.597156    -2.49963    6.23105e-15    0.235503
1.38807    -1.12654    5.72635e-11    -0.597156    -2.49963    4.34881e-15    0.235503
1.38807    -1.12654    3.68408e-11    -0.597156    -2.49963    2.79785e-15    0.235502
1.38807    -1.12654    2.09492e-11    -0.597156    -2.49963    1.59099e-15    0.235502
1.38807    -1.12654    9.61436e-12    -0.597157    -2.49963    7.30175e-16    0.235502
1.38807    -1.12654    2.7274e-12    -0.597157    -2.49963    2.07147e-16    0.235502
1.38807    -1.12654    5.74127e-14    -0.597157    -2.49963    4.36858e-18    0.235502
1.38807    -1.12654    1.26637e-12    -0.597157    -2.49963    9.61689e-17    0.235502
1.38807    -1.12654    5.92653e-12    -0.597157    -2.49963    4.50063e-16    0.235502
1.38807    -1.12654    1.35392e-11    -0.597157    -2.49963    1.02818e-15    0.235502
1.38807    -1.12654    2.35548e-11    -0.597156    -2.49963    1.78878e-15    0.235502
1.38807    -1.12654    3.53921e-11    -0.597156    -2.49963    2.68773e-15    0.235502
1.38807    -1.12654    4.84587e-11    -0.597156    -2.49963    3.68003e-15    0.235503
1.38807    -1.12654    6.21689e-11    -0.597156    -2.49963    4.72121e-15    0.235503
1.38807    -1.12654    7.59609e-11    -0.597156    -2.49963    5.7686e-15    0.235503
1.38807    -1.12654    8.93123e-11    -0.597156    -2.49963    6.78253e-15    0.235504
1.38807    -1.12654    1.01753e-10    -0.597155    -2.49962    7.72729e-15    0.235504
1.38808    -1.12654    1.12876e-10    -0.597155    -2.49962    8.57196e-15    0.235504
1.38808    -1.12654    1.22344e-10    -0.597155    -2.49962    9.29095e-15    0.235505
1.38808    -1.12654    1.29896e-10    -0.597155    -2.49962    9.86449e-15    0.235505
1.38808    -1.12654    1.35351e-10    -0.597154    -2.49962    1.02787e-14    0.235506
1.38808    -1.12654    1.38605e-10    -0.597154    -2.49962    1.05258e-14    0.235506
1.38808    -1.12654    1.39631e-10    -0.597154    -2.49962    1.06038e-14    0.235507
1.38808    -1.12654    1.38475e-10    -0.597154    -2.49962    1.05159e-14    0.235507
1.38809    -1.12654    1.35245e-10    -0.597153    -2.49962    1.02707e-14    0.235508
1.38809    -1.12654    1.30111e-10    -0.597153    -2.49961    9.88077e-15    0.235509
1.38809    -1.12654    1.23289e-10    -0.597153    -2.49961    9.3627e-15    0.235509
1.38809    -1.12654    1.15035e-10    -0.597153    -2.49961    8.73584e-15    0.23551
1.38809    -1.12654    1.05632e-10    -0.597152    -2.49961    8.02173e-15    0.23551
1.38809    -1.12654    9.53803e-11    -0.597152    -2.49961    7.24323e-15    0.23551
1.3881    -1.12654    8.45897e-11    -0.597152    -2.49961    6.42378e-15    0.235511
1.3881    -1.12654    7.35656e-11    -0.597152    -2.49961    5.58661e-15    0.235511
1.3881    -1.12654    6.26022e-11    -0.597151    -2.49961    4.75404e-15    0.235512
1.3881    -1.12654    5.19737e-11    -0.597151    -2.49961    3.94691e-15    0.235512
1.3881    -1.12654    4.19275e-11    -0.597151    -2.49961    3.18399e-15    0.235512
1.3881    -1.12654    3.26781e-11    -0.597151    -2.4996    2.4816e-15    0.235513
1.3881    -1.12654    2.44034e-11    -0.597151    -2.4996    1.85321e-15    0.235513
1.3881    -1.12654    1.72412e-11    -0.597151    -2.4996    1.30931e-15    0.235513
1.3881    -1.12654    1.12879e-11    -0.597151    -2.4996    8.57212e-16    0.235513
1.3881    -1.12654    6.59835e-12    -0.597151    -2.4996    5.0109e-16    0.235513
1.3881    -1.12654    3.18711e-12    -0.59715    -2.4996    2.42038e-16    0.235514
1.3881    -1.12654    1.03039e-12    -0.59715    -2.4996    7.82541e-17    0.235514
1.3881    -1.12654    6.95411e-14    -0.59715    -2.4996    5.28393e-18    0.235514
1.3881    -1.12654    2.15057e-13    -0.59715    -2.4996    1.63311e-17    0.235514
1.3881    -1.12654    1.35137e-12    -0.59715    -2.4996    1.02619e-16    0.235514
1.3881    -1.12654    3.34206e-12    -0.59715    -2.4996    2.53789e-16    0.235514
1.3881    -1.12654    6.03535e-12    -0.59715    -2.4996    4.58314e-16    0.235514
1.3881    -1.12654    9.26966e-12    -0.597151    -2.4996    7.03925e-16    0.235513
1.3881    -1.12654    1.28792e-11    -0.597151    -2.4996    9.78031e-16    0.235513
1.3881    -1.12654    1.66991e-11    -0.597151    -2.4996    1.26812e-15    0.235513
1.3881    -1.12654    2.05705e-11    -0.597151    -2.4996    1.56211e-15    0.235513
1.3881    -1.12654    2.43447e-11    -0.597151    -2.4996    1.84872e-15    0.235513
1.3881    -1.12654    2.78869e-11    -0.597151    -2.49961    2.11772e-15    0.235513
1.3881    -1.12654    3.10796e-11    -0.597151    -2.49961    2.36017e-15    0.235512
1.3881    -1.12654    3.38246e-11    -0.597151    -2.49961    2.56864e-15    0.235512
1.3881    -1.12654    3.6045e-11    -0.597151    -2.49961    2.73725e-15    0.235512
1.3881    -1.12654    3.76855e-11    -0.597152    -2.49961    2.86184e-15    0.235512
1.3881    -1.12654    3.87131e-11    -0.597152    -2.49961    2.93988e-15    0.235511
1.3881    -1.12654    3.91163e-11    -0.597152    -2.49961    2.97051e-15    0.235511
1.38809    -1.12654    3.89042e-11    -0.597152    -2.49961    2.9544e-15    0.235511
1.38809    -1.12654    3.81043e-11    -0.597152    -2.49961    2.89366e-15    0.23551
1.38809    -1.12654    3.67609e-11    -0.597152    -2.49961    2.79164e-15    0.23551
1.38809    -1.12654    3.49323e-11    -0.597152    -2.49961    2.65279e-15    0.23551
1.38809    -1.12654    3.26884e-11    -0.597153    -2.49961    2.48239e-15    0.23551
1.38809    -1.12654    3.01073e-11    -0.597153    -2.49961    2.28638e-15    0.235509
1.38809    -1.12654    2.72727e-11    -0.597153    -2.49961    2.07112e-15    0.235509
1.38809    -1.12654    2.42709e-11    -0.597153    -2.49961    1.84316e-15    0.235509
1.38809    -1.12654    2.11879e-11    -0.597153    -2.49961    1.60904e-15    0.235509
1.38809    -1.12654    1.81069e-11    -0.597153    -2.49961    1.37506e-15    0.235508
1.38809    -1.12654    1.5106e-11    -0.597153    -2.49961    1.14717e-15    0.235508
1.38809    -1.12654    1.22559e-11    -0.597153    -2.49962    9.30736e-16    0.235508
1.38809    -1.12654    9.61871e-12    -0.597153    -2.49962    7.30463e-16    0.235508
1.38809    -1.12654    7.24615e-12    -0.597153    -2.49962    5.50288e-16    0.235508
1.38809    -1.12654    5.17899e-12    -0.597154    -2.49962    3.93304e-16    0.235508
1.38809    -1.12654    3.44641e-12    -0.597154    -2.49962    2.61729e-16    0.235508
1.38808    -1.12654    2.06596e-12    -0.597154    -2.49962    1.56895e-16    0.235507
1.38808    -1.12654    1.04375e-12    -0.597154    -2.49962    7.9267e-17    0.235507
1.38808    -1.12654    3.75071e-13    -0.597154    -2.49962    2.84854e-17    0.235507
1.38808    -1.12654    4.52149e-14    -0.597154    -2.49962    3.4347e-18    0.235507
1.38808    -1.12654    3.06182e-14    -0.597154    -2.49962    2.32528e-18    0.235507
1.38808    -1.12654    3.0015e-13    -0.597154    -2.49962    2.2793e-17    0.235507
1.38808    -1.12654    8.16554e-13    -0.597154    -2.49962    6.20086e-17    0.235507
1.38808    -1.12654    1.53798e-12    -0.597154    -2.49962    1.16794e-16    0.235507
1.38808    -1.12654    2.41955e-12    -0.597154    -2.49962    1.83741e-16    0.235507
1.38808    -1.12654    3.41492e-12    -0.597154    -2.49962    2.5933e-16    0.235508
1.38809    -1.12654    4.47772e-12    -0.597154    -2.49962    3.4004e-16    0.235508
1.38809    -1.12654    5.56304e-12    -0.597154    -2.49962    4.2246e-16    0.235508
1.38809    -1.12654    6.62858e-12    -0.597153    -2.49962    5.03378e-16    0.235508
1.38809    -1.12654    7.6358e-12    -0.597153    -2.49962    5.79867e-16    0.235508
1.38809    -1.12654    8.55081e-12    -0.597153    -2.49962    6.49354e-16    0.235508
1.38809    -1.12654    9.34506e-12    -0.597153    -2.49961    7.0967e-16    0.235508
1.38809    -1.12654    9.99582e-12    -0.597153    -2.49961    7.5909e-16    0.235508
1.38809    -1.12654    1.04865e-11    -0.597153    -2.49961    7.96354e-16    0.235508
1.38809    -1.12654    1.08067e-11    -0.597153    -2.49961    8.20672e-16    0.235509
1.38809    -1.12654    1.09522e-11    -0.597153    -2.49961    8.31717e-16    0.235509
1.38809    -1.12654    1.09243e-11    -0.597153    -2.49961    8.296e-16    0.235509
1.38809    -1.12654    1.07299e-11    -0.597153    -2.49961    8.14839e-16    0.235509
1.38809    -1.12654    1.03807e-11    -0.597153    -2.49961    7.88315e-16    0.235509
1.38809    -1.12654    9.89215e-12    -0.597153    -2.49961    7.51218e-16    0.235509
1.38809    -1.12654    9.28343e-12    -0.597153    -2.49961    7.04991e-16    0.235509
1.38809    -1.12654    8.57603e-12    -0.597153    -2.49961    6.5127e-16    0.23551
1.38809    -1.12654    7.79317e-12    -0.597152    -2.49961    5.9182e-16    0.23551
1.38809    -1.12654    6.95895e-12    -0.597152    -2.49961    5.28469e-16    0.23551
1.38809    -1.12654    6.09755e-12    -0.597152    -2.49961    4.63054e-16    0.23551
1.38809    -1.12654    5.23249e-12    -0.597152    -2.49961    3.9736e-16    0.23551
1.38809    -1.12654    4.38593e-12    -0.597152    -2.49961    3.33072e-16    0.23551
1.38809    -1.12654    3.57815e-12    -0.597152    -2.49961    2.71728e-16    0.23551
1.38809    -1.12654    2.82698e-12    -0.597152    -2.49961    2.14684e-16    0.23551
1.38809    -1.12654    2.1475e-12    -0.597152    -2.49961    1.63084e-16    0.23551
1.38809    -1.12654    1.55171e-12    -0.597152    -2.49961    1.17839e-16    0.235511
1.38809    -1.12654    1.0484e-12    -0.597152    -2.49961    7.96171e-17    0.235511
1.38809    -1.12654    6.43077e-13    -0.597152    -2.49961    4.88367e-17    0.235511
1.38809    -1.12654    3.38049e-13    -0.597152    -2.49961    2.56724e-17    0.235511
1.38809    -1.12654    1.32537e-13    -0.597152    -2.49961    1.00656e-17    0.235511
1.3881    -1.12654    2.29216e-14    -0.597152    -2.49961    1.74101e-18    0.235511
1.3881    -1.12654    3.03365e-15    -0.597152    -2.49961    2.30448e-19    0.235511
1.3881    -1.12654    6.4515e-14    -0.597152    -2.49961    4.89912e-18    0.235511
1.38809    -1.12654    1.97214e-13    -0.597152    -2.49961    1.49761e-17    0.235511
1.38809    -1.12654    3.89611e-13    -0.597152    -2.49961    2.95867e-17    0.235511
1.38809    -1.12654    6.29258e-13    -0.597152    -2.49961    4.77853e-17    0.235511
1.38809    -1.12654    9.0321e-13    -0.597152    -2.49961    6.85892e-17    0.235511
1.38809    -1.12654    1.19845e-12    -0.597152    -2.49961    9.101e-17    0.235511
1.38809    -1.12654    1.50229e-12    -0.597152    -2.49961    1.14084e-16    0.235511
1.38809    -1.12654    1.80272e-12    -0.597152    -2.49961    1.36898e-16    0.23551
1.38809    -1.12654    2.08873e-12    -0.597152    -2.49961    1.58618e-16    0.23551
1.38809    -1.12654    2.35055e-12    -0.597152    -2.49961    1.78501e-16    0.23551
1.38809    -1.12654    2.5799e-12    -0.597152    -2.49961    1.95918e-16    0.23551
1.38809    -1.12654    2.77011e-12    -0.597152    -2.49961    2.10363e-16    0.23551
1.38809    -1.12654    2.9162e-12    -0.597152    -2.49961    2.21457e-16    0.23551
1.38809    -1.12654    3.01494e-12    -0.597152    -2.49961    2.28956e-16    0.23551
1.38809    -1.12654    3.0648e-12    -0.597152    -2.49961    2.32743e-16    0.23551
1.38809    -1.12654    3.06591e-12    -0.597152    -2.49961    2.32827e-16    0.23551
1.38809    -1.12654    3.01991e-12    -0.597152    -2.49961    2.29334e-16    0.23551
1.38809    -1.12654    2.92981e-12    -0.597152    -2.49961    2.22492e-16    0.23551
1.38809    -1.12654    2.79981e-12    -0.597152    -2.49961    2.1262e-16    0.23551
1.38809    -1.12654    2.63508e-12    -0.597153    -2.49961    2.0011e-16    0.23551
1.38809    -1.12654    2.44153e-12    -0.597153    -2.49961    1.85412e-16    0.23551
1.38809    -1.12654    2.2256e-12    -0.597153    -2.49961    1.69014e-16    0.235509
1.38809    -1.12654    1.99403e-12    -0.597153    -2.49961    1.51428e-16    0.235509
1.38809    -1.12654    1.75358e-12    -0.597153    -2.49961    1.33169e-16    0.235509
1.38809    -1.12654    1.51091e-12    -0.597153    -2.49961    1.1474e-16    0.235509
1.38809    -1.12654    1.2723e-12    -0.597153    -2.49961    9.66201e-17    0.235509
1.38809    -1.12654    1.04355e-12    -0.597153    -2.49961    7.92485e-17    0.235509
1.38809    -1.12654    8.29789e-13    -0.597153    -2.49961    6.30154e-17    0.235509
1.38809    -1.12654    6.35393e-13    -0.597153    -2.49961    4.82528e-17    0.235509
1.38809    -1.12654    4.63889e-13    -0.597153    -2.49961    3.52286e-17    0.235509
1.38809    -1.12654    3.17907e-13    -0.597153    -2.49961    2.41426e-17    0.235509
1.38809    -1.12654    1.99164e-13    -0.597153    -2.49961    1.5125e-17    0.235509
1.38809    -1.12654    1.08469e-13    -0.597153    -2.49961    8.2375e-18    0.235509
1.38809    -1.12654    4.57605e-14    -0.597153    -2.49961    3.47528e-18    0.235509
1.38809    -1.12654    1.01661e-14    -0.597153    -2.49961    7.72133e-19    0.235509
1.38809    -1.12654    8.33981e-17    -0.597153    -2.49961    6.36688e-21    0.235509
1.38809    -1.12654    1.32762e-14    -0.597153    -2.49961    1.00817e-18    0.235509
1.38809    -1.12654    4.69846e-14    -0.597153    -2.49961    3.56795e-18    0.235509
1.38809    -1.12654    9.8043e-14    -0.597153    -2.49961    7.44531e-18    0.235509
1.38809    -1.12654    1.63002e-13    -0.597153    -2.49961    1.23783e-17    0.235509
1.38809    -1.12654    2.38252e-13    -0.597153    -2.49961    1.80928e-17    0.235509
1.38809    -1.12654    3.20141e-13    -0.597153    -2.49961    2.43115e-17    0.235509
1.38809    -1.12654    4.05088e-13    -0.597153    -2.49961    3.07624e-17    0.235509
1.38809    -1.12654    4.89686e-13    -0.597153    -2.49961    3.71868e-17    0.235509
1.38809    -1.12654    5.7079e-13    -0.597153    -2.49961    4.3346e-17    0.235509
1.38809    -1.12654    6.45597e-13    -0.597153    -2.49961    4.90269e-17    0.235509
1.38809    -1.12654    7.11704e-13    -0.597153    -2.49961    5.40471e-17    0.235509
1.38809    -1.12654    7.67155e-13    -0.597153    -2.49961    5.82582e-17    0.235509
1.38809    -1.12654    8.10467e-13    -0.597153    -2.49961    6.15473e-17    0.235509
1.38809    -1.12654    8.40643e-13    -0.597153    -2.49961    6.38389e-17    0.235509
1.38809    -1.12654    8.57168e-13    -0.597153    -2.49961    6.50939e-17    0.235509
1.38809    -1.12654    8.59994e-13    -0.597153    -2.49961    6.53085e-17    0.235509
1.38809    -1.12654    8.49503e-13    -0.597153    -2.49961    6.45118e-17    0.235509
1.38809    -1.12654    8.26473e-13    -0.597153    -2.49961    6.27629e-17    0.235509
1.38809    -1.12654    7.92022e-13    -0.597153    -2.49961    6.01467e-17    0.235509
1.38809    -1.12654    7.47552e-13    -0.597153    -2.49961    5.67697e-17    0.23551
1.38809    -1.12654    6.94688e-13    -0.597153    -2.49961    5.27552e-17    0.23551
1.38809    -1.12654    6.35211e-13    -0.597153    -2.49961    4.82385e-17    0.23551
1.38809    -1.12654    5.70996e-13    -0.597153    -2.49961    4.33619e-17    0.23551
1.38809    -1.12654    5.03945e-13    -0.597152    -2.49961    3.827e-17    0.23551
1.38809    -1.12654    4.35929e-13    -0.597152    -2.49961    3.31049e-17    0.23551
1.38809    -1.12654    3.68736e-13    -0.597152    -2.49961    2.80022e-17    0.23551
1.38809    -1.12654    3.04015e-13    -0.597152    -2.49961    2.30872e-17    0.23551
1.38809    -1.12654    2.43242e-13    -0.597152    -2.49961    1.84721e-17    0.23551
1.38809    -1.12654    1.87686e-13    -0.597152    -2.49961    1.42531e-17    0.23551
1.38809    -1.12654    1.38378e-13    -0.597152    -2.49961    1.05086e-17    0.23551
1.38809    -1.12654    9.61033e-14    -0.597152    -2.49961    7.29826e-18    0.23551
1.38809    -1.12654    6.13911e-14    -0.597152    -2.49961    4.66218e-18    0.23551
1.38809    -1.12654    3.45143e-14    -0.597152    -2.49961    2.62111e-18    0.23551
1.38809    -1.12654    1.54998e-14    -0.597152    -2.49961    1.17712e-18    0.23551
1.38809    -1.12654    4.14408e-15    -0.597152    -2.49961    3.14738e-19    0.23551
1.38809    -1.12654    3.40111e-17    -0.597152    -2.49961    2.59604e-21    0.23551
1.38809    -1.12654    2.57384e-15    -0.597152    -2.49961    1.95452e-19    0.23551
1.38809    -1.12654    1.10151e-14    -0.597152    -2.49961    8.36468e-19    0.23551
1.38809    -1.12654    2.44893e-14    -0.597152    -2.49961    1.85969e-18    0.23551
1.38809    -1.12654    4.20423e-14    -0.597152    -2.49961    3.19266e-18    0.23551
1.38809    -1.12654    6.26683e-14    -0.597152    -2.49961    4.75901e-18    0.23551
1.38809    -1.12654    8.5344e-14    -0.597152    -2.49961    6.481e-18    0.23551
1.38809    -1.12654    1.0906e-13    -0.597152    -2.49961    8.282e-18    0.23551
1.38809    -1.12654    1.3285e-13    -0.597152    -2.49961    1.00887e-17    0.23551
1.38809    -1.12654    1.55819e-13    -0.597152    -2.49961    1.18329e-17    0.23551
1.38809    -1.12654    1.77161e-13    -0.597152    -2.49961    1.34537e-17    0.23551
1.38809    -1.12654    1.96182e-13    -0.597152    -2.49961    1.48981e-17    0.23551
1.38809    -1.12654    2.12309e-13    -0.597152    -2.49961    1.61228e-17    0.23551
1.38809    -1.12654    2.25101e-13    -0.597152    -2.49961    1.70943e-17    0.23551
1.38809    -1.12654    2.34255e-13    -0.597152    -2.49961    1.77894e-17    0.23551
1.38809    -1.12654    2.396e-13    -0.597152    -2.49961    1.81953e-17    0.23551
1.38809    -1.12654    2.411e-13    -0.597152    -2.49961    1.83093e-17    0.23551
1.38809    -1.12654    2.3884e-13    -0.597153    -2.49961    1.81377e-17    0.23551
1.38809    -1.12654    2.33019e-13    -0.597153    -2.49961    1.76956e-17    0.23551
1.38809    -1.12654    2.23933e-13    -0.597153    -2.49961    1.70056e-17    0.23551
1.38809    -1.12654    2.11962e-13    -0.597153    -2.49961    1.60966e-17    0.23551
1.38809    -1.12654    1.9755e-13    -0.597153    -2.49961    1.50021e-17    0.23551
1.38809    -1.12654    1.81191e-13    -0.597153    -2.49961    1.37598e-17    0.23551
1.38809    -1.12654    1.63405e-13    -0.597153    -2.49961    1.24091e-17    0.235509
1.38809    -1.12654    1.44725e-13    -0.597153    -2.49961    1.09906e-17    0.235509
1.38809    -1.12654    1.25679e-13    -0.597153    -2.49961    9.54423e-18    0.235509
1.38809    -1.12654    1.06773e-13    -0.597153    -2.49961    8.1085e-18    0.235509
1.38809    -1.12654    8.84778e-14    -0.597153    -2.49961    6.71912e-18    0.235509
1.38809    -1.12654    7.12159e-14    -0.597153    -2.49961    5.40823e-18    0.235509
1.38809    -1.12654    5.53541e-14    -0.597153    -2.49961    4.20368e-18    0.235509
1.38809    -1.12654    4.11946e-14    -0.597153    -2.49961    3.12839e-18    0.235509
1.38809    -1.12654    2.89704e-14    -0.597153    -2.49961    2.20007e-18    0.235509
1.38809    -1.12654    1.8843e-14    -0.597153    -2.49961    1.43098e-18    0.235509
1.38809    -1.12654    1.0902e-14    -0.597153    -2.49961    8.27931e-19    0.235509
1.38809    -1.12654    5.16766e-15    -0.597153    -2.49961    3.92452e-19    0.235509
1.38809    -1.12654    1.5944e-15    -0.597153    -2.49961    1.21091e-19    0.235509
1.38809    -1.12654    7.691e-17    -0.597153    -2.49961    5.84538e-21    0.235509
1.38809    -1.12654    4.57159e-16    -0.597153    -2.49961    3.47161e-20    0.235509
1.38809    -1.12654    2.5327e-15    -0.597153    -2.49961    1.92329e-19    0.235509
1.38809    -1.12654    6.06573e-15    -0.597153    -2.49961    4.60625e-19    0.235509
1.38809    -1.12654    1.07926e-14    -0.597153    -2.49961    8.19585e-19    0.235509
1.38809    -1.12654    1.64335e-14    -0.597153    -2.49961    1.24796e-18    0.235509
