1.89804    -1.09528    0.0593302    0.0341676
1.84916    -1.09996    0.059696    0.0318149
1.80012    -1.10439    0.05983    0.0307797
1.75104    -1.10859    0.0597047    0.0296095
1.702    -1.11251    0.0592814    0.0284743
1.65314    -1.11608    0.0585195    0.0273668
1.6046    -1.11923    0.0573777    0.0262908
1.55653    -1.12191    0.0558158    0.0252501
1.50911    -1.12403    0.0537969    0.0242473
1.46257    -1.12555    0.0512899    0.0232838
1.41712    -1.12639    0.0482747    0.0223605
1.37303    -1.1265    0.0447461    0.021478
1.33058    -1.12586    0.0407207    0.0206371
1.29008    -1.12445    0.0362437    0.0198406
1.25188    -1.12232    0.0313952    0.019093
1.21632    -1.11953    0.026296    0.0184012
1.18378    -1.1162    0.0211095    0.017773
1.15462    -1.11252    0.0160388    0.0172159
1.1292    -1.10872    0.0113152    0.0167357
1.10786    -1.10505    0.00717853    0.0163365
1.09086    -1.1018    0.00385068    0.0160211
1.0784    -1.09922    0.00150483    0.0157906
1.07062    -1.09752    0.000238441    0.0156449
1.06752    -1.09682    5.57645e-05    0.015583
1.06902    -1.09716    0.000865217    0.015602
1.07492    -1.09847    0.00249274    0.015698
1.08494    -1.1006    0.00470785    0.0158658
1.09871    -1.10334    0.007256    0.0160991
1.1158    -1.10647    0.00989005    0.0163909
1.13576    -1.10976    0.0123951    0.0167339
1.1581    -1.113    0.0146038    0.0171208
1.18235    -1.11604    0.0164021    0.0175448
1.20806    -1.11876    0.0177274    0.0179992
1.23477    -1.12108    0.0185608    0.0184785
1.26211    -1.12298    0.0189184    0.0189771
1.28972    -1.12444    0.0188406    0.0194901
1.31726    -1.12549    0.0183832    0.0200126
1.34447    -1.12616    0.0176099    0.0205395
1.3711    -1.12649    0.0165866    0.0210659
1.39695    -1.12653    0.0153774    0.0215867
1.42183    -1.12633    0.0140414    0.0220969
1.44561    -1.12594    0.0126319    0.0225922
1.46817    -1.1254    0.0111949    0.0230684
1.4894    -1.12475    0.00976961    0.0235222
1.50924    -1.12403    0.00838815    0.0239507
1.52762    -1.12327    0.00707631    0.0243515
1.5445    -1.1225    0.00585401    0.0247229
1.55985    -1.12174    0.00473601    0.0250634
1.57366    -1.12101    0.0037325    0.025372
1.58592    -1.12033    0.00284978    0.0256478
1.59664    -1.11971    0.00209084    0.0258905
1.60581    -1.11916    0.00145586    0.0260999
1.61347    -1.11869    0.000942707    0.0262759
1.61963    -1.1183    0.000547353    0.0264189
1.62432    -1.118    0.000264233    0.0265292
1.62759    -1.11779    8.65505e-05    0.0266075
1.62945    -1.11767    6.54387e-06    0.0266544
1.62997    -1.11763    1.57094e-05    0.0266708
1.62917    -1.11769    0.000104987    0.0266578
1.62712    -1.11782    0.000264919    0.0266164
1.62385    -1.11803    0.00048578    0.0265479
1.61943    -1.11831    0.00075769    0.0264536
1.6139    -1.11866    0.00107071    0.0263348
1.60734    -1.11906    0.00141494    0.0261932
1.59979    -1.11952    0.00178055    0.0260301
1.59132    -1.12002    0.00215794    0.0258472
1.582    -1.12055    0.0025377    0.0256463
1.57189    -1.1211    0.00291079    0.0254289
1.56106    -1.12168    0.00326855    0.0251968
1.54959    -1.12225    0.00360278    0.0249518
1.53754    -1.12282    0.00390589    0.0246957
1.525    -1.12338    0.00417093    0.0244303
1.51204    -1.12392    0.00439174    0.0241575
1.49874    -1.12442    0.00456302    0.023879
1.48518    -1.12489    0.0046805    0.0235966
1.47146    -1.12531    0.00474101    0.0233122
1.45764    -1.12567    0.00474261    0.0230274
1.44382    -1.12598    0.0046847    0.0227441
1.43008    -1.12622    0.0045681    0.0224639
1.41652    -1.12639    0.00439513    0.0221885
1.40321    -1.1265    0.00416961    0.0219195
1.39026    -1.12654    0.00389688    0.0216586
1.37773    -1.12652    0.00358369    0.0214072
1.36572    -1.12644    0.00323812    0.0211668
1.3543    -1.12631    0.00286934    0.0209388
1.34355    -1.12614    0.00248737    0.0207246
1.33354    -1.12593    0.00210275    0.0205254
1.32433    -1.12569    0.00172614    0.0203424
1.316    -1.12545    0.00136796    0.0201765
1.30858    -1.1252    0.00103787    0.0200285
1.30211    -1.12496    0.000744412    0.0198992
1.29663    -1.12474    0.000494608    0.0197891
1.29217    -1.12455    0.000293635    0.0196986
1.28873    -1.12439    0.000144605    0.0196278
1.28632    -1.12428    4.84628e-05    0.0195766
1.28492    -1.12422    3.98885e-06    0.0195449
1.28452    -1.1242    7.93777e-06    0.0195323
1.28509    -1.12422    5.5281e-05    0.0195382
1.28658    -1.12429    0.000139542    0.0195619
1.28895    -1.1244    0.000253194    0.0196026
1.29214    -1.12455    0.000388093    0.0196592
1.2961    -1.12472    0.000535905    0.0197307
1.30074    -1.12491    0.000688515    0.0198158
1.30601    -1.12511    0.000838378    0.0199134
1.31182    -1.12531    0.000978806    0.020022
1.3181    -1.12551    0.00110417    0.0201403
1.32477    -1.12571    0.00121005    0.020267
1.33175    -1.12589    0.00129326    0.0204005
1.33896    -1.12605    0.00135184    0.0205396
1.34634    -1.12619    0.00138502    0.0206827
1.35381    -1.12631    0.00139306    0.0208285
1.3613    -1.1264    0.00137714    0.0209757
1.36875    -1.12647    0.00133918    0.021123
1.37609    -1.12652    0.00128169    0.0212691
1.38328    -1.12654    0.00120759    0.0214129
1.39025    -1.12654    0.00112008    0.0215533
1.39697    -1.12653    0.00102245    0.0216893
1.40338    -1.1265    0.000918016    0.02182
1.40946    -1.12646    0.000809964    0.0219445
1.41517    -1.12641    0.000701293    0.022062
1.42049    -1.12635    0.000594736    0.0221719
1.42538    -1.12628    0.000492715    0.0222737
1.42984    -1.12622    0.000397304    0.0223667
1.43384    -1.12616    0.000310214    0.0224508
1.43737    -1.1261    0.000232782    0.0225255
1.44043    -1.12604    0.000165978    0.0225907
1.44302    -1.12599    0.000110417    0.0226461
1.44513    -1.12595    6.6377e-05    0.0226919
1.44676    -1.12592    3.3826e-05    0.0227279
1.44793    -1.12589    1.24494e-05    0.0227542
1.44864    -1.12588    1.68316e-06    0.0227711
1.4489    -1.12587    7.47892e-07    0.0227786
1.44872    -1.12587    8.68399e-06    0.0227772
1.44813    -1.12589    2.43876e-05    0.0227671
1.44714    -1.12591    4.66461e-05    0.0227487
1.44577    -1.12594    7.41734e-05    0.0227225
1.44404    -1.12597    0.000105644    0.0226888
1.44198    -1.12601    0.000139724    0.0226481
1.43961    -1.12606    0.000175105    0.0226011
1.43695    -1.1261    0.000210529    0.0225482
1.43404    -1.12615    0.000244818    0.02249
1.4309    -1.1262    0.000276893    0.0224271
1.42756    -1.12625    0.000305801    0.0223602
1.42405    -1.1263    0.000330724    0.0222897
1.4204    -1.12635    0.000351    0.0222164
1.41664    -1.12639    0.00036613    0.0221408
1.4128    -1.12643    0.000375783    0.0220636
1.40891    -1.12646    0.000379797    0.0219854
1.405    -1.12649    0.000378182    0.0219067
1.4011    -1.12651    0.000371109    0.0218282
1.39723    -1.12653    0.000358898    0.0217505
1.39343    -1.12654    0.00034201    0.021674
1.38972    -1.12654    0.000321023    0.0215994
1.38612    -1.12654    0.000296614    0.021527
1.38267    -1.12654    0.000269535    0.0214574
1.37937    -1.12653    0.000240588    0.0213911
1.37626    -1.12652    0.000210596    0.0213283
1.37335    -1.1265    0.000180383    0.0212695
1.37065    -1.12648    0.000150741    0.0212149
1.36819    -1.12647    0.000122409    0.021165
1.36597    -1.12645    9.60527e-05    0.0211198
1.364    -1.12643    7.22428e-05    0.0210796
1.3623    -1.12641    5.14425e-05    0.0210446
1.36086    -1.1264    3.39965e-05    0.0210148
1.35969    -1.12638    2.01248e-05    0.0209903
1.35879    -1.12637    9.92196e-06    0.0209712
1.35816    -1.12636    3.36046e-06    0.0209573
1.35779    -1.12636    2.98427e-07    0.0209486
1.35768    -1.12636    4.91102e-07    0.0209451
1.35782    -1.12636    3.60548e-06    0.0209465
1.3582    -1.12637    9.23731e-06    0.0209527
1.35881    -1.12637    1.69296e-05    0.0209635
1.35964    -1.12638    2.61921e-05    0.0209786
1.36066    -1.12639    3.65201e-05    0.0209978
1.36187    -1.12641    4.74131e-05    0.0210207
1.36326    -1.12642    5.83915e-05    0.021047
1.36479    -1.12644    6.90114e-05    0.0210765
1.36646    -1.12645    7.88768e-05    0.0211087
1.36824    -1.12647    8.76493e-05    0.0211433
1.37012    -1.12648    9.50547e-05    0.0211799
1.37207    -1.12649    0.000100887    0.0212183
1.37409    -1.12651    0.00010501    0.0212579
1.37615    -1.12652    0.000107354    0.0212985
1.37823    -1.12653    0.000107916    0.0213397
1.38031    -1.12653    0.00010675    0.0213811
1.38238    -1.12654    0.000103964    0.0214224
1.38443    -1.12654    9.97102e-05    0.0214633
1.38643    -1.12654    9.41749e-05    0.0215035
1.38838    -1.12654    8.75726e-05    0.0215427
1.39026    -1.12654    8.01352e-05    0.0215806
1.39206    -1.12654    7.21035e-05    0.021617
1.39376    -1.12654    6.37192e-05    0.0216516
1.39536    -1.12653    5.52176e-05    0.0216842
1.39685    -1.12653    4.68207e-05    0.0217147
1.39823    -1.12653    3.87317e-05    0.0217429
1.39948    -1.12652    3.11307e-05    0.0217686
1.4006    -1.12651    2.4171e-05    0.0217918
1.40158    -1.12651    1.79769e-05    0.0218123
1.40243    -1.12651    1.26422e-05    0.0218302
1.40315    -1.1265    8.22989e-06    0.0218452
1.40372    -1.1265    4.77281e-06    0.0218575
1.40416    -1.1265    2.27473e-06    0.0218671
1.40446    -1.12649    7.12517e-07    0.0218739
1.40463    -1.12649    3.87184e-08    0.021878
1.40467    -1.12649    1.84596e-07    0.0218795
1.40459    -1.12649    1.06356e-06    0.0218784
1.40438    -1.12649    2.57482e-06    0.0218749
1.40406    -1.1265    4.60716e-06    0.021869
1.40363    -1.1265    7.04273e-06    0.0218609
1.40309    -1.1265    9.76078e-06    0.0218507
1.40247    -1.12651    1.26412e-05    0.0218386
1.40175    -1.12651    1.55678e-05    0.0218247
1.40096    -1.12651    1.84315e-05    0.0218092
1.4001    -1.12652    2.11324e-05    0.0217922
1.39918    -1.12652    2.35829e-05    0.021774
1.3982    -1.12653    2.57084e-05    0.0217548
1.39719    -1.12653    2.74493e-05    0.0217346
1.39613    -1.12653    2.87617e-05    0.0217137
1.39506    -1.12654    2.96174e-05    0.0216922
1.39397    -1.12654    3.0004e-05    0.0216705
1.39287    -1.12654    2.9924e-05    0.0216485
1.39177    -1.12654    2.93945e-05    0.0216265
1.39068    -1.12654    2.84449e-05    0.0216047
1.38961    -1.12654    2.71162e-05    0.0215832
1.38856    -1.12654    2.54584e-05    0.0215622
1.38755    -1.12654    2.35287e-05    0.0215418
1.38658    -1.12654    2.13895e-05    0.0215222
1.38565    -1.12654    1.91061e-05    0.0215035
1.38477    -1.12654    1.67444e-05    0.0214857
1.38395    -1.12654    1.4369e-05    0.021469
1.38319    -1.12654    1.20414e-05    0.0214536
1.3825    -1.12654    9.818e-06    0.0214394
1.38187    -1.12654    7.74887e-06    0.0214265
1.38131    -1.12654    5.87653e-06    0.021415
1.38082    -1.12653    4.2351e-06    0.0214049
1.38041    -1.12653    2.84973e-06    0.0213963
1.38007    -1.12653    1.73639e-06    0.0213892
1.37981    -1.12653    9.01916e-07    0.0213835
1.37961    -1.12653    3.44399e-07    0.0213794
1.3795    -1.12653    5.37775e-08    0.0213766
1.37945    -1.12653    1.26861e-08    0.0213753
1.37947    -1.12653    1.97466e-07    0.0213754
1.37956    -1.12653    5.79318e-07    0.0213768
1.37971    -1.12653    1.12554e-06    0.0213795
1.37993    -1.12653    1.80082e-06    0.0213834
1.3802    -1.12653    2.5685e-06    0.0213885
1.38052    -1.12653    3.39183e-06    0.0213946
1.38089    -1.12653    4.23508e-06    0.0214017
1.3813    -1.12654    5.06465e-06    0.0214097
1.38175    -1.12654    5.84989e-06    0.0214185
1.38224    -1.12654    6.56389e-06    0.021428
1.38275    -1.12654    7.18404e-06    0.021438
1.38329    -1.12654    7.6924e-06    0.0214486
1.38385    -1.12654    8.07594e-06    0.0214596
1.38442    -1.12654    8.32657e-06    0.0214709
1.385    -1.12654    8.44104e-06    0.0214824
1.38558    -1.12654    8.42066e-06    0.021494
1.38616    -1.12654    8.27096e-06    0.0215056
1.38674    -1.12654    8.00117e-06    0.0215172
1.38731    -1.12654    7.62368e-06    0.0215286
1.38786    -1.12654    7.15345e-06    0.0215397
1.3884    -1.12654    6.6073e-06    0.0215505
1.38891    -1.12654    6.00333e-06    0.0215609
1.3894    -1.12654    5.36022e-06    0.0215709
1.38987    -1.12654    4.69663e-06    0.0215803
1.3903    -1.12654    4.03068e-06    0.0215892
1.39071    -1.12654    3.37934e-06    0.0215974
1.39108    -1.12654    2.75812e-06    0.0216049
1.39141    -1.12654    2.18061e-06    0.0216118
1.39171    -1.12654    1.65823e-06    0.0216179
1.39196    -1.12654    1.20009e-06    0.0216233
1.39218    -1.12654    8.12808e-07    0.0216279
1.39236    -1.12654    5.00523e-07    0.0216317
1.39251    -1.12654    2.64941e-07    0.0216348
1.39261    -1.12654    1.05444e-07    0.021637
1.39268    -1.12654    1.927e-08    0.0216385
1.3927    -1.12654    1.74064e-09    0.0216393
1.39269    -1.12654    4.6529e-08    0.0216393
1.39265    -1.12654    1.45958e-07    0.0216386
1.39257    -1.12654    2.91316e-07    0.0216373
1.39247    -1.12654    4.73184e-07    0.0216353
1.39233    -1.12654    6.8176e-07    0.0216327
1.39216    -1.12654    9.07173e-07    0.0216295
1.39197    -1.12654    1.13978e-06    0.0216258
1.39176    -1.12654    1.37041e-06    0.0216216
1.39152    -1.12654    1.59067e-06    0.021617
1.39127    -1.12654    1.79304e-06    0.0216121
1.391    -1.12654    1.97113e-06    0.0216068
1.39072    -1.12654    2.11974e-06    0.0216012
1.39043    -1.12654    2.23494e-06    0.0215954
1.39013    -1.12654    2.31414e-06    0.0215895
1.38982    -1.12654    2.356e-06    0.0215834
1.38951    -1.12654    2.36049e-06    0.0215773
1.38921    -1.12654    2.32871e-06    0.0215711
1.3889    -1.12654    2.26282e-06    0.021565
1.3886    -1.12654    2.16594e-06    0.0215589
1.3883    -1.12654    2.04191e-06    0.021553
1.38801    -1.12654    1.89521e-06    0.0215472
1.38774    -1.12654    1.73072e-06    0.0215417
1.38747    -1.12654    1.55358e-06    0.0215363
1.38722    -1.12654    1.36902e-06    0.0215313
1.38699    -1.12654    1.18214e-06    0.0215265
1.38677    -1.12654    9.97856e-07    0.0215221
1.38657    -1.12654    8.20672e-07    0.021518
1.38639    -1.12654    6.54622e-07    0.0215142
1.38623    -1.12654    5.0316e-07    0.0215109
1.38608    -1.12654    3.69098e-07    0.0215079
1.38596    -1.12654    2.54555e-07    0.0215054
1.38586    -1.12654    1.60942e-07    0.0215033
1.38578    -1.12654    8.89674e-08    0.0215016
1.38572    -1.12654    3.86557e-08    0.0215003
1.38568    -1.12654    9.39573e-09    0.0214994
1.38566    -1.12654    3.25541e-15    0.0214989
1.38566    -1.12654    8.77878e-09    0.0214988
1.38568    -1.12654    3.3625e-08    0.021499
1.38572    -1.12654    7.2106e-08    0.0214997
1.38577    -1.12654    1.21559e-07    0.0215007
1.38584    -1.12654    1.79189e-07    0.021502
1.38593    -1.12654    2.4216e-07    0.0215036
1.38603    -1.12654    3.07684e-07    0.0215055
1.38614    -1.12654    3.73106e-07    0.0215076
1.38626    -1.12654    4.3597e-07    0.02151
1.38639    -1.12654    4.94085e-07    0.0215126
1.38653    -1.12654    5.45567e-07    0.0215154
1.38668    -1.12654    5.88882e-07    0.0215183
1.38684    -1.12654    6.22861e-07    0.0215213
1.38699    -1.12654    6.46715e-07    0.0215245
1.38715    -1.12654    6.6003e-07    0.0215277
1.38732    -1.12654    6.62753e-07    0.0215309
1.38748    -1.12654    6.55171e-07    0.0215342
1.38764    -1.12654    6.37874e-07    0.0215374
1.3878    -1.12654    6.11718e-07    0.0215407
1.38796    -1.12654    5.7778e-07    0.0215438
1.38811    -1.12654    5.37312e-07    0.0215469
1.38826    -1.12654    4.91686e-07    0.0215498
1.3884    -1.12654    4.42345e-07    0.0215527
1.38853    -1.12654    3.90759e-07    0.0215554
1.38866    -1.12654    3.38371e-07    0.0215579
1.38878    -1.12654    2.86559e-07    0.0215603
1.38888    -1.12654    2.366e-07    0.0215625
1.38898    -1.12654    1.89635e-07    0.0215645
1.38907    -1.12654    1.46643e-07    0.0215663
1.38915    -1.12654    1.08427e-07    0.0215679
1.38921    -1.12654    7.55983e-08    0.0215693
1.38927    -1.12654    4.857e-08    0.0215704
1.38931    -1.12654    2.75606e-08    0.0215714
1.38934    -1.12654    1.25991e-08    0.0215721
1.38937    -1.12654    3.53709e-09    0.0215726
1.38938    -1.12654    6.50889e-11    0.0215729
1.38938    -1.12654    1.73258e-09    0.021573
1.38937    -1.12654    7.97101e-09    0.0215729
1.38935    -1.12654    1.81187e-08    0.0215726
1.38933    -1.12654    3.14467e-08    0.0215721
1.38929    -1.12654    4.71855e-08    0.0215714
1.38925    -1.12654    6.45501e-08    0.0215706
1.3892    -1.12654    8.27649e-08    0.0215696
1.38914    -1.12654    1.01086e-07    0.0215685
1.38908    -1.12654    1.18822e-07    0.0215672
1.38901    -1.12654    1.35349e-07    0.0215659
1.38893    -1.12654    1.50128e-07    0.0215644
1.38886    -1.12654    1.62712e-07    0.0215629
1.38877    -1.12654    1.72755e-07    0.0215613
1.38869    -1.12654    1.80013e-07    0.0215597
1.38861    -1.12654    1.84351e-07    0.021558
1.38852    -1.12654    1.85729e-07    0.0215562
1.38843    -1.12654    1.84207e-07    0.0215545
1.38835    -1.12654    1.79929e-07    0.0215528
1.38826    -1.12654    1.73119e-07    0.0215511
1.38818    -1.12654    1.64062e-07    0.0215494
1.3881    -1.12654    1.53097e-07    0.0215478
1.38802    -1.12654    1.40601e-07    0.0215462
1.38794    -1.12654    1.26972e-07    0.0215447
1.38787    -1.12654    1.12622e-07    0.0215432
1.3878    -1.12654    9.79576e-08    0.0215419
1.38774    -1.12654    8.33696e-08    0.0215406
1.38768    -1.12654    6.92237e-08    0.0215394
1.38763    -1.12654    5.58496e-08    0.0215383
1.38758    -1.12654    4.35339e-08    0.0215374
1.38754    -1.12654    3.25138e-08    0.0215365
1.38751    -1.12654    2.29736e-08    0.0215357
1.38748    -1.12654    1.50425e-08    0.0215351
1.38745    -1.12654    8.79421e-09    0.0215346
1.38743    -1.12654    4.24844e-09    0.0215342
1.38742    -1.12654    1.37397e-09    0.0215339
1.38741    -1.12654    9.29105e-11    0.0215337
1.38741    -1.12654    2.86156e-10    0.0215336
1.38741    -1.12654    1.79975e-09    0.0215337
1.38742    -1.12654    4.45183e-09    0.0215338
1.38743    -1.12654    8.04002e-09    0.0215341
1.38745    -1.12654    1.23489e-08    0.0215344
1.38747    -1.12654    1.71572e-08    0.0215348
1.3875    -1.12654    2.22452e-08    0.0215353
1.38753    -1.12654    2.74009e-08    0.0215359
1.38756    -1.12654    3.24261e-08    0.0215365
1.3876    -1.12654    3.71414e-08    0.0215372
1.38764    -1.12654    4.139e-08    0.021538
1.38768    -1.12654    4.50413e-08    0.0215388
1.38772    -1.12654    4.79928e-08    0.0215396
1.38777    -1.12654    5.01713e-08    0.0215405
1.38781    -1.12654    5.15332e-08    0.0215414
1.38786    -1.12654    5.20633e-08    0.0215423
1.3879    -1.12654    5.1774e-08    0.0215432
1.38795    -1.12654    5.07024e-08    0.0215441
1.38799    -1.12654    4.89078e-08    0.021545
1.38804    -1.12654    4.64681e-08    0.0215459
1.38808    -1.12654    4.34764e-08    0.0215468
1.38812    -1.12654    4.0037e-08    0.0215476
1.38816    -1.12654    3.62614e-08    0.0215485
1.3882    -1.12654    3.22645e-08    0.0215492
1.38824    -1.12654    2.81608e-08    0.02155
1.38827    -1.12654    2.4061e-08    0.0215506
1.3883    -1.12654    2.00688e-08    0.0215513
1.38833    -1.12654    1.62784e-08    0.0215519
1.38836    -1.12654    1.2772e-08    0.0215524
1.38838    -1.12654    9.61827e-09    0.0215529
1.3884    -1.12654    6.87135e-09    0.0215533
1.38842    -1.12654    4.56985e-09    0.0215536
1.38843    -1.12654    2.73693e-09    0.0215539
1.38844    -1.12654    1.38057e-09    0.0215541
1.38845    -1.12654    4.94353e-10    0.0215543
1.38845    -1.12654    5.86197e-11    0.0215544
1.38845    -1.12654    4.19481e-11    0.0215544
1.38845    -1.12654    4.02878e-10    0.0215544
1.38845    -1.12654    1.09183e-09    0.0215544
1.38844    -1.12654    2.05313e-09    0.0215543
1.38843    -1.12654    3.22711e-09    0.0215541
1.38842    -1.12654    4.55214e-09    0.0215539
1.38841    -1.12654    5.96661e-09    0.0215536
1.38839    -1.12654    7.41079e-09    0.0215533
1.38837    -1.12654    8.82847e-09    0.021553
1.38836    -1.12654    1.01684e-08    0.0215526
1.38833    -1.12654    1.13856e-08    0.0215522
1.38831    -1.12654    1.24421e-08    0.0215518
1.38829    -1.12654    1.33077e-08    0.0215513
1.38827    -1.12654    1.39602e-08    0.0215509
1.38824    -1.12654    1.4386e-08    0.0215504
1.38822    -1.12654    1.45792e-08    0.0215499
1.3882    -1.12654    1.45417e-08    0.0215495
1.38817    -1.12654    1.42828e-08    0.021549
1.38815    -1.12654    1.38177e-08    0.0215485
1.38812    -1.12654    1.31673e-08    0.021548
1.3881    -1.12654    1.23569e-08    0.0215476
1.38808    -1.12654    1.14152e-08    0.0215471
1.38806    -1.12654    1.0373e-08    0.0215467
1.38804    -1.12654    9.26251e-09    0.0215463
1.38802    -1.12654    8.11579e-09    0.0215459
1.388    -1.12654    6.96418e-09    0.0215455
1.38798    -1.12654    5.83721e-09    0.0215452
1.38797    -1.12654    4.76186e-09    0.0215448
1.38795    -1.12654    3.7619e-09    0.0215446
1.38794    -1.12654    2.8574e-09    0.0215443
1.38793    -1.12654    2.06434e-09    0.0215441
1.38792    -1.12654    1.39444e-09    0.0215439
1.38791    -1.12654    8.55034e-10    0.0215437
1.38791    -1.12654    4.49191e-10    0.0215436
1.3879    -1.12654    1.75876e-10    0.0215435
1.3879    -1.12654    3.0264e-11    0.0215435
1.3879    -1.12654    4.13569e-12    0.0215434
1.3879    -1.12654    8.63525e-11    0.0215434
1.3879    -1.12654    2.63387e-10    0.0215435
1.38791    -1.12654    5.19889e-10    0.0215435
1.38791    -1.12654    8.39269e-10    0.0215436
1.38792    -1.12654    1.20428e-09    0.0215437
1.38792    -1.12654    1.59759e-09    0.0215438
1.38793    -1.12654    2.00229e-09    0.021544
1.38794    -1.12654    2.40237e-09    0.0215442
1.38795    -1.12654    2.78318e-09    0.0215444
1.38796    -1.12654    3.13172e-09    0.0215446
1.38797    -1.12654    3.43696e-09    0.0215448
1.38798    -1.12654    3.69002e-09    0.021545
1.388    -1.12654    3.88428e-09    0.0215453
1.38801    -1.12654    4.01546e-09    0.0215455
1.38802    -1.12654    4.08153e-09    0.0215458
1.38803    -1.12654    4.08267e-09    0.021546
1.38805    -1.12654    4.02107e-09    0.0215463
1.38806    -1.12654    3.90078e-09    0.0215465
1.38807    -1.12654    3.72737e-09    0.0215468
1.38808    -1.12654    3.50775e-09    0.021547
1.3881    -1.12654    3.2498e-09    0.0215473
1.38811    -1.12654    2.96211e-09    0.0215475
1.38812    -1.12654    2.65362e-09    0.0215477
1.38813    -1.12654    2.33338e-09    0.0215479
1.38814    -1.12654    2.01023e-09    0.0215481
1.38815    -1.12654    1.69253e-09    0.0215483
1.38816    -1.12654    1.38801e-09    0.0215485
1.38816    -1.12654    1.10349e-09    0.0215486
1.38817    -1.12654    8.4478e-10    0.0215488
1.38818    -1.12654    6.16579e-10    0.0215489
1.38818    -1.12654    4.22381e-10    0.021549
1.38818    -1.12654    2.64462e-10    0.0215491
1.38819    -1.12654    1.43894e-10    0.0215491
1.38819    -1.12654    6.05883e-11    0.0215492
1.38819    -1.12654    1.33783e-11    0.0215492
1.38819    -1.12654    1.2547e-13    0.0215493
1.38819    -1.12654    1.78487e-11    0.0215493
1.38819    -1.12654    6.28706e-11    0.0215492
1.38819    -1.12654    1.30974e-10    0.0215492
1.38819    -1.12654    2.17566e-10    0.0215492
1.38818    -1.12654    3.17839e-10    0.0215491
1.38818    -1.12654    4.26932e-10    0.0215491
1.38818    -1.12654    5.40077e-10    0.021549
1.38817    -1.12654    6.52739e-10    0.0215489
1.38817    -1.12654    7.60732e-10    0.0215488
1.38816    -1.12654    8.60327e-10    0.0215487
1.38816    -1.12654    9.48325e-10    0.0215486
1.38815    -1.12654    1.02212e-09    0.0215484
1.38814    -1.12654    1.07975e-09    0.0215483
1.38814    -1.12654    1.11988e-09    0.0215482
1.38813    -1.12654    1.14182e-09    0.021548
1.38812    -1.12654    1.14552e-09    0.0215479
1.38812    -1.12654    1.13149e-09    0.0215478
1.38811    -1.12654    1.10076e-09    0.0215476
1.3881    -1.12654    1.05483e-09    0.0215475
1.3881    -1.12654    9.95551e-10    0.0215474
1.38809    -1.12654    9.25102e-10    0.0215472
1.38808    -1.12654    8.45853e-10    0.0215471
1.38808    -1.12654    7.60298e-10    0.021547
1.38807    -1.12654    6.70973e-10    0.0215469
1.38807    -1.12654    5.80371e-10    0.0215468
1.38806    -1.12654    4.9087e-10    0.0215467
1.38806    -1.12654    4.0467e-10    0.0215466
1.38805    -1.12654    3.23736e-10    0.0215465
1.38805    -1.12654    2.49754e-10    0.0215464
1.38805    -1.12654    1.84101e-10    0.0215464
1.38804    -1.12654    1.27821e-10    0.0215463
1.38804    -1.12654    8.16175e-11    0.0215463
1.38804    -1.12654    4.58535e-11    0.0215462
1.38804    -1.12654    2.05642e-11    0.0215462
1.38804    -1.12654    5.47725e-12    0.0215462
1.38804    -1.12654    4.14872e-14    0.0215462
1.38804    -1.12654    3.46239e-12    0.0215462
1.38804    -1.12654    1.47421e-11    0.0215462
1.38804    -1.12654    3.27228e-11    0.0215462
1.38804    -1.12654    5.61329e-11    0.0215462
1.38804    -1.12654    8.36319e-11    0.0215462
1.38804    -1.12654    1.13856e-10    0.0215463
1.38805    -1.12654    1.45461e-10    0.0215463
1.38805    -1.12654    1.7716e-10    0.0215464
1.38805    -1.12654    2.07759e-10    0.0215464
1.38805    -1.12654    2.36185e-10    0.0215465
1.38806    -1.12654    2.61515e-10    0.0215465
1.38806    -1.12654    2.82985e-10    0.0215466
1.38806    -1.12654    3.0001e-10    0.0215467
1.38807    -1.12654    3.12184e-10    0.0215467
1.38807    -1.12654    3.19284e-10    0.0215468
1.38807    -1.12654    3.21259e-10    0.0215469
1.38808    -1.12654    3.18225e-10    0.0215469
1.38808    -1.12654    3.10447e-10    0.021547
1.38808    -1.12654    2.98321e-10    0.0215471
1.38809    -1.12654    2.82352e-10    0.0215472
1.38809    -1.12654    2.63135e-10    0.0215472
1.38809    -1.12654    2.41325e-10    0.0215473
1.3881    -1.12654    2.17618e-10    0.0215474
1.3881    -1.12654    1.92723e-10    0.0215474
1.3881    -1.12654    1.67344e-10    0.0215475
1.38811    -1.12654    1.42155e-10    0.0215475
1.38811    -1.12654    1.17781e-10    0.0215476
1.38811    -1.12654    9.47874e-11    0.0215476
1.38811    -1.12654    7.36615e-11    0.0215477
1.38811    -1.12654    5.48057e-11    0.0215477
1.38812    -1.12654    3.853e-11    0.0215477
1.38812    -1.12654    2.5049e-11    0.0215477
1.38812    -1.12654    1.44819e-11    0.0215478
1.38812    -1.12654    6.85518e-12    0.0215478
1.38812    -1.12654    2.10773e-12    0.0215478
1.38812    -1.12654    9.88909e-14    0.0215478
1.38812    -1.12654    6.17798e-13    0.0215478
1.38812    -1.12654    3.39446e-12    0.0215478
1.38812    -1.12654    8.11182e-12    0.0215478
1.38812    -1.12654    1.44185e-11    0.0215478
1.38812    -1.12654    2.19414e-11    0.0215478
1.38812    -1.12654    3.02989e-11    0.0215478
1.38812    -1.12654    3.91122e-11    0.0215477
1.38811    -1.12654    4.80171e-11    0.0215477
1.38811    -1.12654    5.66735e-11    0.0215477
1.38811    -1.12654    6.47742e-11    0.0215477
1.38811    -1.12654    7.20517e-11    0.0215476
1.38811    -1.12654    7.82838e-11    0.0215476
1.38811    -1.12654    8.32969e-11    0.0215476
1.3881    -1.12654    8.6968e-11    0.0215475
1.3881    -1.12654    8.92248e-11    0.0215475
1.3881    -1.12654    9.00446e-11    0.0215474
1.3881    -1.12654    8.94513e-11    0.0215474
1.3881    -1.12654    8.75116e-11    0.0215474
1.3881    -1.12654    8.43301e-11    0.0215473
1.38809    -1.12654    8.00433e-11    0.0215473
1.38809    -1.12654    7.48134e-11    0.0215473
1.38809    -1.12654    6.88216e-11    0.0215472
1.38809    -1.12654    6.22612e-11    0.0215472
1.38809    -1.12654    5.53309e-11    0.0215472
1.38809    -1.12654    4.82285e-11    0.0215471
1.38808    -1.12654    4.11447e-11    0.0215471
1.38808    -1.12654    3.42582e-11    0.0215471
1.38808    -1.12654    2.77305e-11    0.021547
1.38808    -1.12654    2.17026e-11    0.021547
1.38808    -1.12654    1.62919e-11    0.021547
1.38808    -1.12654    1.15901e-11    0.021547
1.38808    -1.12654    7.66248e-12    0.021547
1.38808    -1.12654    4.54741e-12    0.021547
1.38808    -1.12654    2.25702e-12    0.021547
1.38808    -1.12654    7.78625e-13    0.0215469
1.38808    -1.12654    7.67687e-14    0.0215469
1.38808    -1.12654    9.5778e-14    0.0215469
1.38808    -1.12654    7.62806e-13    0.0215469
1.38808    -1.12654    1.99117e-12    0.0215469
1.38808    -1.12654    3.68387e-12    0.0215469
1.38808    -1.12654    5.73722e-12    0.021547
1.38808    -1.12654    8.04439e-12    0.021547
1.38808    -1.12654    1.04988e-11    0.021547
1.38808    -1.12654    1.29974e-11    0.021547
1.38808    -1.12654    1.54435e-11    0.021547
1.38808    -1.12654    1.77489e-11    0.021547
1.38808    -1.12654    1.98366e-11    0.021547
1.38808    -1.12654    2.16418e-11    0.0215471
1.38808    -1.12654    2.31133e-11    0.0215471
1.38808    -1.12654    2.42139e-11    0.0215471
1.38809    -1.12654    2.49208e-11    0.0215471
1.38809    -1.12654    2.52251e-11    0.0215471
1.38809    -1.12654    2.51312e-11    0.0215471
1.38809    -1.12654    2.46555e-11    0.0215472
1.38809    -1.12654    2.38256e-11    0.0215472
1.38809    -1.12654    2.26783e-11    0.0215472
1.38809    -1.12654    2.12577e-11    0.0215472
1.38809    -1.12654    1.96139e-11    0.0215472
1.38809    -1.12654    1.78005e-11    0.0215473
1.38809    -1.12654    1.58731e-11    0.0215473
1.38809    -1.12654    1.38873e-11    0.0215473
1.3881    -1.12654    1.1897e-11    0.0215473
1.3881    -1.12654    9.95306e-12    0.0215473
1.3881    -1.12654    8.10172e-12    0.0215473
1.3881    -1.12654    6.38362e-12    0.0215474
1.3881    -1.12654    4.83292e-12    0.0215474
1.3881    -1.12654    3.47671e-12    0.0215474
1.3881    -1.12654    2.33467e-12    0.0215474
1.3881    -1.12654    1.41892e-12    0.0215474
1.3881    -1.12654    7.34216e-13    0.0215474
1.3881    -1.12654    2.78243e-13    0.0215474
1.3881    -1.12654    4.21989e-14    0.0215474
1.3881    -1.12654    1.14701e-14    0.0215474
1.3881    -1.12654    1.66464e-13    0.0215474
1.3881    -1.12654    4.83533e-13    0.0215474
1.3881    -1.12654    9.35953e-13    0.0215474
1.3881    -1.12654    1.49494e-12    0.0215474
1.3881    -1.12654    2.13063e-12    0.0215474
1.3881    -1.12654    2.8131e-12    0.0215474
1.3881    -1.12654    3.5132e-12    0.0215474
1.3881    -1.12654    4.20342e-12    0.0215474
1.3881    -1.12654    4.85861e-12    0.0215474
1.3881    -1.12654    5.45654e-12    0.0215473
1.3881    -1.12654    5.97839e-12    0.0215473
1.3881    -1.12654    6.40907e-12    0.0215473
1.3881    -1.12654    6.73746e-12    0.0215473
1.38809    -1.12654    6.95638e-12    0.0215473
1.38809    -1.12654    7.06264e-12    0.0215473
1.38809    -1.12654    7.05678e-12    0.0215473
1.38809    -1.12654    6.94285e-12    0.0215473
1.38809    -1.12654    6.72799e-12    0.0215473
1.38809    -1.12654    6.42207e-12    0.0215473
1.38809    -1.12654    6.03714e-12    0.0215472
1.38809    -1.12654    5.58693e-12    0.0215472
1.38809    -1.12654    5.08634e-12    0.0215472
1.38809    -1.12654    4.55089e-12    0.0215472
1.38809    -1.12654    3.99619e-12    0.0215472
1.38809    -1.12654    3.43749e-12    0.0215472
1.38809    -1.12654    2.88922e-12    0.0215472
1.38809    -1.12654    2.3646e-12    0.0215472
1.38809    -1.12654    1.87533e-12    0.0215472
1.38809    -1.12654    1.43136e-12    0.0215472
1.38809    -1.12654    1.04064e-12    0.0215472
1.38809    -1.12654    7.09081e-13    0.0215472
1.38809    -1.12654    4.40475e-13    0.0215472
1.38809    -1.12654    2.36531e-13    0.0215472
1.38809    -1.12654    9.69603e-14    0.0215472
1.38809    -1.12654    1.96191e-14    0.0215472
1.38809    -1.12654    6.97484e-16    0.0215472
1.38809    -1.12654    3.49444e-14    0.0215472
1.38809    -1.12654    1.15922e-13    0.0215472
1.38809    -1.12654    2.3628e-13    0.0215472
1.38809    -1.12654    3.88034e-13    0.0215472
1.38809    -1.12654    5.62852e-13    0.0215472
1.38809    -1.12654    7.52327e-13    0.0215472
1.38809    -1.12654    9.48231e-13    0.0215472
1.38809    -1.12654    1.14276e-12    0.0215472
1.38809    -1.12654    1.32871e-12    0.0215472
1.38809    -1.12654    1.4997e-12    0.0215472
1.38809    -1.12654    1.65028e-12    0.0215472
1.38809    -1.12654    1.776e-12    0.0215472
1.38809    -1.12654    1.87354e-12    0.0215472
1.38809    -1.12654    1.9407e-12    0.0215472
1.38809    -1.12654    1.97635e-12    0.0215472
1.38809    -1.12654    1.98049e-12    0.0215472
1.38809    -1.12654    1.95404e-12    0.0215472
1.38809    -1.12654    1.89889e-12    0.0215472
1.38809    -1.12654    1.81764e-12    0.0215472
1.38809    -1.12654    1.71358e-12    0.0215472
1.38809    -1.12654    1.59048e-12    0.0215472
1.38809    -1.12654    1.45247e-12    0.0215472
1.38809    -1.12654    1.30388e-12    0.0215472
1.38809    -1.12654    1.14909e-12    0.0215473
1.38809    -1.12654    9.9239e-13    0.0215473
1.38809    -1.12654    8.37889e-13    0.0215473
1.38809    -1.12654    6.8936e-13    0.0215473
1.38809    -1.12654    5.50167e-13    0.0215473
1.38809    -1.12654    4.23192e-13    0.0215473
1.38809    -1.12654    3.10771e-13    0.0215473
1.38809    -1.12654    2.1467e-13    0.0215473
1.38809    -1.12654    1.3606e-13    0.0215473
1.38809    -1.12654    7.55267e-14    0.0215473
1.38809    -1.12654    3.30915e-14    0.0215473
1.38809    -1.12654    8.24604e-15    0.0215473
1.38809    -1.12654    4.63041e-18    0.0215473
1.38809    -1.12654    6.9653e-15    0.0215473
1.38809    -1.12654    2.73798e-14    0.0215473
1.38809    -1.12654    5.92294e-14    0.0215473
1.38809    -1.12654    1.00303e-13    0.0215473
1.38809    -1.12654    1.48279e-13    0.0215473
1.38809    -1.12654    2.00798e-13    0.0215473
1.38809    -1.12654    2.5554e-13    0.0215473
1.38809    -1.12654    3.1029e-13    0.0215473
1.38809    -1.12654    3.62997e-13    0.0215473
1.38809    -1.12654    4.11824e-13    0.0215473
1.38809    -1.12654    4.55191e-13    0.0215473
1.38809    -1.12654    4.918e-13    0.0215473
1.38809    -1.12654    5.20662e-13    0.0215473
1.38809    -1.12654    5.41096e-13    0.0215473
1.38809    -1.12654    5.52739e-13    0.0215473
1.38809    -1.12654    5.55525e-13    0.0215473
1.38809    -1.12654    5.49673e-13    0.0215473
1.38809    -1.12654    5.35658e-13    0.0215472
1.38809    -1.12654    5.14179e-13    0.0215472
1.38809    -1.12654    4.86125e-13    0.0215472
1.38809    -1.12654    4.52529e-13    0.0215472
1.38809    -1.12654    4.14534e-13    0.0215472
1.38809    -1.12654    3.73345e-13    0.0215472
1.38809    -1.12654    3.3019e-13    0.0215472
1.38809    -1.12654    2.86283e-13    0.0215472
1.38809    -1.12654    2.42783e-13    0.0215472
1.38809    -1.12654    2.00768e-13    0.0215472
1.38809    -1.12654    1.61204e-13    0.0215472
1.38809    -1.12654    1.24926e-13    0.0215472
1.38809    -1.12654    9.26178e-14    0.0215472
1.38809    -1.12654    6.4804e-14    0.0215472
1.38809    -1.12654    4.18441e-14    0.0215472
1.38809    -1.12654    2.39325e-14    0.0215472
1.38809    -1.12654    1.11038e-14    0.0215472
1.38809    -1.12654    3.24213e-15    0.0215472
1.38809    -1.12654    9.48507e-17    0.0215472
1.38809    -1.12654    1.28925e-15    0.0215472
1.38809    -1.12654    6.3518e-15    0.0215472
1.38809    -1.12654    1.47291e-14    0.0215472
1.38809    -1.12654    2.58099e-14    0.0215472
1.38809    -1.12654    3.89472e-14    0.0215472
1.38809    -1.12654    5.34804e-14    0.0215472
1.38809    -1.12654    6.87557e-14    0.0215472
1.38809    -1.12654    8.41455e-14    0.0215472
1.38809    -1.12654    9.90651e-14    0.0215472
1.38809    -1.12654    1.12988e-13    0.0215472
1.38809    -1.12654    1.25456e-13    0.0215472
1.38809    -1.12654    1.36092e-13    0.0215472
1.38809    -1.12654    1.44601e-13    0.0215472
1.38809    -1.12654    1.50777e-13    0.0215472
1.38809    -1.12654    1.54502e-13    0.0215472
1.38809    -1.12654    1.55741e-13    0.0215472
1.38809    -1.12654    1.54542e-13    0.0215472
1.38809    -1.12654    1.51025e-13    0.0215472
1.38809    -1.12654    1.45376e-13    0.0215472
1.38809    -1.12654    1.37835e-13    0.0215472
1.38809    -1.12654    1.28683e-13    0.0215472
1.38809    -1.12654    1.18238e-13    0.0215472
1.38809    -1.12654    1.06834e-13    0.0215472
1.38809    -1.12654    9.48148e-14    0.0215472
1.38809    -1.12654    8.25226e-14    0.0215472
1.38809    -1.12654    7.02858e-14    0.0215472
1.38809    -1.12654    5.84113e-14    0.0215472
1.38809    -1.12654    4.71763e-14    0.0215472
1.38809    -1.12654    3.68218e-14    0.0215472
1.38809    -1.12654    2.75476e-14    0.0215472
1.38809    -1.12654    1.95093e-14    0.0215472
1.38809    -1.12654    1.28162e-14    0.0215472
1.38809    -1.12654    7.53142e-15    0.0215473
1.38809    -1.12654    3.6727e-15    0.0215473
1.38809    -1.12654    1.21517e-15    0.0215473
1.38809    -1.12654    9.47975e-17    0.0215473
1.38809    -1.12654    2.12978e-16    0.0215473
1.38809    -1.12654    1.4418e-15    0.0215473
1.38809    -1.12654    3.62987e-15    0.0215473
1.38809    -1.12654    6.60838e-15    0.0215473
1.38809    -1.12654    1.01974e-14    0.0215473
1.38809    -1.12654    1.42121e-14    0.0215473
1.38809    -1.12654    1.84684e-14    0.0215472
1.38809    -1.12654    2.27886e-14    0.0215472
1.38809    -1.12654    2.70063e-14    0.0215472
1.38809    -1.12654    3.09706e-14    0.0215472
1.38809    -1.12654    3.45496e-14    0.0215472
1.38809    -1.12654    3.76329e-14    0.0215472
1.38809    -1.12654    4.01335e-14    0.0215472
1.38809    -1.12654    4.19892e-14    0.0215472
1.38809    -1.12654    4.31619e-14    0.0215472
