1.62525    -1.11794    3.98056e-05    0.0531342
1.62398    -1.11802    0.000162516    0.0530876
1.62143    -1.11819    0.000366367    0.0529833
1.61758    -1.11843    0.000648349    0.0528221
1.61247    -1.11875    0.00100421    0.0526048
1.60611    -1.11914    0.00142845    0.0523327
1.59853    -1.11959    0.00191429    0.0520073
1.58975    -1.12011    0.00245367    0.0516306
1.57981    -1.12067    0.00303724    0.0512046
1.56875    -1.12127    0.00365439    0.050732
1.55662    -1.1219    0.00429321    0.0502155
1.54347    -1.12255    0.00494062    0.0496582
1.52936    -1.12319    0.00558241    0.0490635
1.51437    -1.12383    0.00620339    0.0484352
1.49856    -1.12443    0.00678757    0.0477771
1.48203    -1.12499    0.00731844    0.0470935
1.46486    -1.12549    0.00777932    0.0463885
1.44716    -1.12591    0.00815376    0.0456669
1.42904    -1.12623    0.00842614    0.0449333
1.41062    -1.12645    0.00858226    0.0441927
1.39203    -1.12654    0.00861018    0.04345
1.37341    -1.1265    0.00850097    0.0427104
1.35491    -1.12632    0.00824973    0.0419795
1.33668    -1.126    0.00785639    0.0412628
1.31889    -1.12554    0.00732668    0.0405662
1.30171    -1.12494    0.00667276    0.0398958
1.28532    -1.12423    0.00591369    0.0392578
1.26989    -1.12343    0.00507548    0.0386585
1.25559    -1.12257    0.00419056    0.0381042
1.2426    -1.12167    0.00329678    0.0376009
1.23108    -1.12079    0.00243561    0.0371544
1.22117    -1.11996    0.00164983    0.0367697
1.21302    -1.11923    0.000980742    0.0364513
1.20674    -1.11863    0.000465121    0.0362029
1.20241    -1.1182    0.000132283    0.0360273
1.2001    -1.11797    1.60277e-06    0.0359263
1.19985    -1.11794    8.07943e-05    0.0359009
1.20165    -1.11813    0.000365211    0.0359509
1.20549    -1.11851    0.000838262    0.0360754
1.2113    -1.11907    0.00147288    0.0362725
1.219    -1.11977    0.00223384    0.0365394
1.22848    -1.12058    0.00308064    0.036873
1.23962    -1.12145    0.0039705    0.0372693
1.25227    -1.12235    0.00486133    0.0377241
1.26626    -1.12322    0.00571414    0.0382326
1.28143    -1.12404    0.006495    0.03879
1.2976    -1.12478    0.00717623    0.0393913
1.3146    -1.1254    0.00773711    0.0400312
1.33225    -1.1259    0.00816384    0.0407043
1.35039    -1.12626    0.00844927    0.041405
1.36883    -1.12647    0.00859219    0.0421275
1.38743    -1.12654    0.0085965    0.0428661
1.40604    -1.12648    0.00847027    0.0436146
1.42451    -1.1263    0.00822485    0.0443671
1.44271    -1.126    0.00787397    0.0451176
1.46052    -1.1256    0.00743296    0.0458602
1.47782    -1.12512    0.00691809    0.0465894
1.49451    -1.12457    0.00634599    0.0472998
1.5105    -1.12398    0.00573321    0.0479864
1.52569    -1.12335    0.00509584    0.0486445
1.54002    -1.12271    0.00444922    0.0492699
1.5534    -1.12206    0.00380778    0.0498587
1.56579    -1.12143    0.00318485    0.0504072
1.57711    -1.12082    0.0025926    0.0509123
1.58733    -1.12025    0.00204195    0.051371
1.5964    -1.11972    0.00154253    0.0517808
1.60428    -1.11925    0.00110273    0.0521395
1.61094    -1.11884    0.000729643    0.0524452
1.61636    -1.11851    0.000429082    0.0526963
1.62052    -1.11824    0.000205623    0.0528915
1.6234    -1.11806    6.25996e-05    0.0530298
1.62499    -1.11796    2.11802e-06    0.0531106
1.62528    -1.11794    2.50685e-05    0.0531336
1.62427    -1.118    0.000131127    0.0530986
1.62198    -1.11815    0.000318754    0.0530059
1.61839    -1.11838    0.000585186    0.0528561
1.61354    -1.11868    0.000926424    0.0526501
1.60743    -1.11906    0.00133722    0.052389
1.60009    -1.1195    0.00181106    0.0520743
1.59155    -1.12    0.00234014    0.0517078
1.58184    -1.12056    0.00291537    0.0512917
1.57101    -1.12115    0.0035264    0.0508283
1.55909    -1.12178    0.00416159    0.0503205
1.54615    -1.12242    0.00480807    0.0497714
1.53223    -1.12307    0.00545188    0.0491841
1.51741    -1.1237    0.006078    0.0485624
1.50177    -1.12431    0.00667059    0.0479101
1.48538    -1.12488    0.00721325    0.0472314
1.46833    -1.12539    0.00768928    0.0465306
1.45074    -1.12583    0.00808216    0.0458122
1.4327    -1.12618    0.00837607    0.0450808
1.41433    -1.12641    0.00855648    0.0443413
1.39577    -1.12653    0.00861092    0.0435988
1.37714    -1.12652    0.00852982    0.0428584
1.35861    -1.12637    0.00830737    0.0421255
1.34032    -1.12608    0.00794248    0.0414057
1.32243    -1.12564    0.00743965    0.0407047
1.30512    -1.12507    0.0068097    0.0400287
1.28856    -1.12439    0.00607028    0.0393839
1.27293    -1.1236    0.005246    0.0387764
1.25839    -1.12274    0.00436806    0.0382127
1.24513    -1.12185    0.00347332    0.0376989
1.2333    -1.12097    0.00260264    0.0372406
1.22307    -1.12012    0.00179876    0.0368432
1.21455    -1.11937    0.00110346    0.0365112
1.20789    -1.11874    0.000554659    0.0362486
1.20316    -1.11828    0.000183362    0.0360582
1.20044    -1.118    1.10961e-05    0.0359422
1.19978    -1.11794    4.80068e-05    0.0359015
1.20117    -1.11808    0.000291939    0.0359364
1.2046    -1.11842    0.000728629    0.036046
1.21001    -1.11894    0.00133297    0.0362286
1.21734    -1.11962    0.0020712    0.0364817
1.22647    -1.12041    0.00290365    0.036802
1.23729    -1.12127    0.00378779    0.0371859
1.24964    -1.12217    0.0046812    0.0376292
1.26337    -1.12305    0.00554411    0.0381271
1.27831    -1.12389    0.00634149    0.0386749
1.29429    -1.12464    0.00704434    0.0392677
1.31113    -1.12529    0.00763051    0.0399
1.32866    -1.12581    0.00808484    0.0405667
1.34671    -1.1262    0.00839889    0.0412621
1.3651    -1.12644    0.00857031    0.0419805
1.38368    -1.12654    0.00860204    0.0427162
1.40229    -1.12651    0.00850138    0.043463
1.42079    -1.12634    0.00827908    0.044215
1.43905    -1.12607    0.00794845    0.0449662
1.45694    -1.12569    0.00752454    0.0457106
1.47435    -1.12522    0.00702348    0.0464427
1.49117    -1.12469    0.00646185    0.0471571
1.5073    -1.1241    0.00585625    0.0478487
1.52266    -1.12348    0.00522287    0.0485128
1.53716    -1.12284    0.00457723    0.0491449
1.55074    -1.1222    0.00393394    0.0497412
1.56333    -1.12156    0.00330656    0.050298
1.57487    -1.12094    0.00270749    0.0508119
1.58531    -1.12036    0.00214789    0.05128
1.59461    -1.11983    0.00163768    0.0516998
1.60273    -1.11934    0.00118548    0.0520688
1.60964    -1.11892    0.000798632    0.0523852
1.61531    -1.11857    0.000483217    0.0526473
1.61972    -1.11829    0.000244054    0.0528538
1.62286    -1.11809    8.47245e-05    0.0530036
1.6247    -1.11798    7.57971e-06    0.053096
1.62526    -1.11794    1.37536e-05    0.0531305
1.62451    -1.11799    0.000103166    0.0531072
1.62247    -1.11812    0.000274522    0.0530261
1.61915    -1.11833    0.000525306    0.0528878
1.61455    -1.11862    0.000851769    0.052693
1.60869    -1.11898    0.00124891    0.0524429
1.6016    -1.11941    0.00171048    0.0521389
1.5933    -1.1199    0.00222894    0.0517827
1.58383    -1.12045    0.00279546    0.0513765
1.57322    -1.12103    0.00339993    0.0509225
1.56151    -1.12165    0.00403097    0.0504235
1.54877    -1.12229    0.00467597    0.0498825
1.53505    -1.12294    0.00532118    0.0493028
1.52041    -1.12358    0.00595178    0.0486878
1.50493    -1.12419    0.0065521    0.0480416
1.48869    -1.12477    0.00710581    0.047368
1.47177    -1.1253    0.00759626    0.0466714
1.45428    -1.12575    0.00800688    0.0459563
1.43632    -1.12611    0.00832164    0.0452273
1.41802    -1.12638    0.00852573    0.0444893
1.39949    -1.12652    0.0086062    0.0437472
1.38087    -1.12653    0.00855283    0.0430061
1.36231    -1.12641    0.00835901    0.0422715
1.34396    -1.12615    0.00802263    0.0415487
1.32599    -1.12574    0.00754699    0.0408437
1.30855    -1.1252    0.00694161    0.0401624
1.29183    -1.12453    0.00622274    0.039511
1.276    -1.12377    0.00541359    0.0388957
1.26124    -1.12292    0.00454408    0.0383229
1.24771    -1.12204    0.00365002    0.0377987
1.23559    -1.12114    0.00277162    0.037329
1.22502    -1.12029    0.0019514    0.0369191
1.21616    -1.11951    0.00123155    0.0365738
1.20911    -1.11886    0.000650969    0.036297
1.20399    -1.11836    0.000242259    0.036092
1.20087    -1.11805    2.90094e-05    0.035961
1.19979    -1.11794    2.37439e-05    0.0359052
1.20077    -1.11804    0.000226795    0.035925
1.20379    -1.11834    0.000626269    0.0360197
1.20881    -1.11883    0.00119911    0.0361877
1.21576    -1.11948    0.00191309    0.0364268
1.22454    -1.12025    0.00272952    0.0367339
1.23502    -1.1211    0.00360623    0.0371053
1.24707    -1.12199    0.00450059    0.0375368
1.26054    -1.12288    0.00537215    0.038024
1.27524    -1.12373    0.00618479    0.0385621
1.29103    -1.1245    0.00690825    0.0391461
1.30771    -1.12517    0.00751899    0.0397708
1.32511    -1.12572    0.00800047    0.0404308
1.34306    -1.12613    0.00834292    0.0411207
1.36139    -1.1264    0.00854284    0.0418348
1.37994    -1.12653    0.00860217    0.0425673
1.39855    -1.12652    0.0085274    0.0433122
1.41708    -1.12639    0.00832866    0.0440634
1.43539    -1.12613    0.00801881    0.044815
1.45336    -1.12577    0.00761258    0.0455611
1.47087    -1.12532    0.00712595    0.0462959
1.48781    -1.1248    0.00657542    0.0470141
1.50409    -1.12423    0.00597763    0.0477105
1.5196    -1.12361    0.00534886    0.0483802
1.53428    -1.12297    0.00470479    0.049019
1.54804    -1.12233    0.0040602    0.0496226
1.56083    -1.12169    0.00342889    0.0501874
1.57258    -1.12107    0.00282347    0.05071
1.58325    -1.12048    0.00225538    0.0511875
1.59278    -1.11993    0.00173477    0.051617
1.60114    -1.11944    0.00127051    0.0519963
1.60829    -1.11901    0.000870208    0.0523233
1.61421    -1.11864    0.000540194    0.0525963
1.61887    -1.11835    0.000285536    0.0528139
1.62226    -1.11813    0.000110062    0.0529751
1.62437    -1.118    1.63677e-05    0.053079
1.62518    -1.11794    5.83028e-06    0.0531252
1.6247    -1.11798    7.86126e-05    0.0531134
1.62292    -1.11809    0.000233664    0.0530439
1.61985    -1.11829    0.000468713    0.052917
1.6155    -1.11856    0.000780259    0.0527335
1.6099    -1.11891    0.00116356    0.0524944
1.60305    -1.11932    0.00161261    0.0522011
1.59499    -1.1198    0.00212013    0.0518554
1.58575    -1.12034    0.00267756    0.0514591
1.57537    -1.12092    0.00327504    0.0510145
1.56389    -1.12153    0.00390146    0.0505245
1.55135    -1.12216    0.00454444    0.0499917
1.53782    -1.12281    0.00519045    0.0494196
1.52336    -1.12345    0.00582489    0.0488115
1.50805    -1.12408    0.00643224    0.0481714
1.49195    -1.12466    0.0069963    0.0475031
1.47517    -1.1252    0.00750045    0.0468109
1.45779    -1.12567    0.00792808    0.0460994
1.43992    -1.12605    0.00826302    0.045373
1.42168    -1.12633    0.00849016    0.0446365
1.40319    -1.1265    0.00859614    0.043895
1.38458    -1.12654    0.00857013    0.0431535
1.366    -1.12645    0.00840472    0.0424173
1.34761    -1.12621    0.00809684    0.0416919
1.32955    -1.12583    0.00764866    0.0409831
1.312    -1.12532    0.00706839    0.0402968
1.29513    -1.12468    0.00637089    0.039639
1.27911    -1.12393    0.005578    0.0390162
1.26412    -1.1231    0.00471832    0.0384346
1.25033    -1.12222    0.00382655    0.0379003
1.23792    -1.12132    0.00294216    0.0374194
1.22704    -1.12046    0.00210737    0.0369973
1.21782    -1.11966    0.00136464    0.0366388
1.21041    -1.11898    0.000753743    0.0363482
1.2049    -1.11845    0.000308742    0.0361287
1.20137    -1.1181    5.51999e-05    0.0359828
1.19988    -1.11795    7.96401e-06    0.0359119
1.20045    -1.118    0.000169841    0.0359166
1.20306    -1.11827    0.000531337    0.0359964
1.20769    -1.11872    0.00107151    0.0361499
1.21426    -1.11934    0.00175979    0.0363749
1.22268    -1.12009    0.00255857    0.0366686
1.23283    -1.12093    0.00342617    0.0370273
1.24458    -1.12181    0.00431985    0.0374471
1.25777    -1.12271    0.00519854    0.0379234
1.27223    -1.12356    0.00602516    0.0384516
1.28781    -1.12435    0.00676819    0.0390266
1.30432    -1.12504    0.00740273    0.0396434
1.32159    -1.12562    0.00791083    0.0402966
1.33944    -1.12606    0.00828142    0.0409808
1.3577    -1.12636    0.00850979    0.0416904
1.37621    -1.12652    0.00859686    0.0424195
1.39482    -1.12654    0.00854829    0.0431621
1.41337    -1.12642    0.00837354    0.0439124
1.43174    -1.12619    0.00808496    0.0446642
1.44978    -1.12585    0.00769699    0.0454117
1.46739    -1.12542    0.00722539    0.046149
1.48444    -1.12491    0.00668659    0.0468707
1.50085    -1.12435    0.00609724    0.0475717
1.51652    -1.12374    0.00547369    0.048247
1.53137    -1.1231    0.00483177    0.0488921
1.54532    -1.12246    0.00418645    0.0495029
1.55831    -1.12182    0.00355173    0.0500756
1.57027    -1.12119    0.00294046    0.0506068
1.58115    -1.1206    0.00236432    0.0510933
1.59091    -1.12004    0.0018337    0.0515325
1.5995    -1.11954    0.00135774    0.0519219
1.60689    -1.11909    0.000944295    0.0522594
1.61306    -1.11871    0.000599945    0.0525433
1.61798    -1.1184    0.000330009    0.052772
1.62162    -1.11817    0.000138561    0.0529445
1.62398    -1.11802    2.84396e-05    0.0530598
1.62505    -1.11795    1.26577e-06    0.0531175
1.62483    -1.11797    5.74439e-05    0.0531173
1.62331    -1.11807    0.000196166    0.0530593
1.6205    -1.11824    0.000415405    0.0529438
1.61641    -1.1185    0.000711908    0.0527716
1.61105    -1.11884    0.00108118    0.0525436
1.60445    -1.11924    0.00151748    0.0522611
1.59664    -1.11971    0.00201377    0.0519257
1.58763    -1.12023    0.00256175    0.0515394
1.57747    -1.1208    0.00315183    0.0511044
1.56621    -1.12141    0.00377315    0.0506233
1.55388    -1.12204    0.00441358    0.0500989
1.54055    -1.12268    0.00505981    0.0495345
1.52627    -1.12333    0.00569746    0.0489335
1.51112    -1.12396    0.00631117    0.0482996
1.49518    -1.12455    0.00688487    0.0476367
1.47853    -1.1251    0.00740201    0.0469492
1.46127    -1.12558    0.00784594    0.0462413
1.44349    -1.12598    0.00820036    0.0455176
1.42532    -1.12629    0.00844993    0.044783
1.40687    -1.12648    0.00858087    0.0440423
1.38828    -1.12654    0.0085818    0.0433005
1.36969    -1.12648    0.00844455    0.0425631
1.35125    -1.12627    0.00816514    0.0418353
1.33312    -1.12592    0.00774461    0.0411229
1.31545    -1.12543    0.00718992    0.0404317
1.29844    -1.12481    0.00651458    0.039768
1.28224    -1.12408    0.005739    0.0391379
1.26704    -1.12327    0.00489048    0.0385477
1.253    -1.1224    0.00400257    0.0380037
1.24031    -1.1215    0.0031139    0.0375118
1.22911    -1.12063    0.0022663    0.0370777
1.21956    -1.11982    0.00150238    0.0367063
1.21178    -1.11911    0.000862667    0.0364019
1.20588    -1.11855    0.000382563    0.0361681
1.20196    -1.11816    8.95068e-05    0.0360075
1.20006    -1.11796    6.04974e-07    0.0359216
1.20022    -1.11798    0.000121115    0.0359112
1.20242    -1.1182    0.000443967    0.0359761
1.20665    -1.11862    0.000950391    0.036115
1.21284    -1.11921    0.00161158    0.036326
1.2209    -1.11993    0.00239112    0.0366061
1.23071    -1.12076    0.00324793    0.0369521
1.24215    -1.12164    0.00413928    0.03736
1.25506    -1.12253    0.00502359    0.0378253
1.26928    -1.1234    0.00586286    0.0383433
1.28465    -1.1242    0.00662438    0.0389093
1.30098    -1.12491    0.00728188    0.039518
1.3181    -1.12551    0.00781605    0.0401642
1.33585    -1.12598    0.00821446    0.0408425
1.35403    -1.12631    0.00847121    0.0415473
1.3725    -1.1265    0.00858613    0.0422728
1.3911    -1.12654    0.00856402    0.043013
1.40967    -1.12646    0.00841364    0.043762
1.42808    -1.12625    0.00814684    0.0445138
1.44619    -1.12593    0.00777768    0.0452624
1.46389    -1.12551    0.0073217    0.046002
1.48106    -1.12502    0.00679525    0.0467271
1.4976    -1.12446    0.00621495    0.0474324
1.51342    -1.12386    0.00559724    0.048113
1.52844    -1.12323    0.00495807    0.0487643
1.54257    -1.12259    0.00431258    0.0493821
1.55575    -1.12195    0.00367498    0.0499625
1.56791    -1.12132    0.00305835    0.0505021
1.57901    -1.12072    0.0024746    0.0509976
1.58899    -1.12015    0.00193438    0.0514463
1.59782    -1.11964    0.00144709    0.0518457
1.60545    -1.11918    0.00102081    0.0521936
1.61187    -1.11879    0.0006624    0.0524882
1.61703    -1.11846    0.000377411    0.052728
1.62093    -1.11822    0.000170167    0.0529117
1.62355    -1.11805    4.37514e-05    0.0530384
1.62488    -1.11796    2.5541e-08    0.0531076
1.62491    -1.11796    3.96357e-05    0.0531189
1.62364    -1.11804    0.000162015    0.0530724
1.62109    -1.11821    0.00036538    0.0529683
1.61725    -1.11845    0.000646724    0.0528073
1.61215    -1.11877    0.0010018    0.0525904
1.6058    -1.11916    0.00142511    0.0523186
1.59822    -1.11961    0.00190989    0.0519937
1.58945    -1.12013    0.00244809    0.0516174
1.57952    -1.12069    0.00303038    0.051192
1.56848    -1.12129    0.00364614    0.05072
1.55636    -1.12192    0.0042835    0.0502041
1.54322    -1.12256    0.00492939    0.0496475
1.52913    -1.1232    0.00556962    0.0490537
1.51416    -1.12383    0.00618904    0.0484261
1.49837    -1.12444    0.00677169    0.0477689
1.48186    -1.125    0.0073011    0.047086
1.46471    -1.12549    0.00776061    0.046382
1.44703    -1.12591    0.00813384    0.0456613
1.42893    -1.12623    0.00840519    0.0449286
1.41053    -1.12645    0.00856053    0.0441889
1.39197    -1.12654    0.00858795    0.0434472
1.37337    -1.1265    0.00847859    0.0427086
1.35489    -1.12632    0.00822756    0.0419786
1.33669    -1.126    0.00783483    0.0412629
1.31892    -1.12554    0.00730614    0.0405673
1.30177    -1.12495    0.00665365    0.0398978
1.2854    -1.12424    0.00589639    0.0392606
1.26999    -1.12344    0.0050603    0.0386622
1.25572    -1.12257    0.00417776    0.0381087
1.24275    -1.12168    0.00328648    0.0376062
1.23124    -1.1208    0.00242782    0.0371603
1.22135    -1.11997    0.00164441    0.0367762
1.21321    -1.11924    0.000977415    0.0364583
1.20694    -1.11865    0.00046346    0.0362103
1.20262    -1.11822    0.000131752    0.036035
1.20032    -1.11799    1.58454e-06    0.0359342
1.20006    -1.11797    8.06364e-05    0.0359089
1.20187    -1.11815    0.000364273    0.0359588
1.2057    -1.11853    0.000835959    0.0360832
1.2115    -1.11908    0.00146873    0.0362799
1.21919    -1.11979    0.00222748    0.0365466
1.22866    -1.12059    0.00307185    0.0368797
1.23978    -1.12146    0.00395921    0.0372754
1.25241    -1.12236    0.0048476    0.0377296
1.26638    -1.12323    0.00569816    0.0382374
1.28153    -1.12405    0.00647703    0.0387941
1.29768    -1.12478    0.00715664    0.0393946
1.31466    -1.1254    0.00771626    0.0400336
1.33229    -1.1259    0.00814214    0.0407058
1.3504    -1.12626    0.00842712    0.0414056
1.36882    -1.12647    0.00856997    0.0421272
1.3874    -1.12654    0.00857456    0.0428648
1.40598    -1.12648    0.00844892    0.0436123
1.42442    -1.1263    0.00820436    0.0443639
1.4426    -1.126    0.00785455    0.0451134
1.46039    -1.1256    0.00741479    0.045855
1.47767    -1.12512    0.00690129    0.0465832
1.49434    -1.12458    0.00633066    0.0472927
1.51031    -1.12399    0.0057194    0.0479784
1.52548    -1.12336    0.00508357    0.0486357
1.53979    -1.12272    0.00443848    0.0492603
1.55316    -1.12208    0.00379853    0.0498483
1.56553    -1.12144    0.00317703    0.0503961
1.57684    -1.12084    0.00258613    0.0509004
1.58704    -1.12026    0.00203673    0.0513585
1.5961    -1.11974    0.00153846    0.0517678
1.60397    -1.11927    0.00109969    0.052126
1.61063    -1.11886    0.000727488    0.0524312
1.61604    -1.11853    0.00042768    0.0526819
1.62019    -1.11826    0.000204827    0.0528767
1.62306    -1.11808    6.22574e-05    0.0530148
1.62465    -1.11798    2.0732e-06    0.0530954
1.62494    -1.11796    2.51612e-05    0.0531182
1.62393    -1.11803    0.000131195    0.0530831
1.62163    -1.11817    0.000318633    0.0529905
1.61805    -1.1184    0.000584713    0.0528407
1.6132    -1.1187    0.000925435    0.0526348
1.60709    -1.11908    0.00133555    0.0523739
1.59976    -1.11952    0.00180855    0.0520594
1.59122    -1.12002    0.00233665    0.0516933
1.58152    -1.12058    0.00291075    0.0512775
1.57069    -1.12117    0.00352051    0.0508146
1.55879    -1.12179    0.0041543    0.0503073
1.54585    -1.12243    0.00479929    0.0497587
1.53195    -1.12308    0.00544151    0.049172
1.51715    -1.12371    0.00606599    0.048551
1.50152    -1.12432    0.0066569    0.0478995
1.48514    -1.12489    0.00719788    0.0472215
1.46812    -1.1254    0.00767227    0.0465215
1.45054    -1.12583    0.0080636    0.0458039
1.43252    -1.12618    0.00835609    0.0450734
1.41418    -1.12642    0.00853526    0.0443349
1.39564    -1.12653    0.00858872    0.0435934
1.37704    -1.12652    0.00850692    0.0428539
1.35853    -1.12637    0.00828413    0.042122
1.34026    -1.12607    0.00791931    0.0414032
1.3224    -1.12564    0.00741697    0.0407033
1.30512    -1.12507    0.00678797    0.0400283
1.28859    -1.12439    0.00604996    0.0393845
1.27298    -1.1236    0.00522752    0.0387781
1.25847    -1.12275    0.00435179    0.0382153
1.24523    -1.12186    0.00345955    0.0377024
1.23343    -1.12098    0.00259155    0.037245
1.22321    -1.12013    0.00179037    0.0368484
1.21472    -1.11938    0.00109766    0.0365172
1.20807    -1.11876    0.000551161    0.0362552
1.20336    -1.1183    0.00018174    0.0360654
1.20065    -1.11803    1.08011e-05    0.0359498
1.19999    -1.11796    4.8402e-05    0.0359095
1.20139    -1.1181    0.000292349    0.0359446
1.20482    -1.11844    0.000728389    0.0360543
1.21024    -1.11897    0.00133148    0.0362368
1.21756    -1.11964    0.00206793    0.0364898
1.22669    -1.12043    0.00289823    0.03681
1.23749    -1.12129    0.00377997    0.0371936
1.24983    -1.12218    0.00467088    0.0376364
1.26354    -1.12306    0.00553133    0.0381338
1.27847    -1.12389    0.00632639    0.0386811
1.29443    -1.12465    0.00702718    0.0392731
1.31125    -1.12529    0.0076116    0.0399048
1.32876    -1.12581    0.00806455    0.0405707
1.34678    -1.1262    0.0083776    0.0412653
1.36515    -1.12644    0.0085484    0.0419828
1.3837    -1.12654    0.00857989    0.0427175
1.40229    -1.12651    0.00847933    0.0434634
1.42077    -1.12634    0.00825745    0.0442144
1.43901    -1.12607    0.00792752    0.0449646
1.45688    -1.12569    0.00750454    0.045708
1.47426    -1.12523    0.00700461    0.0464392
1.49106    -1.12469    0.00644426    0.0471525
1.50717    -1.12411    0.00584006    0.0478431
1.5225    -1.12349    0.00520815    0.0485062
1.53698    -1.12285    0.00456402    0.0491375
1.55054    -1.1222    0.00392226    0.0497329
1.56311    -1.12157    0.0032964    0.0502887
1.57463    -1.12096    0.00269881    0.0508018
1.58506    -1.12038    0.00214065    0.0512692
1.59434    -1.11984    0.00163178    0.0516882
1.60245    -1.11936    0.00118084    0.0520565
1.60934    -1.11894    0.000795138    0.0523723
1.615    -1.11859    0.000480751    0.0526338
1.6194    -1.11831    0.000242485    0.0528397
1.62253    -1.11812    8.39102e-05    0.052989
1.62437    -1.118    7.37064e-06    0.053081
1.62491    -1.11796    1.3992e-05    0.0531152
1.62416    -1.11801    0.000103688    0.0530916
1.62212    -1.11814    0.000275157    0.0530103
1.61879    -1.11835    0.00052588    0.0528718
1.61419    -1.11864    0.000852102    0.0526769
1.60833    -1.119    0.00124883    0.0524268
1.60124    -1.11943    0.00170979    0.0521229
1.59294    -1.11992    0.00222747    0.0517668
1.58347    -1.12047    0.00279302    0.0513608
1.57286    -1.12105    0.00339635    0.0509071
1.56117    -1.12167    0.0040261    0.0504085
1.54843    -1.12231    0.00466965    0.0498679
1.53472    -1.12295    0.00531326    0.0492886
1.52009    -1.12359    0.00594215    0.0486742
1.50462    -1.12421    0.00654066    0.0480285
1.48839    -1.12478    0.00709251    0.0473556
1.47149    -1.12531    0.00758107    0.0466598
1.45402    -1.12576    0.00798982    0.0459455
1.43608    -1.12612    0.00830279    0.0452174
1.4178    -1.12638    0.0085052    0.0444802
1.39929    -1.12652    0.0085842    0.043739
1.38069    -1.12653    0.00852962    0.042999
1.36216    -1.12641    0.00833491    0.0422653
1.34384    -1.12614    0.00799804    0.0415437
1.32589    -1.12574    0.00752236    0.0408398
1.30849    -1.1252    0.00691743    0.0401596
1.2918    -1.12453    0.00619953    0.0395093
1.276    -1.12377    0.00539189    0.0388951
1.26126    -1.12292    0.00452438    0.0383235
1.24776    -1.12204    0.00363276    0.0378004
1.23567    -1.12115    0.00275713    0.0373318
1.22513    -1.1203    0.00193989    0.0369229
1.21629    -1.11953    0.00122306    0.0365786
1.20927    -1.11887    0.000645381    0.0363027
1.20417    -1.11838    0.000239262    0.0360985
1.20107    -1.11807    2.81346e-05    0.0359682
1.20001    -1.11796    2.43897e-05    0.035913
1.201    -1.11806    0.000228271    0.0359333
1.20403    -1.11836    0.000627843    0.0360284
1.20906    -1.11885    0.00120006    0.0361967
1.21601    -1.1195    0.00191277    0.0364359
1.22479    -1.12027    0.00272738    0.036743
1.23527    -1.12112    0.00360187    0.0371143
1.24731    -1.12201    0.00449373    0.0375457
1.26076    -1.12289    0.00536266    0.0380326
1.27546    -1.12374    0.0061727    0.0385703
1.29122    -1.12451    0.0068937    0.0391537
1.30789    -1.12517    0.00750222    0.0397778
1.32527    -1.12572    0.00798178    0.0404372
1.3432    -1.12613    0.00832268    0.0411264
1.36151    -1.1264    0.00852143    0.0418397
1.38003    -1.12653    0.00857999    0.0425713
1.39862    -1.12652    0.00850483    0.0433152
1.41713    -1.12639    0.00830606    0.0440655
1.43542    -1.12613    0.0079965    0.0448161
1.45336    -1.12577    0.00759087    0.0455612
1.47084    -1.12532    0.00710509    0.046295
1.48776    -1.1248    0.00655564    0.0470121
1.50401    -1.12423    0.00595909    0.0477074
1.5195    -1.12362    0.00533171    0.0483761
1.53415    -1.12298    0.00468911    0.0490138
1.5479    -1.12233    0.00404608    0.0496163
1.56066    -1.1217    0.00341636    0.0501801
1.57239    -1.12108    0.00281255    0.0507018
1.58303    -1.12049    0.00224604    0.0511782
1.59254    -1.11995    0.00172696    0.0516068
1.60088    -1.11945    0.00126418    0.0519852
1.60802    -1.11902    0.000865276    0.0523114
1.61392    -1.11866    0.000536558    0.0525837
1.61857    -1.11837    0.000283083    0.0528006
1.62195    -1.11815    0.000108661    0.0529611
1.62404    -1.11802    1.5878e-05    0.0530644
1.62484    -1.11797    6.09782e-06    0.05311
1.62434    -1.118    7.94727e-05    0.0530977
1.62255    -1.11811    0.000234941    0.0530278
1.61948    -1.11831    0.000470225    0.0529005
1.61513    -1.11858    0.000781814    0.0527167
1.60951    -1.11893    0.00116496    0.0524774
1.60267    -1.11935    0.00161365    0.052184
1.5946    -1.11983    0.0021206    0.0518382
1.58536    -1.12036    0.00267725    0.0514419
1.57498    -1.12094    0.00327375    0.0509975
1.5635    -1.12155    0.00389897    0.0505076
1.55097    -1.12218    0.00454056    0.0499751
1.53744    -1.12283    0.00518499    0.0494033
1.52299    -1.12347    0.00581767    0.0487957
1.50769    -1.12409    0.00642312    0.048156
1.4916    -1.12468    0.00698514    0.0474883
1.47483    -1.12521    0.00748718    0.0467968
1.45747    -1.12567    0.00791265    0.046086
1.43962    -1.12606    0.00824544    0.0453604
1.42139    -1.12634    0.0084705    0.0446248
1.40292    -1.1265    0.00857454    0.0438842
1.38434    -1.12654    0.0085468    0.0431437
1.36579    -1.12645    0.00837996    0.0424086
1.34742    -1.12621    0.00807103    0.0416843
1.32939    -1.12583    0.00762226    0.0409766
1.31187    -1.12531    0.00704192    0.0402915
1.29503    -1.12467    0.00634495    0.039635
1.27904    -1.12392    0.00555318    0.0390134
1.26409    -1.12309    0.00469524    0.0384331
1.25034    -1.12222    0.00380579    0.0379001
1.23796    -1.12133    0.00292422    0.0374205
1.22711    -1.12046    0.00209262    0.0369996
1.21793    -1.11967    0.00135329    0.0366423
1.21054    -1.11899    0.000745829    0.0363528
1.20506    -1.11847    0.000304094    0.0361344
1.20156    -1.11812    5.34469e-05    0.0359895
1.2001    -1.11797    8.55742e-06    0.0359195
1.20068    -1.11803    0.000172092    0.035925
1.20332    -1.11829    0.000534466    0.0360054
1.20795    -1.11875    0.0010747    0.0361594
1.21453    -1.11937    0.00176227    0.0363849
1.22296    -1.12011    0.00255963    0.0366788
1.23311    -1.12095    0.00342523    0.0370377
1.24486    -1.12183    0.00431645    0.0374575
1.25804    -1.12272    0.00519242    0.0379337
1.2725    -1.12358    0.00601619    0.0384616
1.28807    -1.12436    0.0067564    0.0390364
1.30456    -1.12505    0.00738827    0.0396527
1.32181    -1.12562    0.00789394    0.0403054
1.33964    -1.12606    0.00826244    0.040989
1.35788    -1.12636    0.00848909    0.0416978
1.37637    -1.12652    0.00857485    0.0424261
1.39496    -1.12654    0.00852538    0.0431679
1.41348    -1.12642    0.00835012    0.0439172
1.43182    -1.12619    0.00806143    0.044668
1.44984    -1.12585    0.00767369    0.0454144
1.46742    -1.12542    0.00720264    0.0461507
1.48445    -1.12491    0.00666468    0.0468713
1.50083    -1.12435    0.0060764    0.0475711
1.51648    -1.12374    0.00545413    0.0482452
1.5313    -1.12311    0.00481364    0.0488891
1.54522    -1.12246    0.00416988    0.0494988
1.55818    -1.12182    0.0035368    0.0500703
1.57011    -1.1212    0.00292723    0.0506004
1.58097    -1.12061    0.00235281    0.0510858
1.59071    -1.12005    0.00182391    0.0515239
1.59928    -1.11955    0.00134964    0.0519122
1.60665    -1.11911    0.000937828    0.0522487
1.61279    -1.11873    0.000595036    0.0525316
1.61769    -1.11842    0.000326562    0.0527594
1.62132    -1.11819    0.00013646    0.052931
1.62366    -1.11804    2.75539e-05    0.0530456
1.62471    -1.11797    1.44631e-06    0.0531025
1.62447    -1.11799    5.85272e-05    0.0531016
1.62294    -1.11809    0.000197974    0.053043
1.62011    -1.11827    0.000417747    0.0529269
1.61601    -1.11853    0.000714582    0.0527542
1.61065    -1.11886    0.00108397    0.0525257
1.60404    -1.11926    0.00152016    0.0522429
1.59622    -1.11973    0.00201611    0.0519073
1.58721    -1.12025    0.00256351    0.0515208
1.57705    -1.12082    0.00315277    0.0510857
1.56578    -1.12143    0.00377301    0.0506047
1.55345    -1.12206    0.00441213    0.0500804
1.54012    -1.1227    0.00505681    0.0495162
1.52585    -1.12335    0.00569268    0.0489155
1.51071    -1.12397    0.00630441    0.0482819
1.49477    -1.12457    0.00687594    0.0476196
1.47813    -1.12511    0.00739076    0.0469326
1.46088    -1.12559    0.00783226    0.0462253
1.44312    -1.12599    0.0081842    0.0455024
1.42497    -1.12629    0.00843129    0.0447686
1.40654    -1.12648    0.00855984    0.0440288
1.38797    -1.12654    0.00855855    0.0432881
1.36941    -1.12648    0.00841934    0.0425516
1.35099    -1.12627    0.00813832    0.041825
1.33289    -1.12591    0.00771665    0.0411138
1.31526    -1.12542    0.00716135    0.0404239
1.29828    -1.12481    0.00648604    0.0397615
1.28212    -1.12408    0.00571118    0.0391328
1.26695    -1.12326    0.00486409    0.038544
1.25296    -1.12239    0.00397833    0.0380015
1.2403    -1.1215    0.00309245    0.0375111
1.22914    -1.12063    0.00224819    0.0370784
1.21962    -1.11982    0.001488    0.0367085
1.21188    -1.11912    0.000852203    0.0364055
1.20602    -1.11856    0.000375998    0.036173
1.20213    -1.11817    8.65831e-05    0.0360136
1.20026    -1.11799    8.43568e-07    0.0359289
1.20045    -1.118    0.000123847    0.0359196
1.20268    -1.11823    0.000448383    0.0359854
1.20693    -1.11865    0.000955602    0.0361251
1.21314    -1.11924    0.00161668    0.0363367
1.2212    -1.11996    0.00239526    0.0366174
1.23103    -1.12078    0.00325035    0.0369637
1.24247    -1.12166    0.00413937    0.0373718
1.25538    -1.12255    0.00502091    0.0378372
1.2696    -1.12342    0.00585713    0.0383553
1.28496    -1.12422    0.0066155    0.0389211
1.30128    -1.12493    0.00726991    0.0395295
1.31839    -1.12552    0.00780116    0.0401753
1.33611    -1.12599    0.00819695    0.0408531
1.35428    -1.12631    0.00845142    0.0415573
1.37273    -1.1265    0.00856448    0.042282
1.3913    -1.12654    0.00854094    0.0430214
1.40985    -1.12645    0.00838957    0.0437695
1.42823    -1.12624    0.00812221    0.0445203
1.44632    -1.12592    0.00775291    0.0452679
1.46399    -1.12551    0.00729717    0.0460063
1.48113    -1.12502    0.00677129    0.0467302
1.49764    -1.12446    0.00619187    0.0474343
1.51343    -1.12386    0.0055753    0.0481137
1.52842    -1.12323    0.00493749    0.0487637
1.54252    -1.12259    0.00429354    0.0493802
1.55567    -1.12195    0.00365762    0.0499593
1.56781    -1.12132    0.00304277    0.0504976
1.57888    -1.12072    0.00246087    0.0509919
1.58883    -1.12016    0.00192254    0.0514393
1.59763    -1.11965    0.00143713    0.0518375
1.60524    -1.11919    0.00101272    0.0521842
1.61162    -1.1188    0.000656118    0.0524776
1.61676    -1.11848    0.000372864    0.0527163
1.62064    -1.11824    0.000167256    0.0528989
1.62324    -1.11807    4.23554e-05    0.0530246
1.62454    -1.11799    3.53806e-09    0.0530928
1.62455    -1.11799    4.08271e-05    0.0531033
