1.12172    -1.10748    0.181105    0.0166172
1.20713    -1.11867    0.176764    0.0177212
1.2915    -1.12452    0.168338    0.0192331
1.37384    -1.1265    0.157354    0.0208152
1.45344    -1.12577    0.14495    0.0224627
1.52984    -1.12317    0.131934    0.0241377
1.60274    -1.11934    0.118865    0.0257867
1.67192    -1.11475    0.106124    0.0273805
1.7373    -1.10972    0.0939616    0.0289091
1.79881    -1.10451    0.0825347    0.0303676
1.85647    -1.09928    0.0719342    0.0317513
1.91029    -1.09416    0.0622023    0.0330562
1.96034    -1.08923    0.0533477    0.0342797
2.00669    -1.08456    0.0453558    0.03542
2.04943    -1.08017    0.0381964    0.0364766
2.08865    -1.0761    0.0318292    0.0374495
2.12445    -1.07235    0.0262082    0.03834
2.15694    -1.06893    0.0212844    0.0391495
2.18622    -1.06583    0.0170078    0.0398801
2.21239    -1.06305    0.013329    0.040534
2.23556    -1.06059    0.0101999    0.041114
2.25583    -1.05844    0.00757484    0.0416224
2.27329    -1.05658    0.00541027    0.0420621
2.28805    -1.05501    0.00366551    0.0424355
2.3002    -1.05372    0.00230258    0.0427453
2.30983    -1.0527    0.00128626    0.0429938
2.31703    -1.05194    0.00058397    0.0431834
2.32188    -1.05142    0.00016571    0.0433161
2.32446    -1.05115    3.88616e-06    0.043394
2.32486    -1.05111    7.31687e-05    0.0434189
2.32314    -1.05129    0.000350328    0.0433926
2.31939    -1.05169    0.000814069    0.0433166
2.31366    -1.0523    0.00144486    0.0431924
2.30603    -1.05311    0.00222478    0.0430213
2.29657    -1.05411    0.00313733    0.0428047
2.28533    -1.0553    0.0041673    0.0425436
2.27237    -1.05668    0.00530062    0.0422393
2.25776    -1.05823    0.00652418    0.0418929
2.24155    -1.05996    0.00782569    0.0415055
2.2238    -1.06184    0.00919356    0.0410782
2.20456    -1.06388    0.0106167    0.0406122
2.18388    -1.06608    0.0120845    0.0401087
2.16182    -1.06841    0.0135865    0.0395691
2.13843    -1.07088    0.0151123    0.0389947
2.11376    -1.07347    0.0166517    0.038387
2.08786    -1.07618    0.0181941    0.0377477
2.06079    -1.079    0.0197286    0.0370786
2.03261    -1.08191    0.0212439    0.0363817
2.00336    -1.0849    0.022728    0.0356592
1.9731    -1.08796    0.0241682    0.0349133
1.9419    -1.09107    0.0255509    0.0341467
1.90983    -1.09421    0.0268616    0.0333621
1.87694    -1.09736    0.0280846    0.0325625
1.8433    -1.1005    0.0292031    0.0317509
1.80901    -1.1036    0.0301991    0.0309307
1.77414    -1.10665    0.0310537    0.0301052
1.73877    -1.1096    0.0317466    0.0292781
1.70302    -1.11243    0.0322572    0.0284528
1.66697    -1.1151    0.0325639    0.027633
1.63076    -1.11758    0.0326454    0.0268222
1.5945    -1.11983    0.0324809    0.0260237
1.55833    -1.12181    0.0320511    0.0252407
1.52241    -1.12349    0.0313392    0.0244762
1.48688    -1.12483    0.0303322    0.0237326
1.45193    -1.1258    0.0290228    0.0230122
1.41774    -1.12638    0.027411    0.0223171
1.38452    -1.12654    0.025506    0.0216494
1.35247    -1.12629    0.0233288    0.0210113
1.32182    -1.12562    0.0209141    0.0204055
1.29279    -1.12458    0.0183114    0.0198352
1.26564    -1.12319    0.015586    0.0193041
1.24059    -1.12152    0.0128182    0.0188164
1.21787    -1.11967    0.010101    0.0183763
1.1977    -1.11772    0.00753487    0.0179874
1.18028    -1.1158    0.00522173    0.0176531
1.16577    -1.11402    0.00325614    0.0173754
1.15432    -1.11248    0.0017164    0.017156
1.14601    -1.1113    0.000656088    0.0169954
1.14087    -1.11054    9.7755e-05    0.0168934
1.13889    -1.11024    2.99981e-05    0.0168489
1.13998    -1.11041    0.000408577    0.0168602
1.14404    -1.11101    0.00116145    0.0169246
1.15088    -1.112    0.00219683    0.017039
1.16029    -1.1133    0.0034129    0.0171996
1.17201    -1.1148    0.00470748    0.0174024
1.18578    -1.11643    0.0059865    0.0176429
1.20131    -1.11809    0.00717016    0.0179167
1.2183    -1.11971    0.0081966    0.0182194
1.23647    -1.12121    0.00902317    0.0185465
1.25553    -1.12256    0.0096257    0.0188939
1.27522    -1.12372    0.00999636    0.0192574
1.29528    -1.12468    0.0101408    0.0196331
1.31549    -1.12543    0.0100749    0.0200172
1.33563    -1.12598    0.00982194    0.0204057
1.35552    -1.12633    0.00940943    0.0207952
1.37499    -1.12651    0.00886715    0.0211819
1.39389    -1.12654    0.00822515    0.0215625
1.41209    -1.12644    0.00751245    0.0219337
1.42948    -1.12623    0.00675603    0.0222927
1.44598    -1.12593    0.00598025    0.0226368
1.46149    -1.12557    0.00520653    0.0229638
1.47597    -1.12518    0.00445313    0.0232716
1.48937    -1.12475    0.00373525    0.0235586
1.50163    -1.12432    0.0030651    0.0238234
1.51274    -1.12389    0.00245213    0.0240651
1.52268    -1.12348    0.00190321    0.0242827
1.53143    -1.1231    0.00142294    0.0244757
1.539    -1.12276    0.00101387    0.0246438
1.54539    -1.12245    0.000676769    0.0247867
1.55061    -1.1222    0.000410871    0.0249046
1.55468    -1.122    0.000214085    0.0249975
1.55762    -1.12185    8.32195e-05    0.0250659
1.55945    -1.12176    1.41592e-05    0.0251102
1.5602    -1.12172    2.04059e-06    0.025131
1.55992    -1.12173    4.14026e-05    0.025129
1.55863    -1.1218    0.000126323    0.0251051
1.55637    -1.12191    0.000250539    0.0250602
1.55319    -1.12207    0.000407561    0.0249953
1.54914    -1.12227    0.00059077    0.0249114
1.54426    -1.12251    0.000793509    0.0248098
1.53861    -1.12277    0.00100917    0.0246916
1.53224    -1.12307    0.00123128    0.0245581
1.52519    -1.12337    0.00145357    0.0244107
1.51754    -1.1237    0.00167005    0.0242506
1.50934    -1.12403    0.00187511    0.0240794
1.50065    -1.12435    0.00206354    0.0238983
1.49154    -1.12468    0.00223068    0.0237089
1.48206    -1.12499    0.00237242    0.0235125
1.47228    -1.12528    0.0024853    0.0233106
1.46228    -1.12555    0.00256659    0.0231047
1.45211    -1.1258    0.00261433    0.0228961
1.44185    -1.12601    0.00262738    0.0226863
1.43157    -1.12619    0.00260548    0.0224767
1.42132    -1.12634    0.00254925    0.0222687
1.41119    -1.12644    0.00246021    0.0220635
1.40124    -1.12651    0.00234076    0.0218625
1.39153    -1.12654    0.00219412    0.021667
1.38213    -1.12654    0.0020243    0.021478
1.3731    -1.1265    0.00183595    0.0212969
1.3645    -1.12643    0.00163425    0.0211247
1.35639    -1.12634    0.00142479    0.0209624
1.34881    -1.12623    0.00121329    0.0208108
1.34182    -1.12611    0.00100551    0.020671
1.33546    -1.12597    0.000806986    0.0205436
1.32976    -1.12584    0.000622813    0.0204292
1.32475    -1.12571    0.000457486    0.0203283
1.32046    -1.12558    0.000314711    0.0202415
1.3169    -1.12548    0.000197268    0.0201688
1.31408    -1.12539    0.000106921    0.0201106
1.312    -1.12532    4.43696e-05    0.0200667
1.31067    -1.12527    9.25795e-06    0.0200371
1.31006    -1.12525    2.31412e-07    0.0200216
1.31015    -1.12525    1.50411e-05    0.0200198
1.31093    -1.12528    5.06874e-05    0.0200312
1.31236    -1.12533    0.000103593    0.0200553
1.3144    -1.1254    0.000169793    0.0200914
1.31702    -1.12548    0.000245132    0.0201388
1.32016    -1.12558    0.00032545    0.0201966
1.32378    -1.12568    0.000406763    0.020264
1.32783    -1.12579    0.000485407    0.0203401
1.33225    -1.1259    0.000558159    0.0204239
1.33699    -1.12601    0.000622329    0.0205143
1.342    -1.12611    0.000675805    0.0206105
1.34721    -1.1262    0.000717086    0.0207113
1.35259    -1.12629    0.000745268    0.0208157
1.35806    -1.12636    0.000760015    0.0209228
1.3636    -1.12642    0.00076151    0.0210315
1.36913    -1.12647    0.00075039    0.0211409
1.37463    -1.12651    0.000727672    0.02125
1.38005    -1.12653    0.000694673    0.021358
1.38533    -1.12654    0.000652934    0.0214641
1.39046    -1.12654    0.000604142    0.0215674
1.39539    -1.12653    0.000550054    0.0216673
1.4001    -1.12652    0.000492441    0.021763
1.40455    -1.12649    0.000433024    0.021854
1.40873    -1.12646    0.000373428    0.0219397
1.41261    -1.12643    0.000315146    0.0220196
1.41617    -1.1264    0.000259508    0.0220934
1.4194    -1.12636    0.000207655    0.0221607
1.4223    -1.12633    0.000160533    0.0222212
1.42484    -1.12629    0.000118881    0.0222747
1.42703    -1.12626    8.32315e-05    0.022321
1.42886    -1.12624    5.39163e-05    0.0223602
1.43033    -1.12621    3.1075e-05    0.0223921
1.43145    -1.1262    1.46683e-05    0.0224167
1.43222    -1.12618    4.49449e-06    0.0224342
1.43264    -1.12618    2.07052e-07    0.0224446
1.43274    -1.12618    1.33518e-06    0.0224482
1.4325    -1.12618    7.30467e-06    0.0224451
1.43196    -1.12619    1.74596e-05    0.0224356
1.43112    -1.1262    3.10843e-05    0.02242
1.43    -1.12622    4.74247e-05    0.0223986
1.42862    -1.12624    6.57094e-05    0.0223718
1.42699    -1.12626    8.51694e-05    0.0223399
1.42514    -1.12629    0.000105057    0.0223034
1.42309    -1.12632    0.000124664    0.0222626
1.42085    -1.12634    0.000143333    0.0222181
1.41844    -1.12637    0.000160479    0.0221702
1.4159    -1.1264    0.000175591    0.0221195
1.41324    -1.12642    0.000188248    0.0220663
1.41049    -1.12645    0.000198123    0.0220112
1.40766    -1.12647    0.000204986    0.0219546
1.40479    -1.12649    0.000208708    0.021897
1.40189    -1.12651    0.000209259    0.0218389
1.39899    -1.12652    0.000206702    0.0217806
1.3961    -1.12653    0.000201189    0.0217227
1.39326    -1.12654    0.000192955    0.0216655
1.39047    -1.12654    0.000182303    0.0216094
1.38776    -1.12654    0.000169593    0.0215549
1.38515    -1.12654    0.000155235    0.0215023
1.38265    -1.12654    0.000139664    0.0214519
1.38027    -1.12653    0.000123336    0.021404
1.37804    -1.12652    0.000106707    0.021359
1.37597    -1.12652    9.02189e-05    0.021317
1.37407    -1.12651    7.42896e-05    0.0212783
1.37234    -1.1265    5.92983e-05    0.0212431
1.37079    -1.12649    4.55763e-05    0.0212115
1.36944    -1.12648    3.33982e-05    0.0211837
1.36828    -1.12647    2.29761e-05    0.0211597
1.36731    -1.12646    1.44562e-05    0.0211396
1.36655    -1.12645    7.91719e-06    0.0211235
1.36599    -1.12645    3.37169e-06    0.0211113
1.36562    -1.12644    7.69522e-07    0.021103
1.36544    -1.12644    3.12728e-09    0.0210985
1.36545    -1.12644    9.14643e-07    0.0210977
1.36565    -1.12644    3.30431e-06    0.0211005
1.36601    -1.12645    6.93982e-06    0.0211068
1.36654    -1.12645    1.15662e-05    0.0211164
1.36722    -1.12646    1.69159e-05    0.021129
1.36805    -1.12646    2.27184e-05    0.0211446
1.369    -1.12647    2.87096e-05    0.0211628
1.37008    -1.12648    3.46398e-05    0.0211834
1.37126    -1.12649    4.0281e-05    0.0212062
1.37253    -1.1265    4.54331e-05    0.021231
1.37389    -1.1265    4.99275e-05    0.0212574
1.3753    -1.12651    5.36308e-05    0.0212852
1.37677    -1.12652    5.64464e-05    0.0213141
1.37828    -1.12653    5.83141e-05    0.0213438
1.37981    -1.12653    5.92097e-05    0.0213741
1.38136    -1.12654    5.91424e-05    0.0214048
1.3829    -1.12654    5.81523e-05    0.0214355
1.38443    -1.12654    5.6306e-05    0.0214661
1.38594    -1.12654    5.3693e-05    0.0214963
1.38741    -1.12654    5.04203e-05    0.0215258
1.38883    -1.12654    4.66084e-05    0.0215545
1.3902    -1.12654    4.23859e-05    0.0215822
1.39151    -1.12654    3.7885e-05    0.0216086
1.39274    -1.12654    3.32373e-05    0.0216337
1.3939    -1.12654    2.857e-05    0.0216573
1.39497    -1.12654    2.40019e-05    0.0216792
1.39596    -1.12653    1.9641e-05    0.0216994
1.39685    -1.12653    1.55818e-05    0.0217177
1.39764    -1.12653    1.19035e-05    0.0217342
1.39833    -1.12652    8.66925e-06    0.0217486
1.39892    -1.12652    5.92496e-06    0.021761
1.39941    -1.12652    3.69957e-06    0.0217713
1.3998    -1.12652    2.00533e-06    0.0217796
1.40008    -1.12652    8.38678e-07    0.0217858
1.40026    -1.12652    1.81466e-07    0.0217901
1.40035    -1.12652    2.50523e-09    0.0217923
1.40034    -1.12652    2.59367e-07    0.0217926
1.40024    -1.12652    9.00369e-07    0.021791
1.40005    -1.12652    1.86668e-06    0.0217877
1.39977    -1.12652    3.09446e-06    0.0217826
1.39942    -1.12652    4.51702e-06    0.0217759
1.39899    -1.12652    6.06692e-06    0.0217678
1.3985    -1.12652    7.67789e-06    0.0217582
1.39794    -1.12653    9.28668e-06    0.0217474
1.39733    -1.12653    1.08347e-05    0.0217354
1.39667    -1.12653    1.22691e-05    0.0217224
1.39597    -1.12653    1.35446e-05    0.0217085
1.39523    -1.12653    1.46235e-05    0.0216939
1.39446    -1.12654    1.54768e-05    0.0216787
1.39367    -1.12654    1.60842e-05    0.021663
1.39287    -1.12654    1.64345e-05    0.021647
1.39205    -1.12654    1.6525e-05    0.0216307
1.39124    -1.12654    1.63611e-05    0.0216144
1.39043    -1.12654    1.5956e-05    0.0215982
1.38963    -1.12654    1.53293e-05    0.0215821
1.38884    -1.12654    1.45063e-05    0.0215663
1.38808    -1.12654    1.35169e-05    0.021551
1.38734    -1.12654    1.23943e-05    0.0215361
1.38663    -1.12654    1.11739e-05    0.0215218
1.38596    -1.12654    9.89198e-06    0.0215083
1.38533    -1.12654    8.58468e-06    0.0214955
1.38474    -1.12654    7.28677e-06    0.0214835
1.3842    -1.12654    6.03074e-06    0.0214725
1.38371    -1.12654    4.84593e-06    0.0214624
1.38326    -1.12654    3.7578e-06    0.0214533
1.38288    -1.12654    2.78742e-06    0.0214453
1.38254    -1.12654    1.95106e-06    0.0214383
1.38226    -1.12654    1.26002e-06    0.0214325
1.38203    -1.12654    7.20575e-07    0.0214277
1.38186    -1.12654    3.34088e-07    0.021424
1.38175    -1.12654    9.73128e-08    0.0214214
1.38169    -1.12654    2.77012e-09    0.0214199
1.38168    -1.12654    3.92607e-08    0.0214194
1.38172    -1.12654    1.92455e-07    0.0214199
1.3818    -1.12654    4.45542e-07    0.0214214
1.38194    -1.12654    7.7992e-07    0.0214238
1.38211    -1.12654    1.17588e-06    0.0214271
1.38233    -1.12654    1.61331e-06    0.0214312
1.38259    -1.12654    2.07232e-06    0.0214361
1.38288    -1.12654    2.53386e-06    0.0214417
1.3832    -1.12654    2.98024e-06    0.0214479
1.38354    -1.12654    3.39556e-06    0.0214547
1.38391    -1.12654    3.76613e-06    0.0214619
1.3843    -1.12654    4.08066e-06    0.0214696
1.38471    -1.12654    4.3305e-06    0.0214776
1.38512    -1.12654    4.50968e-06    0.0214858
1.38555    -1.12654    4.6149e-06    0.0214943
1.38598    -1.12654    4.64546e-06    0.0215028
1.38641    -1.12654    4.60308e-06    0.0215115
1.38684    -1.12654    4.49166e-06    0.0215201
1.38727    -1.12654    4.31703e-06    0.0215286
1.38769    -1.12654    4.0866e-06    0.0215369
1.38809    -1.12654    3.80905e-06    0.0215451
1.38848    -1.12654    3.49394e-06    0.021553
1.38886    -1.12654    3.15137e-06    0.0215606
1.38922    -1.12654    2.79165e-06    0.0215678
1.38955    -1.12654    2.42494e-06    0.0215746
1.38986    -1.12654    2.06098e-06    0.021581
1.39015    -1.12654    1.7088e-06    0.0215869
1.39041    -1.12654    1.3765e-06    0.0215922
1.39065    -1.12654    1.07109e-06    0.0215971
1.39086    -1.12654    7.98338e-07    0.0216014
1.39104    -1.12654    5.62691e-07    0.0216051
1.39119    -1.12654    3.67219e-07    0.0216083
1.39131    -1.12654    2.13631e-07    0.0216109
1.3914    -1.12654    1.02311e-07    0.0216129
1.39146    -1.12654    3.23999e-08    0.0216143
1.3915    -1.12654    1.90072e-09    0.0216152
1.39151    -1.12654    7.81916e-09    0.0216155
1.39149    -1.12654    4.63177e-08    0.0216153
1.39145    -1.12654    1.12886e-07    0.0216146
1.39138    -1.12654    2.02521e-07    0.0216133
1.39129    -1.12654    3.09905e-07    0.0216117
1.39118    -1.12654    4.29589e-07    0.0216095
1.39105    -1.12654    5.56155e-07    0.021607
1.3909    -1.12654    6.84381e-07    0.0216041
1.39073    -1.12654    8.09381e-07    0.0216009
1.39055    -1.12654    9.26723e-07    0.0215973
1.39036    -1.12654    1.03253e-06    0.0215936
1.39015    -1.12654    1.12357e-06    0.0215895
1.38994    -1.12654    1.19729e-06    0.0215853
1.38972    -1.12654    1.25186e-06    0.021581
1.3895    -1.12654    1.28616e-06    0.0215765
1.38927    -1.12654    1.29981e-06    0.021572
1.38904    -1.12654    1.29306e-06    0.0215674
1.38881    -1.12654    1.26682e-06    0.0215629
1.38859    -1.12654    1.22253e-06    0.0215583
1.38837    -1.12654    1.1621e-06    0.0215539
1.38815    -1.12654    1.08782e-06    0.0215495
1.38794    -1.12654    1.00227e-06    0.0215453
1.38774    -1.12654    9.08235e-07    0.0215413
1.38755    -1.12654    8.08559e-07    0.0215374
1.38737    -1.12654    7.06104e-07    0.0215337
1.3872    -1.12654    6.03642e-07    0.0215303
1.38704    -1.12654    5.03775e-07    0.0215271
1.3869    -1.12654    4.08869e-07    0.0215242
1.38677    -1.12654    3.21001e-07    0.0215216
1.38666    -1.12654    2.41908e-07    0.0215192
1.38656    -1.12654    1.72961e-07    0.0215172
1.38648    -1.12654    1.15147e-07    0.0215154
1.38641    -1.12654    6.90619e-08    0.021514
1.38636    -1.12654    3.49192e-08    0.0215129
1.38632    -1.12654    1.2569e-08    0.021512
1.3863    -1.12654    1.52643e-09    0.0215115
1.38629    -1.12654    1.0082e-09    0.0215113
1.38629    -1.12654    9.97633e-09    0.0215113
1.38631    -1.12654    2.71866e-08    0.0215117
1.38635    -1.12654    5.124e-08    0.0215122
1.38639    -1.12654    8.06355e-08    0.0215131
1.38645    -1.12654    1.13822e-07    0.0215142
1.38652    -1.12654    1.4925e-07    0.0215155
1.38659    -1.12654    1.85416e-07    0.021517
1.38668    -1.12654    2.20908e-07    0.0215186
1.38678    -1.12654    2.54437e-07    0.0215205
1.38688    -1.12654    2.84873e-07    0.0215225
1.38698    -1.12654    3.11266e-07    0.0215246
1.3871    -1.12654    3.3286e-07    0.0215268
1.38721    -1.12654    3.49107e-07    0.0215291
1.38733    -1.12654    3.59663e-07    0.0215314
1.38745    -1.12654    3.64391e-07    0.0215338
1.38757    -1.12654    3.63345e-07    0.0215362
1.38769    -1.12654    3.56758e-07    0.0215386
1.38781    -1.12654    3.45023e-07    0.021541
1.38793    -1.12654    3.28665e-07    0.0215434
1.38805    -1.12654    3.08323e-07    0.0215457
1.38816    -1.12654    2.84716e-07    0.0215479
1.38826    -1.12654    2.58619e-07    0.0215501
1.38837    -1.12654    2.30836e-07    0.0215522
1.38846    -1.12654    2.02171e-07    0.0215541
1.38855    -1.12654    1.73405e-07    0.021556
1.38864    -1.12654    1.45274e-07    0.0215577
1.38871    -1.12654    1.18449e-07    0.0215592
1.38878    -1.12654    9.35208e-08    0.0215607
1.38884    -1.12654    7.09867e-08    0.0215619
1.3889    -1.12654    5.12422e-08    0.021563
1.38894    -1.12654    3.45759e-08    0.021564
1.38898    -1.12654    2.11679e-08    0.0215648
1.38901    -1.12654    1.10918e-08    0.0215654
1.38903    -1.12654    4.31936e-09    0.0215659
1.38904    -1.12654    7.28406e-10    0.0215662
1.38905    -1.12654    1.12642e-10    0.0215663
1.38905    -1.12654    2.19354e-09    0.0215663
1.38904    -1.12654    6.6335e-09    0.0215662
1.38902    -1.12654    1.30499e-08    0.0215659
1.389    -1.12654    2.10297e-08    0.0215654
1.38897    -1.12654    3.01434e-08    0.0215649
1.38893    -1.12654    3.99597e-08    0.0215642
1.38889    -1.12654    5.00578e-08    0.0215635
1.38885    -1.12654    6.00397e-08    0.0215626
1.3888    -1.12654    6.95403e-08    0.0215616
1.38875    -1.12654    7.82363e-08    0.0215606
1.38869    -1.12654    8.58529e-08    0.0215595
1.38863    -1.12654    9.21687e-08    0.0215583
1.38857    -1.12654    9.70187e-08    0.0215571
1.38851    -1.12654    1.00296e-07    0.0215559
1.38844    -1.12654    1.01949e-07    0.0215546
1.38838    -1.12654    1.01982e-07    0.0215533
1.38832    -1.12654    1.00449e-07    0.0215521
1.38825    -1.12654    9.74513e-08    0.0215508
1.38819    -1.12654    9.31266e-08    0.0215495
1.38813    -1.12654    8.7647e-08    0.0215483
1.38807    -1.12654    8.1209e-08    0.0215471
1.38801    -1.12654    7.40265e-08    0.021546
1.38796    -1.12654    6.6323e-08    0.0215449
1.38791    -1.12654    5.83242e-08    0.0215438
1.38786    -1.12654    5.02508e-08    0.0215428
1.38781    -1.12654    4.23126e-08    0.0215419
1.38777    -1.12654    3.4702e-08    0.0215411
1.38773    -1.12654    2.75902e-08    0.0215403
1.3877    -1.12654    2.11228e-08    0.0215396
1.38767    -1.12654    1.54174e-08    0.021539
1.38765    -1.12654    1.05616e-08    0.0215385
1.38763    -1.12654    6.61277e-09    0.021538
1.38761    -1.12654    3.59777e-09    0.0215377
1.3876    -1.12654    1.51461e-09    0.0215374
1.38759    -1.12654    3.34226e-10    0.0215373
1.38759    -1.12654    3.17789e-12    0.0215372
1.38759    -1.12654    4.46915e-10    0.0215371
1.38759    -1.12654    1.57341e-09    0.0215372
1.3876    -1.12654    3.27712e-09    0.0215374
1.38761    -1.12654    5.44304e-09    0.0215376
1.38762    -1.12654    7.95084e-09    0.0215378
1.38764    -1.12654    1.06788e-08    0.0215382
1.38766    -1.12654    1.35076e-08    0.0215386
1.38769    -1.12654    1.63238e-08    0.021539
1.38771    -1.12654    1.90226e-08    0.0215395
1.38774    -1.12654    2.15107e-08    0.0215401
1.38777    -1.12654    2.37083e-08    0.0215407
1.3878    -1.12654    2.55503e-08    0.0215413
1.38783    -1.12654    2.69875e-08    0.0215419
1.38787    -1.12654    2.7987e-08    0.0215425
1.3879    -1.12654    2.85317e-08    0.0215432
1.38793    -1.12654    2.86203e-08    0.0215439
1.38797    -1.12654    2.82657e-08    0.0215446
1.388    -1.12654    2.74941e-08    0.0215452
1.38803    -1.12654    2.63428e-08    0.0215459
1.38807    -1.12654    2.48586e-08    0.0215466
1.3881    -1.12654    2.30958e-08    0.0215472
1.38813    -1.12654    2.11138e-08    0.0215478
1.38816    -1.12654    1.89749e-08    0.0215484
1.38819    -1.12654    1.67426e-08    0.021549
1.38821    -1.12654    1.4479e-08    0.0215495
1.38824    -1.12654    1.22435e-08    0.02155
1.38826    -1.12654    1.00911e-08    0.0215504
1.38828    -1.12654    8.07073e-09    0.0215509
1.3883    -1.12654    6.22441e-09    0.0215512
1.38831    -1.12654    4.58641e-09    0.0215515
1.38832    -1.12654    3.18273e-09    0.0215518
1.38834    -1.12654    2.03081e-09    0.0215521
1.38835    -1.12654    1.13963e-09    0.0215523
1.38835    -1.12654    5.09994e-10    0.0215524
1.38836    -1.12654    1.3502e-10    0.0215525
1.38836    -1.12654    8.94497e-13    0.0215526
1.38836    -1.12654    8.77375e-11    0.0215526
1.38836    -1.12654    3.70606e-10    0.0215526
1.38835    -1.12654    8.20582e-10    0.0215525
1.38835    -1.12654    1.40591e-09    0.0215524
1.38834    -1.12654    2.09313e-09    0.0215522
1.38833    -1.12654    2.84822e-09    0.0215521
1.38832    -1.12654    3.63761e-09    0.0215519
1.38831    -1.12654    4.42921e-09    0.0215516
1.38829    -1.12654    5.19322e-09    0.0215514
1.38828    -1.12654    5.90292e-09    0.0215511
1.38826    -1.12654    6.5352e-09    0.0215508
1.38825    -1.12654    7.07108e-09    0.0215505
1.38823    -1.12654    7.49592e-09    0.0215501
1.38821    -1.12654    7.79963e-09    0.0215498
1.3882    -1.12654    7.97659e-09    0.0215494
1.38818    -1.12654    8.0256e-09    0.0215491
1.38816    -1.12654    7.94953e-09    0.0215487
1.38814    -1.12654    7.75498e-09    0.0215484
1.38813    -1.12654    7.45185e-09    0.021548
1.38811    -1.12654    7.05277e-09    0.0215477
1.38809    -1.12654    6.57256e-09    0.0215473
1.38807    -1.12654    6.02762e-09    0.021547
1.38806    -1.12654    5.4353e-09    0.0215467
1.38804    -1.12654    4.81334e-09    0.0215464
1.38803    -1.12654    4.1793e-09    0.0215461
1.38802    -1.12654    3.55e-09    0.0215458
1.38801    -1.12654    2.94112e-09    0.0215456
1.38799    -1.12654    2.36673e-09    0.0215454
1.38798    -1.12654    1.83903e-09    0.0215452
1.38798    -1.12654    1.36807e-09    0.021545
1.38797    -1.12654    9.61583e-10    0.0215448
1.38796    -1.12654    6.24944e-10    0.0215447
1.38796    -1.12654    3.61124e-10    0.0215446
1.38795    -1.12654    1.7078e-10    0.0215445
1.38795    -1.12654    5.23817e-11    0.0215445
1.38795    -1.12654    2.4099e-12    0.0215444
1.38795    -1.12654    1.55894e-11    0.0215444
1.38795    -1.12654    8.51677e-11    0.0215444
1.38795    -1.12654    2.03217e-10    0.0215444
1.38795    -1.12654    3.60949e-10    0.0215445
1.38796    -1.12654    5.49041e-10    0.0215446
1.38796    -1.12654    7.57947e-10    0.0215447
1.38797    -1.12654    9.78204e-10    0.0215448
1.38798    -1.12654    1.20071e-09    0.0215449
1.38798    -1.12654    1.41696e-09    0.021545
1.38799    -1.12654    1.61929e-09    0.0215452
1.388    -1.12654    1.80101e-09    0.0215453
1.38801    -1.12654    1.95658e-09    0.0215455
1.38802    -1.12654    2.08167e-09    0.0215457
1.38802    -1.12654    2.1732e-09    0.0215459
1.38803    -1.12654    2.22939e-09    0.021546
1.38804    -1.12654    2.24967e-09    0.0215462
1.38805    -1.12654    2.23464e-09    0.0215464
1.38806    -1.12654    2.18598e-09    0.0215466
1.38807    -1.12654    2.10632e-09    0.0215468
1.38808    -1.12654    1.99906e-09    0.021547
1.38809    -1.12654    1.86826e-09    0.0215472
1.3881    -1.12654    1.71846e-09    0.0215473
1.38811    -1.12654    1.55448e-09    0.0215475
1.38811    -1.12654    1.3813e-09    0.0215477
1.38812    -1.12654    1.20385e-09    0.0215478
1.38813    -1.12654    1.02689e-09    0.021548
1.38814    -1.12654    8.54887e-10    0.0215481
1.38814    -1.12654    6.91873e-10    0.0215482
1.38815    -1.12654    5.41365e-10    0.0215483
1.38815    -1.12654    4.06291e-10    0.0215484
1.38816    -1.12654    2.8894e-10    0.0215485
1.38816    -1.12654    1.90936e-10    0.0215486
1.38816    -1.12654    1.13232e-10    0.0215486
1.38816    -1.12654    5.61294e-11    0.0215487
1.38817    -1.12654    1.93064e-11    0.0215487
1.38817    -1.12654    1.87421e-12    0.0215487
1.38817    -1.12654    2.43964e-12    0.0215487
1.38817    -1.12654    1.9181e-11    0.0215487
1.38817    -1.12654    4.99317e-11    0.0215487
1.38816    -1.12654    9.2268e-11    0.0215487
1.38816    -1.12654    1.436e-10    0.0215487
1.38816    -1.12654    2.01258e-10    0.0215486
1.38816    -1.12654    2.62583e-10    0.0215486
1.38815    -1.12654    3.24999e-10    0.0215485
1.38815    -1.12654    3.86091e-10    0.0215484
1.38815    -1.12654    4.43662e-10    0.0215483
1.38814    -1.12654    4.95787e-10    0.0215483
1.38814    -1.12654    5.40849e-10    0.0215482
1.38813    -1.12654    5.77571e-10    0.0215481
1.38813    -1.12654    6.05025e-10    0.021548
1.38812    -1.12654    6.22643e-10    0.0215479
1.38812    -1.12654    6.30204e-10    0.0215478
1.38811    -1.12654    6.27816e-10    0.0215477
1.38811    -1.12654    6.15896e-10    0.0215476
1.3881    -1.12654    5.95131e-10    0.0215475
1.3881    -1.12654    5.66438e-10    0.0215474
1.38809    -1.12654    5.30925e-10    0.0215473
1.38809    -1.12654    4.89839e-10    0.0215472
1.38808    -1.12654    4.44521e-10    0.0215471
1.38808    -1.12654    3.96361e-10    0.021547
1.38808    -1.12654    3.46746e-10    0.0215469
1.38807    -1.12654    2.97026e-10    0.0215469
1.38807    -1.12654    2.48467e-10    0.0215468
1.38807    -1.12654    2.02225e-10    0.0215467
1.38806    -1.12654    1.59316e-10    0.0215467
1.38806    -1.12654    1.20593e-10    0.0215466
1.38806    -1.12654    8.67305e-11    0.0215466
1.38806    -1.12654    5.82206e-11    0.0215465
1.38805    -1.12654    3.53655e-11    0.0215465
1.38805    -1.12654    1.82829e-11    0.0215465
1.38805    -1.12654    6.91472e-12    0.0215465
1.38805    -1.12654    1.04023e-12    0.0215465
1.38805    -1.12654    2.93774e-13    0.0215464
1.38805    -1.12654    4.18533e-12    0.0215464
1.38805    -1.12654    1.21236e-11    0.0215465
1.38805    -1.12654    2.34407e-11    0.0215465
1.38805    -1.12654    3.7417e-11    0.0215465
1.38805    -1.12654    5.33065e-11    0.0215465
1.38806    -1.12654    7.03612e-11    0.0215465
1.38806    -1.12654    8.78532e-11    0.0215466
1.38806    -1.12654    1.05095e-10    0.0215466
1.38806    -1.12654    1.21459e-10    0.0215466
1.38806    -1.12654    1.3639e-10    0.0215467
1.38807    -1.12654    1.49418e-10    0.0215467
1.38807    -1.12654    1.60166e-10    0.0215468
1.38807    -1.12654    1.68358e-10    0.0215468
1.38807    -1.12654    1.73813e-10    0.0215469
1.38808    -1.12654    1.76454e-10    0.0215469
1.38808    -1.12654    1.76294e-10    0.021547
1.38808    -1.12654    1.73434e-10    0.021547
1.38808    -1.12654    1.68054e-10    0.0215471
1.38809    -1.12654    1.60401e-10    0.0215471
1.38809    -1.12654    1.50774e-10    0.0215472
1.38809    -1.12654    1.39519e-10    0.0215472
1.38809    -1.12654    1.27007e-10    0.0215473
1.3881    -1.12654    1.13627e-10    0.0215473
1.3881    -1.12654    9.97671e-11    0.0215474
1.3881    -1.12654    8.58095e-11    0.0215474
1.3881    -1.12654    7.21142e-11    0.0215475
1.3881    -1.12654    5.90114e-11    0.0215475
1.38811    -1.12654    4.67932e-11    0.0215475
1.38811    -1.12654    3.57077e-11    0.0215476
1.38811    -1.12654    2.59535e-11    0.0215476
1.38811    -1.12654    1.76779e-11    0.0215476
1.38811    -1.12654    1.09753e-11    0.0215476
1.38811    -1.12654    5.88826e-12    0.0215476
1.38811    -1.12654    2.40921e-12    0.0215476
1.38811    -1.12654    4.84408e-13    0.0215477
1.38811    -1.12654    1.84858e-14    0.0215477
1.38811    -1.12654    8.80097e-13    0.0215477
1.38811    -1.12654    2.90829e-12    0.0215477
1.38811    -1.12654    5.91934e-12    0.0215476
1.38811    -1.12654    9.71375e-12    0.0215476
1.38811    -1.12654    1.40834e-11    0.0215476
1.38811    -1.12654    1.88181e-11    0.0215476
1.38811    -1.12654    2.37126e-11    0.0215476
1.38811    -1.12654    2.85716e-11    0.0215476
1.38811    -1.12654    3.32159e-11    0.0215476
1.38811    -1.12654    3.74857e-11    0.0215475
1.3881    -1.12654    4.12447e-11    0.0215475
1.3881    -1.12654    4.43825e-11    0.0215475
1.3881    -1.12654    4.68161e-11    0.0215475
1.3881    -1.12654    4.84902e-11    0.0215474
1.3881    -1.12654    4.93775e-11    0.0215474
1.3881    -1.12654    4.94772e-11    0.0215474
1.3881    -1.12654    4.88133e-11    0.0215473
1.3881    -1.12654    4.74322e-11    0.0215473
1.38809    -1.12654    4.53997e-11    0.0215473
1.38809    -1.12654    4.27976e-11    0.0215473
1.38809    -1.12654    3.97204e-11    0.0215472
1.38809    -1.12654    3.62711e-11    0.0215472
1.38809    -1.12654    3.25579e-11    0.0215472
1.38809    -1.12654    2.86902e-11    0.0215472
1.38809    -1.12654    2.47755e-11    0.0215471
1.38809    -1.12654    2.0916e-11    0.0215471
1.38808    -1.12654    1.72061e-11    0.0215471
1.38808    -1.12654    1.37299e-11    0.0215471
1.38808    -1.12654    1.05591e-11    0.0215471
1.38808    -1.12654    7.75225e-12    0.0215471
1.38808    -1.12654    5.35324e-12    0.021547
1.38808    -1.12654    3.39132e-12    0.021547
1.38808    -1.12654    1.88106e-12    0.021547
1.38808    -1.12654    8.2292e-13    0.021547
1.38808    -1.12654    2.04152e-13    0.021547
1.38808    -1.12654    7.67185e-17    0.021547
1.38808    -1.12654    1.75625e-13    0.021547
1.38808    -1.12654    6.87084e-13    0.021547
1.38808    -1.12654    1.48399e-12    0.021547
1.38808    -1.12654    2.5111e-12    0.021547
1.38808    -1.12654    3.71036e-12    0.021547
1.38808    -1.12654    5.02286e-12    0.021547
1.38808    -1.12654    6.39063e-12    0.021547
1.38808    -1.12654    7.75835e-12    0.0215471
1.38808    -1.12654    9.07479e-12    0.0215471
1.38808    -1.12654    1.02941e-11    0.0215471
1.38808    -1.12654    1.13768e-11    0.0215471
1.38808    -1.12654    1.22906e-11    0.0215471
1.38809    -1.12654    1.30107e-11    0.0215471
1.38809    -1.12654    1.35202e-11    0.0215471
1.38809    -1.12654    1.381e-11    0.0215471
1.38809    -1.12654    1.38786e-11    0.0215472
1.38809    -1.12654    1.37314e-11    0.0215472
1.38809    -1.12654    1.33803e-11    0.0215472
1.38809    -1.12654    1.28428e-11    0.0215472
1.38809    -1.12654    1.21412e-11    0.0215472
1.38809    -1.12654    1.13013e-11    0.0215472
1.38809    -1.12654    1.03516e-11    0.0215472
1.38809    -1.12654    9.32228e-12    0.0215473
1.38809    -1.12654    8.24397e-12    0.0215473
1.38809    -1.12654    7.147e-12    0.0215473
1.38809    -1.12654    6.06035e-12    0.0215473
1.38809    -1.12654    5.01093e-12    0.0215473
1.3881    -1.12654    4.02286e-12    0.0215473
1.3881    -1.12654    3.11695e-12    0.0215473
1.3881    -1.12654    2.3103e-12    0.0215473
1.3881    -1.12654    1.61599e-12    0.0215473
1.3881    -1.12654    1.04297e-12    0.0215473
1.3881    -1.12654    5.9609e-13    0.0215473
1.3881    -1.12654    2.76189e-13    0.0215474
1.3881    -1.12654    8.0356e-14    0.0215474
1.3881    -1.12654    2.26413e-15    0.0215474
1.3881    -1.12654    3.25891e-14    0.0215474
1.3881    -1.12654    1.5949e-13    0.0215474
1.3881    -1.12654    3.69133e-13    0.0215474
1.3881    -1.12654    6.46242e-13    0.0215474
1.3881    -1.12654    9.74654e-13    0.0215473
1.3881    -1.12654    1.33786e-12    0.0215473
1.3881    -1.12654    1.71953e-12    0.0215473
1.3881    -1.12654    2.10399e-12    0.0215473
1.3881    -1.12654    2.47664e-12    0.0215473
1.3881    -1.12654    2.82432e-12    0.0215473
1.3881    -1.12654    3.13563e-12    0.0215473
1.38809    -1.12654    3.40111e-12    0.0215473
1.38809    -1.12654    3.61344e-12    0.0215473
1.38809    -1.12654    3.76746e-12    0.0215473
1.38809    -1.12654    3.86021e-12    0.0215473
1.38809    -1.12654    3.89089e-12    0.0215473
1.38809    -1.12654    3.86066e-12    0.0215473
1.38809    -1.12654    3.77254e-12    0.0215473
1.38809    -1.12654    3.63118e-12    0.0215473
1.38809    -1.12654    3.44256e-12    0.0215472
1.38809    -1.12654    3.21377e-12    0.0215472
1.38809    -1.12654    2.95268e-12    0.0215472
1.38809    -1.12654    2.66768e-12    0.0215472
1.38809    -1.12654    2.36736e-12    0.0215472
1.38809    -1.12654    2.06025e-12    0.0215472
1.38809    -1.12654    1.75456e-12    0.0215472
1.38809    -1.12654    1.45796e-12    0.0215472
1.38809    -1.12654    1.17736e-12    0.0215472
1.38809    -1.12654    9.18785e-13    0.0215472
1.38809    -1.12654    6.87221e-13    0.0215472
1.38809    -1.12654    4.86549e-13    0.0215472
1.38809    -1.12654    3.19495e-13    0.0215472
1.38809    -1.12654    1.87629e-13    0.0215472
1.38809    -1.12654    9.13909e-14    0.0215472
1.38809    -1.12654    3.01533e-14    0.0215472
1.38809    -1.12654    2.31275e-15    0.0215472
1.38809    -1.12654    5.40207e-15    0.0215472
1.38809    -1.12654    3.62226e-14    0.0215472
1.38809    -1.12654    9.09894e-14    0.0215472
1.38809    -1.12654    1.65484e-13    0.0215472
1.38809    -1.12654    2.5521e-13    0.0215472
1.38809    -1.12654    3.55548e-13    0.0215472
1.38809    -1.12654    4.61901e-13    0.0215472
1.38809    -1.12654    5.69831e-13    0.0215472
1.38809    -1.12654    6.75182e-13    0.0215472
1.38809    -1.12654    7.74186e-13    0.0215472
1.38809    -1.12654    8.63548e-13    0.0215472
1.38809    -1.12654    9.40514e-13    0.0215472
1.38809    -1.12654    1.00292e-12    0.0215472
1.38809    -1.12654    1.0492e-12    0.0215472
1.38809    -1.12654    1.07842e-12    0.0215472
1.38809    -1.12654    1.09023e-12    0.0215472
1.38809    -1.12654    1.08488e-12    0.0215472
1.38809    -1.12654    1.06311e-12    0.0215472
1.38809    -1.12654    1.02614e-12    0.0215472
1.38809    -1.12654    9.75588e-13    0.0215472
1.38809    -1.12654    9.13391e-13    0.0215472
1.38809    -1.12654    8.41719e-13    0.0215472
1.38809    -1.12654    7.62902e-13    0.0215472
1.38809    -1.12654    6.79344e-13    0.0215472
1.38809    -1.12654    5.93444e-13    0.0215473
1.38809    -1.12654    5.07526e-13    0.0215473
1.38809    -1.12654    4.23769e-13    0.0215473
1.38809    -1.12654    3.44157e-13    0.0215473
1.38809    -1.12654    2.70425e-13    0.0215473
1.38809    -1.12654    2.04027e-13    0.0215473
1.38809    -1.12654    1.4611e-13    0.0215473
1.38809    -1.12654    9.74981e-14    0.0215473
1.38809    -1.12654    5.86909e-14    0.0215473
1.38809    -1.12654    2.98695e-14    0.0215473
1.38809    -1.12654    1.0912e-14    0.0215473
1.38809    -1.12654    1.41748e-15    0.0215473
1.38809    -1.12654    7.36784e-16    0.0215473
1.38809    -1.12654    8.00843e-15    0.0215473
1.38809    -1.12654    2.21989e-14    0.0215473
1.38809    -1.12654    4.21451e-14    0.0215473
1.38809    -1.12654    6.65981e-14    0.0215473
1.38809    -1.12654    9.42662e-14    0.0215473
1.38809    -1.12654    1.23857e-13    0.0215473
1.38809    -1.12654    1.54116e-13    0.0215473
1.38809    -1.12654    1.83861e-13    0.0215473
1.38809    -1.12654    2.12013e-13    0.0215473
1.38809    -1.12654    2.37624e-13    0.0215473
1.38809    -1.12654    2.59891e-13    0.0215473
1.38809    -1.12654    2.78177e-13    0.0215473
1.38809    -1.12654    2.92012e-13    0.0215473
1.38809    -1.12654    3.01101e-13    0.0215473
1.38809    -1.12654    3.05318e-13    0.0215473
1.38809    -1.12654    3.04699e-13    0.0215472
1.38809    -1.12654    2.99429e-13    0.0215472
1.38809    -1.12654    2.89827e-13    0.0215472
1.38809    -1.12654    2.76327e-13    0.0215472
1.38809    -1.12654    2.59457e-13    0.0215472
1.38809    -1.12654    2.39813e-13    0.0215472
1.38809    -1.12654    2.18044e-13    0.0215472
1.38809    -1.12654    1.94821e-13    0.0215472
1.38809    -1.12654    1.70817e-13    0.0215472
1.38809    -1.12654    1.46689e-13    0.0215472
1.38809    -1.12654    1.23058e-13    0.0215472
1.38809    -1.12654    1.0049e-13    0.0215472
1.38809    -1.12654    7.94855e-14    0.0215472
1.38809    -1.12654    6.04673e-14    0.0215472
1.38809    -1.12654    4.3773e-14    0.0215472
1.38809    -1.12654    2.96508e-14    0.0215472
