1.62102    -1.11821    0.000304633    0.026405
1.62452    -1.11799    0.00011076    0.0265907
1.62664    -1.11785    1.43297e-05    0.0265888
1.6274    -1.1178    7.47075e-06    0.0266115
1.62685    -1.11784    8.13163e-05    0.026605
1.62504    -1.11795    0.000226596    0.0265691
1.62202    -1.11815    0.000433744    0.0265061
1.61784    -1.11841    0.00069302    0.0264173
1.61256    -1.11874    0.000994603    0.026304
1.60623    -1.11913    0.00132868    0.0261677
1.59891    -1.11957    0.00168553    0.0260099
1.59067    -1.12006    0.0020556    0.0258322
1.58157    -1.12057    0.00242956    0.0256361
1.57168    -1.12112    0.00279838    0.0254235
1.56107    -1.12168    0.00315345    0.025196
1.5498    -1.12224    0.00348659    0.0249555
1.53795    -1.12281    0.0037902    0.0247036
1.52559    -1.12336    0.0040573    0.0244421
1.51281    -1.12389    0.0042817    0.024173
1.49968    -1.12439    0.00445805    0.0238979
1.48628    -1.12485    0.00458198    0.0236187
1.4727    -1.12527    0.00465019    0.0233372
1.45901    -1.12564    0.00466062    0.023055
1.44531    -1.12595    0.0046125    0.022774
1.43168    -1.12619    0.00450643    0.0224959
1.41821    -1.12637    0.0043445    0.0222222
1.40498    -1.12649    0.00413028    0.0219546
1.39209    -1.12654    0.00386881    0.0216948
1.3796    -1.12653    0.00356657    0.0214441
1.36762    -1.12646    0.00323132    0.0212042
1.35621    -1.12634    0.00287194    0.0209764
1.34546    -1.12617    0.00249816    0.020762
1.33543    -1.12597    0.00212029    0.0205623
1.32619    -1.12575    0.0017488    0.0203785
1.31779    -1.1255    0.00139395    0.0202114
1.3103    -1.12526    0.00106534    0.0200621
1.30375    -1.12502    0.000771536    0.0199312
1.29818    -1.1248    0.000519633    0.0198192
1.2936    -1.12461    0.000314979    0.0197265
1.29004    -1.12445    0.000160927    0.0196533
1.28749    -1.12434    5.87128e-05    0.0195996
1.28596    -1.12426    7.45199e-06    0.0195653
1.28541    -1.12424    4.25197e-06    0.0195499
1.28582    -1.12426    4.44363e-05    0.0195529
1.28716    -1.12432    0.00012186    0.0195737
1.28938    -1.12442    0.000229288    0.0196114
1.29241    -1.12456    0.000358819    0.0196651
1.29622    -1.12472    0.000502297    0.0197337
1.30071    -1.1249    0.000651724    0.019816
1.30584    -1.1251    0.000799604    0.0199108
1.31151    -1.1253    0.000939238    0.0200168
1.31766    -1.1255    0.00106494    0.0201326
1.32421    -1.12569    0.00117217    0.0202569
1.33108    -1.12587    0.00125761    0.0203882
1.3382    -1.12603    0.00131916    0.0205252
1.34549    -1.12617    0.00135585    0.0206664
1.35288    -1.12629    0.00136778    0.0208106
1.3603    -1.12639    0.00135597    0.0209563
1.36769    -1.12646    0.00132218    0.0211023
1.37498    -1.12651    0.00126878    0.0212474
1.38213    -1.12654    0.00119859    0.0213903
1.38908    -1.12654    0.00111469    0.0215301
1.39578    -1.12653    0.0010203    0.0216656
1.40219    -1.12651    0.000918694    0.021796
1.40827    -1.12647    0.00081301    0.0219204
1.41399    -1.12642    0.000706233    0.022038
1.41933    -1.12636    0.000601095    0.0221482
1.42425    -1.1263    0.000500029    0.0222504
1.42874    -1.12624    0.000405133    0.0223441
1.43277    -1.12617    0.000318149    0.0224289
1.43635    -1.12611    0.000240454    0.0225045
1.43947    -1.12606    0.000173064    0.0225706
1.44211    -1.12601    0.00011664    0.0226271
1.44427    -1.12597    7.15114e-05    0.022674
1.44597    -1.12593    3.7696e-05    0.0227113
1.4472    -1.12591    1.49294e-05    0.0227389
1.44798    -1.12589    2.69643e-06    0.0227572
1.44831    -1.12588    2.6357e-07    0.0227662
1.4482    -1.12589    6.71427e-06    0.0227662
1.44768    -1.1259    2.09839e-05    0.0227576
1.44677    -1.12592    4.18952e-05    0.0227406
1.44547    -1.12594    6.81926e-05    0.0227158
1.44381    -1.12598    9.85762e-05    0.0226836
1.44182    -1.12601    0.000131734    0.0226444
1.43951    -1.12606    0.000166372    0.0225988
1.43692    -1.1261    0.000201245    0.0225473
1.43408    -1.12615    0.000235178    0.0224904
1.431    -1.1262    0.000267095    0.0224288
1.42772    -1.12625    0.000296037    0.0223631
1.42427    -1.1263    0.000321179    0.0222938
1.42067    -1.12635    0.000341846    0.0222215
1.41696    -1.12639    0.000357521    0.022147
1.41317    -1.12643    0.000367853    0.0220707
1.40932    -1.12646    0.000372659    0.0219933
1.40544    -1.12649    0.000371923    0.0219154
1.40157    -1.12651    0.000365788    0.0218376
1.39774    -1.12653    0.00035455    0.0217604
1.39396    -1.12654    0.00033864    0.0216844
1.39026    -1.12654    0.000318611    0.0216101
1.38668    -1.12654    0.000295114    0.0215381
1.38323    -1.12654    0.000268879    0.0214687
1.37994    -1.12653    0.000240686    0.0214024
1.37683    -1.12652    0.000211345    0.0213396
1.37391    -1.12651    0.000181664    0.0212807
1.37121    -1.12649    0.000152427    0.021226
1.36873    -1.12647    0.00012437    0.0211757
1.36649    -1.12645    9.81572e-05    0.0211302
1.3645    -1.12643    7.43648e-05    0.0210896
1.36277    -1.12642    5.34639e-05    0.0210541
1.36131    -1.1264    3.58109e-05    0.0210238
1.36011    -1.12639    2.16405e-05    0.0209987
1.35917    -1.12638    1.10643e-05    0.0209789
1.3585    -1.12637    4.07332e-06    0.0209643
1.3581    -1.12636    5.4496e-07    0.020955
1.35795    -1.12636    2.53897e-07    0.0209507
1.35805    -1.12636    2.88587e-06    0.0209513
1.35839    -1.12637    8.05405e-06    0.0209568
1.35896    -1.12637    1.53171e-05    0.0209668
1.35975    -1.12638    2.41978e-05    0.0209811
1.36074    -1.12639    3.42023e-05    0.0209994
1.36191    -1.12641    4.48379e-05    0.0210216
1.36325    -1.12642    5.56298e-05    0.0210471
1.36475    -1.12644    6.61362e-05    0.0210759
1.36638    -1.12645    7.59604e-05    0.0211074
1.36813    -1.12647    8.4761e-05    0.0211413
1.36998    -1.12648    9.22587e-05    0.0211773
1.37191    -1.12649    9.82404e-05    0.0212151
1.37389    -1.1265    0.000102561    0.0212542
1.37593    -1.12652    0.000105143    0.0212943
1.37798    -1.12652    0.000105972    0.021335
1.38005    -1.12653    0.000105094    0.021376
1.38211    -1.12654    0.000102605    0.021417
1.38414    -1.12654    9.86489e-05    0.0214576
1.38613    -1.12654    9.34034e-05    0.0214976
1.38807    -1.12654    8.70751e-05    0.0215366
1.38995    -1.12654    7.98896e-05    0.0215744
1.39174    -1.12654    7.20822e-05    0.0216107
1.39344    -1.12654    6.38908e-05    0.0216452
1.39505    -1.12654    5.55476e-05    0.0216779
1.39654    -1.12653    4.72732e-05    0.0217085
1.39792    -1.12653    3.92704e-05    0.0217368
1.39918    -1.12652    3.17199e-05    0.0217627
1.40031    -1.12652    2.47768e-05    0.021786
1.40131    -1.12651    1.85677e-05    0.0218068
1.40217    -1.12651    1.31898e-05    0.0218249
1.4029    -1.1265    8.70969e-06    0.0218403
1.4035    -1.1265    5.1644e-06    0.0218529
1.40395    -1.1265    2.56208e-06    0.0218628
1.40427    -1.12649    8.84107e-07    0.02187
1.40446    -1.12649    8.75156e-08    0.0218744
1.40452    -1.12649    1.0792e-07    0.0218763
1.40445    -1.12649    8.62839e-07    0.0218756
1.40427    -1.12649    2.25525e-06    0.0218725
1.40397    -1.1265    4.17729e-06    0.0218671
1.40356    -1.1265    6.51399e-06    0.0218594
1.40304    -1.1265    9.14696e-06    0.0218496
1.40244    -1.12651    1.19579e-05    0.0218379
1.40174    -1.12651    1.48318e-05    0.0218244
1.40097    -1.12651    1.76603e-05    0.0218093
1.40013    -1.12652    2.03438e-05    0.0217927
1.39922    -1.12652    2.27939e-05    0.0217749
1.39826    -1.12652    2.49355e-05    0.0217559
1.39726    -1.12653    2.67078e-05    0.021736
1.39623    -1.12653    2.80649e-05    0.0217154
1.39516    -1.12654    2.89768e-05    0.0216943
1.39408    -1.12654    2.94289e-05    0.0216727
1.39299    -1.12654    2.94217e-05    0.021651
1.3919    -1.12654    2.89694e-05    0.0216292
1.39082    -1.12654    2.80994e-05    0.0216076
1.38976    -1.12654    2.68502e-05    0.0215862
1.38872    -1.12654    2.52696e-05    0.0215653
1.38771    -1.12654    2.34129e-05    0.021545
1.38674    -1.12654    2.13407e-05    0.0215254
1.38581    -1.12654    1.91168e-05    0.0215067
1.38494    -1.12654    1.68059e-05    0.021489
1.38411    -1.12654    1.44718e-05    0.0214723
1.38335    -1.12654    1.21754e-05    0.0214567
1.38265    -1.12654    9.9731e-06    0.0214425
1.38202    -1.12654    7.91497e-06    0.0214295
1.38145    -1.12654    6.04403e-06    0.0214179
1.38096    -1.12653    4.39509e-06    0.0214077
1.38054    -1.12653    2.99425e-06    0.0213989
1.38019    -1.12653    1.85859e-06    0.0213916
1.37992    -1.12653    9.96223e-07    0.0213858
1.37972    -1.12653    4.0657e-07    0.0213814
1.37959    -1.12653    8.09671e-08    0.0213785
1.37953    -1.12653    3.43306e-09    0.021377
1.37954    -1.12653    1.51644e-07    0.0213769
1.37962    -1.12653    4.98047e-07    0.0213781
1.37976    -1.12653    1.01107e-06    0.0213805
1.37997    -1.12653    1.65636e-06    0.0213842
1.38022    -1.12653    2.39807e-06    0.0213891
1.38053    -1.12653    3.20006e-06    0.021395
1.38089    -1.12653    4.02705e-06    0.0214019
1.3813    -1.12654    4.84565e-06    0.0214096
1.38174    -1.12654    5.62526e-06    0.0214182
1.38221    -1.12654    6.33887e-06    0.0214275
1.38272    -1.12654    6.96356e-06    0.0214374
1.38325    -1.12654    7.48098e-06    0.0214478
1.3838    -1.12654    7.87758e-06    0.0214587
1.38436    -1.12654    8.14465e-06    0.0214698
1.38493    -1.12654    8.27825e-06    0.0214812
1.38551    -1.12654    8.27898e-06    0.0214927
1.38609    -1.12654    8.15164e-06    0.0215042
1.38666    -1.12654    7.90474e-06    0.0215157
1.38723    -1.12654    7.55e-06    0.021527
1.38778    -1.12654    7.10174e-06    0.021538
1.38831    -1.12654    6.57622e-06    0.0215488
1.38883    -1.12654    5.99106e-06    0.0215592
1.38932    -1.12654    5.36454e-06    0.0215691
1.38978    -1.12654    4.71504e-06    0.0215786
1.39022    -1.12654    4.06043e-06    0.0215874
1.39062    -1.12654    3.41763e-06    0.0215957
1.39099    -1.12654    2.80209e-06    0.0216033
1.39133    -1.12654    2.22747e-06    0.0216102
1.39163    -1.12654    1.70536e-06    0.0216163
1.39189    -1.12654    1.24505e-06    0.0216218
1.39211    -1.12654    8.5345e-07    0.0216265
1.3923    -1.12654    5.34999e-07    0.0216304
1.39245    -1.12654    2.91747e-07    0.0216335
1.39256    -1.12654    1.23441e-07    0.0216359
1.39263    -1.12654    2.76896e-08    0.0216375
1.39266    -1.12654    1.7993e-10    0.0216384
1.39266    -1.12654    3.49379e-08    0.0216385
1.39262    -1.12654    1.24615e-07    0.0216379
1.39255    -1.12654    2.60796e-07    0.0216367
1.39245    -1.12654    4.34323e-07    0.0216348
1.39231    -1.12654    6.35609e-07    0.0216323
1.39215    -1.12654    8.54951e-07    0.0216293
1.39197    -1.12654    1.08282e-06    0.0216257
1.39176    -1.12654    1.31015e-06    0.0216216
1.39153    -1.12654    1.52852e-06    0.0216172
1.39128    -1.12654    1.73044e-06    0.0216123
1.39102    -1.12654    1.90943e-06    0.0216071
1.39074    -1.12654    2.06019e-06    0.0216016
1.39045    -1.12654    2.17869e-06    0.0215959
1.39016    -1.12654    2.26214e-06    0.02159
1.38985    -1.12654    2.30906e-06    0.021584
1.38955    -1.12654    2.31921e-06    0.021578
1.38924    -1.12654    2.29351e-06    0.0215719
1.38894    -1.12654    2.23393e-06    0.0215658
1.38864    -1.12654    2.14337e-06    0.0215598
1.38835    -1.12654    2.02553e-06    0.0215539
1.38806    -1.12654    1.8847e-06    0.0215481
1.38778    -1.12654    1.72563e-06    0.0215426
1.38752    -1.12654    1.55334e-06    0.0215372
1.38727    -1.12654    1.37294e-06    0.0215322
1.38704    -1.12654    1.1895e-06    0.0215274
1.38682    -1.12654    1.00787e-06    0.021523
1.38662    -1.12654    8.32536e-07    0.0215188
1.38643    -1.12654    6.67547e-07    0.0215151
1.38627    -1.12654    5.16386e-07    0.0215117
1.38612    -1.12654    3.81916e-07    0.0215087
1.386    -1.12654    2.66327e-07    0.0215062
1.3859    -1.12654    1.71115e-07    0.021504
1.38581    -1.12654    9.70808e-08    0.0215022
1.38575    -1.12654    4.43535e-08    0.0215009
1.38571    -1.12654    1.24278e-08    0.0214999
1.38569    -1.12654    2.22472e-10    0.0214994
1.38568    -1.12654    6.15118e-09    0.0214992
1.3857    -1.12654    2.82042e-08    0.0214994
1.38573    -1.12654    6.40377e-08    0.0215
1.38578    -1.12654    1.11067e-07    0.0215009
1.38585    -1.12654    1.66562e-07    0.0215022
1.38593    -1.12654    2.2774e-07    0.0215037
1.38603    -1.12654    2.9185e-07    0.0215056
1.38614    -1.12654    3.56261e-07    0.0215076
1.38626    -1.12654    4.18526e-07    0.02151
1.38639    -1.12654    4.76449e-07    0.0215125
1.38652    -1.12654    5.28132e-07    0.0215152
1.38667    -1.12654    5.7201e-07    0.0215181
1.38682    -1.12654    6.06881e-07    0.0215211
1.38698    -1.12654    6.31909e-07    0.0215242
1.38714    -1.12654    6.4663e-07    0.0215274
1.3873    -1.12654    6.50939e-07    0.0215306
1.38746    -1.12654    6.45064e-07    0.0215338
1.38762    -1.12654    6.29542e-07    0.021537
1.38778    -1.12654    6.05173e-07    0.0215402
1.38794    -1.12654    5.72985e-07    0.0215433
1.38809    -1.12654    5.34182e-07    0.0215464
1.38824    -1.12654    4.90096e-07    0.0215494
1.38838    -1.12654    4.42136e-07    0.0215522
1.38851    -1.12654    3.91742e-07    0.0215549
1.38864    -1.12654    3.40341e-07    0.0215574
1.38875    -1.12654    2.89297e-07    0.0215598
1.38886    -1.12654    2.39882e-07    0.021562
1.38896    -1.12654    1.93239e-07    0.021564
1.38905    -1.12654    1.50356e-07    0.0215659
1.38913    -1.12654    1.12049e-07    0.0215675
1.38919    -1.12654    7.89492e-08    0.0215689
1.38925    -1.12654    5.14929e-08    0.0215701
1.38929    -1.12654    2.99247e-08    0.021571
1.38933    -1.12654    1.43017e-08    0.0215718
1.38935    -1.12654    4.50495e-09    0.0215723
1.38937    -1.12654    2.54254e-10    0.0215726
1.38937    -1.12654    1.12782e-09    0.0215728
1.38936    -1.12654    6.58417e-09    0.0215727
1.38935    -1.12654    1.59864e-08    0.0215724
1.38932    -1.12654    2.86277e-08    0.0215719
1.38929    -1.12654    4.37569e-08    0.0215713
1.38925    -1.12654    6.06042e-08    0.0215705
1.3892    -1.12654    7.84051e-08    0.0215696
1.38914    -1.12654    9.6423e-08    0.0215685
1.38908    -1.12654    1.13969e-07    0.0215673
1.38901    -1.12654    1.30421e-07    0.0215659
1.38894    -1.12654    1.45234e-07    0.0215645
1.38886    -1.12654    1.57954e-07    0.021563
1.38878    -1.12654    1.68227e-07    0.0215614
1.3887    -1.12654    1.75797e-07    0.0215598
1.38861    -1.12654    1.80513e-07    0.0215581
1.38853    -1.12654    1.82324e-07    0.0215564
1.38844    -1.12654    1.81272e-07    0.0215547
1.38836    -1.12654    1.77487e-07    0.021553
1.38827    -1.12654    1.71176e-07    0.0215513
1.38819    -1.12654    1.62612e-07    0.0215497
1.38811    -1.12654    1.52119e-07    0.021548
1.38803    -1.12654    1.40062e-07    0.0215465
1.38796    -1.12654    1.26831e-07    0.0215449
1.38788    -1.12654    1.12827e-07    0.0215435
1.38782    -1.12654    9.84523e-08    0.0215421
1.38775    -1.12654    8.40935e-08    0.0215408
1.3877    -1.12654    7.01142e-08    0.0215397
1.38764    -1.12654    5.68442e-08    0.0215386
1.3876    -1.12654    4.45719e-08    0.0215376
1.38755    -1.12654    3.35382e-08    0.0215367
1.38752    -1.12654    2.39325e-08    0.0215359
1.38749    -1.12654    1.58901e-08    0.0215353
1.38746    -1.12654    9.49201e-09    0.0215348
1.38744    -1.12654    4.76575e-09    0.0215343
1.38743    -1.12654    1.68835e-09    0.021534
1.38742    -1.12654    1.90238e-10    0.0215338
1.38742    -1.12654    1.60475e-10    0.0215338
1.38742    -1.12654    1.45288e-09    0.0215338
1.38743    -1.12654    3.89276e-09    0.0215339
1.38744    -1.12654    7.28413e-09    0.0215341
1.38746    -1.12654    1.1417e-08    0.0215344
1.38748    -1.12654    1.60746e-08    0.0215349
1.3875    -1.12654    2.10406e-08    0.0215353
1.38753    -1.12654    2.61053e-08    0.0215359
1.38756    -1.12654    3.10714e-08    0.0215365
1.3876    -1.12654    3.57597e-08    0.0215372
1.38764    -1.12654    4.00125e-08    0.021538
1.38768    -1.12654    4.36974e-08    0.0215388
1.38772    -1.12654    4.67093e-08    0.0215396
1.38776    -1.12654    4.89717e-08    0.0215404
1.38781    -1.12654    5.04372e-08    0.0215413
1.38785    -1.12654    5.10866e-08    0.0215422
1.3879    -1.12654    5.0928e-08    0.0215431
1.38794    -1.12654    4.9994e-08    0.021544
1.38799    -1.12654    4.83397e-08    0.0215449
1.38803    -1.12654    4.60388e-08    0.0215458
1.38807    -1.12654    4.31807e-08    0.0215467
1.38812    -1.12654    3.98664e-08    0.0215475
1.38816    -1.12654    3.62043e-08    0.0215483
1.38819    -1.12654    3.2307e-08    0.0215491
1.38823    -1.12654    2.82873e-08    0.0215498
1.38826    -1.12654    2.42546e-08    0.0215505
1.3883    -1.12654    2.0312e-08    0.0215512
1.38832    -1.12654    1.65536e-08    0.0215517
1.38835    -1.12654    1.30621e-08    0.0215523
1.38837    -1.12654    9.90721e-09    0.0215527
1.38839    -1.12654    7.14427e-09    0.0215532
1.38841    -1.12654    4.81365e-09    0.0215535
1.38842    -1.12654    2.94048e-09    0.0215538
1.38843    -1.12654    1.53492e-09    0.021554
1.38844    -1.12654    5.92832e-10    0.0215542
1.38845    -1.12654    9.68863e-11    0.0215543
1.38845    -1.12654    1.79497e-11    0.0215544
1.38845    -1.12654    3.16753e-10    0.0215544
1.38844    -1.12654    9.4575e-10    0.0215543
1.38844    -1.12654    1.85109e-09    0.0215542
1.38843    -1.12654    2.97468e-09    0.0215541
1.38842    -1.12654    4.25618e-09    0.0215538
1.38841    -1.12654    5.63497e-09    0.0215536
1.38839    -1.12654    7.05201e-09    0.0215533
1.38837    -1.12654    8.45147e-09    0.021553
1.38836    -1.12654    9.78221e-09    0.0215526
1.38834    -1.12654    1.09989e-08    0.0215522
1.38831    -1.12654    1.20633e-08    0.0215518
1.38829    -1.12654    1.29444e-08    0.0215514
1.38827    -1.12654    1.36192e-08    0.0215509
1.38825    -1.12654    1.4073e-08    0.0215505
1.38822    -1.12654    1.42988e-08    0.02155
1.3882    -1.12654    1.42974e-08    0.0215495
1.38817    -1.12654    1.40767e-08    0.021549
1.38815    -1.12654    1.36508e-08    0.0215486
1.38813    -1.12654    1.30395e-08    0.0215481
1.3881    -1.12654    1.22669e-08    0.0215476
1.38808    -1.12654    1.13607e-08    0.0215472
1.38806    -1.12654    1.03511e-08    0.0215467
1.38804    -1.12654    9.26926e-09    0.0215463
1.38802    -1.12654    8.14696e-09    0.0215459
1.388    -1.12654    7.01511e-09    0.0215456
1.38799    -1.12654    5.90302e-09    0.0215452
1.38797    -1.12654    4.83761e-09    0.0215449
1.38796    -1.12654    3.84276e-09    0.0215446
1.38794    -1.12654    2.93877e-09    0.0215444
1.38793    -1.12654    2.142e-09    0.0215441
1.38792    -1.12654    1.4646e-09    0.021544
1.38792    -1.12654    9.14463e-10    0.0215438
1.38791    -1.12654    4.95256e-10    0.0215437
1.38791    -1.12654    2.06579e-10    0.0215436
1.3879    -1.12654    4.42598e-11    0.0215435
1.3879    -1.12654    7.25722e-13    0.0215435
1.3879    -1.12654    6.5461e-11    0.0215435
1.3879    -1.12654    2.25519e-10    0.0215435
1.38791    -1.12654    4.66074e-10    0.0215435
1.38791    -1.12654    7.70994e-10    0.0215436
1.38792    -1.12654    1.12341e-09    0.0215437
1.38792    -1.12654    1.50629e-09    0.0215438
1.38793    -1.12654    1.90291e-09    0.021544
1.38794    -1.12654    2.29742e-09    0.0215442
1.38795    -1.12654    2.67517e-09    0.0215444
1.38796    -1.12654    3.02314e-09    0.0215446
1.38797    -1.12654    3.33018e-09    0.0215448
1.38798    -1.12654    3.58722e-09    0.021545
1.38799    -1.12654    3.78741e-09    0.0215452
1.38801    -1.12654    3.92617e-09    0.0215455
1.38802    -1.12654    4.00118e-09    0.0215457
1.38803    -1.12654    4.01229e-09    0.021546
1.38804    -1.12654    3.96133e-09    0.0215462
1.38806    -1.12654    3.85201e-09    0.0215465
1.38807    -1.12654    3.68958e-09    0.0215467
1.38808    -1.12654    3.48064e-09    0.021547
1.38809    -1.12654    3.2328e-09    0.0215472
1.38811    -1.12654    2.95438e-09    0.0215475
1.38812    -1.12654    2.65415e-09    0.0215477
1.38813    -1.12654    2.34098e-09    0.0215479
1.38814    -1.12654    2.02361e-09    0.0215481
1.38815    -1.12654    1.71033e-09    0.0215483
1.38815    -1.12654    1.40884e-09    0.0215484
1.38816    -1.12654    1.12599e-09    0.0215486
1.38817    -1.12654    8.67654e-10    0.0215487
1.38817    -1.12654    6.38617e-10    0.0215489
1.38818    -1.12654    4.42499e-10    0.021549
1.38818    -1.12654    2.81727e-10    0.021549
1.38819    -1.12654    1.57535e-10    0.0215491
1.38819    -1.12654    7.00142e-11    0.0215492
1.38819    -1.12654    1.81787e-11    0.0215492
1.38819    -1.12654    7.22355e-14    0.0215492
1.38819    -1.12654    1.28896e-11    0.0215492
1.38819    -1.12654    5.31183e-11    0.0215492
1.38819    -1.12654    1.16691e-10    0.0215492
1.38819    -1.12654    1.99147e-10    0.0215492
1.38818    -1.12654    2.95788e-10    0.0215491
1.38818    -1.12654    4.0184e-10    0.021549
1.38818    -1.12654    5.12599e-10    0.021549
1.38817    -1.12654    6.23567e-10    0.0215489
1.38817    -1.12654    7.30574e-10    0.0215488
1.38816    -1.12654    8.29881e-10    0.0215487
1.38816    -1.12654    9.18261e-10    0.0215486
1.38815    -1.12654    9.93064e-10    0.0215484
1.38814    -1.12654    1.05225e-09    0.0215483
1.38814    -1.12654    1.09443e-09    0.0215482
1.38813    -1.12654    1.11881e-09    0.0215481
1.38812    -1.12654    1.12526e-09    0.0215479
1.38812    -1.12654    1.11418e-09    0.0215478
1.38811    -1.12654    1.08651e-09    0.0215477
1.3881    -1.12654    1.04366e-09    0.0215475
1.3881    -1.12654    9.874e-10    0.0215474
1.38809    -1.12654    9.19818e-10    0.0215473
1.38809    -1.12654    8.43217e-10    0.0215471
1.38808    -1.12654    7.60034e-10    0.021547
1.38807    -1.12654    6.72757e-10    0.0215469
1.38807    -1.12654    5.83844e-10    0.0215468
1.38806    -1.12654    4.95654e-10    0.0215467
1.38806    -1.12654    4.10378e-10    0.0215466
1.38806    -1.12654    3.29983e-10    0.0215465
1.38805    -1.12654    2.56172e-10    0.0215465
1.38805    -1.12654    1.90346e-10    0.0215464
1.38805    -1.12654    1.33582e-10    0.0215463
1.38804    -1.12654    8.66241e-11    0.0215463
1.38804    -1.12654    4.98813e-11    0.0215462
1.38804    -1.12654    2.34375e-11    0.0215462
1.38804    -1.12654    7.0714e-12    0.0215462
1.38804    -1.12654    2.83098e-13    0.0215462
1.38804    -1.12654    2.32776e-12    0.0215462
1.38804    -1.12654    1.22544e-11    0.0215462
1.38804    -1.12654    2.89484e-11    0.0215462
1.38804    -1.12654    5.11757e-11    0.0215462
1.38804    -1.12654    7.76282e-11    0.0215462
1.38804    -1.12654    1.06968e-10    0.0215463
1.38805    -1.12654    1.37868e-10    0.0215463
1.38805    -1.12654    1.69056e-10    0.0215464
1.38805    -1.12654    1.99341e-10    0.0215464
1.38805    -1.12654    2.27652e-10    0.0215465
1.38806    -1.12654    2.53054e-10    0.0215465
1.38806    -1.12654    2.74775e-10    0.0215466
1.38806    -1.12654    2.92211e-10    0.0215467
1.38807    -1.12654    3.04935e-10    0.0215467
1.38807    -1.12654    3.127e-10    0.0215468
1.38807    -1.12654    3.15431e-10    0.0215469
1.38808    -1.12654    3.13217e-10    0.0215469
1.38808    -1.12654    3.06294e-10    0.021547
1.38808    -1.12654    2.95033e-10    0.0215471
1.38809    -1.12654    2.79915e-10    0.0215471
1.38809    -1.12654    2.6151e-10    0.0215472
1.38809    -1.12654    2.40455e-10    0.0215473
1.3881    -1.12654    2.17428e-10    0.0215473
1.3881    -1.12654    1.93125e-10    0.0215474
1.3881    -1.12654    1.68239e-10    0.0215475
1.38811    -1.12654    1.43436e-10    0.0215475
1.38811    -1.12654    1.19341e-10    0.0215476
1.38811    -1.12654    9.65184e-11    0.0215476
1.38811    -1.12654    7.5459e-11    0.0215476
1.38811    -1.12654    5.65718e-11    0.0215477
1.38812    -1.12654    4.01757e-11    0.0215477
1.38812    -1.12654    2.64964e-11    0.0215477
1.38812    -1.12654    1.56656e-11    0.0215478
1.38812    -1.12654    7.72332e-12    0.0215478
1.38812    -1.12654    2.62279e-12    0.0215478
1.38812    -1.12654    2.37649e-13    0.0215478
1.38812    -1.12654    3.71089e-13    0.0215478
1.38812    -1.12654    2.76644e-12    0.0215478
1.38812    -1.12654    7.11891e-12    0.0215478
1.38812    -1.12654    1.3088e-11    0.0215478
1.38812    -1.12654    2.031e-11    0.0215478
1.38812    -1.12654    2.84106e-11    0.0215478
1.38812    -1.12654    3.70169e-11    0.0215477
1.38811    -1.12654    4.57683e-11    0.0215477
1.38811    -1.12654    5.43266e-11    0.0215477
1.38811    -1.12654    6.23844e-11    0.0215477
1.38811    -1.12654    6.96729e-11    0.0215476
1.38811    -1.12654    7.59663e-11    0.0215476
1.38811    -1.12654    8.10866e-11    0.0215476
1.3881    -1.12654    8.4905e-11    0.0215475
1.3881    -1.12654    8.73429e-11    0.0215475
1.3881    -1.12654    8.83704e-11    0.0215474
1.3881    -1.12654    8.80038e-11    0.0215474
1.3881    -1.12654    8.63025e-11    0.0215474
1.3881    -1.12654    8.33635e-11    0.0215473
1.38809    -1.12654    7.93163e-11    0.0215473
1.38809    -1.12654    7.43166e-11    0.0215473
1.38809    -1.12654    6.85398e-11    0.0215472
1.38809    -1.12654    6.21742e-11    0.0215472
1.38809    -1.12654    5.54146e-11    0.0215472
1.38809    -1.12654    4.84555e-11    0.0215471
1.38808    -1.12654    4.14859e-11    0.0215471
1.38808    -1.12654    3.46832e-11    0.0215471
1.38808    -1.12654    2.8209e-11    0.0215471
1.38808    -1.12654    2.22051e-11    0.021547
1.38808    -1.12654    1.67904e-11    0.021547
1.38808    -1.12654    1.20594e-11    0.021547
1.38808    -1.12654    8.08e-12    0.021547
1.38808    -1.12654    4.89414e-12    0.021547
1.38808    -1.12654    2.51771e-12    0.021547
1.38808    -1.12654    9.42002e-13    0.0215469
1.38808    -1.12654    1.3558e-13    0.0215469
1.38808    -1.12654    4.67321e-14    0.0215469
1.38808    -1.12654    6.06393e-13    0.0215469
1.38808    -1.12654    1.73138e-12    0.0215469
1.38808    -1.12654    3.32783e-12    0.0215469
1.38808    -1.12654    5.29474e-12    0.021547
1.38808    -1.12654    7.52749e-12    0.021547
1.38808    -1.12654    9.92122e-12    0.021547
1.38808    -1.12654    1.2374e-11    0.021547
1.38808    -1.12654    1.47896e-11    0.021547
1.38808    -1.12654    1.70802e-11    0.021547
1.38808    -1.12654    1.91682e-11    0.021547
1.38808    -1.12654    2.0988e-11    0.021547
1.38808    -1.12654    2.24873e-11    0.0215471
1.38808    -1.12654    2.36273e-11    0.0215471
1.38808    -1.12654    2.43834e-11    0.0215471
1.38809    -1.12654    2.47446e-11    0.0215471
1.38809    -1.12654    2.47134e-11    0.0215471
1.38809    -1.12654    2.43041e-11    0.0215472
1.38809    -1.12654    2.35421e-11    0.0215472
1.38809    -1.12654    2.24622e-11    0.0215472
1.38809    -1.12654    2.11068e-11    0.0215472
1.38809    -1.12654    1.95241e-11    0.0215472
1.38809    -1.12654    1.77665e-11    0.0215473
1.38809    -1.12654    1.58882e-11    0.0215473
1.38809    -1.12654    1.39441e-11    0.0215473
1.3881    -1.12654    1.19873e-11    0.0215473
1.3881    -1.12654    1.00685e-11    0.0215473
1.3881    -1.12654    8.23369e-12    0.0215473
1.3881    -1.12654    6.52381e-12    0.0215473
1.3881    -1.12654    4.97342e-12    0.0215474
1.3881    -1.12654    3.61027e-12    0.0215474
1.3881    -1.12654    2.45481e-12    0.0215474
1.3881    -1.12654    1.52014e-12    0.0215474
1.3881    -1.12654    8.12023e-13    0.0215474
1.3881    -1.12654    3.29277e-13    0.0215474
1.3881    -1.12654    6.42188e-14    0.0215474
1.3881    -1.12654    3.3505e-15    0.0215474
1.3881    -1.12654    1.28152e-13    0.0215474
1.3881    -1.12654    4.15971e-13    0.0215474
1.3881    -1.12654    8.40983e-13    0.0215474
1.3881    -1.12654    1.37518e-12    0.0215474
1.3881    -1.12654    1.98936e-12    0.0215474
1.3881    -1.12654    2.65406e-12    0.0215474
1.3881    -1.12654    3.34052e-12    0.0215474
1.3881    -1.12654    4.02141e-12    0.0215474
1.3881    -1.12654    4.67163e-12    0.0215474
1.3881    -1.12654    5.26887e-12    0.0215473
1.3881    -1.12654    5.7941e-12    0.0215473
1.3881    -1.12654    6.23192e-12    0.0215473
1.3881    -1.12654    6.57077e-12    0.0215473
1.38809    -1.12654    6.803e-12    0.0215473
1.38809    -1.12654    6.92486e-12    0.0215473
1.38809    -1.12654    6.93633e-12    0.0215473
1.38809    -1.12654    6.84085e-12    0.0215473
1.38809    -1.12654    6.64499e-12    0.0215473
1.38809    -1.12654    6.35804e-12    0.0215473
1.38809    -1.12654    5.99152e-12    0.0215472
1.38809    -1.12654    5.55869e-12    0.0215472
1.38809    -1.12654    5.07403e-12    0.0215472
1.38809    -1.12654    4.55272e-12    0.0215472
1.38809    -1.12654    4.01011e-12    0.0215472
1.38809    -1.12654    3.46124e-12    0.0215472
1.38809    -1.12654    2.92044e-12    0.0215472
1.38809    -1.12654    2.4009e-12    0.0215472
1.38809    -1.12654    1.91437e-12    0.0215472
1.38809    -1.12654    1.47088e-12    0.0215472
1.38809    -1.12654    1.07858e-12    0.0215472
1.38809    -1.12654    7.43577e-13    0.0215472
1.38809    -1.12654    4.69932e-13    0.0215472
1.38809    -1.12654    2.59638e-13    0.0215472
1.38809    -1.12654    1.12715e-13    0.0215472
1.38809    -1.12654    2.7334e-14    0.0215472
1.38809    -1.12654    2.09957e-19    0.0215472
1.38809    -1.12654    2.57655e-14    0.0215472
1.38809    -1.12654    9.84761e-14    0.0215472
1.38809    -1.12654    2.11038e-13    0.0215472
1.38809    -1.12654    3.55694e-13    0.0215472
1.38809    -1.12654    5.24298e-13    0.0215472
1.38809    -1.12654    7.08591e-13    0.0215472
1.38809    -1.12654    9.00452e-13    0.0215472
1.38809    -1.12654    1.09213e-12    0.0215472
1.38809    -1.12654    1.27647e-12    0.0215472
1.38809    -1.12654    1.44705e-12    0.0215472
1.38809    -1.12654    1.59837e-12    0.0215472
1.38809    -1.12654    1.7259e-12    0.0215472
1.38809    -1.12654    1.82621e-12    0.0215472
1.38809    -1.12654    1.89696e-12    0.0215472
1.38809    -1.12654    1.93689e-12    0.0215472
1.38809    -1.12654    1.9458e-12    0.0215472
1.38809    -1.12654    1.92448e-12    0.0215472
1.38809    -1.12654    1.87463e-12    0.0215472
1.38809    -1.12654    1.79871e-12    0.0215472
1.38809    -1.12654    1.69985e-12    0.0215472
1.38809    -1.12654    1.58169e-12    0.0215472
1.38809    -1.12654    1.44823e-12    0.0215472
1.38809    -1.12654    1.3037e-12    0.0215472
1.38809    -1.12654    1.1524e-12    0.0215473
1.38809    -1.12654    9.98585e-13    0.0215473
1.38809    -1.12654    8.46303e-13    0.0215473
1.38809    -1.12654    6.99322e-13    0.0215473
1.38809    -1.12654    5.61015e-13    0.0215473
1.38809    -1.12654    4.34289e-13    0.0215473
1.38809    -1.12654    3.21528e-13    0.0215473
1.38809    -1.12654    2.24553e-13    0.0215473
1.38809    -1.12654    1.44608e-13    0.0215473
1.38809    -1.12654    8.2357e-14    0.0215473
1.38809    -1.12654    3.79066e-14    0.0215473
1.38809    -1.12654    1.08369e-14    0.0215473
1.38809    -1.12654    2.50656e-16    0.0215473
1.38809    -1.12654    4.83156e-15    0.0215473
1.38809    -1.12654    2.29121e-14    0.0215473
1.38809    -1.12654    5.25473e-14    0.0215473
1.38809    -1.12654    9.15914e-14    0.0215473
1.38809    -1.12654    1.37776e-13    0.0215473
1.38809    -1.12654    1.88786e-13    0.0215473
1.38809    -1.12654    2.42334e-13    0.0215473
1.38809    -1.12654    2.96224e-13    0.0215473
1.38809    -1.12654    3.48414e-13    0.0215473
1.38809    -1.12654    3.97064e-13    0.0215473
1.38809    -1.12654    4.4058e-13    0.0215473
1.38809    -1.12654    4.77644e-13    0.0215473
1.38809    -1.12654    5.07234e-13    0.0215473
1.38809    -1.12654    5.28636e-13    0.0215473
1.38809    -1.12654    5.41443e-13    0.0215473
1.38809    -1.12654    5.45545e-13    0.0215473
1.38809    -1.12654    5.41115e-13    0.0215473
1.38809    -1.12654    5.28582e-13    0.0215472
1.38809    -1.12654    5.08599e-13    0.0215472
1.38809    -1.12654    4.82012e-13    0.0215472
1.38809    -1.12654    4.49816e-13    0.0215472
1.38809    -1.12654    4.13119e-13    0.0215472
1.38809    -1.12654    3.73095e-13    0.0215472
1.38809    -1.12654    3.30952e-13    0.0215472
1.38809    -1.12654    2.87883e-13    0.0215472
1.38809    -1.12654    2.4504e-13    0.0215472
1.38809    -1.12654    2.03493e-13    0.0215472
1.38809    -1.12654    1.64212e-13    0.0215472
1.38809    -1.12654    1.28036e-13    0.0215472
1.38809    -1.12654    9.56623e-14    0.0215472
1.38809    -1.12654    6.76299e-14    0.0215472
1.38809    -1.12654    4.43182e-14    0.0215472
1.38809    -1.12654    2.59433e-14    0.0215472
1.38809    -1.12654    1.25634e-14    0.0215472
1.38809    -1.12654    4.08731e-15    0.0215472
1.38809    -1.12654    2.87246e-16    0.0215472
1.38809    -1.12654    8.1471e-16    0.0215472
1.38809    -1.12654    5.2191e-15    0.0215472
1.38809    -1.12654    1.29681e-14    0.0215472
1.38809    -1.12654    2.3469e-14    0.0215472
1.38809    -1.12654    3.60909e-14    0.0215472
1.38809    -1.12654    5.01859e-14    0.0215472
1.38809    -1.12654    6.51096e-14    0.0215472
1.38809    -1.12654    8.02406e-14    0.0215472
1.38809    -1.12654    9.49974e-14    0.0215472
1.38809    -1.12654    1.08853e-13    0.0215472
1.38809    -1.12654    1.21347e-13    0.0215472
1.38809    -1.12654    1.32095e-13    0.0215472
1.38809    -1.12654    1.40795e-13    0.0215472
1.38809    -1.12654    1.4723e-13    0.0215472
1.38809    -1.12654    1.51271e-13    0.0215472
1.38809    -1.12654    1.52873e-13    0.0215472
1.38809    -1.12654    1.52068e-13    0.0215472
1.38809    -1.12654    1.48964e-13    0.0215472
1.38809    -1.12654    1.43735e-13    0.0215472
1.38809    -1.12654    1.36607e-13    0.0215472
1.38809    -1.12654    1.27852e-13    0.0215472
1.38809    -1.12654    1.17776e-13    0.0215472
1.38809    -1.12654    1.06706e-13    0.0215472
1.38809    -1.12654    9.49791e-14    0.0215472
1.38809    -1.12654    8.29313e-14    0.0215472
1.38809    -1.12654    7.08881e-14    0.0215472
1.38809    -1.12654    5.91548e-14    0.0215472
1.38809    -1.12654    4.80086e-14    0.0215472
1.38809    -1.12654    3.76919e-14    0.0215472
1.38809    -1.12654    2.84077e-14    0.0215472
1.38809    -1.12654    2.03157e-14    0.0215472
1.38809    -1.12654    1.35305e-14    0.0215472
1.38809    -1.12654    8.12115e-15    0.0215473
1.38809    -1.12654    4.112e-15    0.0215473
1.38809    -1.12654    1.48503e-15    0.0215473
1.38809    -1.12654    1.83176e-16    0.0215473
1.38809    -1.12654    1.14668e-16    0.0215473
1.38809    -1.12654    1.15811e-15    0.0215473
1.38809    -1.12654    3.1681e-15    0.0215473
1.38809    -1.12654    5.98122e-15    0.0215473
1.38809    -1.12654    9.42216e-15    0.0215473
1.38809    -1.12654    1.33097e-14    0.0215472
1.38809    -1.12654    1.74628e-14    0.0215472
1.38809    -1.12654    2.17056e-14    0.0215472
1.38809    -1.12654    2.58727e-14    0.0215472
1.38809    -1.12654    2.98132e-14    0.0215472
1.38809    -1.12654    3.33946e-14    0.0215472
1.38809    -1.12654    3.65049e-14    0.0215472
1.38809    -1.12654    3.90551e-14    0.0215472
1.38809    -1.12654    4.09801e-14    0.0215472
1.38809    -1.12654    4.2239e-14    0.0215472
1.38809    -1.12654    4.28146e-14    0.0215472
1.38809    -1.12654    4.27126e-14    0.0215472
1.38809    -1.12654    4.19592e-14    0.0215472
1.38809    -1.12654    4.05997e-14    0.0215472
1.38809    -1.12654    3.86952e-14    0.0215472
1.38809    -1.12654    3.63198e-14    0.0215472
1.38809    -1.12654    3.35578e-14    0.0215472
1.38809    -1.12654    3.04998e-14    0.0215472
1.38809    -1.12654    2.724e-14    0.0215472
1.38809    -1.12654    2.38729e-14    0.0215472
1.38809    -1.12654    2.04906e-14    0.0215472
1.38809    -1.12654    1.71798e-14    0.0215472
1.38809    -1.12654    1.40198e-14    0.0215472
1.38809    -1.12654    1.10805e-14    0.0215472
1.38809    -1.12654    8.42088e-15    0.0215472
1.38809    -1.12654    6.08806e-15    0.0215472
1.38809    -1.12654    4.11652e-15    0.0215472
1.38809    -1.12654    2.52795e-15    0.0215472
1.38809    -1.12654    1.33148e-15    0.0215472
1.38809    -1.12654    5.24194e-16    0.0215472
1.38809    -1.12654    9.20499e-17    0.0215472
1.38809    -1.12654    1.10306e-17    0.0215472
1.38809    -1.12654    2.48536e-16    0.0215472
1.38809    -1.12654    7.64939e-16    0.0215472
1.38809    -1.12654    1.51525e-15    0.0215472
1.38809    -1.12654    2.45081e-15    0.0215472
1.38809    -1.12654    3.52102e-15    0.0215472
1.38809    -1.12654    4.675e-15    0.0215472
1.38809    -1.12654    5.86309e-15    0.0215472
1.38809    -1.12654    7.03829e-15    0.0215472
1.38809    -1.12654    8.1575e-15    0.0215472
1.38809    -1.12654    9.18251e-15    0.0215472
1.38809    -1.12654    1.00808e-14    0.0215472
1.38809    -1.12654    1.08263e-14    0.0215472
1.38809    -1.12654    1.13994e-14    0.0215472
1.38809    -1.12654    1.17875e-14    0.0215472
1.38809    -1.12654    1.19844e-14    0.0215472
1.38809    -1.12654    1.19907e-14    0.0215472
1.38809    -1.12654    1.18126e-14    0.0215472
1.38809    -1.12654    1.14619e-14    0.0215472
1.38809    -1.12654    1.0955e-14    0.0215472
1.38809    -1.12654    1.0312e-14    0.0215472
1.38809    -1.12654    9.55615e-15    0.0215472
1.38809    -1.12654    8.71248e-15    0.0215472
1.38809    -1.12654    7.80732e-15    0.0215472
1.38809    -1.12654    6.86723e-15    0.0215472
1.38809    -1.12654    5.91815e-15    0.0215472
1.38809    -1.12654    4.98474e-15    0.0215472
1.38809    -1.12654    4.08966e-15    0.0215472
1.38809    -1.12654    3.25301e-15    0.0215472
1.38809    -1.12654    2.49194e-15    0.0215472
1.38809    -1.12654    1.82027e-15    0.0215472
1.38809    -1.12654    1.24834e-15    0.0215472
1.38809    -1.12654    7.82882e-16    0.0215472
