1.22654    -1.12041    0.000193513    0.0187792
1.22375    -1.12018    2.52133e-05    0.01842
1.22274    -1.12009    1.31873e-05    0.0183734
1.22347    -1.12016    0.000142457    0.0183818
1.22587    -1.12036    0.000391791    0.0184191
1.22984    -1.12069    0.000735436    0.0184859
1.23528    -1.12112    0.00114504    0.0185803
1.24207    -1.12163    0.00159159    0.0187003
1.25008    -1.1222    0.00204724    0.0188436
1.25916    -1.12279    0.00248677    0.019008
1.26916    -1.12339    0.00288873    0.0191909
1.27995    -1.12397    0.00323609    0.01939
1.29137    -1.12451    0.00351658    0.0196028
1.30327    -1.125    0.0037226    0.0198267
1.31551    -1.12543    0.00385087    0.0200593
1.32796    -1.12579    0.00390195    0.0202982
1.3405    -1.12608    0.00387959    0.020541
1.353    -1.1263    0.00379001    0.0207855
1.36535    -1.12644    0.00364127    0.0210295
1.37746    -1.12652    0.00344262    0.0212708
1.38924    -1.12654    0.00320392    0.0215075
1.4006    -1.12651    0.00293523    0.0217377
1.41147    -1.12644    0.00264633    0.0219599
1.42179    -1.12633    0.00234651    0.0221725
1.43151    -1.12619    0.00204429    0.022374
1.44059    -1.12604    0.00174728    0.0225635
1.44898    -1.12587    0.0014621    0.0227397
1.45665    -1.12569    0.00119431    0.022902
1.46358    -1.12552    0.000948437    0.0230495
1.46977    -1.12535    0.000727962    0.0231818
1.47518    -1.1252    0.000535396    0.0232985
1.47982    -1.12506    0.000372328    0.0233993
1.4837    -1.12494    0.000239508    0.0234841
1.4868    -1.12484    0.000136917    0.0235529
1.48915    -1.12476    6.38623e-05    0.0236057
1.49075    -1.1247    1.90571e-05    0.0236429
1.49163    -1.12467    7.06589e-07    0.0236647
1.4918    -1.12467    6.59072e-06    0.0236715
1.49128    -1.12469    3.41443e-05    0.0236639
1.49011    -1.12473    8.05337e-05    0.0236423
1.48831    -1.12479    0.00014273    0.0236074
1.48591    -1.12487    0.000217578    0.0235599
1.48295    -1.12496    0.000301862    0.0235006
1.47946    -1.12507    0.000392372    0.0234303
1.47549    -1.12519    0.000485955    0.0233497
1.47107    -1.12532    0.000579578    0.0232599
1.46623    -1.12545    0.000670377    0.0231616
1.46104    -1.12559    0.000755704    0.0230558
1.45552    -1.12572    0.000833174    0.0229435
1.44973    -1.12585    0.000900701    0.0228257
1.44371    -1.12598    0.000956538    0.0227032
1.4375    -1.12609    0.000999302    0.0225772
1.43116    -1.1262    0.001028    0.0224485
1.42472    -1.12629    0.00104204    0.0223182
1.41824    -1.12637    0.00104123    0.0221872
1.41177    -1.12644    0.00102582    0.0220563
1.40534    -1.12649    0.000996423    0.0219266
1.39901    -1.12652    0.000954042    0.021799
1.39281    -1.12654    0.000900024    0.0216741
1.38679    -1.12654    0.000836018    0.021553
1.38098    -1.12653    0.000763923    0.0214364
1.37544    -1.12651    0.000685831    0.0213249
1.37018    -1.12648    0.000603955    0.0212192
1.36525    -1.12644    0.000520561    0.02112
1.36067    -1.12639    0.000437895    0.0210279
1.35647    -1.12634    0.000358104    0.0209432
1.35268    -1.12629    0.000283169    0.0208665
1.3493    -1.12624    0.000214842    0.020798
1.34636    -1.12619    0.000154587    0.0207381
1.34386    -1.12614    0.000103542    0.020687
1.34182    -1.12611    6.24844e-05    0.0206447
1.34023    -1.12607    3.18227e-05    0.0206113
1.3391    -1.12605    1.15926e-05    0.0205868
1.33842    -1.12604    1.47573e-06    0.0205711
1.33817    -1.12603    8.29168e-07    0.020564
1.33836    -1.12604    8.72777e-06    0.0205653
1.33895    -1.12605    2.40156e-05    0.0205746
1.33993    -1.12607    4.5364e-05    0.0205917
1.34128    -1.1261    7.13332e-05    0.0206161
1.34298    -1.12613    0.000100434    0.0206474
1.34499    -1.12617    0.000131187    0.020685
1.34729    -1.12621    0.000162176    0.0207284
1.34985    -1.12625    0.000192098    0.0207771
1.35263    -1.12629    0.000219798    0.0208304
1.3556    -1.12633    0.000244299    0.0208878
1.35874    -1.12637    0.000264824    0.0209486
1.362    -1.12641    0.000280802    0.0210122
1.36537    -1.12644    0.000291871    0.0210781
1.3688    -1.12647    0.000297873    0.0211455
1.37226    -1.1265    0.000298833    0.0212138
1.37573    -1.12651    0.000294951    0.0212826
1.37917    -1.12653    0.000286568    0.0213512
1.38257    -1.12654    0.00027415    0.0214191
1.38589    -1.12654    0.000258251    0.0214857
1.38912    -1.12654    0.000239498    0.0215507
1.39222    -1.12654    0.000218553    0.0216134
1.39519    -1.12654    0.000196097    0.0216736
1.398    -1.12653    0.000172801    0.0217308
1.40064    -1.12651    0.000149312    0.0217847
1.40309    -1.1265    0.000126232    0.021835
1.40535    -1.12649    0.000104103    0.0218815
1.40739    -1.12647    8.34032e-05    0.0219238
1.40923    -1.12646    6.45305e-05    0.0219619
1.41084    -1.12645    4.78035e-05    0.0219956
1.41223    -1.12643    3.34574e-05    0.0220248
1.41339    -1.12642    2.16447e-05    0.0220495
1.41432    -1.12641    1.24374e-05    0.0220696
1.41503    -1.12641    5.8319e-06    0.022085
1.41551    -1.1264    1.75446e-06    0.022096
1.41578    -1.1264    6.89175e-08    0.0221025
1.41583    -1.1264    5.84748e-07    0.0221047
1.41568    -1.1264    3.06614e-06    0.0221027
1.41533    -1.1264    7.24144e-06    0.0220966
1.41479    -1.12641    1.28128e-05    0.0220866
1.41407    -1.12642    1.94659e-05    0.022073
1.41318    -1.12643    2.68792e-05    0.022056
1.41214    -1.12644    3.4733e-05    0.0220358
1.41096    -1.12645    4.27178e-05    0.0220126
1.40965    -1.12646    5.05419e-05    0.0219868
1.40822    -1.12647    5.79382e-05    0.0219586
1.40669    -1.12648    6.46696e-05    0.0219284
1.40508    -1.12649    7.05342e-05    0.0218963
1.4034    -1.1265    7.53682e-05    0.0218628
1.40165    -1.12651    7.90486e-05    0.0218281
1.39987    -1.12652    8.14942e-05    0.0217924
1.39806    -1.12653    8.26656e-05    0.0217562
1.39623    -1.12653    8.25639e-05    0.0217197
1.39441    -1.12654    8.12286e-05    0.0216832
1.3926    -1.12654    7.87344e-05    0.0216469
1.39082    -1.12654    7.5187e-05    0.0216112
1.38908    -1.12654    7.07183e-05    0.0215762
1.38739    -1.12654    6.54816e-05    0.0215422
1.38577    -1.12654    5.9645e-05    0.0215095
1.38422    -1.12654    5.33863e-05    0.0214782
1.38275    -1.12654    4.68868e-05    0.0214486
1.38138    -1.12654    4.03256e-05    0.0214207
1.3801    -1.12653    3.3874e-05    0.0213948
1.37894    -1.12653    2.7691e-05    0.0213711
1.37788    -1.12652    2.19184e-05    0.0213495
1.37694    -1.12652    1.66782e-05    0.0213302
1.37612    -1.12652    1.2069e-05    0.0213133
1.37542    -1.12651    8.1646e-06    0.0212988
1.37485    -1.12651    5.0133e-06    0.0212868
1.3744    -1.12651    2.63747e-06    0.0212772
1.37407    -1.12651    1.03462e-06    0.0212701
1.37387    -1.1265    1.78973e-07    0.0212654
1.37379    -1.1265    2.37015e-08    0.0212631
1.37382    -1.1265    5.03793e-07    0.0212631
1.37396    -1.12651    1.5393e-06    0.0212653
1.37421    -1.12651    3.03887e-06    0.0212697
1.37456    -1.12651    4.90346e-06    0.0212761
1.375    -1.12651    7.03001e-06    0.0212844
1.37553    -1.12651    9.31501e-06    0.0212945
1.37615    -1.12652    1.16579e-05    0.0213062
1.37683    -1.12652    1.39639e-05    0.0213194
1.37758    -1.12652    1.61469e-05    0.0213339
1.37839    -1.12653    1.81312e-05    0.0213497
1.37924    -1.12653    1.98535e-05    0.0213664
1.38014    -1.12653    2.12637e-05    0.021384
1.38106    -1.12654    2.23256e-05    0.0214022
1.38201    -1.12654    2.30171e-05    0.021421
1.38297    -1.12654    2.33295e-05    0.0214401
1.38394    -1.12654    2.32673e-05    0.0214593
1.38491    -1.12654    2.28462e-05    0.0214786
1.38587    -1.12654    2.20927e-05    0.0214978
1.38681    -1.12654    2.10416e-05    0.0215167
1.38773    -1.12654    1.97351e-05    0.0215352
1.38862    -1.12654    1.82202e-05    0.0215532
1.38948    -1.12654    1.65471e-05    0.0215705
1.3903    -1.12654    1.47678e-05    0.021587
1.39107    -1.12654    1.2934e-05    0.0216027
1.39179    -1.12654    1.10954e-05    0.0216174
1.39246    -1.12654    9.29896e-06    0.021631
1.39307    -1.12654    7.58696e-06    0.0216436
1.39362    -1.12654    5.99661e-06    0.0216549
1.39412    -1.12654    4.55905e-06    0.0216651
1.39454    -1.12654    3.29896e-06    0.021674
1.39491    -1.12654    2.23423e-06    0.0216817
1.39521    -1.12654    1.37596e-06    0.021688
1.39544    -1.12653    7.28601e-07    0.0216931
1.39562    -1.12653    2.90266e-07    0.0216968
1.39572    -1.12653    5.32545e-08    0.0216993
1.39577    -1.12653    4.6677e-09    0.0217006
1.39576    -1.12653    1.2714e-07    0.0217006
1.39568    -1.12653    3.99648e-07    0.0216995
1.39556    -1.12653    7.98371e-07    0.0216973
1.39538    -1.12653    1.29757e-06    0.0216939
1.39515    -1.12654    1.87045e-06    0.0216896
1.39487    -1.12654    2.49004e-06    0.0216844
1.39456    -1.12654    3.12995e-06    0.0216782
1.3942    -1.12654    3.76511e-06    0.0216713
1.39381    -1.12654    4.37242e-06    0.0216637
1.39339    -1.12654    4.9313e-06    0.0216555
1.39295    -1.12654    5.42409e-06    0.0216467
1.39248    -1.12654    5.8364e-06    0.0216375
1.392    -1.12654    6.15734e-06    0.0216278
1.3915    -1.12654    6.37955e-06    0.021618
1.39099    -1.12654    6.49924e-06    0.0216079
1.39048    -1.12654    6.51606e-06    0.0215977
1.38997    -1.12654    6.43286e-06    0.0215874
1.38946    -1.12654    6.25543e-06    0.0215772
1.38896    -1.12654    5.99211e-06    0.0215672
1.38847    -1.12654    5.65339e-06    0.0215573
1.38799    -1.12654    5.25146e-06    0.0215477
1.38753    -1.12654    4.79971e-06    0.0215384
1.38709    -1.12654    4.31226e-06    0.0215296
1.38667    -1.12654    3.80348e-06    0.0215211
1.38628    -1.12654    3.28757e-06    0.0215132
1.38592    -1.12654    2.77805e-06    0.0215058
1.38558    -1.12654    2.28751e-06    0.0214989
1.38528    -1.12654    1.82716e-06    0.0214927
1.38501    -1.12654    1.40668e-06    0.0214872
1.38477    -1.12654    1.03395e-06    0.0214822
1.38457    -1.12654    7.14958e-07    0.021478
1.3844    -1.12654    4.53729e-07    0.0214744
1.38426    -1.12654    2.52327e-07    0.0214715
1.38416    -1.12654    1.10919e-07    0.0214694
1.38409    -1.12654    2.78942e-08    0.0214678
1.38406    -1.12654    2.93468e-11    0.021467
1.38406    -1.12654    2.26929e-08    0.0214668
1.38409    -1.12654    9.00803e-08    0.0214672
1.38415    -1.12654    1.95469e-07    0.0214683
1.38424    -1.12654    3.31488e-07    0.0214699
1.38435    -1.12654    4.90382e-07    0.0214721
1.38449    -1.12654    6.6428e-07    0.0214747
1.38466    -1.12654    8.45439e-07    0.0214779
1.38484    -1.12654    1.02648e-06    0.0214814
1.38505    -1.12654    1.20056e-06    0.0214854
1.38526    -1.12654    1.3616e-06    0.0214897
1.3855    -1.12654    1.50435e-06    0.0214943
1.38575    -1.12654    1.62455e-06    0.0214991
1.386    -1.12654    1.71894e-06    0.0215042
1.38626    -1.12654    1.78533e-06    0.0215094
1.38653    -1.12654    1.82255e-06    0.0215147
1.3868    -1.12654    1.83047e-06    0.0215201
1.38707    -1.12654    1.80986e-06    0.0215255
1.38734    -1.12654    1.76237e-06    0.0215309
1.38761    -1.12654    1.69036e-06    0.0215362
1.38787    -1.12654    1.59682e-06    0.0215415
1.38813    -1.12654    1.4852e-06    0.0215466
1.38837    -1.12654    1.3593e-06    0.0215515
1.3886    -1.12654    1.22311e-06    0.0215562
1.38883    -1.12654    1.08069e-06    0.0215607
1.38903    -1.12654    9.36038e-07    0.021565
1.38923    -1.12654    7.92949e-07    0.0215689
1.38941    -1.12654    6.5495e-07    0.0215726
1.38957    -1.12654    5.2519e-07    0.0215759
1.38972    -1.12654    4.06376e-07    0.0215789
1.38984    -1.12654    3.00721e-07    0.0215816
1.38995    -1.12654    2.09913e-07    0.0215839
1.39005    -1.12654    1.35094e-07    0.0215858
1.39012    -1.12654    7.68718e-08    0.0215874
1.39017    -1.12654    3.53291e-08    0.0215886
1.39021    -1.12654    1.0062e-08    0.0215894
1.39023    -1.12654    2.22552e-10    0.0215899
1.39024    -1.12654    4.57485e-09    0.0215901
1.39022    -1.12654    2.15574e-08    0.0215899
1.39019    -1.12654    4.93518e-08    0.0215894
1.39015    -1.12654    8.59538e-08    0.0215886
1.39009    -1.12654    1.29246e-07    0.0215875
1.39002    -1.12654    1.77067e-07    0.0215861
1.38993    -1.12654    2.27281e-07    0.0215845
1.38984    -1.12654    2.77837e-07    0.0215826
1.38973    -1.12654    3.26825e-07    0.0215806
1.38962    -1.12654    3.72524e-07    0.0215783
1.38949    -1.12654    4.13441e-07    0.0215759
1.38936    -1.12654    4.48337e-07    0.0215734
1.38923    -1.12654    4.7625e-07    0.0215707
1.38909    -1.12654    4.96503e-07    0.021568
1.38895    -1.12654    5.08707e-07    0.0215651
1.38881    -1.12654    5.12749e-07    0.0215623
1.38866    -1.12654    5.08782e-07    0.0215594
1.38852    -1.12654    4.97199e-07    0.0215566
1.38838    -1.12654    4.78604e-07    0.0215537
1.38824    -1.12654    4.53784e-07    0.0215509
1.38811    -1.12654    4.23665e-07    0.0215482
1.38797    -1.12654    3.89284e-07    0.0215456
1.38785    -1.12654    3.51741e-07    0.0215431
1.38773    -1.12654    3.12169e-07    0.0215407
1.38762    -1.12654    2.71691e-07    0.0215384
1.38751    -1.12654    2.3139e-07    0.0215363
1.38742    -1.12654    1.92278e-07    0.0215343
1.38733    -1.12654    1.5527e-07    0.0215325
1.38725    -1.12654    1.21161e-07    0.0215309
1.38718    -1.12654    9.06126e-08    0.0215294
1.38712    -1.12654    6.41382e-08    0.0215282
1.38707    -1.12654    4.21001e-08    0.0215271
1.38703    -1.12654    2.47072e-08    0.0215262
1.387    -1.12654    1.20187e-08    0.0215255
1.38697    -1.12654    3.95255e-09    0.0215251
1.38696    -1.12654    2.97138e-10    0.0215248
1.38696    -1.12654    7.26361e-10    0.0215246
1.38696    -1.12654    4.81706e-09    0.0215247
1.38698    -1.12654    1.20683e-08    0.0215249
1.387    -1.12654    2.19218e-08    0.0215253
1.38703    -1.12654    3.37823e-08    0.0215259
1.38707    -1.12654    4.70386e-08    0.0215266
1.38711    -1.12654    6.10824e-08    0.0215274
1.38716    -1.12654    7.53269e-08    0.0215284
1.38721    -1.12654    8.9223e-08    0.0215294
1.38727    -1.12654    1.02273e-07    0.0215306
1.38734    -1.12654    1.14042e-07    0.0215319
1.38741    -1.12654    1.24168e-07    0.0215332
1.38748    -1.12654    1.32366e-07    0.0215346
1.38755    -1.12654    1.38431e-07    0.021536
1.38762    -1.12654    1.42242e-07    0.0215375
1.3877    -1.12654    1.43754e-07    0.021539
1.38778    -1.12654    1.43002e-07    0.0215405
1.38785    -1.12654    1.40085e-07    0.0215421
1.38793    -1.12654    1.35168e-07    0.0215436
1.388    -1.12654    1.28464e-07    0.021545
1.38807    -1.12654    1.20231e-07    0.0215465
1.38814    -1.12654    1.10755e-07    0.0215479
1.38821    -1.12654    1.00345e-07    0.0215492
1.38827    -1.12654    8.93179e-08    0.0215505
1.38833    -1.12654    7.79898e-08    0.0215517
1.38839    -1.12654    6.66667e-08    0.0215529
1.38844    -1.12654    5.56355e-08    0.0215539
1.38849    -1.12654    4.51565e-08    0.0215549
1.38853    -1.12654    3.54575e-08    0.0215558
1.38857    -1.12654    2.67289e-08    0.0215566
1.3886    -1.12654    1.91206e-08    0.0215572
1.38863    -1.12654    1.27401e-08    0.0215578
1.38865    -1.12654    7.65207e-09    0.0215583
1.38867    -1.12654    3.87939e-09    0.0215587
1.38868    -1.12654    1.40509e-09    0.021559
1.38869    -1.12654    1.75632e-10    0.0215591
1.38869    -1.12654    1.04943e-10    0.0215592
1.38869    -1.12654    1.07916e-09    0.0215592
1.38868    -1.12654    2.96192e-09    0.0215591
1.38867    -1.12654    5.59995e-09    0.0215589
1.38866    -1.12654    8.82879e-09    0.0215586
1.38864    -1.12654    1.24785e-08    0.0215583
1.38862    -1.12654    1.6379e-08    0.0215578
1.38859    -1.12654    2.03653e-08    0.0215573
1.38856    -1.12654    2.42822e-08    0.0215568
1.38853    -1.12654    2.79878e-08    0.0215562
1.3885    -1.12654    3.13575e-08    0.0215555
1.38846    -1.12654    3.42859e-08    0.0215548
1.38842    -1.12654    3.66893e-08    0.0215541
1.38839    -1.12654    3.8506e-08    0.0215533
1.38835    -1.12654    3.96975e-08    0.0215525
1.38831    -1.12654    4.02472e-08    0.0215517
1.38827    -1.12654    4.01599e-08    0.0215509
1.38823    -1.12654    3.94602e-08    0.0215501
1.38819    -1.12654    3.81902e-08    0.0215493
1.38815    -1.12654    3.6407e-08    0.0215486
1.38811    -1.12654    3.41802e-08    0.0215478
1.38807    -1.12654    3.15885e-08    0.021547
1.38804    -1.12654    2.87173e-08    0.0215463
1.388    -1.12654    2.56549e-08    0.0215456
1.38797    -1.12654    2.24902e-08    0.021545
1.38794    -1.12654    1.93099e-08    0.0215444
1.38791    -1.12654    1.61954e-08    0.0215438
1.38789    -1.12654    1.32217e-08    0.0215433
1.38786    -1.12654    1.04545e-08    0.0215428
1.38784    -1.12654    7.94961e-09    0.0215424
1.38782    -1.12654    5.75145e-09    0.021542
1.38781    -1.12654    3.89268e-09    0.0215417
1.3878    -1.12654    2.39391e-09    0.0215414
1.38779    -1.12654    1.26392e-09    0.0215412
1.38778    -1.12654    5.00122e-10    0.0215411
1.38778    -1.12654    8.94587e-11    0.021541
1.38777    -1.12654    9.44997e-12    0.0215409
1.38777    -1.12654    2.29517e-10    0.0215409
1.38778    -1.12654    7.12443e-10    0.021541
1.38778    -1.12654    1.41593e-09    0.021541
1.38779    -1.12654    2.29423e-09    0.0215412
1.3878    -1.12654    3.29973e-09    0.0215414
1.38781    -1.12654    4.38451e-09    0.0215416
1.38782    -1.12654    5.50184e-09    0.0215418
1.38784    -1.12654    6.60745e-09    0.0215421
1.38786    -1.12654    7.66073e-09    0.0215424
1.38787    -1.12654    8.62568e-09    0.0215428
1.38789    -1.12654    9.4717e-09    0.0215432
1.38791    -1.12654    1.01741e-08    0.0215435
1.38793    -1.12654    1.07145e-08    0.0215439
1.38795    -1.12654    1.10809e-08    0.0215444
1.38797    -1.12654    1.12675e-08    0.0215448
1.38799    -1.12654    1.12747e-08    0.0215452
1.38802    -1.12654    1.11085e-08    0.0215456
1.38804    -1.12654    1.07799e-08    0.0215461
1.38806    -1.12654    1.03043e-08    0.0215465
1.38808    -1.12654    9.70056e-09    0.0215469
1.3881    -1.12654    8.99049e-09    0.0215473
1.38812    -1.12654    8.19772e-09    0.0215477
1.38814    -1.12654    7.34698e-09    0.021548
1.38815    -1.12654    6.46323e-09    0.0215484
1.38817    -1.12654    5.57088e-09    0.0215487
1.38818    -1.12654    4.69312e-09    0.021549
1.3882    -1.12654    3.85126e-09    0.0215493
1.38821    -1.12654    3.06422e-09    0.0215495
1.38822    -1.12654    2.34812e-09    0.0215498
1.38823    -1.12654    1.71599e-09    0.02155
1.38824    -1.12654    1.17756e-09    0.0215501
1.38825    -1.12654    7.3918e-10    0.0215503
1.38825    -1.12654    4.03888e-10    0.0215504
1.38826    -1.12654    1.71512e-10    0.0215505
1.38826    -1.12654    3.88937e-11    0.0215506
1.38826    -1.12654    1.88677e-13    0.0215506
1.38826    -1.12654    4.72169e-11    0.0215506
1.38826    -1.12654    1.69867e-10    0.0215506
1.38826    -1.12654    3.56527e-10    0.0215505
1.38825    -1.12654    5.94536e-10    0.0215505
1.38825    -1.12654    8.70634e-10    0.0215504
1.38824    -1.12654    1.1714e-09    0.0215503
1.38823    -1.12654    1.48366e-09    0.0215501
1.38823    -1.12654    1.79488e-09    0.02155
1.38822    -1.12654    2.09347e-09    0.0215498
1.38821    -1.12654    2.36912e-09    0.0215496
1.3882    -1.12654    2.61294e-09    0.0215494
1.38819    -1.12654    2.81771e-09    0.0215492
1.38818    -1.12654    2.97794e-09    0.021549
1.38817    -1.12654    3.08994e-09    0.0215488
1.38816    -1.12654    3.15176e-09    0.0215486
1.38814    -1.12654    3.1632e-09    0.0215484
1.38813    -1.12654    3.12562e-09    0.0215481
1.38812    -1.12654    3.04186e-09    0.0215479
1.38811    -1.12654    2.916e-09    0.0215477
1.3881    -1.12654    2.75318e-09    0.0215475
1.38809    -1.12654    2.55935e-09    0.0215473
1.38808    -1.12654    2.34105e-09    0.0215471
1.38807    -1.12654    2.10517e-09    0.0215469
1.38806    -1.12654    1.85871e-09    0.0215467
1.38805    -1.12654    1.60856e-09    0.0215465
1.38804    -1.12654    1.36129e-09    0.0215463
1.38804    -1.12654    1.12299e-09    0.0215462
1.38803    -1.12654    8.99108e-10    0.021546
1.38802    -1.12654    6.94317e-10    0.0215459
1.38802    -1.12654    5.12441e-10    0.0215458
1.38801    -1.12654    3.56386e-10    0.0215457
1.38801    -1.12654    2.28117e-10    0.0215456
1.38801    -1.12654    1.28661e-10    0.0215456
1.388    -1.12654    5.81364e-11    0.0215455
1.388    -1.12654    1.58102e-11    0.0215455
1.388    -1.12654    1.78989e-13    0.0215455
1.388    -1.12654    9.06371e-12    0.0215455
1.388    -1.12654    3.9721e-11    0.0215455
1.388    -1.12654    8.89635e-11    0.0215455
1.38801    -1.12654    1.53285e-10    0.0215455
1.38801    -1.12654    2.28988e-10    0.0215456
1.38801    -1.12654    3.12307e-10    0.0215456
1.38802    -1.12654    3.99525e-10    0.0215457
1.38802    -1.12654    4.87085e-10    0.0215458
1.38802    -1.12654    5.71682e-10    0.0215459
1.38803    -1.12654    6.50348e-10    0.021546
1.38803    -1.12654    7.20518e-10    0.0215461
1.38804    -1.12654    7.80076e-10    0.0215462
1.38804    -1.12654    8.27391e-10    0.0215463
1.38805    -1.12654    8.61334e-10    0.0215464
1.38806    -1.12654    8.81273e-10    0.0215465
1.38806    -1.12654    8.8706e-10    0.0215466
1.38807    -1.12654    8.79005e-10    0.0215467
1.38807    -1.12654    8.57828e-10    0.0215469
1.38808    -1.12654    8.24615e-10    0.021547
1.38809    -1.12654    7.80757e-10    0.0215471
1.38809    -1.12654    7.27888e-10    0.0215472
1.3881    -1.12654    6.67816e-10    0.0215473
1.3881    -1.12654    6.02459e-10    0.0215474
1.38811    -1.12654    5.33779e-10    0.0215475
1.38811    -1.12654    4.63714e-10    0.0215476
1.38812    -1.12654    3.9413e-10    0.0215477
1.38812    -1.12654    3.26761e-10    0.0215478
1.38812    -1.12654    2.63167e-10    0.0215479
1.38813    -1.12654    2.04701e-10    0.0215479
1.38813    -1.12654    1.52479e-10    0.021548
1.38813    -1.12654    1.07364e-10    0.021548
1.38813    -1.12654    6.99543e-11    0.0215481
1.38814    -1.12654    4.05852e-11    0.0215481
1.38814    -1.12654    1.93353e-11    0.0215481
1.38814    -1.12654    6.04191e-12    0.0215482
1.38814    -1.12654    3.21385e-13    0.0215482
1.38814    -1.12654    1.59582e-12    0.0215482
1.38814    -1.12654    9.12328e-12    0.0215482
1.38814    -1.12654    2.20311e-11    0.0215482
1.38814    -1.12654    3.93509e-11    0.0215481
1.38814    -1.12654    6.00539e-11    0.0215481
1.38813    -1.12654    8.30863e-11    0.0215481
1.38813    -1.12654    1.07402e-10    0.0215481
1.38813    -1.12654    1.31994e-10    0.021548
1.38813    -1.12654    1.55921e-10    0.021548
1.38813    -1.12654    1.78333e-10    0.0215479
1.38812    -1.12654    1.98489e-10    0.0215479
1.38812    -1.12654    2.15772e-10    0.0215478
1.38812    -1.12654    2.29699e-10    0.0215478
1.38811    -1.12654    2.39927e-10    0.0215477
1.38811    -1.12654    2.46253e-10    0.0215476
1.38811    -1.12654    2.48612e-10    0.0215476
1.3881    -1.12654    2.47066e-10    0.0215475
1.3881    -1.12654    2.41797e-10    0.0215475
1.3881    -1.12654    2.33091e-10    0.0215474
1.38809    -1.12654    2.21324e-10    0.0215473
1.38809    -1.12654    2.06941e-10    0.0215473
1.38809    -1.12654    1.90441e-10    0.0215472
1.38809    -1.12654    1.72359e-10    0.0215472
1.38808    -1.12654    1.53242e-10    0.0215471
1.38808    -1.12654    1.33637e-10    0.021547
1.38808    -1.12654    1.14071e-10    0.021547
1.38808    -1.12654    9.50381e-11    0.021547
1.38807    -1.12654    7.69858e-11    0.0215469
1.38807    -1.12654    6.03048e-11    0.0215469
1.38807    -1.12654    4.53209e-11    0.0215468
1.38807    -1.12654    3.22892e-11    0.0215468
1.38807    -1.12654    2.13917e-11    0.0215468
1.38807    -1.12654    1.2736e-11    0.0215468
1.38807    -1.12654    6.35734e-12    0.0215468
1.38807    -1.12654    2.22233e-12    0.0215468
1.38807    -1.12654    2.34481e-13    0.0215467
1.38807    -1.12654    2.41326e-13    0.0215467
1.38807    -1.12654    2.04276e-12    0.0215467
1.38807    -1.12654    5.40024e-12    0.0215467
1.38807    -1.12654    1.00465e-11    0.0215468
1.38807    -1.12654    1.56956e-11    0.0215468
1.38807    -1.12654    2.20526e-11    0.0215468
1.38807    -1.12654    2.88233e-11    0.0215468
1.38807    -1.12654    3.57225e-11    0.0215468
1.38807    -1.12654    4.24827e-11    0.0215468
1.38807    -1.12654    4.88601e-11    0.0215469
1.38807    -1.12654    5.46411e-11    0.0215469
1.38808    -1.12654    5.9646e-11    0.0215469
1.38808    -1.12654    6.37323e-11    0.021547
1.38808    -1.12654    6.67967e-11    0.021547
1.38808    -1.12654    6.8775e-11    0.021547
1.38808    -1.12654    6.96417e-11    0.0215471
1.38808    -1.12654    6.94081e-11    0.0215471
1.38809    -1.12654    6.81192e-11    0.0215471
1.38809    -1.12654    6.58501e-11    0.0215472
1.38809    -1.12654    6.27017e-11    0.0215472
1.38809    -1.12654    5.87959e-11    0.0215472
1.38809    -1.12654    5.42701e-11    0.0215472
1.38809    -1.12654    4.92726e-11    0.0215473
1.3881    -1.12654    4.39565e-11    0.0215473
1.3881    -1.12654    3.84756e-11    0.0215473
1.3881    -1.12654    3.29789e-11    0.0215474
1.3881    -1.12654    2.7607e-11    0.0215474
1.3881    -1.12654    2.24878e-11    0.0215474
1.3881    -1.12654    1.7734e-11    0.0215474
1.3881    -1.12654    1.34404e-11    0.0215474
1.3881    -1.12654    9.68227e-12    0.0215475
1.3881    -1.12654    6.5144e-12    0.0215475
1.3881    -1.12654    3.97079e-12    0.0215475
1.3881    -1.12654    2.06501e-12    0.0215475
1.3881    -1.12654    7.91146e-13    0.0215475
1.3881    -1.12654    1.25298e-13    0.0215475
1.3881    -1.12654    2.74719e-14    0.0215475
1.3881    -1.12654    4.43874e-13    0.0215475
1.3881    -1.12654    1.30944e-12    0.0215475
1.3881    -1.12654    2.55057e-12    0.0215475
1.3881    -1.12654    4.08788e-12    0.0215475
1.3881    -1.12654    5.83898e-12    0.0215475
1.3881    -1.12654    7.72117e-12    0.0215475
1.3881    -1.12654    9.65393e-12    0.0215475
1.3881    -1.12654    1.15612e-11    0.0215475
1.3881    -1.12654    1.33733e-11    0.0215474
1.3881    -1.12654    1.50286e-11    0.0215474
1.3881    -1.12654    1.64751e-11    0.0215474
1.3881    -1.12654    1.76707e-11    0.0215474
1.3881    -1.12654    1.85844e-11    0.0215474
1.3881    -1.12654    1.91963e-11    0.0215474
1.3881    -1.12654    1.94971e-11    0.0215473
1.3881    -1.12654    1.94883e-11    0.0215473
1.38809    -1.12654    1.91807e-11    0.0215473
1.38809    -1.12654    1.85939e-11    0.0215473
1.38809    -1.12654    1.77548e-11    0.0215473
1.38809    -1.12654    1.66968e-11    0.0215473
1.38809    -1.12654    1.54576e-11    0.0215472
1.38809    -1.12654    1.40783e-11    0.0215472
1.38809    -1.12654    1.26017e-11    0.0215472
1.38809    -1.12654    1.10709e-11    0.0215472
1.38809    -1.12654    9.52804e-12    0.0215472
1.38809    -1.12654    8.01308e-12    0.0215472
1.38809    -1.12654    6.5626e-12    0.0215472
1.38809    -1.12654    5.20901e-12    0.0215471
1.38809    -1.12654    3.97987e-12    0.0215471
1.38809    -1.12654    2.89732e-12    0.0215471
1.38809    -1.12654    1.97779e-12    0.0215471
1.38808    -1.12654    1.2319e-12    0.0215471
1.38808    -1.12654    6.64497e-13    0.0215471
1.38808    -1.12654    2.74915e-13    0.0215471
1.38808    -1.12654    5.73532e-14    0.0215471
1.38808    -1.12654    1.3957e-15    0.0215471
1.38808    -1.12654    9.26308e-14    0.0215471
1.38808    -1.12654    3.13353e-13    0.0215471
1.38808    -1.12654    6.43317e-13    0.0215471
1.38808    -1.12654    1.06051e-12    0.0215471
1.38808    -1.12654    1.54195e-12    0.0215471
1.38809    -1.12654    2.06441e-12    0.0215471
1.38809    -1.12654    2.60515e-12    0.0215471
1.38809    -1.12654    3.14258e-12    0.0215471
1.38809    -1.12654    3.6568e-12    0.0215471
1.38809    -1.12654    4.13011e-12    0.0215471
1.38809    -1.12654    4.54735e-12    0.0215471
1.38809    -1.12654    4.89625e-12    0.0215472
1.38809    -1.12654    5.16752e-12    0.0215472
1.38809    -1.12654    5.355e-12    0.0215472
1.38809    -1.12654    5.45555e-12    0.0215472
1.38809    -1.12654    5.46902e-12    0.0215472
1.38809    -1.12654    5.39798e-12    0.0215472
1.38809    -1.12654    5.24751e-12    0.0215472
1.38809    -1.12654    5.0248e-12    0.0215472
1.38809    -1.12654    4.73888e-12    0.0215472
1.38809    -1.12654    4.40012e-12    0.0215472
1.38809    -1.12654    4.01992e-12    0.0215472
1.38809    -1.12654    3.61019e-12    0.0215473
1.38809    -1.12654    3.18306e-12    0.0215473
1.38809    -1.12654    2.7504e-12    0.0215473
1.38809    -1.12654    2.32354e-12    0.0215473
1.38809    -1.12654    1.91293e-12    0.0215473
1.38809    -1.12654    1.5279e-12    0.0215473
1.38809    -1.12654    1.17642e-12    0.0215473
1.38809    -1.12654    8.64988e-13    0.0215473
1.38809    -1.12654    5.98521e-13    0.0215473
1.38809    -1.12654    3.8029e-13    0.0215473
1.38809    -1.12654    2.11952e-13    0.0215473
1.38809    -1.12654    9.35985e-14    0.0215473
1.38809    -1.12654    2.38619e-14    0.0215473
1.3881    -1.12654    4.96853e-17    0.0215473
1.3881    -1.12654    1.83163e-14    0.0215473
1.3881    -1.12654    7.38551e-14    0.0215473
1.38809    -1.12654    1.61108e-13    0.0215473
1.38809    -1.12654    2.73981e-13    0.0215473
1.38809    -1.12654    4.06065e-13    0.0215473
1.38809    -1.12654    5.50849e-13    0.0215473
1.38809    -1.12654    7.01923e-13    0.0215473
1.38809    -1.12654    8.53159e-13    0.0215473
1.38809    -1.12654    9.98884e-13    0.0215473
1.38809    -1.12654    1.13401e-12    0.0215473
1.38809    -1.12654    1.25416e-12    0.0215473
1.38809    -1.12654    1.35572e-12    0.0215473
1.38809    -1.12654    1.43595e-12    0.0215473
1.38809    -1.12654    1.49294e-12    0.0215473
1.38809    -1.12654    1.52568e-12    0.0215473
1.38809    -1.12654    1.53395e-12    0.0215473
1.38809    -1.12654    1.51835e-12    0.0215473
1.38809    -1.12654    1.48017e-12    0.0215473
1.38809    -1.12654    1.42134e-12    0.0215472
1.38809    -1.12654    1.34428e-12    0.0215472
1.38809    -1.12654    1.25185e-12    0.0215472
1.38809    -1.12654    1.1472e-12    0.0215472
1.38809    -1.12654    1.03364e-12    0.0215472
1.38809    -1.12654    9.14578e-13    0.0215472
1.38809    -1.12654    7.93356e-13    0.0215472
1.38809    -1.12654    6.73186e-13    0.0215472
1.38809    -1.12654    5.57049e-13    0.0215472
1.38809    -1.12654    4.4762e-13    0.0215472
1.38809    -1.12654    3.47211e-13    0.0215472
1.38809    -1.12654    2.57724e-13    0.0215472
1.38809    -1.12654    1.80616e-13    0.0215472
1.38809    -1.12654    1.16893e-13    0.0215472
1.38809    -1.12654    6.71005e-14    0.0215472
1.38809    -1.12654    3.13451e-14    0.0215472
1.38809    -1.12654    9.31635e-15    0.0215472
1.38809    -1.12654    3.2525e-16    0.0215472
1.38809    -1.12654    3.35007e-15    0.0215472
1.38809    -1.12654    1.70893e-14    0.0215472
1.38809    -1.12654    4.00197e-14    0.0215472
1.38809    -1.12654    7.04564e-14    0.0215472
1.38809    -1.12654    1.06615e-13    0.0215472
1.38809    -1.12654    1.46671e-13    0.0215472
1.38809    -1.12654    1.88819e-13    0.0215472
1.38809    -1.12654    2.31324e-13    0.0215472
1.38809    -1.12654    2.72567e-13    0.0215472
1.38809    -1.12654    3.1109e-13    0.0215472
1.38809    -1.12654    3.45626e-13    0.0215472
1.38809    -1.12654    3.75124e-13    0.0215472
1.38809    -1.12654    3.98767e-13    0.0215472
1.38809    -1.12654    4.15979e-13    0.0215472
1.38809    -1.12654    4.26426e-13    0.0215472
1.38809    -1.12654    4.30012e-13    0.0215472
1.38809    -1.12654    4.26859e-13    0.0215472
1.38809    -1.12654    4.17298e-13    0.0215472
1.38809    -1.12654    4.01834e-13    0.0215472
1.38809    -1.12654    3.81127e-13    0.0215472
1.38809    -1.12654    3.55956e-13    0.0215472
1.38809    -1.12654    3.27191e-13    0.0215472
1.38809    -1.12654    2.95755e-13    0.0215472
1.38809    -1.12654    2.62599e-13    0.0215472
1.38809    -1.12654    2.28667e-13    0.0215472
1.38809    -1.12654    1.94866e-13    0.0215472
1.38809    -1.12654    1.62046e-13    0.0215473
1.38809    -1.12654    1.30975e-13    0.0215473
1.38809    -1.12654    1.0232e-13    0.0215473
1.38809    -1.12654    7.66362e-14    0.0215473
1.38809    -1.12654    5.4356e-14    0.0215473
1.38809    -1.12654    3.57844e-14    0.0215473
1.38809    -1.12654    2.10984e-14    0.0215473
1.38809    -1.12654    1.03502e-14    0.0215473
1.38809    -1.12654    3.47369e-15    0.0215473
1.38809    -1.12654    2.94616e-16    0.0215473
1.38809    -1.12654    5.42824e-16    0.0215473
1.38809    -1.12654    3.8669e-15    0.0215473
1.38809    -1.12654    9.85016e-15    0.0215473
1.38809    -1.12654    1.80275e-14    0.0215473
1.38809    -1.12654    2.79027e-14    0.0215473
1.38809    -1.12654    3.89654e-14    0.0215473
1.38809    -1.12654    5.07071e-14    0.0215473
1.38809    -1.12654    6.26368e-14    0.0215473
1.38809    -1.12654    7.42942e-14    0.0215473
1.38809    -1.12654    8.52613e-14    0.0215473
1.38809    -1.12654    9.51725e-14    0.0215473
1.38809    -1.12654    1.03722e-13    0.0215473
1.38809    -1.12654    1.10667e-13    0.0215473
1.38809    -1.12654    1.15835e-13    0.0215472
1.38809    -1.12654    1.19119e-13    0.0215472
1.38809    -1.12654    1.2048e-13    0.0215472
1.38809    -1.12654    1.19941e-13    0.0215472
1.38809    -1.12654    1.17586e-13    0.0215472
1.38809    -1.12654    1.13546e-13    0.0215472
1.38809    -1.12654    1.07999e-13    0.0215472
1.38809    -1.12654    1.01159e-13    0.0215472
1.38809    -1.12654    9.32645e-14    0.0215472
1.38809    -1.12654    8.45728e-14    0.0215472
1.38809    -1.12654    7.53494e-14    0.0215472
1.38809    -1.12654    6.58597e-14    0.0215472
1.38809    -1.12654    5.63607e-14    0.0215472
1.38809    -1.12654    4.70941e-14    0.0215472
1.38809    -1.12654    3.82796e-14    0.0215472
1.38809    -1.12654    3.01098e-14    0.0215472
1.38809    -1.12654    2.27465e-14    0.0215472
1.38809    -1.12654    1.63173e-14    0.0215472
1.38809    -1.12654    1.09144e-14    0.0215472
1.38809    -1.12654    6.59396e-15    0.0215472
1.38809    -1.12654    3.37707e-15    0.0215472
1.38809    -1.12654    1.25117e-15    0.0215472
1.38809    -1.12654    1.72764e-16    0.0215472
1.38809    -1.12654    7.08518e-17    0.0215472
1.38809    -1.12654    8.50835e-16    0.0215472
1.38809    -1.12654    2.39897e-15    0.0215472
1.38809    -1.12654    4.58706e-15    0.0215472
1.38809    -1.12654    7.27727e-15    0.0215472
1.38809    -1.12654    1.03269e-14    0.0215472
1.38809    -1.12654    1.35931e-14    0.0215472
1.38809    -1.12654    1.6937e-14    0.0215472
1.38809    -1.12654    2.02277e-14    0.0215472
1.38809    -1.12654    2.33457e-14    0.0215472
1.38809    -1.12654    2.61855e-14    0.0215472
1.38809    -1.12654    2.86581e-14    0.0215472
1.38809    -1.12654    3.06924e-14    0.0215472
1.38809    -1.12654    3.2236e-14    0.0215472
1.38809    -1.12654    3.32558e-14    0.0215472
1.38809    -1.12654    3.37373e-14    0.0215472
1.38809    -1.12654    3.3684e-14    0.0215472
1.38809    -1.12654    3.31158e-14    0.0215472
1.38809    -1.12654    3.20678e-14    0.0215472
1.38809    -1.12654    3.05874e-14    0.0215472
1.38809    -1.12654    2.87326e-14    0.0215472
1.38809    -1.12654    2.65695e-14    0.0215472
1.38809    -1.12654    2.41693e-14    0.0215472
1.38809    -1.12654    2.16062e-14    0.0215472
1.38809    -1.12654    1.89548e-14    0.0215472
1.38809    -1.12654    1.62877e-14    0.0215472
1.38809    -1.12654    1.36735e-14    0.0215472
1.38809    -1.12654    1.11752e-14    0.0215472
1.38809    -1.12654    8.84817e-15    0.0215472
1.38809    -1.12654    6.73946e-15    0.0215472
1.38809    -1.12654    4.88667e-15    0.0215472
1.38809    -1.12654    3.31748e-15    0.0215472
1.38809    -1.12654    2.04954e-15    0.0215472
1.38809    -1.12654    1.09051e-15    0.0215472
1.38809    -1.12654    4.38596e-16    0.0215472
1.38809    -1.12654    8.31441e-17    0.0215472
1.38809    -1.12654    5.60664e-18    0.0215472
1.38809    -1.12654    1.80607e-16    0.0215472
1.38809    -1.12654    5.77164e-16    0.0215472
1.38809    -1.12654    1.16e-15    0.0215472
1.38809    -1.12654    1.89088e-15    0.0215472
1.38809    -1.12654    2.72996e-15    0.0215472
1.38809    -1.12654    3.63713e-15    0.0215472
1.38809    -1.12654    4.57315e-15    0.0215472
1.38809    -1.12654    5.50085e-15    0.0215472
1.38809    -1.12654    6.38608e-15    0.0215472
1.38809    -1.12654    7.1985e-15    0.0215472
1.38809    -1.12654    7.91228e-15    0.0215472
1.38809    -1.12654    8.50651e-15    0.0215472
1.38809    -1.12654    8.96555e-15    0.0215472
1.38809    -1.12654    9.27909e-15    0.0215472
1.38809    -1.12654    9.44211e-15    0.0215472
1.38809    -1.12654    9.4547e-15    0.0215472
1.38809    -1.12654    9.32162e-15    0.0215472
1.38809    -1.12654    9.05193e-15    0.0215472
1.38809    -1.12654    8.65834e-15    0.0215472
1.38809    -1.12654    8.15664e-15    0.0215472
1.38809    -1.12654    7.56493e-15    0.0215472
1.38809    -1.12654    6.90299e-15    0.0215472
1.38809    -1.12654    6.19151e-15    0.0215472
1.38809    -1.12654    5.45142e-15    0.0215472
1.38809    -1.12654    4.70321e-15    0.0215472
1.38809    -1.12654    3.96639e-15    0.0215472
1.38809    -1.12654    3.2589e-15    0.0215472
1.38809    -1.12654    2.59671e-15    0.0215472
1.38809    -1.12654    1.99346e-15    0.0215472
1.38809    -1.12654    1.46019e-15    0.0215472
1.38809    -1.12654    1.00517e-15    0.0215472
1.38809    -1.12654    6.33879e-16    0.0215472
1.38809    -1.12654    3.48979e-16    0.0215472
1.38809    -1.12654    1.50441e-16    0.0215472
1.38809    -1.12654    3.57243e-17    0.0215472
1.38809    -1.12654    1.96877e-20    0.0215472
