1.89894    -1.0952    0.00617899    0.0340052
1.88316    -1.09677    0.00727534    0.0325223
1.86605    -1.09838    0.00839289    0.03226
1.84766    -1.1001    0.00952002    0.0318022
1.82808    -1.10189    0.0106418    0.0313376
1.80738    -1.10375    0.0117435    0.0308465
1.78563    -1.10566    0.0128105    0.0303334
1.76292    -1.1076    0.0138276    0.0298009
1.73932    -1.10956    0.0147801    0.0292517
1.71492    -1.11151    0.0156528    0.0286886
1.68982    -1.11343    0.0164306    0.0281143
1.66409    -1.11531    0.0170986    0.0275319
1.63785    -1.11711    0.017642    0.026944
1.6112    -1.11883    0.0180466    0.0263538
1.58424    -1.12042    0.0182992    0.025764
1.55709    -1.12188    0.0183877    0.0251775
1.52988    -1.12317    0.0183017    0.0245968
1.50273    -1.12428    0.0180334    0.0240247
1.47578    -1.12518    0.0175778    0.0234636
1.44917    -1.12586    0.0169337    0.0229159
1.42306    -1.12632    0.0161047    0.0223838
1.39759    -1.12653    0.0150996    0.0218697
1.37293    -1.1265    0.0139332    0.0213757
1.34924    -1.12624    0.0126271    0.0209044
1.32669    -1.12576    0.0112096    0.0204582
1.30545    -1.12509    0.00971582    0.0200396
1.28567    -1.12425    0.00818686    0.0196514
1.26751    -1.1233    0.00666859    0.0192961
1.25112    -1.12227    0.00520962    0.0189763
1.23664    -1.12122    0.00385873    0.018694
1.22417    -1.12022    0.00266181    0.0184511
1.21382    -1.1193    0.00165865    0.0182489
1.20564    -1.11852    0.000879805    0.0180883
1.19969    -1.11793    0.000344093    0.0179696
1.19597    -1.11754    5.69825e-05    0.0178925
1.19445    -1.11738    1.01445e-05    0.0178563
1.19509    -1.11745    0.000182288    0.01786
1.1978    -1.11773    0.000541157    0.0179017
1.20247    -1.11821    0.00104643    0.0179796
1.20896    -1.11884    0.00165312    0.0180912
1.21712    -1.1196    0.00231509    0.018234
1.22678    -1.12044    0.00298827    0.0184051
1.23775    -1.12131    0.00363322    0.0186017
1.24984    -1.12218    0.00421704    0.0188205
1.26288    -1.12302    0.00471438    0.0190588
1.27665    -1.1238    0.0051078    0.0193132
1.291    -1.1245    0.00538743    0.019581
1.30573    -1.1251    0.00555021    0.019859
1.32068    -1.12559    0.00559892    0.0201444
1.33569    -1.12598    0.00554093    0.0204343
1.35063    -1.12626    0.00538711    0.020726
1.36536    -1.12644    0.00515061    0.0210168
1.37976    -1.12653    0.00484595    0.0213042
1.39373    -1.12654    0.00448817    0.0215858
1.40718    -1.12648    0.00409211    0.0218595
1.42001    -1.12635    0.00367195    0.0221231
1.43218    -1.12618    0.00324079    0.022375
1.4436    -1.12598    0.0028104    0.0226135
1.45424    -1.12575    0.00239109    0.0228373
1.46405    -1.12551    0.00199162    0.0230451
1.47301    -1.12526    0.0016192    0.0232361
1.48108    -1.12502    0.00127953    0.0234094
1.48826    -1.12479    0.000976849    0.0235645
1.49453    -1.12457    0.000714089    0.0237009
1.4999    -1.12438    0.000492942    0.0238183
1.50435    -1.12422    0.000314    0.0239168
1.50791    -1.12408    0.000176874    0.0239963
1.51058    -1.12398    8.032e-05    0.0240569
1.51237    -1.12391    2.23567e-05    0.024099
1.51332    -1.12387    3.7975e-07    0.0241229
1.51345    -1.12386    1.127e-05    0.0241292
1.51277    -1.12389    5.14958e-05    0.0241185
1.51133    -1.12395    0.000117208    0.0240913
1.50916    -1.12403    0.00020433    0.0240486
1.50629    -1.12414    0.000308639    0.023991
1.50277    -1.12428    0.000425848    0.0239195
1.49863    -1.12443    0.000551679    0.023835
1.49391    -1.1246    0.00068193    0.0237385
1.48867    -1.12477    0.000812544    0.023631
1.48295    -1.12496    0.00093967    0.0235136
1.4768    -1.12515    0.00105973    0.0233873
1.47027    -1.12534    0.00116945    0.0232533
1.4634    -1.12553    0.00126596    0.0231128
1.45626    -1.1257    0.00134678    0.0229667
1.4489    -1.12587    0.00140991    0.0228164
1.44136    -1.12602    0.00145386    0.0226628
1.43371    -1.12616    0.00147763    0.0225072
1.426    -1.12628    0.00148081    0.0223506
1.41827    -1.12637    0.00146351    0.0221942
1.4106    -1.12645    0.0014264    0.0220389
1.40302    -1.1265    0.00137067    0.0218859
1.39559    -1.12653    0.00129803    0.0217362
1.38836    -1.12654    0.00121062    0.0215907
1.38138    -1.12654    0.00111099    0.0214504
1.37469    -1.12651    0.00100197    0.021316
1.36834    -1.12647    0.000886659    0.0211885
1.36236    -1.12641    0.000768244    0.0210686
1.3568    -1.12635    0.00064995    0.0209569
1.35168    -1.12628    0.000534913    0.020854
1.34704    -1.1262    0.00042607    0.0207605
1.3429    -1.12613    0.000326064    0.0206769
1.33927    -1.12605    0.000237153    0.0206034
1.33618    -1.12599    0.000161136    0.0205403
1.33364    -1.12593    9.92997e-05    0.0204879
1.33164    -1.12588    5.23878e-05    0.0204461
1.33018    -1.12585    2.05913e-05    0.020415
1.32927    -1.12583    3.56619e-06    0.0203944
1.32889    -1.12582    4.7206e-07    0.0203843
1.32903    -1.12582    1.00309e-05    0.0203842
1.32967    -1.12584    3.06025e-05    0.0203939
1.33078    -1.12586    6.02708e-05    0.0204129
1.33234    -1.1259    9.69375e-05    0.0204408
1.33431    -1.12595    0.000138417    0.020477
1.33667    -1.126    0.000182527    0.0205209
1.33938    -1.12606    0.000227175    0.0205718
1.34241    -1.12612    0.000270428    0.0206291
1.34571    -1.12618    0.000310573    0.0206921
1.34925    -1.12624    0.000346165    0.0207601
1.35298    -1.1263    0.00037605    0.0208322
1.35687    -1.12635    0.000399386    0.0209078
1.36088    -1.1264    0.00041564    0.0209861
1.36497    -1.12644    0.000424579    0.0210664
1.36911    -1.12647    0.000426243    0.0211478
1.37325    -1.1265    0.000420924    0.0212299
1.37737    -1.12652    0.000409125    0.0213117
1.38143    -1.12654    0.00039152    0.0213928
1.3854    -1.12654    0.000368919    0.0214724
1.38925    -1.12654    0.000342226    0.02155
1.39296    -1.12654    0.000312397    0.021625
1.39651    -1.12653    0.000280409    0.021697
1.39987    -1.12652    0.000247224    0.0217655
1.40303    -1.1265    0.000213763    0.02183
1.40596    -1.12648    0.000180883    0.0218903
1.40866    -1.12646    0.000149354    0.021946
1.41111    -1.12644    0.000119849    0.0219968
1.41331    -1.12642    9.29323e-05    0.0220425
1.41524    -1.12641    6.90509e-05    0.0220831
1.41691    -1.12639    4.85357e-05    0.0221182
1.41831    -1.12637    3.16009e-05    0.022148
1.41944    -1.12636    1.83482e-05    0.0221722
1.4203    -1.12635    8.77316e-06    0.0221911
1.42089    -1.12634    2.77402e-06    0.0222045
1.42123    -1.12634    1.61907e-07    0.0222126
1.42131    -1.12634    6.72311e-07    0.0222156
1.42114    -1.12634    3.97758e-06    0.0222135
1.42074    -1.12634    9.6999e-06    0.0222066
1.42012    -1.12635    1.74246e-05    0.022195
1.41928    -1.12636    2.67132e-05    0.0221791
1.41824    -1.12637    3.71164e-05    0.0221592
1.41702    -1.12639    4.81864e-05    0.0221353
1.41563    -1.1264    5.94882e-05    0.022108
1.41408    -1.12642    7.06103e-05    0.0220775
1.41239    -1.12643    8.1174e-05    0.0220442
1.41058    -1.12645    9.08413e-05    0.0220083
1.40867    -1.12646    9.93217e-05    0.0219702
1.40667    -1.12648    0.000106377    0.0219304
1.4046    -1.12649    0.000111826    0.0218891
1.40248    -1.12651    0.000115545    0.0218467
1.40032    -1.12652    0.000117468    0.0218035
1.39815    -1.12653    0.000117587    0.02176
1.39597    -1.12653    0.000115948    0.0217163
1.39381    -1.12654    0.000112647    0.021673
1.39168    -1.12654    0.000107826    0.0216302
1.3896    -1.12654    0.000101666    0.0215883
1.38757    -1.12654    9.43771e-05    0.0215476
1.38562    -1.12654    8.61948e-05    0.0215083
1.38376    -1.12654    7.73692e-05    0.0214708
1.382    -1.12654    6.81575e-05    0.0214351
1.38034    -1.12653    5.88153e-05    0.0214016
1.3788    -1.12653    4.95893e-05    0.0213703
1.37739    -1.12652    4.07096e-05    0.0213416
1.37611    -1.12652    3.23838e-05    0.0213155
1.37496    -1.12651    2.47911e-05    0.0212921
1.37397    -1.12651    1.80788e-05    0.0212715
1.37311    -1.1265    1.23588e-05    0.0212538
1.37241    -1.1265    7.70651e-06    0.021239
1.37185    -1.12649    4.16e-06    0.0212272
1.37144    -1.12649    1.72135e-06    0.0212183
1.37118    -1.12649    3.58622e-07    0.0212123
1.37106    -1.12649    8.93928e-09    0.0212092
1.37108    -1.12649    5.8251e-07    0.0212088
1.37123    -1.12649    1.96724e-06    0.0212111
1.37151    -1.12649    4.03383e-06    0.021216
1.37191    -1.12649    6.64111e-06    0.0212234
1.37243    -1.1265    9.64143e-06    0.021233
1.37305    -1.1265    1.28859e-05    0.0212448
1.37377    -1.1265    1.62292e-05    0.0212585
1.37458    -1.12651    1.95343e-05    0.0212741
1.37547    -1.12651    2.26757e-05    0.0212913
1.37642    -1.12652    2.55433e-05    0.0213099
1.37744    -1.12652    2.80444e-05    0.0213297
1.3785    -1.12653    3.01051e-05    0.0213506
1.3796    -1.12653    3.16719e-05    0.0213723
1.38073    -1.12653    3.27113e-05    0.0213946
1.38188    -1.12654    3.32092e-05    0.0214173
1.38304    -1.12654    3.31705e-05    0.0214403
1.38419    -1.12654    3.26167e-05    0.0214633
1.38534    -1.12654    3.15845e-05    0.0214862
1.38647    -1.12654    3.0123e-05    0.0215088
1.38757    -1.12654    2.82916e-05    0.0215309
1.38864    -1.12654    2.61571e-05    0.0215524
1.38966    -1.12654    2.37911e-05    0.0215732
1.39064    -1.12654    2.12675e-05    0.021593
1.39157    -1.12654    1.86601e-05    0.0216118
1.39243    -1.12654    1.60403e-05    0.0216294
1.39324    -1.12654    1.34748e-05    0.0216459
1.39397    -1.12654    1.10247e-05    0.021661
1.39464    -1.12654    8.74345e-06    0.0216747
1.39523    -1.12653    6.67598e-06    0.021687
1.39575    -1.12653    4.85809e-06    0.0216977
1.39619    -1.12653    3.31599e-06    0.021707
1.39656    -1.12653    2.06625e-06    0.0217147
1.39685    -1.12653    1.11595e-06    0.0217209
1.39706    -1.12653    4.63188e-07    0.0217256
1.3972    -1.12653    9.77579e-08    0.0217287
1.39726    -1.12653    2.01459e-09    0.0217304
1.39725    -1.12653    1.51902e-07    0.0217306
1.39717    -1.12653    5.18086e-07    0.0217294
1.39703    -1.12653    1.06716e-06    0.0217268
1.39682    -1.12653    1.76288e-06    0.021723
1.39655    -1.12653    2.56739e-06    0.021718
1.39623    -1.12653    3.44246e-06    0.0217118
1.39586    -1.12653    4.35054e-06    0.0217046
1.39544    -1.12653    5.25586e-06    0.0216965
1.39498    -1.12654    6.12532e-06    0.0216875
1.39448    -1.12654    6.92929e-06    0.0216777
1.39396    -1.12654    7.6422e-06    0.0216673
1.3934    -1.12654    8.24308e-06    0.0216563
1.39283    -1.12654    8.71581e-06    0.0216449
1.39223    -1.12654    9.04934e-06    0.0216331
1.39163    -1.12654    9.23763e-06    0.0216211
1.39102    -1.12654    9.27955e-06    0.021609
1.39041    -1.12654    9.17856e-06    0.0215967
1.3898    -1.12654    8.94236e-06    0.0215846
1.3892    -1.12654    8.58233e-06    0.0215725
1.38861    -1.12654    8.113e-06    0.0215607
1.38804    -1.12654    7.5514e-06    0.0215492
1.38749    -1.12654    6.91637e-06    0.0215381
1.38696    -1.12654    6.22789e-06    0.0215275
1.38646    -1.12654    5.5064e-06    0.0215173
1.38599    -1.12654    4.77215e-06    0.0215078
1.38555    -1.12654    4.04458e-06    0.0214989
1.38515    -1.12654    3.34179e-06    0.0214906
1.38478    -1.12654    2.68007e-06    0.0214831
1.38445    -1.12654    2.0735e-06    0.0214764
1.38416    -1.12654    1.53367e-06    0.0214704
1.38391    -1.12654    1.06947e-06    0.0214652
1.38371    -1.12654    6.87022e-07    0.0214609
1.38354    -1.12654    3.89616e-07    0.0214574
1.38342    -1.12654    1.77834e-07    0.0214546
1.38333    -1.12654    4.96883e-08    0.0214527
1.38329    -1.12654    8.54751e-10    0.0214516
1.38328    -1.12654    2.49563e-08    0.0214513
1.38331    -1.12654    1.13896e-07    0.0214517
1.38338    -1.12654    2.58217e-07    0.0214529
1.38348    -1.12654    4.4749e-07    0.0214548
1.38362    -1.12654    6.7069e-07    0.0214573
1.38378    -1.12654    9.16583e-07    0.0214604
1.38397    -1.12654    1.17408e-06    0.0214641
1.38419    -1.12654    1.43256e-06    0.0214683
1.38443    -1.12654    1.68219e-06    0.0214729
1.38469    -1.12654    1.91413e-06    0.021478
1.38497    -1.12654    2.12077e-06    0.0214834
1.38526    -1.12654    2.29585e-06    0.0214892
1.38556    -1.12654    2.43457e-06    0.0214952
1.38588    -1.12654    2.53365e-06    0.0215014
1.3862    -1.12654    2.59127e-06    0.0215077
1.38652    -1.12654    2.60709e-06    0.0215142
1.38684    -1.12654    2.58207e-06    0.0215206
1.38717    -1.12654    2.51845e-06    0.0215271
1.38748    -1.12654    2.41949e-06    0.0215334
1.3878    -1.12654    2.28936e-06    0.0215397
1.3881    -1.12654    2.13294e-06    0.0215458
1.38839    -1.12654    1.95558e-06    0.0215517
1.38867    -1.12654    1.76297e-06    0.0215574
1.38894    -1.12654    1.56088e-06    0.0215628
1.38919    -1.12654    1.355e-06    0.0215679
1.38942    -1.12654    1.1508e-06    0.0215726
1.38964    -1.12654    9.53336e-07    0.021577
1.38984    -1.12654    7.67148e-07    0.0215811
1.39001    -1.12654    5.96161e-07    0.0215847
1.39017    -1.12654    4.43599e-07    0.0215879
1.3903    -1.12654    3.11943e-07    0.0215907
1.39041    -1.12654    2.02903e-07    0.021593
1.3905    -1.12654    1.17419e-07    0.0215949
1.39057    -1.12654    5.56893e-08    0.0215964
1.39062    -1.12654    1.72104e-08    0.0215975
1.39065    -1.12654    8.4147e-10    0.0215981
1.39065    -1.12654    4.88103e-09    0.0215984
1.39064    -1.12654    2.71551e-08    0.0215982
1.3906    -1.12654    6.51135e-08    0.0215976
1.39055    -1.12654    1.15931e-07    0.0215967
1.39048    -1.12654    1.76611e-07    0.0215954
1.3904    -1.12654    2.44082e-07    0.0215938
1.3903    -1.12654    3.15299e-07    0.0215919
1.39019    -1.12654    3.87328e-07    0.0215897
1.39006    -1.12654    4.57427e-07    0.0215873
1.38993    -1.12654    5.23116e-07    0.0215846
1.38978    -1.12654    5.82229e-07    0.0215818
1.38963    -1.12654    6.32962e-07    0.0215788
1.38947    -1.12654    6.739e-07    0.0215756
1.38931    -1.12654    7.04032e-07    0.0215724
1.38914    -1.12654    7.22754e-07    0.021569
1.38897    -1.12654    7.29863e-07    0.0215656
1.38879    -1.12654    7.25532e-07    0.0215622
1.38862    -1.12654    7.10279e-07    0.0215588
1.38845    -1.12654    6.84933e-07    0.0215554
1.38829    -1.12654    6.50581e-07    0.0215521
1.38813    -1.12654    6.08522e-07    0.0215488
1.38797    -1.12654    5.60215e-07    0.0215456
1.38782    -1.12654    5.07219e-07    0.0215426
1.38768    -1.12654    4.51141e-07    0.0215397
1.38754    -1.12654    3.93585e-07    0.021537
1.38742    -1.12654    3.36103e-07    0.0215344
1.3873    -1.12654    2.80149e-07    0.0215321
1.38719    -1.12654    2.27044e-07    0.0215299
1.3871    -1.12654    1.77943e-07    0.0215279
1.38701    -1.12654    1.3381e-07    0.0215262
1.38694    -1.12654    9.54039e-08    0.0215246
1.38688    -1.12654    6.32658e-08    0.0215233
1.38683    -1.12654    3.77189e-08    0.0215223
1.38679    -1.12654    1.88724e-08    0.0215214
1.38676    -1.12654    6.63257e-09    0.0215208
1.38674    -1.12654    7.18563e-10    0.0215204
1.38674    -1.12654    6.83761e-10    0.0215203
1.38674    -1.12654    5.94012e-09    0.0215203
1.38676    -1.12654    1.57854e-08    0.0215206
1.38679    -1.12654    2.94322e-08    0.021521
1.38682    -1.12654    4.60372e-08    0.0215217
1.38686    -1.12654    6.47305e-08    0.0215225
1.38691    -1.12654    8.46438e-08    0.0215235
1.38697    -1.12654    1.04936e-07    0.0215246
1.38704    -1.12654    1.24819e-07    0.0215258
1.38711    -1.12654    1.43572e-07    0.0215272
1.38718    -1.12654    1.60568e-07    0.0215287
1.38726    -1.12654    1.75275e-07    0.0215303
1.38735    -1.12654    1.87277e-07    0.021532
1.38744    -1.12654    1.96268e-07    0.0215337
1.38752    -1.12654    2.02063e-07    0.0215354
1.38761    -1.12654    2.04586e-07    0.0215372
1.38771    -1.12654    2.03874e-07    0.021539
1.3878    -1.12654    2.00059e-07    0.0215409
1.38789    -1.12654    1.93365e-07    0.0215427
1.38797    -1.12654    1.8409e-07    0.0215444
1.38806    -1.12654    1.72593e-07    0.0215462
1.38814    -1.12654    1.5928e-07    0.0215478
1.38822    -1.12654    1.44586e-07    0.0215495
1.3883    -1.12654    1.28962e-07    0.021551
1.38837    -1.12654    1.1286e-07    0.0215525
1.38844    -1.12654    9.67182e-08    0.0215538
1.3885    -1.12654    8.09473e-08    0.0215551
1.38856    -1.12654    6.59232e-08    0.0215563
1.38861    -1.12654    5.19755e-08    0.0215573
1.38866    -1.12654    3.93816e-08    0.0215583
1.3887    -1.12654    2.83615e-08    0.0215591
1.38873    -1.12654    1.90749e-08    0.0215598
1.38876    -1.12654    1.16208e-08    0.0215604
1.38878    -1.12654    6.03823e-09    0.0215609
1.38879    -1.12654    2.30922e-09    0.0215612
1.3888    -1.12654    3.63182e-10    0.0215614
1.38881    -1.12654    8.25291e-11    0.0215615
1.38881    -1.12654    1.30932e-09    0.0215615
1.3888    -1.12654    3.85273e-09    0.0215614
1.38879    -1.12654    7.49694e-09    0.0215612
1.38877    -1.12654    1.20093e-08    0.0215609
1.38875    -1.12654    1.71484e-08    0.0215605
1.38872    -1.12654    2.2672e-08    0.0215599
1.38869    -1.12654    2.83441e-08    0.0215594
1.38866    -1.12654    3.39417e-08    0.0215587
1.38862    -1.12654    3.92607e-08    0.021558
1.38858    -1.12654    4.41205e-08    0.0215572
1.38854    -1.12654    4.8368e-08    0.0215564
1.38849    -1.12654    5.18802e-08    0.0215555
1.38845    -1.12654    5.4566e-08    0.0215546
1.3884    -1.12654    5.63663e-08    0.0215537
1.38835    -1.12654    5.72543e-08    0.0215527
1.38831    -1.12654    5.72333e-08    0.0215518
1.38826    -1.12654    5.63352e-08    0.0215508
1.38821    -1.12654    5.46171e-08    0.0215499
1.38816    -1.12654    5.21581e-08    0.0215489
1.38812    -1.12654    4.90553e-08    0.021548
1.38807    -1.12654    4.54197e-08    0.0215471
1.38803    -1.12654    4.13716e-08    0.0215462
1.38799    -1.12654    3.70368e-08    0.0215454
1.38795    -1.12654    3.25418e-08    0.0215446
1.38791    -1.12654    2.80105e-08    0.0215439
1.38788    -1.12654    2.35601e-08    0.0215432
1.38785    -1.12654    1.92982e-08    0.0215426
1.38782    -1.12654    1.53203e-08    0.021542
1.3878    -1.12654    1.17074e-08    0.0215415
1.38778    -1.12654    8.52485e-09    0.021541
1.38776    -1.12654    5.82097e-09    0.0215407
1.38774    -1.12654    3.62714e-09    0.0215403
1.38773    -1.12654    1.95777e-09    0.0215401
1.38772    -1.12654    8.11015e-10    0.0215399
1.38771    -1.12654    1.69907e-10    0.0215398
1.38771    -1.12654    3.90354e-12    0.0215397
1.38771    -1.12654    2.70688e-10    0.0215397
1.38772    -1.12654    9.18242e-10    0.0215397
1.38772    -1.12654    1.88705e-09    0.0215398
1.38773    -1.12654    3.11242e-09    0.02154
1.38774    -1.12654    4.52673e-09    0.0215402
1.38776    -1.12654    6.06171e-09    0.0215405
1.38777    -1.12654    7.65051e-09    0.0215408
1.38779    -1.12654    9.22959e-09    0.0215411
1.38781    -1.12654    1.07405e-08    0.0215415
1.38783    -1.12654    1.21311e-08    0.0215419
1.38785    -1.12654    1.33569e-08    0.0215423
1.38787    -1.12654    1.43818e-08    0.0215428
1.3879    -1.12654    1.51785e-08    0.0215433
1.38792    -1.12654    1.5729e-08    0.0215437
1.38795    -1.12654    1.60241e-08    0.0215442
1.38797    -1.12654    1.60632e-08    0.0215448
1.388    -1.12654    1.58541e-08    0.0215453
1.38802    -1.12654    1.54116e-08    0.0215458
1.38805    -1.12654    1.4757e-08    0.0215463
1.38807    -1.12654    1.39168e-08    0.0215468
1.3881    -1.12654    1.29215e-08    0.0215472
1.38812    -1.12654    1.18045e-08    0.0215477
1.38814    -1.12654    1.06009e-08    0.0215481
1.38816    -1.12654    9.34628e-09    0.0215485
1.38818    -1.12654    8.07555e-09    0.0215489
1.3882    -1.12654    6.82195e-09    0.0215493
1.38822    -1.12654    5.61616e-09    0.0215496
1.38823    -1.12654    4.48555e-09    0.02155
1.38824    -1.12654    3.45353e-09    0.0215502
1.38826    -1.12654    2.53918e-09    0.0215505
1.38827    -1.12654    1.75687e-09    0.0215507
1.38828    -1.12654    1.11621e-09    0.0215509
1.38828    -1.12654    6.22053e-10    0.021551
1.38829    -1.12654    2.74655e-10    0.0215511
1.38829    -1.12654    6.99878e-11    0.0215512
1.38829    -1.12654    1.42947e-13    0.0215512
1.38829    -1.12654    5.38273e-11    0.0215512
1.38829    -1.12654    2.1693e-10    0.0215512
1.38829    -1.12654    4.73133e-10    0.0215512
1.38828    -1.12654    8.04553e-10    0.0215511
1.38828    -1.12654    1.19238e-09    0.021551
1.38827    -1.12654    1.6175e-09    0.0215509
1.38826    -1.12654    2.06109e-09    0.0215507
1.38825    -1.12654    2.50519e-09    0.0215505
1.38824    -1.12654    2.93311e-09    0.0215503
1.38823    -1.12654    3.32995e-09    0.0215501
1.38822    -1.12654    3.68282e-09    0.0215499
1.38821    -1.12654    3.98115e-09    0.0215496
1.3882    -1.12654    4.21686e-09    0.0215494
1.38818    -1.12654    4.38436e-09    0.0215491
1.38817    -1.12654    4.48062e-09    0.0215489
1.38816    -1.12654    4.50507e-09    0.0215486
1.38814    -1.12654    4.45942e-09    0.0215483
1.38813    -1.12654    4.34745e-09    0.0215481
1.38812    -1.12654    4.1748e-09    0.0215478
1.3881    -1.12654    3.94862e-09    0.0215475
1.38809    -1.12654    3.67728e-09    0.0215473
1.38808    -1.12654    3.37e-09    0.021547
1.38807    -1.12654    3.03656e-09    0.0215468
1.38806    -1.12654    2.6869e-09    0.0215466
1.38805    -1.12654    2.33089e-09    0.0215464
1.38804    -1.12654    1.97793e-09    0.0215462
1.38803    -1.12654    1.63679e-09    0.021546
1.38802    -1.12654    1.31534e-09    0.0215458
1.38801    -1.12654    1.02036e-09    0.0215457
1.388    -1.12654    7.57447e-10    0.0215455
1.388    -1.12654    5.3089e-10    0.0215454
1.38799    -1.12654    3.43639e-10    0.0215453
1.38799    -1.12654    1.97308e-10    0.0215453
1.38799    -1.12654    9.22107e-11    0.0215452
1.38799    -1.12654    2.74379e-11    0.0215452
1.38799    -1.12654    9.68215e-13    0.0215451
1.38799    -1.12654    9.80193e-12    0.0215451
1.38799    -1.12654    5.01168e-11    0.0215451
1.38799    -1.12654    1.17438e-10    0.0215452
1.38799    -1.12654    2.06817e-10    0.0215452
1.38799    -1.12654    3.13012e-10    0.0215452
1.388    -1.12654    4.30662e-10    0.0215453
1.388    -1.12654    5.54461e-10    0.0215454
1.388    -1.12654    6.79311e-10    0.0215455
1.38801    -1.12654    8.00459e-10    0.0215456
1.38802    -1.12654    9.13619e-10    0.0215457
1.38802    -1.12654    1.01507e-09    0.0215458
1.38803    -1.12654    1.10172e-09    0.0215459
1.38803    -1.12654    1.17117e-09    0.0215461
1.38804    -1.12654    1.22173e-09    0.0215462
1.38805    -1.12654    1.25242e-09    0.0215463
1.38806    -1.12654    1.26296e-09    0.0215465
1.38806    -1.12654    1.2537e-09    0.0215466
1.38807    -1.12654    1.22562e-09    0.0215468
1.38808    -1.12654    1.1802e-09    0.0215469
1.38808    -1.12654    1.11938e-09    0.0215471
1.38809    -1.12654    1.04545e-09    0.0215472
1.3881    -1.12654    9.60968e-10    0.0215473
1.3881    -1.12654    8.6864e-10    0.0215474
1.38811    -1.12654    7.71261e-10    0.0215476
1.38811    -1.12654    6.716e-10    0.0215477
1.38812    -1.12654    5.72328e-10    0.0215478
1.38812    -1.12654    4.75937e-10    0.0215479
1.38813    -1.12654    3.84682e-10    0.021548
1.38813    -1.12654    3.00524e-10    0.0215481
1.38814    -1.12654    2.25092e-10    0.0215481
1.38814    -1.12654    1.59655e-10    0.0215482
1.38814    -1.12654    1.0511e-10    0.0215482
1.38814    -1.12654    6.19767e-11    0.0215483
1.38815    -1.12654    3.04072e-11    0.0215483
1.38815    -1.12654    1.0208e-11    0.0215483
1.38815    -1.12654    8.67149e-13    0.0215484
1.38815    -1.12654    1.59152e-12    0.0215484
1.38815    -1.12654    1.13492e-11    0.0215484
1.38815    -1.12654    2.89167e-11    0.0215483
1.38815    -1.12654    5.29283e-11    0.0215483
1.38814    -1.12654    8.19269e-11    0.0215483
1.38814    -1.12654    1.14414e-10    0.0215483
1.38814    -1.12654    1.48896e-10    0.0215482
1.38814    -1.12654    1.83931e-10    0.0215482
1.38814    -1.12654    2.18168e-10    0.0215481
1.38813    -1.12654    2.50379e-10    0.0215481
1.38813    -1.12654    2.7949e-10    0.021548
1.38813    -1.12654    3.04602e-10    0.0215479
1.38812    -1.12654    3.25005e-10    0.0215479
1.38812    -1.12654    3.40187e-10    0.0215478
1.38811    -1.12654    3.49839e-10    0.0215477
1.38811    -1.12654    3.53842e-10    0.0215477
1.38811    -1.12654    3.52268e-10    0.0215476
1.3881    -1.12654    3.45356e-10    0.0215475
1.3881    -1.12654    3.33498e-10    0.0215474
1.3881    -1.12654    3.17213e-10    0.0215474
1.38809    -1.12654    2.97128e-10    0.0215473
1.38809    -1.12654    2.73946e-10    0.0215472
1.38809    -1.12654    2.48422e-10    0.0215471
1.38808    -1.12654    2.21334e-10    0.0215471
1.38808    -1.12654    1.93464e-10    0.021547
1.38808    -1.12654    1.65565e-10    0.021547
1.38807    -1.12654    1.38348e-10    0.0215469
1.38807    -1.12654    1.12457e-10    0.0215469
1.38807    -1.12654    8.84601e-11    0.0215468
1.38807    -1.12654    6.68307e-11    0.0215468
1.38807    -1.12654    4.79443e-11    0.0215467
1.38806    -1.12654    3.2072e-11    0.0215467
1.38806    -1.12654    1.9379e-11    0.0215467
1.38806    -1.12654    9.92718e-12    0.0215467
1.38806    -1.12654    3.67976e-12    0.0215467
1.38806    -1.12654    5.09206e-13    0.0215466
1.38806    -1.12654    2.07011e-13    0.0215466
1.38806    -1.12654    2.49541e-12    0.0215466
1.38806    -1.12654    7.04035e-12    0.0215467
1.38806    -1.12654    1.34653e-11    0.0215467
1.38806    -1.12654    2.13655e-11    0.0215467
1.38806    -1.12654    3.03219e-11    0.0215467
1.38807    -1.12654    3.99146e-11    0.0215467
1.38807    -1.12654    4.97359e-11    0.0215467
1.38807    -1.12654    5.94012e-11    0.0215468
1.38807    -1.12654    6.85593e-11    0.0215468
1.38807    -1.12654    7.69008e-11    0.0215468
1.38807    -1.12654    8.41639e-11    0.0215469
1.38807    -1.12654    9.01397e-11    0.0215469
1.38808    -1.12654    9.46746e-11    0.0215469
1.38808    -1.12654    9.76709e-11    0.021547
1.38808    -1.12654    9.90861e-11    0.021547
1.38808    -1.12654    9.89304e-11    0.0215471
1.38808    -1.12654    9.72627e-11    0.0215471
1.38809    -1.12654    9.41854e-11    0.0215471
1.38809    -1.12654    8.98381e-11    0.0215472
1.38809    -1.12654    8.43913e-11    0.0215472
1.38809    -1.12654    7.80386e-11    0.0215472
1.38809    -1.12654    7.09896e-11    0.0215473
1.3881    -1.12654    6.3462e-11    0.0215473
1.3881    -1.12654    5.56749e-11    0.0215473
1.3881    -1.12654    4.78416e-11    0.0215474
1.3881    -1.12654    4.01637e-11    0.0215474
1.3881    -1.12654    3.28259e-11    0.0215474
1.3881    -1.12654    2.59912e-11    0.0215475
1.3881    -1.12654    1.97975e-11    0.0215475
1.3881    -1.12654    1.43554e-11    0.0215475
1.38811    -1.12654    9.74622e-12    0.0215475
1.38811    -1.12654    6.0217e-12    0.0215475
1.38811    -1.12654    3.20447e-12    0.0215475
1.38811    -1.12654    1.2892e-12    0.0215475
1.38811    -1.12654    2.44649e-13    0.0215476
1.38811    -1.12654    1.63499e-14    0.0215476
1.38811    -1.12654    5.2979e-13    0.0215476
1.38811    -1.12654    1.69399e-12    0.0215476
1.38811    -1.12654    3.40535e-12    0.0215475
1.38811    -1.12654    5.55159e-12    0.0215475
1.38811    -1.12654    8.01573e-12    0.0215475
1.38811    -1.12654    1.06799e-11    0.0215475
1.3881    -1.12654    1.34289e-11    0.0215475
1.3881    -1.12654    1.61536e-11    0.0215475
1.3881    -1.12654    1.87536e-11    0.0215475
1.3881    -1.12654    2.11398e-11    0.0215475
1.3881    -1.12654    2.32365e-11    0.0215474
1.3881    -1.12654    2.4982e-11    0.0215474
1.3881    -1.12654    2.63306e-11    0.0215474
1.3881    -1.12654    2.72518e-11    0.0215474
1.3881    -1.12654    2.7731e-11    0.0215474
1.3881    -1.12654    2.77684e-11    0.0215473
1.3881    -1.12654    2.7378e-11    0.0215473
1.38809    -1.12654    2.65863e-11    0.0215473
1.38809    -1.12654    2.54307e-11    0.0215473
1.38809    -1.12654    2.39574e-11    0.0215473
1.38809    -1.12654    2.22199e-11    0.0215472
1.38809    -1.12654    2.02759e-11    0.0215472
1.38809    -1.12654    1.81864e-11    0.0215472
1.38809    -1.12654    1.60128e-11    0.0215472
1.38809    -1.12654    1.38154e-11    0.0215472
1.38809    -1.12654    1.16513e-11    0.0215472
1.38809    -1.12654    9.57328e-12    0.0215471
1.38809    -1.12654    7.62829e-12    0.0215471
1.38808    -1.12654    5.85636e-12    0.0215471
1.38808    -1.12654    4.28992e-12    0.0215471
1.38808    -1.12654    2.95331e-12    0.0215471
1.38808    -1.12654    1.86259e-12    0.0215471
1.38808    -1.12654    1.0256e-12    0.0215471
1.38808    -1.12654    4.42263e-13    0.0215471
1.38808    -1.12654    1.0512e-13    0.0215471
1.38808    -1.12654    5.34368e-17    0.0215471
1.38808    -1.12654    1.07148e-13    0.0215471
1.38808    -1.12654    4.01681e-13    0.0215471
1.38808    -1.12654    8.55187e-13    0.0215471
1.38808    -1.12654    1.43656e-12    0.0215471
1.38808    -1.12654    2.11318e-12    0.0215471
1.38808    -1.12654    2.85197e-12    0.0215471
1.38808    -1.12654    3.62043e-12    0.0215471
1.38808    -1.12654    4.38758e-12    0.0215471
1.38809    -1.12654    5.12479e-12    0.0215471
1.38809    -1.12654    5.80646e-12    0.0215471
1.38809    -1.12654    6.41059e-12    0.0215471
1.38809    -1.12654    6.9192e-12    0.0215471
1.38809    -1.12654    7.31858e-12    0.0215471
1.38809    -1.12654    7.59945e-12    0.0215472
1.38809    -1.12654    7.75686e-12    0.0215472
1.38809    -1.12654    7.79011e-12    0.0215472
1.38809    -1.12654    7.70245e-12    0.0215472
1.38809    -1.12654    7.5007e-12    0.0215472
1.38809    -1.12654    7.19481e-12    0.0215472
1.38809    -1.12654    6.79733e-12    0.0215472
1.38809    -1.12654    6.32286e-12    0.0215472
1.38809    -1.12654    5.78747e-12    0.0215472
1.38809    -1.12654    5.2081e-12    0.0215473
1.38809    -1.12654    4.60197e-12    0.0215473
1.38809    -1.12654    3.98607e-12    0.0215473
1.38809    -1.12654    3.37663e-12    0.0215473
1.38809    -1.12654    2.78871e-12    0.0215473
1.38809    -1.12654    2.23575e-12    0.0215473
1.38809    -1.12654    1.72938e-12    0.0215473
1.38809    -1.12654    1.27909e-12    0.0215473
1.3881    -1.12654    8.92115e-13    0.0215473
1.3881    -1.12654    5.73401e-13    0.0215473
1.3881    -1.12654    3.25563e-13    0.0215473
1.3881    -1.12654    1.48981e-13    0.0215473
1.3881    -1.12654    4.19359e-14    0.0215473
1.3881    -1.12654    7.98936e-16    0.0215473
1.3881    -1.12654    2.02699e-14    0.0215473
1.3881    -1.12654    9.36478e-14    0.0215473
1.3881    -1.12654    2.13126e-13    0.0215473
1.3881    -1.12654    3.70101e-13    0.0215473
1.3881    -1.12654    5.55485e-13    0.0215473
1.3881    -1.12654    7.60008e-13    0.0215473
1.3881    -1.12654    9.74514e-13    0.0215473
1.38809    -1.12654    1.19022e-12    0.0215473
1.38809    -1.12654    1.39897e-12    0.0215473
1.38809    -1.12654    1.59341e-12    0.0215473
1.38809    -1.12654    1.76718e-12    0.0215473
1.38809    -1.12654    1.91503e-12    0.0215473
1.38809    -1.12654    2.03288e-12    0.0215473
1.38809    -1.12654    2.11791e-12    0.0215473
1.38809    -1.12654    2.1685e-12    0.0215473
1.38809    -1.12654    2.18424e-12    0.0215473
1.38809    -1.12654    2.16585e-12    0.0215473
1.38809    -1.12654    2.11506e-12    0.0215473
1.38809    -1.12654    2.0345e-12    0.0215473
1.38809    -1.12654    1.92757e-12    0.0215472
1.38809    -1.12654    1.79826e-12    0.0215472
1.38809    -1.12654    1.65103e-12    0.0215472
1.38809    -1.12654    1.49057e-12    0.0215472
1.38809    -1.12654    1.32171e-12    0.0215472
1.38809    -1.12654    1.14925e-12    0.0215472
1.38809    -1.12654    9.77771e-13    0.0215472
1.38809    -1.12654    8.1157e-13    0.0215472
1.38809    -1.12654    6.54508e-13    0.0215472
1.38809    -1.12654    5.0994e-13    0.0215472
1.38809    -1.12654    3.80641e-13    0.0215472
1.38809    -1.12654    2.68763e-13    0.0215472
1.38809    -1.12654    1.75808e-13    0.0215472
1.38809    -1.12654    1.0263e-13    0.0215472
1.38809    -1.12654    4.94494e-14    0.0215472
1.38809    -1.12654    1.58903e-14    0.0215472
1.38809    -1.12654    1.03019e-15    0.0215472
1.38809    -1.12654    3.46512e-15    0.0215472
1.38809    -1.12654    2.13837e-14    0.0215472
1.38809    -1.12654    5.26489e-14    0.0215472
1.38809    -1.12654    9.48843e-14    0.0215472
1.38809    -1.12654    1.45561e-13    0.0215472
1.38809    -1.12654    2.02085e-13    0.0215472
1.38809    -1.12654    2.61877e-13    0.0215472
1.38809    -1.12654    3.22451e-13    0.0215472
1.38809    -1.12654    3.81483e-13    0.0215472
1.38809    -1.12654    4.36868e-13    0.0215472
1.38809    -1.12654    4.86768e-13    0.0215472
1.38809    -1.12654    5.29651e-13    0.0215472
1.38809    -1.12654    5.64313e-13    0.0215472
1.38809    -1.12654    5.89896e-13    0.0215472
1.38809    -1.12654    6.05885e-13    0.0215472
1.38809    -1.12654    6.12104e-13    0.0215472
1.38809    -1.12654    6.08696e-13    0.0215472
1.38809    -1.12654    5.96096e-13    0.0215472
1.38809    -1.12654    5.74999e-13    0.0215472
1.38809    -1.12654    5.4632e-13    0.0215472
1.38809    -1.12654    5.11152e-13    0.0215472
1.38809    -1.12654    4.7072e-13    0.0215472
1.38809    -1.12654    4.26333e-13    0.0215472
1.38809    -1.12654    3.79341e-13    0.0215472
1.38809    -1.12654    3.31092e-13    0.0215472
1.38809    -1.12654    2.82886e-13    0.0215473
1.38809    -1.12654    2.35944e-13    0.0215473
1.38809    -1.12654    1.91372e-13    0.0215473
1.38809    -1.12654    1.5014e-13    0.0215473
1.38809    -1.12654    1.13056e-13    0.0215473
1.38809    -1.12654    8.07556e-14    0.0215473
1.38809    -1.12654    5.3695e-14    0.0215473
1.38809    -1.12654    3.21466e-14    0.0215473
1.38809    -1.12654    1.62045e-14    0.0215473
1.38809    -1.12654    5.79343e-15    0.0215473
1.38809    -1.12654    6.81919e-16    0.0215473
1.38809    -1.12654    5.00041e-16    0.0215473
1.38809    -1.12654    4.75963e-15    0.0215473
1.38809    -1.12654    1.28769e-14    0.0215473
1.38809    -1.12654    2.41964e-14    0.0215473
1.38809    -1.12654    3.80154e-14    0.0215473
1.38809    -1.12654    5.36084e-14    0.0215473
1.38809    -1.12654    7.02502e-14    0.0215473
1.38809    -1.12654    8.72378e-14    0.0215473
1.38809    -1.12654    1.0391e-13    0.0215473
1.38809    -1.12654    1.19664e-13    0.0215473
1.38809    -1.12654    1.3397e-13    0.0215473
1.38809    -1.12654    1.46382e-13    0.0215473
1.38809    -1.12654    1.56546e-13    0.0215473
1.38809    -1.12654    1.64202e-13    0.0215473
1.38809    -1.12654    1.69189e-13    0.0215472
1.38809    -1.12654    1.7144e-13    0.0215472
1.38809    -1.12654    1.70979e-13    0.0215472
1.38809    -1.12654    1.67913e-13    0.0215472
1.38809    -1.12654    1.62425e-13    0.0215472
1.38809    -1.12654    1.54759e-13    0.0215472
1.38809    -1.12654    1.45215e-13    0.0215472
1.38809    -1.12654    1.3413e-13    0.0215472
1.38809    -1.12654    1.21866e-13    0.0215472
1.38809    -1.12654    1.08803e-13    0.0215472
1.38809    -1.12654    9.53169e-14    0.0215472
1.38809    -1.12654    8.17771e-14    0.0215472
1.38809    -1.12654    6.85301e-14    0.0215472
1.38809    -1.12654    5.58927e-14    0.0215472
1.38809    -1.12654    4.4144e-14    0.0215472
1.38809    -1.12654    3.35194e-14    0.0215472
1.38809    -1.12654    2.42064e-14    0.0215472
1.38809    -1.12654    1.63421e-14    0.0215472
1.38809    -1.12654    1.00123e-14    0.0215472
1.38809    -1.12654    5.25272e-15    0.0215472
1.38809    -1.12654    2.05064e-15    0.0215472
1.38809    -1.12654    3.4904e-16    0.0215472
1.38809    -1.12654    5.10348e-17    0.0215472
1.38809    -1.12654    1.02549e-15    0.0215472
1.38809    -1.12654    3.11325e-15    0.0215472
1.38809    -1.12654    6.13381e-15    0.0215472
1.38809    -1.12654    9.89218e-15    0.0215472
1.38809    -1.12654    1.41857e-14    0.0215472
1.38809    -1.12654    1.88106e-14    0.0215472
1.38809    -1.12654    2.35682e-14    0.0215472
1.38809    -1.12654    2.82708e-14    0.0215472
1.38809    -1.12654    3.27459e-14    0.0215472
1.38809    -1.12654    3.6841e-14    0.0215472
1.38809    -1.12654    4.04267e-14    0.0215472
1.38809    -1.12654    4.33986e-14    0.0215472
1.38809    -1.12654    4.56792e-14    0.0215472
1.38809    -1.12654    4.7218e-14    0.0215472
1.38809    -1.12654    4.79914e-14    0.0215472
1.38809    -1.12654    4.80016e-14    0.0215472
1.38809    -1.12654    4.72745e-14    0.0215472
1.38809    -1.12654    4.58575e-14    0.0215472
1.38809    -1.12654    4.38164e-14    0.0215472
1.38809    -1.12654    4.12323e-14    0.0215472
1.38809    -1.12654    3.81979e-14    0.0215472
1.38809    -1.12654    3.48142e-14    0.0215472
1.38809    -1.12654    3.11863e-14    0.0215472
1.38809    -1.12654    2.74206e-14    0.0215472
1.38809    -1.12654    2.3621e-14    0.0215472
1.38809    -1.12654    1.9886e-14    0.0215472
1.38809    -1.12654    1.63061e-14    0.0215472
1.38809    -1.12654    1.29616e-14    0.0215472
1.38809    -1.12654    9.92092e-15    0.0215472
1.38809    -1.12654    7.23917e-15    0.0215472
1.38809    -1.12654    4.95739e-15    0.0215472
1.38809    -1.12654    3.10233e-15    0.0215472
1.38809    -1.12654    1.68652e-15    0.0215472
1.38809    -1.12654    7.0889e-16    0.0215472
1.38809    -1.12654    1.5566e-16    0.0215472
1.38809    -1.12654    1.63744e-18    0.0215472
1.38809    -1.12654    2.11721e-16    0.0215472
1.38809    -1.12654    7.42625e-16    0.0215472
1.38809    -1.12654    1.54473e-15    0.0215472
