1.28664    -1.12429    0.0214526    0.0197427
1.31604    -1.12545    0.0208905    0.0200154
1.34504    -1.12617    0.0199714    0.0205433
1.3734    -1.1265    0.0187735    0.0211027
1.4009    -1.12651    0.0173719    0.0216575
1.42735    -1.12626    0.0158348    0.0222017
1.4526    -1.12579    0.0142226    0.0227298
1.47653    -1.12516    0.012587    0.0232375
1.49905    -1.12441    0.0109714    0.023721
1.52007    -1.12359    0.00941113    0.0241775
1.53954    -1.12273    0.00793391    0.0246043
1.55741    -1.12186    0.00656104    0.0249998
1.57367    -1.12101    0.00530793    0.0253623
1.58829    -1.12019    0.004185    0.0256908
1.60127    -1.11943    0.00319839    0.0259846
1.61262    -1.11874    0.00235064    0.0262432
1.62235    -1.11813    0.00164134    0.0264665
1.63048    -1.1176    0.00106762    0.0266545
1.63704    -1.11717    0.000624617    0.0268074
1.64205    -1.11683    0.000305902    0.0269258
1.64556    -1.1166    0.000103789    0.0270103
1.64761    -1.11646    9.63006e-06    0.0270617
1.64823    -1.11641    1.40422e-05    0.0270808
1.64748    -1.11647    0.000107107    0.0270687
1.6454    -1.11661    0.00027853    0.0270266
1.64205    -1.11683    0.000517771    0.0269558
1.63748    -1.11714    0.000814159    0.0268577
1.63176    -1.11752    0.00115698    0.0267336
1.62493    -1.11796    0.00153556    0.0265851
1.61707    -1.11846    0.00193934    0.0264139
1.60823    -1.11901    0.00235792    0.0262215
1.59849    -1.1196    0.00278118    0.0260098
1.5879    -1.12021    0.00319927    0.0257805
1.57655    -1.12085    0.00360274    0.0255354
1.56451    -1.1215    0.00398262    0.0252763
1.55184    -1.12214    0.00433048    0.0250053
1.53864    -1.12277    0.00463851    0.024724
1.52497    -1.12338    0.00489971    0.0244345
1.51092    -1.12396    0.00510791    0.0241387
1.49658    -1.1245    0.00525799    0.0238384
1.48203    -1.12499    0.00534592    0.0235355
1.46735    -1.12542    0.00536898    0.0232318
1.45265    -1.12579    0.00532584    0.0229293
1.438    -1.12609    0.00521669    0.0226296
1.42351    -1.12631    0.00504333    0.0223345
1.40926    -1.12646    0.00480927    0.0220458
1.39534    -1.12653    0.0045197    0.0217651
1.38185    -1.12654    0.00418149    0.021494
1.36887    -1.12647    0.00380307    0.0212342
1.3565    -1.12634    0.00339427    0.0209871
1.34481    -1.12616    0.00296604    0.0207543
1.33388    -1.12594    0.00253016    0.0205369
1.32378    -1.12568    0.00209875    0.0203364
1.31459    -1.1254    0.00168386    0.0201537
1.30635    -1.12512    0.00129698    0.0199899
1.29913    -1.12484    0.000948465    0.0198459
1.29295    -1.12458    0.000647117    0.0197221
1.28784    -1.12435    0.000399738    0.0196192
1.28383    -1.12416    0.000210824    0.0195372
1.28092    -1.12402    8.23715e-05    0.0194763
1.27909    -1.12393    1.38357e-05    0.0194363
1.27835    -1.12389    2.22893e-06    0.0194168
1.27865    -1.1239    4.23668e-05    0.0194173
1.27995    -1.12397    0.000127231    0.019437
1.28222    -1.12408    0.000248421    0.0194752
1.28538    -1.12424    0.000396658    0.0195307
1.28938    -1.12442    0.000562304    0.0196025
1.29414    -1.12463    0.000735851    0.0196892
1.29958    -1.12486    0.000908361    0.0197895
1.30563    -1.12509    0.00107183    0.019902
1.3122    -1.12532    0.00121944    0.0200253
1.3192    -1.12555    0.00134576    0.0201579
1.32657    -1.12576    0.0014468    0.0202982
1.3342    -1.12594    0.00152003    0.0204447
1.34202    -1.12611    0.00156428    0.020596
1.34996    -1.12625    0.00157964    0.0207505
1.35794    -1.12636    0.00156728    0.0209069
1.36588    -1.12645    0.00152928    0.0210636
1.37373    -1.1265    0.00146841    0.0212195
1.38142    -1.12654    0.00138795    0.0213732
1.3889    -1.12654    0.00129151    0.0215236
1.39611    -1.12653    0.00118284    0.0216695
1.40301    -1.1265    0.00106574    0.0218099
1.40956    -1.12646    0.000943849    0.021944
1.41573    -1.1264    0.000820632    0.0220708
1.42148    -1.12634    0.000699241    0.0221897
1.42678    -1.12627    0.000582483    0.0223
1.43163    -1.12619    0.000472774    0.0224013
1.43599    -1.12612    0.000372117    0.022493
1.43986    -1.12605    0.000282096    0.0225748
1.44323    -1.12599    0.000203876    0.0226466
1.4461    -1.12593    0.000138222    0.022708
1.44845    -1.12588    8.55151e-05    0.0227591
1.45031    -1.12584    4.57839e-05    0.0227998
1.45167    -1.12581    1.87361e-05    0.0228303
1.45254    -1.12579    3.79377e-06    0.0228506
1.45293    -1.12578    1.31742e-07    0.022861
1.45286    -1.12578    6.71661e-06    0.0228618
1.45234    -1.12579    2.23463e-05    0.0228533
1.45139    -1.12582    4.56897e-05    0.0228359
1.45003    -1.12585    7.53252e-05    0.02281
1.44829    -1.12588    0.000109778    0.022776
1.44619    -1.12593    0.000147558    0.0227346
1.44375    -1.12598    0.000187191    0.0226863
1.441    -1.12603    0.000227252    0.0226315
1.43798    -1.12609    0.000266397    0.022571
1.4347    -1.12614    0.000303385    0.0225053
1.43121    -1.1262    0.000337105    0.0224352
1.42752    -1.12625    0.000366597    0.0223611
1.42368    -1.12631    0.000391064    0.0222838
1.41971    -1.12636    0.000409888    0.022204
1.41565    -1.1264    0.000422639    0.0221222
1.41152    -1.12644    0.000429076    0.0220392
1.40737    -1.12647    0.000429148    0.0219556
1.40321    -1.1265    0.000422987    0.0218719
1.39908    -1.12652    0.000410903    0.0217889
1.39501    -1.12654    0.000393362    0.0217071
1.39103    -1.12654    0.000370974    0.021627
1.38717    -1.12654    0.000344469    0.0215492
1.38344    -1.12654    0.000314671    0.0214743
1.37988    -1.12653    0.000282468    0.0214026
1.37651    -1.12652    0.000248788    0.0213346
1.37335    -1.1265    0.000214565    0.0212707
1.37041    -1.12648    0.000180711    0.0212113
1.36771    -1.12646    0.000148086    0.0211567
1.36527    -1.12644    0.000117474    0.0211071
1.36309    -1.12642    8.95609e-05    0.0210627
1.36119    -1.1264    6.49126e-05    0.0210238
1.35957    -1.12638    4.39646e-05    0.0209905
1.35824    -1.12637    2.70125e-05    0.0209628
1.3572    -1.12635    1.42081e-05    0.0209407
1.35644    -1.12634    5.56258e-06    0.0209243
1.35597    -1.12634    9.52977e-07    0.0209135
1.35578    -1.12633    1.34481e-07    0.0209082
1.35585    -1.12634    2.75595e-06    0.0209082
1.35618    -1.12634    8.3787e-06    0.0209133
1.35676    -1.12635    1.64973e-05    0.0209234
1.35758    -1.12636    2.65618e-05    0.0209382
1.35861    -1.12637    3.79995e-05    0.0209574
1.35985    -1.12638    5.02367e-05    0.0209806
1.36127    -1.1264    6.27184e-05    0.0210077
1.36286    -1.12642    7.49263e-05    0.0210381
1.3646    -1.12643    8.63931e-05    0.0210716
1.36646    -1.12645    9.67149e-05    0.0211077
1.36844    -1.12647    0.000105559    0.0211462
1.3705    -1.12648    0.000112672    0.0211865
1.37263    -1.1265    0.000117876    0.0212283
1.37481    -1.12651    0.000121074    0.0212713
1.37702    -1.12652    0.000122243    0.0213149
1.37923    -1.12653    0.000121429    0.021359
1.38145    -1.12654    0.00011874    0.021403
1.38363    -1.12654    0.000114337    0.0214467
1.38578    -1.12654    0.000108423    0.0214897
1.38787    -1.12654    0.000101234    0.0215317
1.38989    -1.12654    9.30306e-05    0.0215724
1.39182    -1.12654    8.40831e-05    0.0216116
1.39366    -1.12654    7.46664e-05    0.0216489
1.3954    -1.12653    6.50497e-05    0.0216842
1.39702    -1.12653    5.54888e-05    0.0217173
1.39851    -1.12652    4.62196e-05    0.021748
1.39987    -1.12652    3.7453e-05    0.021776
1.4011    -1.12651    2.93703e-05    0.0218014
1.40219    -1.12651    2.21204e-05    0.021824
1.40313    -1.1265    1.58183e-05    0.0218438
1.40393    -1.1265    1.0544e-05    0.0218606
1.40458    -1.12649    6.34319e-06    0.0218745
1.40509    -1.12649    3.22842e-06    0.0218854
1.40545    -1.12649    1.18121e-06    0.0218935
1.40567    -1.12649    1.54843e-07    0.0218986
1.40575    -1.12649    7.7701e-08    0.0219009
1.40569    -1.12649    8.5702e-07    0.0219005
1.40551    -1.12649    2.38294e-06    0.0218974
1.4052    -1.12649    4.53271e-06    0.0218918
1.40477    -1.12649    7.17501e-06    0.0218839
1.40423    -1.12649    1.01741e-05    0.0218736
1.40359    -1.1265    1.33938e-05    0.0218613
1.40286    -1.1265    1.67016e-05    0.021847
1.40204    -1.12651    1.99717e-05    0.0218309
1.40114    -1.12651    2.30884e-05    0.0218133
1.40018    -1.12652    2.59486e-05    0.0217943
1.39915    -1.12652    2.84637e-05    0.0217741
1.39808    -1.12653    3.05616e-05    0.0217529
1.39697    -1.12653    3.21875e-05    0.0217308
1.39583    -1.12653    3.33044e-05    0.0217081
1.39468    -1.12654    3.38932e-05    0.021685
1.39351    -1.12654    3.39521e-05    0.0216617
1.39234    -1.12654    3.34955e-05    0.0216383
1.39118    -1.12654    3.25528e-05    0.021615
1.39003    -1.12654    3.11668e-05    0.0215921
1.38891    -1.12654    2.93911e-05    0.0215696
1.38782    -1.12654    2.72884e-05    0.0215477
1.38678    -1.12654    2.49278e-05    0.0215265
1.38577    -1.12654    2.23823e-05    0.0215063
1.38482    -1.12654    1.97266e-05    0.0214871
1.38393    -1.12654    1.70346e-05    0.021469
1.3831    -1.12654    1.4377e-05    0.0214522
1.38234    -1.12654    1.18195e-05    0.0214367
1.38165    -1.12654    9.42125e-06    0.0214226
1.38104    -1.12654    7.23291e-06    0.0214099
1.3805    -1.12653    5.29601e-06    0.0213988
1.38004    -1.12653    3.64206e-06    0.0213892
1.37965    -1.12653    2.29217e-06    0.0213811
1.37935    -1.12653    1.25707e-06    0.0213747
1.37912    -1.12653    5.37383e-07    0.0213698
1.37898    -1.12653    1.24274e-07    0.0213665
1.37891    -1.12653    3.12148e-10    0.0213646
1.37891    -1.12653    1.40575e-07    0.0213643
1.37899    -1.12653    5.13919e-07    0.0213654
1.37913    -1.12653    1.08436e-06    0.0213679
1.37934    -1.12653    1.81254e-06    0.0213717
1.37961    -1.12653    2.65716e-06    0.0213768
1.37994    -1.12653    3.57641e-06    0.021383
1.38032    -1.12653    4.52935e-06    0.0213903
1.38074    -1.12653    5.47707e-06    0.0213985
1.38121    -1.12654    6.38379e-06    0.0214076
1.38172    -1.12654    7.21775e-06    0.0214175
1.38226    -1.12654    7.95191e-06    0.0214281
1.38282    -1.12654    8.56444e-06    0.0214392
1.38341    -1.12654    9.03902e-06    0.0214508
1.38401    -1.12654    9.36497e-06    0.0214627
1.38463    -1.12654    9.53712e-06    0.0214749
1.38525    -1.12654    9.55559e-06    0.0214872
1.38587    -1.12654    9.4254e-06    0.0214996
1.38648    -1.12654    9.15592e-06    0.0215119
1.38709    -1.12654    8.76031e-06    0.0215241
1.38769    -1.12654    8.25479e-06    0.021536
1.38826    -1.12654    7.65793e-06    0.0215476
1.38882    -1.12654    6.98989e-06    0.0215588
1.38935    -1.12654    6.27175e-06    0.0215695
1.38985    -1.12654    5.5247e-06    0.0215797
1.39032    -1.12654    4.76948e-06    0.0215893
1.39076    -1.12654    4.02572e-06    0.0215983
1.39116    -1.12654    3.31146e-06    0.0216065
1.39153    -1.12654    2.6427e-06    0.021614
1.39186    -1.12654    2.03308e-06    0.0216207
1.39214    -1.12654    1.49363e-06    0.0216267
1.39239    -1.12654    1.03259e-06    0.0216318
1.39259    -1.12654    6.55434e-07    0.0216361
1.39275    -1.12654    3.64819e-07    0.0216396
1.39287    -1.12654    1.60748e-07    0.0216422
1.39295    -1.12654    4.07391e-08    0.021644
1.393    -1.12654    6.54598e-11    0.0216451
1.393    -1.12654    3.20507e-08    0.0216453
1.39296    -1.12654    1.28396e-07    0.0216448
1.39289    -1.12654    2.79535e-07    0.0216435
1.39278    -1.12654    4.74999e-07    0.0216416
1.39264    -1.12654    7.03784e-07    0.021639
1.39248    -1.12654    9.54713e-07    0.0216358
1.39228    -1.12654    1.21677e-06    0.021632
1.39206    -1.12654    1.47942e-06    0.0216277
1.39181    -1.12654    1.73289e-06    0.0216229
1.39155    -1.12654    1.96837e-06    0.0216178
1.39127    -1.12654    2.17828e-06    0.0216122
1.39097    -1.12654    2.35632e-06    0.0216064
1.39066    -1.12654    2.49767e-06    0.0216003
1.39035    -1.12654    2.59894e-06    0.021594
1.39002    -1.12654    2.65824e-06    0.0215876
1.3897    -1.12654    2.67511e-06    0.021581
1.38937    -1.12654    2.65046e-06    0.0215745
1.38904    -1.12654    2.58641e-06    0.021568
1.38872    -1.12654    2.48618e-06    0.0215615
1.3884    -1.12654    2.35393e-06    0.0215551
1.38809    -1.12654    2.19453e-06    0.0215489
1.3878    -1.12654    2.01339e-06    0.0215429
1.38751    -1.12654    1.81629e-06    0.0215372
1.38724    -1.12654    1.60911e-06    0.0215317
1.38699    -1.12654    1.3977e-06    0.0215266
1.38675    -1.12654    1.1877e-06    0.0215217
1.38653    -1.12654    9.84348e-07    0.0215173
1.38633    -1.12654    7.92381e-07    0.0215132
1.38615    -1.12654    6.15903e-07    0.0215095
1.386    -1.12654    4.58308e-07    0.0215063
1.38586    -1.12654    3.2222e-07    0.0215034
1.38575    -1.12654    2.09465e-07    0.0215011
1.38566    -1.12654    1.21068e-07    0.0214991
1.38559    -1.12654    5.72689e-08    0.0214976
1.38554    -1.12654    1.75732e-08    0.0214965
1.38551    -1.12654    8.10857e-10    0.0214959
1.3855    -1.12654    5.21843e-09    0.0214957
1.38552    -1.12654    2.85315e-08    0.0214958
1.38555    -1.12654    6.80872e-08    0.0214964
1.38561    -1.12654    1.20931e-07    0.0214974
1.38568    -1.12654    1.83928e-07    0.0214987
1.38576    -1.12654    2.53868e-07    0.0215003
1.38586    -1.12654    3.27569e-07    0.0215022
1.38598    -1.12654    4.01972e-07    0.0215044
1.3861    -1.12654    4.74225e-07    0.0215069
1.38624    -1.12654    5.41757e-07    0.0215096
1.38639    -1.12654    6.02333e-07    0.0215125
1.38655    -1.12654    6.54101e-07    0.0215156
1.38671    -1.12654    6.95621e-07    0.0215188
1.38688    -1.12654    7.25881e-07    0.0215221
1.38705    -1.12654    7.44294e-07    0.0215255
1.38722    -1.12654    7.50691e-07    0.0215289
1.38739    -1.12654    7.45292e-07    0.0215324
1.38757    -1.12654    7.28674e-07    0.0215359
1.38774    -1.12654    7.01729e-07    0.0215393
1.38791    -1.12654    6.65613e-07    0.0215427
1.38807    -1.12654    6.21695e-07    0.021546
1.38823    -1.12654    5.71495e-07    0.0215491
1.38838    -1.12654    5.16632e-07    0.0215522
1.38852    -1.12654    4.58766e-07    0.0215551
1.38866    -1.12654    3.99545e-07    0.0215579
1.38879    -1.12654    3.40555e-07    0.0215605
1.3889    -1.12654    2.83276e-07    0.0215629
1.38901    -1.12654    2.29045e-07    0.021565
1.38911    -1.12654    1.79025e-07    0.021567
1.38919    -1.12654    1.34182e-07    0.0215688
1.38927    -1.12654    9.52665e-08    0.0215703
1.38933    -1.12654    6.28104e-08    0.0215716
1.38938    -1.12654    3.71212e-08    0.0215727
1.38942    -1.12654    1.829e-08    0.0215735
1.38944    -1.12654    6.20297e-09    0.0215741
1.38946    -1.12654    5.58094e-10    0.0215745
1.38946    -1.12654    8.87309e-10    0.0215746
1.38946    -1.12654    6.58145e-09    0.0215746
1.38944    -1.12654    1.69179e-08    0.0215743
1.38942    -1.12654    3.109e-08    0.0215738
1.38938    -1.12654    4.82362e-08    0.0215732
1.38934    -1.12654    6.74704e-08    0.0215723
1.38928    -1.12654    8.79089e-08    0.0215713
1.38922    -1.12654    1.08698e-07    0.0215702
1.38916    -1.12654    1.29035e-07    0.0215689
1.38909    -1.12654    1.48192e-07    0.0215675
1.38901    -1.12654    1.6553e-07    0.021566
1.38893    -1.12654    1.80513e-07    0.0215644
1.38884    -1.12654    1.92717e-07    0.0215627
1.38875    -1.12654    2.01835e-07    0.0215609
1.38866    -1.12654    2.07677e-07    0.0215592
1.38857    -1.12654    2.1017e-07    0.0215573
1.38848    -1.12654    2.09351e-07    0.0215555
1.38839    -1.12654    2.05358e-07    0.0215537
1.3883    -1.12654    1.98419e-07    0.0215518
1.38821    -1.12654    1.88839e-07    0.0215501
1.38812    -1.12654    1.76988e-07    0.0215483
1.38804    -1.12654    1.6328e-07    0.0215466
1.38796    -1.12654    1.48162e-07    0.021545
1.38788    -1.12654    1.32097e-07    0.0215434
1.38781    -1.12654    1.15549e-07    0.0215419
1.38774    -1.12654    9.89655e-08    0.0215405
1.38767    -1.12654    8.27708e-08    0.0215392
1.38762    -1.12654    6.73503e-08    0.0215381
1.38756    -1.12654    5.30427e-08    0.021537
1.38752    -1.12654    4.01328e-08    0.021536
1.38748    -1.12654    2.88464e-08    0.0215352
1.38744    -1.12654    1.93474e-08    0.0215345
1.38742    -1.12654    1.17365e-08    0.0215339
1.38739    -1.12654    6.05307e-09    0.0215334
1.38738    -1.12654    2.27735e-09    0.0215331
1.38737    -1.12654    3.35332e-10    0.0215329
1.38737    -1.12654    1.0451e-10    0.0215328
1.38737    -1.12654    1.4208e-09    0.0215328
1.38738    -1.12654    4.08628e-09    0.0215329
1.38739    -1.12654    7.87741e-09    0.0215331
1.38741    -1.12654    1.25535e-08    0.0215335
1.38743    -1.12654    1.78651e-08    0.0215339
1.38746    -1.12654    2.35622e-08    0.0215344
1.38749    -1.12654    2.94015e-08    0.021535
1.38752    -1.12654    3.51537e-08    0.0215357
1.38756    -1.12654    4.06091e-08    0.0215364
1.3876    -1.12654    4.55827e-08    0.0215372
1.38764    -1.12654    4.99181e-08    0.021538
1.38769    -1.12654    5.34901e-08    0.0215389
1.38773    -1.12654    5.62067e-08    0.0215398
1.38778    -1.12654    5.80091e-08    0.0215408
1.38783    -1.12654    5.88713e-08    0.0215417
1.38788    -1.12654    5.87989e-08    0.0215427
1.38793    -1.12654    5.78265e-08    0.0215437
1.38797    -1.12654    5.60144e-08    0.0215446
1.38802    -1.12654    5.34455e-08    0.0215456
1.38807    -1.12654    5.02209e-08    0.0215465
1.38811    -1.12654    4.64556e-08    0.0215474
1.38816    -1.12654    4.22739e-08    0.0215483
1.3882    -1.12654    3.78054e-08    0.0215491
1.38824    -1.12654    3.31802e-08    0.0215499
1.38827    -1.12654    2.85252e-08    0.0215507
1.38831    -1.12654    2.39603e-08    0.0215514
1.38834    -1.12654    1.95954e-08    0.021552
1.38837    -1.12654    1.55277e-08    0.0215526
1.38839    -1.12654    1.18392e-08    0.0215531
1.38841    -1.12654    8.59599e-09    0.0215535
1.38843    -1.12654    5.84663e-09    0.0215539
1.38845    -1.12654    3.62221e-09    0.0215543
1.38846    -1.12654    1.93648e-09    0.0215545
1.38847    -1.12654    7.86596e-10    0.0215547
1.38847    -1.12654    1.5432e-10    0.0215548
1.38848    -1.12654    7.60159e-12    0.0215549
1.38848    -1.12654    3.02455e-10    0.0215549
1.38847    -1.12654    9.85085e-10    0.0215549
1.38847    -1.12654    1.99416e-09    0.0215547
1.38846    -1.12654    3.26313e-09    0.0215546
1.38844    -1.12654    4.72264e-09    0.0215544
1.38843    -1.12654    6.3027e-09    0.0215541
1.38842    -1.12654    7.93492e-09    0.0215538
1.3884    -1.12654    9.55437e-09    0.0215534
1.38838    -1.12654    1.11013e-08    0.0215531
1.38836    -1.12654    1.25228e-08    0.0215526
1.38833    -1.12654    1.37734e-08    0.0215522
1.38831    -1.12654    1.48164e-08    0.0215517
1.38829    -1.12654    1.56244e-08    0.0215513
1.38826    -1.12654    1.6179e-08    0.0215508
1.38824    -1.12654    1.64713e-08    0.0215503
1.38821    -1.12654    1.6501e-08    0.0215497
1.38818    -1.12654    1.62763e-08    0.0215492
1.38816    -1.12654    1.58127e-08    0.0215487
1.38813    -1.12654    1.51322e-08    0.0215482
1.38811    -1.12654    1.42621e-08    0.0215477
1.38808    -1.12654    1.3234e-08    0.0215472
1.38806    -1.12654    1.20822e-08    0.0215468
1.38804    -1.12654    1.08428e-08    0.0215463
1.38802    -1.12654    9.55231e-09    0.0215459
1.388    -1.12654    8.24659e-09    0.0215455
1.38798    -1.12654    6.9597e-09    0.0215451
1.38796    -1.12654    5.72307e-09    0.0215448
1.38795    -1.12654    4.5647e-09    0.0215445
1.38794    -1.12654    3.5085e-09    0.0215442
1.38792    -1.12654    2.57392e-09    0.0215439
1.38791    -1.12654    1.77556e-09    0.0215437
1.3879    -1.12654    1.12312e-09    0.0215436
1.3879    -1.12654    6.21414e-10    0.0215434
1.38789    -1.12654    2.70526e-10    0.0215433
1.38789    -1.12654    6.61505e-11    0.0215432
1.38789    -1.12654    1.88237e-15    0.0215432
1.38789    -1.12654    6.03329e-11    0.0215432
1.38789    -1.12654    2.32518e-10    0.0215432
1.38789    -1.12654    4.99688e-10    0.0215433
1.3879    -1.12654    8.43385e-10    0.0215433
1.3879    -1.12654    1.24423e-09    0.0215434
1.38791    -1.12654    1.68255e-09    0.0215436
1.38792    -1.12654    2.13901e-09    0.0215437
1.38793    -1.12654    2.59517e-09    0.0215439
1.38794    -1.12654    3.03395e-09    0.0215441
1.38795    -1.12654    3.44009e-09    0.0215443
1.38796    -1.12654    3.80045e-09    0.0215446
1.38797    -1.12654    4.10428e-09    0.0215448
1.38799    -1.12654    4.34336e-09    0.0215451
1.388    -1.12654    4.51211e-09    0.0215453
1.38801    -1.12654    4.60753e-09    0.0215456
1.38803    -1.12654    4.62914e-09    0.0215459
1.38804    -1.12654    4.57881e-09    0.0215461
1.38805    -1.12654    4.46056e-09    0.0215464
1.38807    -1.12654    4.28026e-09    0.0215467
1.38808    -1.12654    4.04533e-09    0.0215469
1.38809    -1.12654    3.76443e-09    0.0215472
1.3881    -1.12654    3.44709e-09    0.0215474
1.38812    -1.12654    3.10336e-09    0.0215477
1.38813    -1.12654    2.74349e-09    0.0215479
1.38814    -1.12654    2.37756e-09    0.0215481
1.38815    -1.12654    2.01525e-09    0.0215483
1.38816    -1.12654    1.66551e-09    0.0215485
1.38817    -1.12654    1.33636e-09    0.0215487
1.38817    -1.12654    1.03474e-09    0.0215488
1.38818    -1.12654    7.66304e-10    0.021549
1.38818    -1.12654    5.35401e-10    0.0215491
1.38819    -1.12654    3.44993e-10    0.0215492
1.38819    -1.12654    1.96668e-10    0.0215493
1.3882    -1.12654    9.06842e-11    0.0215493
1.3882    -1.12654    2.60502e-11    0.0215494
1.3882    -1.12654    6.37413e-13    0.0215494
1.3882    -1.12654    1.13206e-11    0.0215494
1.3882    -1.12654    5.41386e-11    0.0215494
1.3882    -1.12654    1.24469e-10    0.0215494
1.38819    -1.12654    2.17212e-10    0.0215493
1.38819    -1.12654    3.26974e-10    0.0215493
1.38819    -1.12654    4.48251e-10    0.0215492
1.38818    -1.12654    5.75599e-10    0.0215491
1.38818    -1.12654    7.03796e-10    0.021549
1.38817    -1.12654    8.27982e-10    0.0215489
1.38817    -1.12654    9.43778e-10    0.0215488
1.38816    -1.12654    1.04739e-09    0.0215487
1.38816    -1.12654    1.13568e-09    0.0215485
1.38815    -1.12654    1.2062e-09    0.0215484
1.38814    -1.12654    1.25726e-09    0.0215483
1.38813    -1.12654    1.28788e-09    0.0215481
1.38813    -1.12654    1.29779e-09    0.021548
1.38812    -1.12654    1.28741e-09    0.0215478
1.38811    -1.12654    1.25774e-09    0.0215477
1.38811    -1.12654    1.21033e-09    0.0215476
1.3881    -1.12654    1.1472e-09    0.0215474
1.38809    -1.12654    1.0707e-09    0.0215473
1.38809    -1.12654    9.83478e-10    0.0215472
1.38808    -1.12654    8.88318e-10    0.021547
1.38807    -1.12654    7.88091e-10    0.0215469
1.38807    -1.12654    6.85641e-10    0.0215468
1.38806    -1.12654    5.83705e-10    0.0215467
1.38806    -1.12654    4.84836e-10    0.0215466
1.38805    -1.12654    3.91338e-10    0.0215465
1.38805    -1.12654    3.05213e-10    0.0215464
1.38805    -1.12654    2.28121e-10    0.0215463
1.38804    -1.12654    1.61349e-10    0.0215463
1.38804    -1.12654    1.05803e-10    0.0215462
1.38804    -1.12654    6.19995e-11    0.0215462
1.38804    -1.12654    3.00801e-11    0.0215461
1.38804    -1.12654    9.83042e-12    0.0215461
1.38803    -1.12654    7.10903e-13    0.0215461
1.38803    -1.12654    1.8944e-12    0.0215461
1.38803    -1.12654    1.23104e-11    0.0215461
1.38804    -1.12654    3.06936e-11    0.0215461
1.38804    -1.12654    5.56349e-11    0.0215461
1.38804    -1.12654    8.56331e-11    0.0215462
1.38804    -1.12654    1.19147e-10    0.0215462
1.38804    -1.12654    1.54643e-10    0.0215462
1.38804    -1.12654    1.90642e-10    0.0215463
1.38805    -1.12654    2.2576e-10    0.0215463
1.38805    -1.12654    2.58742e-10    0.0215464
1.38805    -1.12654    2.88491e-10    0.0215465
1.38806    -1.12654    3.14091e-10    0.0215465
1.38806    -1.12654    3.34823e-10    0.0215466
1.38806    -1.12654    3.5017e-10    0.0215467
1.38807    -1.12654    3.59823e-10    0.0215467
1.38807    -1.12654    3.6367e-10    0.0215468
1.38808    -1.12654    3.61792e-10    0.0215469
1.38808    -1.12654    3.54443e-10    0.021547
1.38808    -1.12654    3.42034e-10    0.0215471
1.38809    -1.12654    3.25103e-10    0.0215471
1.38809    -1.12654    3.04299e-10    0.0215472
1.38809    -1.12654    2.80346e-10    0.0215473
1.3881    -1.12654    2.54024e-10    0.0215473
1.3881    -1.12654    2.26134e-10    0.0215474
1.3881    -1.12654    1.97475e-10    0.0215475
1.38811    -1.12654    1.68823e-10    0.0215475
1.38811    -1.12654    1.40903e-10    0.0215476
1.38811    -1.12654    1.14376e-10    0.0215476
1.38811    -1.12654    8.98191e-11    0.0215477
1.38812    -1.12654    6.77156e-11    0.0215477
1.38812    -1.12654    4.84461e-11    0.0215477
1.38812    -1.12654    3.22839e-11    0.0215478
1.38812    -1.12654    1.93938e-11    0.0215478
1.38812    -1.12654    9.83453e-12    0.0215478
1.38812    -1.12654    3.5638e-12    0.0215478
1.38812    -1.12654    4.46454e-13    0.0215478
1.38812    -1.12654    2.6469e-13    0.0215478
1.38812    -1.12654    2.73016e-12    0.0215478
1.38812    -1.12654    7.49733e-12    0.0215478
1.38812    -1.12654    1.41777e-11    0.0215478
1.38812    -1.12654    2.23544e-11    0.0215478
1.38812    -1.12654    3.15966e-11    0.0215478
1.38812    -1.12654    4.14732e-11    0.0215478
1.38812    -1.12654    5.1566e-11    0.0215477
1.38811    -1.12654    6.14815e-11    0.0215477
1.38811    -1.12654    7.08604e-11    0.0215477
1.38811    -1.12654    7.93869e-11    0.0215477
1.38811    -1.12654    8.67946e-11    0.0215476
1.38811    -1.12654    9.28712e-11    0.0215476
1.38811    -1.12654    9.74615e-11    0.0215475
1.3881    -1.12654    1.00468e-10    0.0215475
1.3881    -1.12654    1.01849e-10    0.0215475
1.3881    -1.12654    1.01617e-10    0.0215474
1.3881    -1.12654    9.98355e-11    0.0215474
1.3881    -1.12654    9.66112e-11    0.0215473
1.38809    -1.12654    9.20892e-11    0.0215473
1.38809    -1.12654    8.64459e-11    0.0215473
1.38809    -1.12654    7.9881e-11    0.0215472
1.38809    -1.12654    7.26105e-11    0.0215472
1.38809    -1.12654    6.48584e-11    0.0215472
1.38809    -1.12654    5.68495e-11    0.0215471
1.38808    -1.12654    4.88027e-11    0.0215471
1.38808    -1.12654    4.09246e-11    0.0215471
1.38808    -1.12654    3.3404e-11    0.021547
1.38808    -1.12654    2.64072e-11    0.021547
1.38808    -1.12654    2.0075e-11    0.021547
1.38808    -1.12654    1.45195e-11    0.021547
1.38808    -1.12654    9.82296e-12    0.021547
1.38808    -1.12654    6.03727e-12    0.0215469
1.38808    -1.12654    3.18431e-12    0.0215469
1.38808    -1.12654    1.25737e-12    0.0215469
1.38808    -1.12654    2.23212e-13    0.0215469
1.38808    -1.12654    2.4853e-14    0.0215469
1.38808    -1.12654    5.84873e-13    0.0215469
1.38808    -1.12654    1.8091e-12    0.0215469
1.38808    -1.12654    3.59057e-12    0.0215469
1.38808    -1.12654    5.81359e-12    0.0215469
1.38808    -1.12654    8.3578e-12    0.0215469
1.38808    -1.12654    1.11021e-11    0.021547
1.38808    -1.12654    1.39284e-11    0.021547
1.38808    -1.12654    1.67247e-11    0.021547
1.38808    -1.12654    1.93885e-11    0.021547
1.38808    -1.12654    2.18288e-11    0.021547
1.38808    -1.12654    2.39682e-11    0.021547
1.38808    -1.12654    2.57443e-11    0.0215471
1.38808    -1.12654    2.71107e-11    0.0215471
1.38808    -1.12654    2.80369e-11    0.0215471
1.38809    -1.12654    2.85085e-11    0.0215471
1.38809    -1.12654    2.85264e-11    0.0215471
1.38809    -1.12654    2.81057e-11    0.0215472
1.38809    -1.12654    2.72741e-11    0.0215472
1.38809    -1.12654    2.60706e-11    0.0215472
1.38809    -1.12654    2.4543e-11    0.0215472
1.38809    -1.12654    2.27464e-11    0.0215472
1.38809    -1.12654    2.07406e-11    0.0215473
1.38809    -1.12654    1.85881e-11    0.0215473
1.38809    -1.12654    1.6352e-11    0.0215473
1.3881    -1.12654    1.40941e-11    0.0215473
1.3881    -1.12654    1.18732e-11    0.0215473
1.3881    -1.12654    9.74306e-12    0.0215473
1.3881    -1.12654    7.75166e-12    0.0215474
1.3881    -1.12654    5.93979e-12    0.0215474
1.3881    -1.12654    4.34041e-12    0.0215474
1.3881    -1.12654    2.97814e-12    0.0215474
1.3881    -1.12654    1.8691e-12    0.0215474
1.3881    -1.12654    1.02095e-12    0.0215474
1.3881    -1.12654    4.3327e-13    0.0215474
1.3881    -1.12654    9.80536e-14    0.0215474
1.3881    -1.12654    5.04214e-16    0.0215474
1.3881    -1.12654    1.1991e-13    0.0215474
1.3881    -1.12654    4.30666e-13    0.0215474
1.3881    -1.12654    9.03375e-13    0.0215474
1.3881    -1.12654    1.50598e-12    0.0215474
1.3881    -1.12654    2.20491e-12    0.0215474
1.3881    -1.12654    2.96618e-12    0.0215474
1.3881    -1.12654    3.75646e-12    0.0215474
1.3881    -1.12654    4.54401e-12    0.0215474
1.3881    -1.12654    5.29951e-12    0.0215474
1.3881    -1.12654    5.99683e-12    0.0215474
1.3881    -1.12654    6.61355e-12    0.0215473
1.3881    -1.12654    7.13137e-12    0.0215473
1.3881    -1.12654    7.53643e-12    0.0215473
1.3881    -1.12654    7.81937e-12    0.0215473
1.38809    -1.12654    7.97533e-12    0.0215473
1.38809    -1.12654    8.00377e-12    0.0215473
1.38809    -1.12654    7.9082e-12    0.0215473
1.38809    -1.12654    7.69579e-12    0.0215473
1.38809    -1.12654    7.37689e-12    0.0215473
1.38809    -1.12654    6.96451e-12    0.0215473
1.38809    -1.12654    6.47375e-12    0.0215472
1.38809    -1.12654    5.92115e-12    0.0215472
1.38809    -1.12654    5.32415e-12    0.0215472
1.38809    -1.12654    4.70046e-12    0.0215472
1.38809    -1.12654    4.0675e-12    0.0215472
1.38809    -1.12654    3.44191e-12    0.0215472
1.38809    -1.12654    2.83909e-12    0.0215472
1.38809    -1.12654    2.2728e-12    0.0215472
1.38809    -1.12654    1.75486e-12    0.0215472
1.38809    -1.12654    1.29493e-12    0.0215472
1.38809    -1.12654    9.00357e-13    0.0215472
1.38809    -1.12654    5.76101e-13    0.0215472
1.38809    -1.12654    3.24746e-13    0.0215472
1.38809    -1.12654    1.46581e-13    0.0215472
1.38809    -1.12654    3.97453e-14    0.0215472
1.38809    -1.12654    4.27147e-16    0.0215471
1.38809    -1.12654    2.31083e-14    0.0215471
1.38809    -1.12654    1.00844e-13    0.0215471
1.38809    -1.12654    2.25568e-13    0.0215472
1.38809    -1.12654    3.8841e-13    0.0215472
1.38809    -1.12654    5.80014e-13    0.0215472
1.38809    -1.12654    7.90855e-13    0.0215472
1.38809    -1.12654    1.01153e-12    0.0215472
1.38809    -1.12654    1.23305e-12    0.0215472
1.38809    -1.12654    1.44705e-12    0.0215472
1.38809    -1.12654    1.64603e-12    0.0215472
1.38809    -1.12654    1.8235e-12    0.0215472
1.38809    -1.12654    1.97411e-12    0.0215472
1.38809    -1.12654    2.09374e-12    0.0215472
1.38809    -1.12654    2.17953e-12    0.0215472
1.38809    -1.12654    2.22989e-12    0.0215472
1.38809    -1.12654    2.24445e-12    0.0215472
1.38809    -1.12654    2.22399e-12    0.0215472
1.38809    -1.12654    2.17034e-12    0.0215472
1.38809    -1.12654    2.08624e-12    0.0215472
1.38809    -1.12654    1.97522e-12    0.0215472
1.38809    -1.12654    1.8414e-12    0.0215472
1.38809    -1.12654    1.68937e-12    0.0215472
1.38809    -1.12654    1.52398e-12    0.0215472
1.38809    -1.12654    1.35019e-12    0.0215473
1.38809    -1.12654    1.17291e-12    0.0215473
1.38809    -1.12654    9.96852e-13    0.0215473
1.38809    -1.12654    8.26406e-13    0.0215473
1.38809    -1.12654    6.65521e-13    0.0215473
1.38809    -1.12654    5.17618e-13    0.0215473
1.38809    -1.12654    3.8552e-13    0.0215473
1.38809    -1.12654    2.71408e-13    0.0215473
1.38809    -1.12654    1.76797e-13    0.0215473
1.38809    -1.12654    1.02533e-13    0.0215473
1.38809    -1.12654    4.88143e-14    0.0215473
1.38809    -1.12654    1.5227e-14    0.0215473
1.38809    -1.12654    7.99416e-16    0.0215473
1.38809    -1.12654    4.06813e-15    0.0215473
1.38809    -1.12654    2.31547e-14    0.0215473
1.38809    -1.12654    5.58499e-14    0.0215473
1.38809    -1.12654    9.97027e-14    0.0215473
1.38809    -1.12654    1.5211e-13    0.0215473
1.38809    -1.12654    2.10403e-13    0.0215473
1.38809    -1.12654    2.71937e-13    0.0215473
1.38809    -1.12654    3.34162e-13    0.0215473
1.38809    -1.12654    3.94699e-13    0.0215473
1.38809    -1.12654    4.51396e-13    0.0215473
1.38809    -1.12654    5.02377e-13    0.0215473
1.38809    -1.12654    5.46085e-13    0.0215473
1.38809    -1.12654    5.81297e-13    0.0215473
1.38809    -1.12654    6.07147e-13    0.0215473
1.38809    -1.12654    6.23123e-13    0.0215473
1.38809    -1.12654    6.29059e-13    0.0215473
1.38809    -1.12654    6.25117e-13    0.0215473
1.38809    -1.12654    6.11755e-13    0.0215472
1.38809    -1.12654    5.897e-13    0.0215472
1.38809    -1.12654    5.59901e-13    0.0215472
1.38809    -1.12654    5.23488e-13    0.0215472
1.38809    -1.12654    4.81725e-13    0.0215472
1.38809    -1.12654    4.3596e-13    0.0215472
1.38809    -1.12654    3.87583e-13    0.0215472
1.38809    -1.12654    3.37975e-13    0.0215472
1.38809    -1.12654    2.8847e-13    0.0215472
1.38809    -1.12654    2.40319e-13    0.0215472
1.38809    -1.12654    1.94652e-13    0.0215472
1.38809    -1.12654    1.52458e-13    0.0215472
1.38809    -1.12654    1.1456e-13    0.0215472
1.38809    -1.12654    8.16036e-14    0.0215472
1.38809    -1.12654    5.40482e-14    0.0215472
1.38809    -1.12654    3.21656e-14    0.0215472
1.38809    -1.12654    1.60443e-14    0.0215472
1.38809    -1.12654    5.59924e-15    0.0215472
1.38809    -1.12654    5.85838e-16    0.0215472
1.38809    -1.12654    6.17909e-16    0.0215472
1.38809    -1.12654    5.18882e-15    0.0215472
1.38809    -1.12654    1.36948e-14    0.0215472
1.38809    -1.12654    2.54594e-14    0.0215472
1.38809    -1.12654    3.97591e-14    0.0215472
1.38809    -1.12654    5.58478e-14    0.0215472
1.38809    -1.12654    7.29807e-14    0.0215472
1.38809    -1.12654    9.04371e-14    0.0215472
1.38809    -1.12654    1.0754e-13    0.0215472
1.38809    -1.12654    1.23672e-13    0.0215472
1.38809    -1.12654    1.38294e-13    0.0215472
1.38809    -1.12654    1.50952e-13    0.0215472
1.38809    -1.12654    1.61284e-13    0.0215472
1.38809    -1.12654    1.6903e-13    0.0215472
1.38809    -1.12654    1.74028e-13    0.0215472
1.38809    -1.12654    1.76213e-13    0.0215472
1.38809    -1.12654    1.75614e-13    0.0215472
1.38809    -1.12654    1.72346e-13    0.0215472
1.38809    -1.12654    1.66598e-13    0.0215472
1.38809    -1.12654    1.58627e-13    0.0215472
1.38809    -1.12654    1.48739e-13    0.0215472
1.38809    -1.12654    1.37284e-13    0.0215472
1.38809    -1.12654    1.24636e-13    0.0215472
1.38809    -1.12654    1.11184e-13    0.0215472
1.38809    -1.12654    9.7315e-14    0.0215472
1.38809    -1.12654    8.34075e-14    0.0215472
1.38809    -1.12654    6.98163e-14    0.0215472
1.38809    -1.12654    5.68656e-14    0.0215472
1.38809    -1.12654    4.48401e-14    0.0215472
1.38809    -1.12654    3.39796e-14    0.0215472
1.38809    -1.12654    2.44744e-14    0.0215472
1.38809    -1.12654    1.64631e-14    0.0215473
1.38809    -1.12654    1.00315e-14    0.0215473
1.38809    -1.12654    5.21381e-15    0.0215473
1.38809    -1.12654    1.99498e-15    0.0215473
1.38809    -1.12654    3.14381e-16    0.0215473
1.38809    -1.12654    7.0726e-17    0.0215473
1.38809    -1.12654    1.1278e-15    0.0215473
1.38809    -1.12654    3.32093e-15    0.0215473
1.38809    -1.12654    6.46377e-15    0.0215473
1.38809    -1.12654    1.03555e-14    0.0215473
1.38809    -1.12654    1.47875e-14    0.0215473
1.38809    -1.12654    1.95507e-14    0.0215473
1.38809    -1.12654    2.44412e-14    0.0215472
1.38809    -1.12654    2.92666e-14    0.0215472
1.38809    -1.12654    3.38508e-14    0.0215472
1.38809    -1.12654    3.8038e-14    0.0215472
1.38809    -1.12654    4.16961e-14    0.0215472
1.38809    -1.12654    4.47194e-14    0.0215472
1.38809    -1.12654    4.70292e-14    0.0215472
1.38809    -1.12654    4.8575e-14    0.0215472
1.38809    -1.12654    4.9334e-14    0.0215472
1.38809    -1.12654    4.93093e-14    0.0215472
1.38809    -1.12654    4.85287e-14    0.0215472
1.38809    -1.12654    4.70419e-14    0.0215472
1.38809    -1.12654    4.49172e-14    0.0215472
1.38809    -1.12654    4.22385e-14    0.0215472
1.38809    -1.12654    3.91018e-14    0.0215472
1.38809    -1.12654    3.56108e-14    0.0215472
1.38809    -1.12654    3.1874e-14    0.0215472
1.38809    -1.12654    2.80004e-14    0.0215472
1.38809    -1.12654    2.40968e-14    0.0215472
1.38809    -1.12654    2.02639e-14    0.0215472
1.38809    -1.12654    1.65944e-14    0.0215472
1.38809    -1.12654    1.31703e-14    0.0215472
1.38809    -1.12654    1.00613e-14    0.0215472
1.38809    -1.12654    7.32339e-15    0.0215472
1.38809    -1.12654    4.99804e-15    0.0215472
1.38809    -1.12654    3.11208e-15    0.0215472
1.38809    -1.12654    1.67776e-15    0.0215472
1.38809    -1.12654    6.93341e-16    0.0215472
1.38809    -1.12654    1.44113e-16    0.0215472
1.38809    -1.12654    3.68488e-18    0.0215472
1.38809    -1.12654    2.35566e-16    0.0215472
1.38809    -1.12654    7.94937e-16    0.0215472
1.38809    -1.12654    1.63055e-15    0.0215472
1.38809    -1.12654    2.68672e-15    0.0215472
1.38809    -1.12654    3.90526e-15    0.0215472
1.38809    -1.12654    5.22741e-15    0.0215472
1.38809    -1.12654    6.59568e-15    0.0215472
1.38809    -1.12654    7.9554e-15    0.0215472
1.38809    -1.12654    9.25627e-15    0.0215472
1.38809    -1.12654    1.04535e-14    0.0215472
1.38809    -1.12654    1.15088e-14    0.0215472
1.38809    -1.12654    1.2391e-14    0.0215472
1.38809    -1.12654    1.30768e-14    0.0215472
