1.12304    -1.1077    0.335085    0.0165833
1.23921    -1.12142    0.320683    0.0181602
1.35285    -1.12629    0.300488    0.0202324
1.46286    -1.12554    0.277407    0.0225007
1.56855    -1.12128    0.253297    0.0248737
1.66955    -1.11492    0.229306    0.0272161
1.76565    -1.10737    0.206136    0.0294721
1.85676    -1.09925    0.184206    0.0316404
1.94289    -1.09097    0.163745    0.0337149
2.0241    -1.08278    0.144857    0.0356868
2.10048    -1.07486    0.127563    0.0375488
2.17215    -1.06732    0.111831    0.0392962
2.23926    -1.0602    0.097595    0.0409264
2.30195    -1.05354    0.0847723    0.0424392
2.36038    -1.04735    0.073269    0.0438363
2.4147    -1.04162    0.062988    0.0451205
2.46507    -1.03634    0.0538327    0.046296
2.51163    -1.0315    0.0457095    0.0473677
2.55453    -1.02707    0.0385293    0.048341
2.59393    -1.02304    0.0322087    0.0492217
2.62994    -1.01938    0.0266696    0.0500154
2.66271    -1.01609    0.02184    0.0507279
2.69237    -1.01312    0.0176538    0.0513645
2.71904    -1.01048    0.0140502    0.0519306
2.74282    -1.00813    0.0109737    0.0524309
2.76384    -1.00607    0.00837368    0.0528699
2.78221    -1.00428    0.0062041    0.0532517
2.79802    -1.00275    0.00442311    0.05358
2.81136    -1.00146    0.00299275    0.0538582
2.82234    -1.00041    0.00187859    0.0540892
2.83104    -0.999572    0.00104946    0.0542757
2.83754    -0.998949    0.000477149    0.0544199
2.84192    -0.99853    0.000136151    0.054524
2.84426    -0.998307    3.42492e-06    0.0545896
2.84464    -0.998271    5.81729e-05    0.0546183
2.84311    -0.998417    0.000281633    0.0546112
2.83974    -0.998739    0.000656893    0.0545696
2.83459    -0.999231    0.00116872    0.0544942
2.82773    -0.999889    0.00180341    0.0543857
2.81921    -1.00071    0.00254863    0.0542447
2.80908    -1.00168    0.0033933    0.0540715
2.79739    -1.00281    0.00432746    0.0538664
2.78419    -1.00409    0.00534218    0.0536296
2.76952    -1.00552    0.00642944    0.053361
2.75343    -1.00709    0.00758201    0.0530606
2.73596    -1.00881    0.00879344    0.0527284
2.71714    -1.01066    0.0100579    0.0523641
2.69701    -1.01266    0.0113701    0.0519676
2.67561    -1.01479    0.0127252    0.0515385
2.65297    -1.01706    0.014119    0.0510767
2.62913    -1.01947    0.0155473    0.0505819
2.60411    -1.022    0.0170066    0.0500539
2.57794    -1.02467    0.0184932    0.0494924
2.55065    -1.02747    0.0200037    0.0488973
2.52226    -1.03039    0.0215348    0.0482686
2.49281    -1.03345    0.0230832    0.0476063
2.46232    -1.03662    0.0246453    0.0469105
2.43082    -1.03992    0.0262176    0.0461815
2.39833    -1.04334    0.027796    0.0454198
2.36487    -1.04687    0.0293763    0.0446258
2.33047    -1.05051    0.0309536    0.0438006
2.29517    -1.05426    0.0325223    0.042945
2.25898    -1.0581    0.0340763    0.0420604
2.22193    -1.06204    0.0356083    0.0411483
2.18406    -1.06606    0.0371102    0.0402104
2.1454    -1.07014    0.0385724    0.039249
2.10599    -1.07429    0.039984    0.0382663
2.06586    -1.07847    0.0413324    0.0372651
2.02506    -1.08268    0.0426035    0.0362483
1.98364    -1.0869    0.0437809    0.0352191
1.94165    -1.09109    0.0448464    0.0341813
1.89915    -1.09524    0.0457793    0.0331384
1.85622    -1.0993    0.0465569    0.0320946
1.81292    -1.10326    0.0471542    0.031054
1.76934    -1.10706    0.0475438    0.0300209
1.72558    -1.11066    0.0476967    0.0289997
1.68175    -1.11403    0.0475824    0.0279947
1.63798    -1.11711    0.0471694    0.02701
1.59439    -1.11984    0.0464266    0.0260493
1.55115    -1.12217    0.0453243    0.0251159
1.50843    -1.12406    0.0438363    0.0242125
1.46641    -1.12545    0.0419418    0.0233412
1.42532    -1.12629    0.0396291    0.0225035
1.38537    -1.12654    0.0368983    0.0217007
1.34682    -1.1262    0.0337664    0.0209344
1.30994    -1.12525    0.0302708    0.020207
1.27503    -1.12371    0.0264739    0.0195222
1.24237    -1.12165    0.0224662    0.0188852
1.21229    -1.11916    0.018367    0.0183019
1.1851    -1.11635    0.0143222    0.0177782
1.16108    -1.1134    0.0104971    0.0173196
1.14052    -1.11049    0.00706464    0.0169301
1.12365    -1.10781    0.00418891    0.0166126
1.11067    -1.10556    0.00200612    0.0163687
1.10168    -1.10391    0.00060664    0.0161989
1.09673    -1.10296    2.16088e-05    0.0161025
1.0958    -1.10278    0.000217394    0.0160779
1.09876    -1.10335    0.00109956    0.0161223
1.10541    -1.10461    0.00252558    0.0162319
1.1155    -1.10642    0.00432347    0.016402
1.12869    -1.10864    0.0063125    0.0166272
1.14464    -1.1111    0.00832209    0.0169016
1.16295    -1.11365    0.0102062    0.0172192
1.18322    -1.11614    0.0118519    0.0175741
1.20507    -1.11847    0.0131824    0.0179604
1.22811    -1.12055    0.0141551    0.0183728
1.25198    -1.12233    0.0147578    0.0188063
1.27636    -1.12378    0.0150018    0.0192559
1.30094    -1.12491    0.0149161    0.0197173
1.32545    -1.12573    0.0145407    0.0201857
1.34965    -1.12624    0.0139223    0.0206568
1.37333    -1.1265    0.0131097    0.0211261
1.39631    -1.12653    0.012151    0.0215892
1.41843    -1.12637    0.0110915    0.022042
1.43956    -1.12606    0.00997213    0.0224807
1.4596    -1.12562    0.00882927    0.0229019
1.47846    -1.1251    0.00769402    0.0233026
1.49606    -1.12452    0.00659237    0.0236805
1.51236    -1.12391    0.00554541    0.0240335
1.5273    -1.12328    0.00456974    0.0243598
1.54087    -1.12267    0.0036778    0.0246584
1.55304    -1.12208    0.0028784    0.0249282
1.5638    -1.12153    0.00217716    0.0251685
1.57317    -1.12104    0.0015769    0.0253789
1.58114    -1.1206    0.00107809    0.0255593
1.58772    -1.12022    0.000679214    0.0257097
1.59295    -1.11992    0.000377078    0.0258303
1.59685    -1.11969    0.000167129    0.0259215
1.59945    -1.11954    4.36996e-05    0.0259839
1.60077    -1.11946    2.35747e-07    0.026018
1.60087    -1.11946    2.94867e-05    0.0260249
1.59978    -1.11952    0.000123673    0.0260053
1.59755    -1.11965    0.000274632    0.0259604
1.59422    -1.11985    0.000473938    0.0258913
1.58985    -1.1201    0.000713014    0.0257992
1.5845    -1.12041    0.00098323    0.0256854
1.5782    -1.12076    0.00127599    0.0255514
1.57103    -1.12115    0.0015828    0.0253985
1.56305    -1.12157    0.00189539    0.0252284
1.55431    -1.12202    0.00220573    0.0250424
1.54489    -1.12248    0.00250615    0.0248422
1.53484    -1.12295    0.00278942    0.0246295
1.52424    -1.12342    0.0030488    0.0244058
1.51316    -1.12387    0.00327818    0.0241729
1.50167    -1.12432    0.00347213    0.0239324
1.48985    -1.12473    0.003626    0.023686
1.47776    -1.12512    0.00373602    0.0234353
1.4655    -1.12547    0.0037994    0.023182
1.45313    -1.12578    0.0038144    0.0229277
1.44073    -1.12603    0.00378042    0.0226741
1.4284    -1.12624    0.00369806    0.0224226
1.41619    -1.1264    0.00356914    0.022175
1.4042    -1.1265    0.00339673    0.0219326
1.39251    -1.12654    0.0031851    0.0216969
1.38118    -1.12654    0.00293969    0.0214694
1.3703    -1.12648    0.00266696    0.0212514
1.35994    -1.12639    0.00237422    0.0210441
1.35016    -1.12625    0.00206947    0.0208489
1.34103    -1.12609    0.00176108    0.0206669
1.33261    -1.12591    0.00145754    0.020499
1.32495    -1.12571    0.00116712    0.0203461
1.31809    -1.12551    0.000897534    0.0202092
1.31208    -1.12532    0.000655654    0.0200887
1.30694    -1.12514    0.000447188    0.0199852
1.3027    -1.12498    0.000276457    0.019899
1.29936    -1.12485    0.00014622    0.0198304
1.29693    -1.12475    5.75805e-05    0.0197792
1.29541    -1.12469    9.98793e-06    0.0197455
1.29478    -1.12466    1.31727e-06    0.0197289
1.29501    -1.12467    2.80367e-05    0.0197288
1.29607    -1.12472    8.54415e-05    0.0197449
1.29792    -1.12479    0.000167939    0.0197763
1.30052    -1.1249    0.000269361    0.0198222
1.30382    -1.12502    0.000383287    0.0198816
1.30775    -1.12517    0.000503354    0.0199536
1.31225    -1.12533    0.000623529    0.0200371
1.31726    -1.12549    0.000738346    0.0201309
1.32271    -1.12565    0.000843088    0.0202338
1.32854    -1.12581    0.000933904    0.0203445
1.33467    -1.12596    0.00100788    0.0204619
1.34104    -1.12609    0.00106306    0.0205846
1.34759    -1.12621    0.0010984    0.0207115
1.35424    -1.12631    0.00111371    0.0208413
1.36093    -1.1264    0.00110957    0.0209727
1.36762    -1.12646    0.0010872    0.0211047
1.37424    -1.12651    0.00104833    0.0212362
1.38073    -1.12653    0.000995117    0.021366
1.38706    -1.12654    0.000929967    0.0214931
1.39318    -1.12654    0.000855453    0.0216167
1.39905    -1.12652    0.000774203    0.0217358
1.40464    -1.12649    0.000688807    0.0218497
1.4099    -1.12645    0.000601742    0.0219576
1.41483    -1.12641    0.000515308    0.0220591
1.41938    -1.12636    0.00043158    0.0221534
1.42355    -1.12631    0.000352374    0.0222401
1.42732    -1.12626    0.000279222    0.0223189
1.43067    -1.12621    0.000213358    0.0223894
1.4336    -1.12616    0.000155721    0.0224515
1.43611    -1.12612    0.000106952    0.0225049
1.43818    -1.12608    6.74149e-05    0.0225495
1.43983    -1.12605    3.72044e-05    0.0225854
1.44105    -1.12603    1.61742e-05    0.0226127
1.44186    -1.12601    3.95847e-06    0.0226313
1.44226    -1.12601    2.18417e-10    0.0226416
1.44226    -1.12601    3.57943e-06    0.0226436
1.44188    -1.12601    1.38428e-05    0.0226377
1.44114    -1.12603    2.98338e-05    0.0226243
1.44004    -1.12605    5.05218e-05    0.0226036
1.43862    -1.12607    7.48319e-05    0.022576
1.43688    -1.12611    0.000101672    0.0225421
1.43486    -1.12614    0.000129961    0.0225022
1.43257    -1.12618    0.00015865    0.0224568
1.43004    -1.12622    0.000186751    0.0224065
1.4273    -1.12626    0.000213351    0.0223517
1.42437    -1.1263    0.000237634    0.0222931
1.42127    -1.12634    0.000258897    0.0222312
1.41804    -1.12638    0.000276558    0.0221664
1.41471    -1.12641    0.000290168    0.0220995
1.41129    -1.12644    0.000299416    0.0220308
1.40782    -1.12647    0.000304132    0.0219611
1.40432    -1.12649    0.000304284    0.0218908
1.40082    -1.12651    0.000299973    0.0218204
1.39734    -1.12653    0.000291429    0.0217506
1.39391    -1.12654    0.000278993    0.0216817
1.39056    -1.12654    0.000263108    0.0216143
1.38731    -1.12654    0.000244302    0.0215488
1.38417    -1.12654    0.000223166    0.0214856
1.38117    -1.12654    0.000200337    0.0214252
1.37833    -1.12653    0.000176474    0.0213679
1.37567    -1.12651    0.000152239    0.0213141
1.37319    -1.1265    0.000128276    0.021264
1.37092    -1.12649    0.000105192    0.0212179
1.36886    -1.12647    8.35345e-05    0.021176
1.36702    -1.12646    6.37835e-05    0.0211386
1.36542    -1.12644    4.63339e-05    0.0211057
1.36406    -1.12643    3.14884e-05    0.0210775
1.36293    -1.12642    1.94517e-05    0.021054
1.36204    -1.12641    1.0329e-05    0.0210352
1.3614    -1.1264    4.12767e-06    0.0210212
1.36099    -1.1264    7.62458e-07    0.0210119
1.36082    -1.1264    6.38215e-08    0.0210072
1.36087    -1.1264    1.78871e-06    0.021007
1.36114    -1.1264    5.63344e-06    0.0210112
1.36161    -1.1264    1.12479e-05    0.0210194
1.36229    -1.12641    1.82504e-05    0.0210316
1.36314    -1.12642    2.62432e-05    0.0210476
1.36417    -1.12643    3.48266e-05    0.0210669
1.36535    -1.12644    4.36128e-05    0.0210895
1.36668    -1.12645    5.22383e-05    0.0211149
1.36813    -1.12647    6.03737e-05    0.0211429
1.36969    -1.12648    6.77328e-05    0.0211732
1.37134    -1.12649    7.4078e-05    0.0212054
1.37307    -1.1265    7.92248e-05    0.0212392
1.37485    -1.12651    8.30432e-05    0.0212743
1.37668    -1.12652    8.54578e-05    0.0213104
1.37854    -1.12653    8.64455e-05    0.0213471
1.3804    -1.12653    8.60319e-05    0.0213841
1.38227    -1.12654    8.42865e-05    0.0214212
1.38411    -1.12654    8.13168e-05    0.021458
1.38592    -1.12654    7.72614e-05    0.0214943
1.38768    -1.12654    7.22834e-05    0.0215297
1.38939    -1.12654    6.6563e-05    0.0215641
1.39103    -1.12654    6.02906e-05    0.0215972
1.39258    -1.12654    5.36599e-05    0.0216288
1.39405    -1.12654    4.6862e-05    0.0216587
1.39543    -1.12653    4.00794e-05    0.0216867
1.3967    -1.12653    3.34817e-05    0.0217128
1.39786    -1.12653    2.72212e-05    0.0217366
1.39891    -1.12652    2.14299e-05    0.0217582
1.39984    -1.12652    1.62169e-05    0.0217775
1.40064    -1.12651    1.16676e-05    0.0217944
1.40133    -1.12651    7.84246e-06    0.0218088
1.40189    -1.12651    4.77728e-06    0.0218208
1.40233    -1.12651    2.48411e-06    0.0218302
1.40265    -1.1265    9.52545e-07    0.0218372
1.40284    -1.1265    1.51649e-07    0.0218418
1.40292    -1.1265    3.23066e-08    0.021844
1.40288    -1.1265    5.29875e-07    0.0218439
1.40274    -1.1265    1.56708e-06    0.0218415
1.40249    -1.12651    3.05706e-06    0.021837
1.40214    -1.12651    4.90645e-06    0.0218305
1.40169    -1.12651    7.0184e-06    0.021822
1.40116    -1.12651    9.29559e-06    0.0218118
1.40055    -1.12652    1.16429e-05    0.0217999
1.39986    -1.12652    1.39701e-05    0.0217866
1.39911    -1.12652    1.6194e-05    0.0217718
1.3983    -1.12652    1.824e-05    0.0217559
1.39745    -1.12653    2.00445e-05    0.021739
1.39655    -1.12653    2.15552e-05    0.0217212
1.39562    -1.12653    2.27322e-05    0.0217027
1.39466    -1.12654    2.35486e-05    0.0216837
1.39369    -1.12654    2.39901e-05    0.0216643
1.3927    -1.12654    2.40548e-05    0.0216446
1.39172    -1.12654    2.37525e-05    0.021625
1.39074    -1.12654    2.31038e-05    0.0216054
1.38978    -1.12654    2.21386e-05    0.021586
1.38883    -1.12654    2.08949e-05    0.021567
1.38792    -1.12654    1.94169e-05    0.0215486
1.38703    -1.12654    1.77535e-05    0.0215308
1.38619    -1.12654    1.59565e-05    0.0215137
1.38538    -1.12654    1.40789e-05    0.0214975
1.38463    -1.12654    1.21729e-05    0.0214822
1.38393    -1.12654    1.02889e-05    0.021468
1.38329    -1.12654    8.47346e-06    0.0214549
1.3827    -1.12654    6.76861e-06    0.0214429
1.38218    -1.12654    5.21049e-06    0.0214322
1.38172    -1.12654    3.82875e-06    0.0214227
1.38133    -1.12654    2.64595e-06    0.0214146
1.381    -1.12653    1.67739e-06    0.0214077
1.38074    -1.12653    9.30977e-07    0.0214022
1.38055    -1.12653    4.07546e-07    0.021398
1.38042    -1.12653    1.01219e-07    0.0213951
1.38036    -1.12653    4.16285e-11    0.0213935
1.38036    -1.12653    8.67473e-08    0.0213931
1.38042    -1.12653    3.3964e-07    0.021394
1.38053    -1.12653    7.33561e-07    0.021396
1.38071    -1.12653    1.24091e-06    0.0213991
1.38093    -1.12653    1.83265e-06    0.0214033
1.3812    -1.12654    2.47934e-06    0.0214084
1.38152    -1.12654    3.15203e-06    0.0214145
1.38187    -1.12654    3.82317e-06    0.0214214
1.38226    -1.12654    4.46735e-06    0.021429
1.38269    -1.12654    5.06192e-06    0.0214373
1.38314    -1.12654    5.58752e-06    0.0214461
1.38361    -1.12654    6.02841e-06    0.0214554
1.38411    -1.12654    6.37274e-06    0.0214652
1.38461    -1.12654    6.61258e-06    0.0214752
1.38513    -1.12654    6.74395e-06    0.0214854
1.38565    -1.12654    6.76657e-06    0.0214958
1.38617    -1.12654    6.68367e-06    0.0215062
1.38669    -1.12654    6.50157e-06    0.0215166
1.3872    -1.12654    6.22932e-06    0.0215268
1.3877    -1.12654    5.87818e-06    0.0215369
1.38819    -1.12654    5.46114e-06    0.0215467
1.38866    -1.12654    4.99236e-06    0.0215561
1.38911    -1.12654    4.48669e-06    0.0215652
1.38953    -1.12654    3.95915e-06    0.0215738
1.38993    -1.12654    3.42446e-06    0.0215819
1.3903    -1.12654    2.8966e-06    0.0215895
1.39065    -1.12654    2.38849e-06    0.0215965
1.39096    -1.12654    1.91161e-06    0.0216028
1.39123    -1.12654    1.47579e-06    0.0216086
1.39148    -1.12654    1.08904e-06    0.0216136
1.39169    -1.12654    7.57392e-07    0.021618
1.39186    -1.12654    4.84912e-07    0.0216217
1.392    -1.12654    2.73675e-07    0.0216246
1.39211    -1.12654    1.23852e-07    0.0216269
1.39218    -1.12654    3.38382e-08    0.0216285
1.39221    -1.12654    4.15351e-10    0.0216294
1.39222    -1.12654    1.89603e-08    0.0216297
1.39219    -1.12654    8.36749e-08    0.0216293
1.39213    -1.12654    1.87837e-07    0.0216283
1.39205    -1.12654    3.2406e-07    0.0216267
1.39193    -1.12654    4.84555e-07    0.0216246
1.39179    -1.12654    6.6139e-07    0.0216219
1.39163    -1.12654    8.4673e-07    0.0216188
1.39144    -1.12654    1.03306e-06    0.0216152
1.39124    -1.12654    1.21339e-06    0.0216112
1.39102    -1.12654    1.38143e-06    0.0216069
1.39078    -1.12654    1.5317e-06    0.0216023
1.39053    -1.12654    1.65969e-06    0.0215974
1.39028    -1.12654    1.76189e-06    0.0215922
1.39001    -1.12654    1.83582e-06    0.021587
1.38974    -1.12654    1.88006e-06    0.0215816
1.38946    -1.12654    1.89423e-06    0.0215761
1.38919    -1.12654    1.87889e-06    0.0215706
1.38891    -1.12654    1.83551e-06    0.0215651
1.38864    -1.12654    1.76631e-06    0.0215596
1.38837    -1.12654    1.67419e-06    0.0215543
1.38811    -1.12654    1.56258e-06    0.021549
1.38786    -1.12654    1.43531e-06    0.021544
1.38762    -1.12654    1.29642e-06    0.0215391
1.38739    -1.12654    1.15011e-06    0.0215345
1.38718    -1.12654    1.00052e-06    0.0215301
1.38698    -1.12654    8.51644e-07    0.0215261
1.38679    -1.12654    7.07226e-07    0.0215223
1.38662    -1.12654    5.70642e-07    0.0215188
1.38647    -1.12654    4.44828e-07    0.0215157
1.38634    -1.12654    3.32224e-07    0.0215129
1.38622    -1.12654    2.34724e-07    0.0215105
1.38612    -1.12654    1.53661e-07    0.0215085
1.38605    -1.12654    8.97975e-08    0.0215068
1.38599    -1.12654    4.33447e-08    0.0215055
1.38594    -1.12654    1.39876e-08    0.0215046
1.38592    -1.12654    9.3227e-10    0.021504
1.38591    -1.12654    2.96039e-09    0.0215038
1.38593    -1.12654    1.84949e-08    0.021504
1.38595    -1.12654    4.56714e-08    0.0215044
1.386    -1.12654    8.24145e-08    0.0215052
1.38605    -1.12654    1.26514e-07    0.0215063
1.38612    -1.12654    1.75703e-07    0.0215076
1.38621    -1.12654    2.27726e-07    0.0215092
1.3863    -1.12654    2.80413e-07    0.0215111
1.38641    -1.12654    3.31734e-07    0.0215131
1.38653    -1.12654    3.79852e-07    0.0215154
1.38665    -1.12654    4.23167e-07    0.0215178
1.38678    -1.12654    4.60346e-07    0.0215204
1.38692    -1.12654    4.90347e-07    0.0215231
1.38706    -1.12654    5.12429e-07    0.0215258
1.3872    -1.12654    5.26152e-07    0.0215287
1.38735    -1.12654    5.31371e-07    0.0215316
1.38749    -1.12654    5.2822e-07    0.0215345
1.38764    -1.12654    5.17088e-07    0.0215374
1.38778    -1.12654    4.98588e-07    0.0215403
1.38792    -1.12654    4.73524e-07    0.0215432
1.38806    -1.12654    4.42851e-07    0.0215459
1.3882    -1.12654    4.0764e-07    0.0215486
1.38832    -1.12654    3.6903e-07    0.0215512
1.38845    -1.12654    3.28197e-07    0.0215537
1.38856    -1.12654    2.86308e-07    0.021556
1.38867    -1.12654    2.44491e-07    0.0215582
1.38877    -1.12654    2.03802e-07    0.0215602
1.38886    -1.12654    1.65197e-07    0.0215621
1.38894    -1.12654    1.2951e-07    0.0215638
1.38901    -1.12654    9.7437e-08    0.0215652
1.38907    -1.12654    6.9524e-08    0.0215665
1.38913    -1.12654    4.616e-08    0.0215677
1.38917    -1.12654    2.7576e-08    0.0215686
1.3892    -1.12654    1.3849e-08    0.0215693
1.38923    -1.12654    4.90997e-09    0.0215698
1.38924    -1.12654    5.55408e-10    0.0215701
1.38925    -1.12654    4.62748e-10    0.0215703
1.38924    -1.12654    4.20787e-09    0.0215702
1.38923    -1.12654    1.12846e-08    0.02157
1.38921    -1.12654    2.11254e-08    0.0215696
1.38918    -1.12654    3.31225e-08    0.0215691
1.38914    -1.12654    4.66484e-08    0.0215684
1.3891    -1.12654    6.10764e-08    0.0215676
1.38905    -1.12654    7.57991e-08    0.0215666
1.38899    -1.12654    9.0245e-08    0.0215656
1.38893    -1.12654    1.03893e-07    0.0215644
1.38887    -1.12654    1.16287e-07    0.0215631
1.3888    -1.12654    1.27039e-07    0.0215618
1.38873    -1.12654    1.35843e-07    0.0215604
1.38865    -1.12654    1.42475e-07    0.0215589
1.38858    -1.12654    1.46795e-07    0.0215574
1.3885    -1.12654    1.48745e-07    0.0215559
1.38842    -1.12654    1.48344e-07    0.0215543
1.38835    -1.12654    1.45685e-07    0.0215528
1.38827    -1.12654    1.40927e-07    0.0215512
1.3882    -1.12654    1.3428e-07    0.0215497
1.38812    -1.12654    1.26003e-07    0.0215482
1.38805    -1.12654    1.16388e-07    0.0215468
1.38798    -1.12654    1.0575e-07    0.0215454
1.38792    -1.12654    9.44169e-08    0.0215441
1.38786    -1.12654    8.27158e-08    0.0215429
1.3878    -1.12654    7.09665e-08    0.0215417
1.38774    -1.12654    5.947e-08    0.0215406
1.3877    -1.12654    4.85018e-08    0.0215396
1.38765    -1.12654    3.83043e-08    0.0215387
1.38761    -1.12654    2.90822e-08    0.0215379
1.38758    -1.12654    2.09985e-08    0.0215372
1.38755    -1.12654    1.41727e-08    0.0215366
1.38752    -1.12654    8.67947e-09    0.0215361
1.38751    -1.12654    4.54994e-09    0.0215357
1.38749    -1.12654    1.77326e-09    0.0215354
1.38748    -1.12654    2.9989e-10    0.0215352
1.38748    -1.12654    4.56007e-11    0.0215351
1.38748    -1.12654    8.9637e-10    0.0215351
1.38749    -1.12654    2.71379e-09    0.0215352
1.3875    -1.12654    5.34086e-09    0.0215353
1.38751    -1.12654    8.60799e-09    0.0215356
1.38753    -1.12654    1.23389e-08    0.021536
1.38755    -1.12654    1.63565e-08    0.0215364
1.38758    -1.12654    2.04881e-08    0.0215369
1.38761    -1.12654    2.45704e-08    0.0215374
1.38764    -1.12654    2.84538e-08    0.0215381
1.38767    -1.12654    3.20058e-08    0.0215387
1.38771    -1.12654    3.51142e-08    0.0215394
1.38775    -1.12654    3.76884e-08    0.0215402
1.38779    -1.12654    3.96615e-08    0.0215409
1.38783    -1.12654    4.09899e-08    0.0215417
1.38787    -1.12654    4.16535e-08    0.0215425
1.38791    -1.12654    4.16544e-08    0.0215434
1.38795    -1.12654    4.10155e-08    0.0215442
1.38799    -1.12654    3.97782e-08    0.021545
1.38803    -1.12654    3.8e-08    0.0215458
1.38807    -1.12654    3.57514e-08    0.0215466
1.38811    -1.12654    3.31132e-08    0.0215473
1.38814    -1.12654    3.01731e-08    0.0215481
1.38818    -1.12654    2.70225e-08    0.0215488
1.38821    -1.12654    2.37536e-08    0.0215494
1.38824    -1.12654    2.04565e-08    0.0215501
1.38827    -1.12654    1.72167e-08    0.0215507
1.3883    -1.12654    1.41125e-08    0.0215512
1.38832    -1.12654    1.12136e-08    0.0215517
1.38834    -1.12654    8.57894e-09    0.0215521
1.38836    -1.12654    6.25622e-09    0.0215525
1.38838    -1.12654    4.28087e-09    0.0215528
1.38839    -1.12654    2.67587e-09    0.0215531
1.3884    -1.12654    1.45194e-09    0.0215533
1.38841    -1.12654    6.07977e-10    0.0215535
1.38841    -1.12654    1.31898e-10    0.0215536
1.38841    -1.12654    1.74554e-12    0.0215537
1.38841    -1.12654    1.86994e-10    0.0215537
1.38841    -1.12654    6.50047e-10    0.0215537
1.38841    -1.12654    1.34784e-09    0.0215536
1.3884    -1.12654    2.23348e-09    0.0215534
1.38839    -1.12654    3.25796e-09    0.0215532
1.38838    -1.12654    4.37169e-09    0.021553
1.38836    -1.12654    5.5261e-09    0.0215528
1.38835    -1.12654    6.67499e-09    0.0215525
1.38833    -1.12654    7.77574e-09    0.0215522
1.38832    -1.12654    8.79036e-09    0.0215518
1.3883    -1.12654    9.68634e-09    0.0215514
1.38828    -1.12654    1.04372e-08    0.0215511
1.38826    -1.12654    1.10229e-08    0.0215507
1.38824    -1.12654    1.143e-08    0.0215502
1.38821    -1.12654    1.16516e-08    0.0215498
1.38819    -1.12654    1.16871e-08    0.0215494
1.38817    -1.12654    1.15418e-08    0.0215489
1.38815    -1.12654    1.12264e-08    0.0215485
1.38813    -1.12654    1.0756e-08    0.0215481
1.38811    -1.12654    1.01498e-08    0.0215477
1.38809    -1.12654    9.42981e-09    0.0215473
1.38807    -1.12654    8.62034e-09    0.0215469
1.38805    -1.12654    7.74683e-09    0.0215465
1.38803    -1.12654    6.83514e-09    0.0215461
1.38801    -1.12654    5.91069e-09    0.0215458
1.388    -1.12654    4.99775e-09    0.0215455
1.38799    -1.12654    4.11873e-09    0.0215452
1.38797    -1.12654    3.29365e-09    0.0215449
1.38796    -1.12654    2.53969e-09    0.0215447
1.38795    -1.12654    1.87087e-09    0.0215445
1.38794    -1.12654    1.2978e-09    0.0215443
1.38793    -1.12654    8.27617e-10    0.0215442
1.38793    -1.12654    4.63998e-10    0.021544
1.38792    -1.12654    2.07258e-10    0.0215439
1.38792    -1.12654    5.45842e-11    0.0215439
1.38792    -1.12654    3.19079e-13    0.0215438
1.38792    -1.12654    3.63253e-11    0.0215438
1.38792    -1.12654    1.52394e-10    0.0215438
1.38792    -1.12654    3.36692e-10    0.0215439
1.38793    -1.12654    5.76225e-10    0.0215439
1.38793    -1.12654    8.57306e-10    0.021544
1.38794    -1.12654    1.16602e-09    0.0215442
1.38795    -1.12654    1.48863e-09    0.0215443
1.38795    -1.12654    1.81203e-09    0.0215444
1.38796    -1.12654    2.12405e-09    0.0215446
1.38797    -1.12654    2.41375e-09    0.0215448
1.38798    -1.12654    2.67173e-09    0.021545
1.38799    -1.12654    2.89022e-09    0.0215452
1.388    -1.12654    3.06328e-09    0.0215454
1.38801    -1.12654    3.18678e-09    0.0215456
1.38802    -1.12654    3.25848e-09    0.0215458
1.38804    -1.12654    3.27789e-09    0.0215461
1.38805    -1.12654    3.24622e-09    0.0215463
1.38806    -1.12654    3.16618e-09    0.0215465
1.38807    -1.12654    3.04183e-09    0.0215467
1.38808    -1.12654    2.87837e-09    0.021547
1.38809    -1.12654    2.68185e-09    0.0215472
1.3881    -1.12654    2.45897e-09    0.0215474
1.38811    -1.12654    2.21684e-09    0.0215476
1.38812    -1.12654    1.96271e-09    0.0215478
1.38813    -1.12654    1.70374e-09    0.021548
1.38814    -1.12654    1.44679e-09    0.0215481
1.38815    -1.12654    1.19827e-09    0.0215483
1.38815    -1.12654    9.63902e-10    0.0215484
1.38816    -1.12654    7.48659e-10    0.0215486
1.38816    -1.12654    5.56631e-10    0.0215487
1.38817    -1.12654    3.90965e-10    0.0215488
1.38817    -1.12654    2.53838e-10    0.0215489
1.38818    -1.12654    1.46451e-10    0.0215489
1.38818    -1.12654    6.9059e-11    0.021549
1.38818    -1.12654    2.10278e-11    0.021549
1.38818    -1.12654    9.10821e-13    0.021549
1.38818    -1.12654    6.54742e-12    0.021549
1.38818    -1.12654    3.51755e-11    0.021549
1.38818    -1.12654    8.3555e-11    0.021549
1.38818    -1.12654    1.48097e-10    0.021549
1.38818    -1.12654    2.24994e-10    0.0215489
1.38817    -1.12654    3.10352e-10    0.0215489
1.38817    -1.12654    4.00309e-10    0.0215488
1.38817    -1.12654    4.9115e-10    0.0215487
1.38816    -1.12654    5.79412e-10    0.0215487
1.38816    -1.12654    6.61965e-10    0.0215486
1.38815    -1.12654    7.36087e-10    0.0215485
1.38815    -1.12654    7.99517e-10    0.0215484
1.38814    -1.12654    8.50489e-10    0.0215482
1.38813    -1.12654    8.87757e-10    0.0215481
1.38813    -1.12654    9.1059e-10    0.021548
1.38812    -1.12654    9.18761e-10    0.0215479
1.38812    -1.12654    9.12522e-10    0.0215478
1.38811    -1.12654    8.92557e-10    0.0215476
1.3881    -1.12654    8.59939e-10    0.0215475
1.3881    -1.12654    8.16063e-10    0.0215474
1.38809    -1.12654    7.62588e-10    0.0215473
1.38809    -1.12654    7.01364e-10    0.0215472
1.38808    -1.12654    6.34364e-10    0.0215471
1.38808    -1.12654    5.63616e-10    0.021547
1.38807    -1.12654    4.91138e-10    0.0215469
1.38807    -1.12654    4.18875e-10    0.0215468
1.38806    -1.12654    3.48647e-10    0.0215467
1.38806    -1.12654    2.821e-10    0.0215466
1.38806    -1.12654    2.2067e-10    0.0215465
1.38805    -1.12654    1.65551e-10    0.0215465
1.38805    -1.12654    1.17676e-10    0.0215464
1.38805    -1.12654    7.77083e-11    0.0215464
1.38805    -1.12654    4.60343e-11    0.0215464
1.38805    -1.12654    2.27752e-11    0.0215463
1.38804    -1.12654    7.79835e-12    0.0215463
1.38804    -1.12654    7.38966e-13    0.0215463
1.38804    -1.12654    1.02647e-12    0.0215463
1.38804    -1.12654    7.91542e-12    0.0215463
1.38804    -1.12654    2.05196e-11    0.0215463
1.38805    -1.12654    3.78481e-11    0.0215463
1.38805    -1.12654    5.88422e-11    0.0215463
1.38805    -1.12654    8.24115e-11    0.0215464
1.38805    -1.12654    1.07469e-10    0.0215464
1.38805    -1.12654    1.32963e-10    0.0215464
1.38805    -1.12654    1.57908e-10    0.0215465
1.38806    -1.12654    1.81407e-10    0.0215465
1.38806    -1.12654    2.02674e-10    0.0215466
1.38806    -1.12654    2.2105e-10    0.0215466
1.38807    -1.12654    2.36015e-10    0.0215467
1.38807    -1.12654    2.47192e-10    0.0215468
1.38807    -1.12654    2.54348e-10    0.0215468
1.38807    -1.12654    2.57397e-10    0.0215469
1.38808    -1.12654    2.56383e-10    0.0215469
1.38808    -1.12654    2.51477e-10    0.021547
1.38808    -1.12654    2.42962e-10    0.0215471
1.38809    -1.12654    2.31213e-10    0.0215471
1.38809    -1.12654    2.16683e-10    0.0215472
1.38809    -1.12654    1.99883e-10    0.0215473
1.3881    -1.12654    1.8136e-10    0.0215473
1.3881    -1.12654    1.61682e-10    0.0215474
1.3881    -1.12654    1.41415e-10    0.0215474
1.3881    -1.12654    1.21111e-10    0.0215475
1.38811    -1.12654    1.01286e-10    0.0215475
1.38811    -1.12654    8.24126e-11    0.0215476
1.38811    -1.12654    6.49037e-11    0.0215476
1.38811    -1.12654    4.91071e-11    0.0215476
1.38811    -1.12654    3.52984e-11    0.0215477
1.38811    -1.12654    2.3677e-11    0.0215477
1.38811    -1.12654    1.43657e-11    0.0215477
1.38812    -1.12654    7.41187e-12    0.0215477
1.38812    -1.12654    2.79106e-12    0.0215477
1.38812    -1.12654    4.12518e-13    0.0215477
1.38812    -1.12654    1.26396e-13    0.0215477
1.38812    -1.12654    1.73216e-12    0.0215477
1.38812    -1.12654    4.98803e-12    0.0215477
1.38812    -1.12654    9.62099e-12    0.0215477
1.38812    -1.12654    1.53371e-11    0.0215477
1.38811    -1.12654    2.18318e-11    0.0215477
1.38811    -1.12654    2.87995e-11    0.0215477
1.38811    -1.12654    3.59431e-11    0.0215477
1.38811    -1.12654    4.29824e-11    0.0215476
1.38811    -1.12654    4.96609e-11    0.0215476
1.38811    -1.12654    5.57524e-11    0.0215476
1.38811    -1.12654    6.10653e-11    0.0215476
1.38811    -1.12654    6.54463e-11    0.0215475
1.3881    -1.12654    6.87822e-11    0.0215475
1.3881    -1.12654    7.10006e-11    0.0215475
1.3881    -1.12654    7.20692e-11    0.0215474
1.3881    -1.12654    7.19943e-11    0.0215474
1.3881    -1.12654    7.08173e-11    0.0215474
1.3881    -1.12654    6.86119e-11    0.0215473
1.38809    -1.12654    6.54788e-11    0.0215473
1.38809    -1.12654    6.15413e-11    0.0215473
1.38809    -1.12654    5.69397e-11    0.0215472
1.38809    -1.12654    5.18262e-11    0.0215472
1.38809    -1.12654    4.63591e-11    0.0215472
1.38809    -1.12654    4.06978e-11    0.0215471
1.38808    -1.12654    3.49977e-11    0.0215471
1.38808    -1.12654    2.94058e-11    0.0215471
1.38808    -1.12654    2.4057e-11    0.0215471
1.38808    -1.12654    1.90705e-11    0.0215471
1.38808    -1.12654    1.45472e-11    0.021547
1.38808    -1.12654    1.05683e-11    0.021547
1.38808    -1.12654    7.19375e-12    0.021547
1.38808    -1.12654    4.46188e-12    0.021547
1.38808    -1.12654    2.38987e-12    0.021547
1.38808    -1.12654    9.74513e-13    0.021547
1.38808    -1.12654    1.93708e-13    0.021547
1.38808    -1.12654    8.35841e-15    0.021547
1.38808    -1.12654    3.64703e-13    0.021547
1.38808    -1.12654    1.19691e-12    0.021547
1.38808    -1.12654    2.42986e-12    0.021547
1.38808    -1.12654    3.98204e-12    0.021547
1.38808    -1.12654    5.7684e-12    0.021547
1.38808    -1.12654    7.70314e-12    0.021547
1.38808    -1.12654    9.70238e-12    0.021547
1.38808    -1.12654    1.16865e-11    0.021547
1.38808    -1.12654    1.35822e-11    0.021547
1.38808    -1.12654    1.53244e-11    0.021547
1.38808    -1.12654    1.68576e-11    0.0215471
1.38808    -1.12654    1.81367e-11    0.0215471
1.38808    -1.12654    1.91279e-11    0.0215471
1.38809    -1.12654    1.98088e-11    0.0215471
1.38809    -1.12654    2.01682e-11    0.0215471
1.38809    -1.12654    2.0206e-11    0.0215472
1.38809    -1.12654    1.99321e-11    0.0215472
1.38809    -1.12654    1.93654e-11    0.0215472
1.38809    -1.12654    1.8533e-11    0.0215472
1.38809    -1.12654    1.74684e-11    0.0215472
1.38809    -1.12654    1.621e-11    0.0215472
1.38809    -1.12654    1.48001e-11    0.0215473
1.38809    -1.12654    1.32827e-11    0.0215473
1.38809    -1.12654    1.17027e-11    0.0215473
1.38809    -1.12654    1.0104e-11    0.0215473
1.3881    -1.12654    8.52812e-12    0.0215473
1.3881    -1.12654    7.0137e-12    0.0215473
1.3881    -1.12654    5.59499e-12    0.0215473
1.3881    -1.12654    4.30129e-12    0.0215473
1.3881    -1.12654    3.15639e-12    0.0215474
1.3881    -1.12654    2.1782e-12    0.0215474
1.3881    -1.12654    1.3786e-12    0.0215474
1.3881    -1.12654    7.63493e-13    0.0215474
1.3881    -1.12654    3.33004e-13    0.0215474
1.3881    -1.12654    8.18831e-14    0.0215474
1.3881    -1.12654    9.50353e-18    0.0215474
1.3881    -1.12654    7.30258e-14    0.0215474
1.3881    -1.12654    2.83052e-13    0.0215474
1.3881    -1.12654    6.09457e-13    0.0215474
1.3881    -1.12654    1.02967e-12    0.0215474
1.3881    -1.12654    1.51997e-12    0.0215474
1.3881    -1.12654    2.0563e-12    0.0215474
1.3881    -1.12654    2.615e-12    0.0215474
1.3881    -1.12654    3.17348e-12    0.0215474
1.3881    -1.12654    3.71085e-12    0.0215473
1.3881    -1.12654    4.20839e-12    0.0215473
1.3881    -1.12654    4.65002e-12    0.0215473
1.3881    -1.12654    5.02255e-12    0.0215473
1.3881    -1.12654    5.3159e-12    0.0215473
1.38809    -1.12654    5.52321e-12    0.0215473
1.38809    -1.12654    5.64078e-12    0.0215473
1.38809    -1.12654    5.66799e-12    0.0215473
1.38809    -1.12654    5.60711e-12    0.0215473
1.38809    -1.12654    5.46303e-12    0.0215473
1.38809    -1.12654    5.2429e-12    0.0215473
1.38809    -1.12654    4.95582e-12    0.0215472
1.38809    -1.12654    4.61234e-12    0.0215472
1.38809    -1.12654    4.22414e-12    0.0215472
1.38809    -1.12654    3.80352e-12    0.0215472
1.38809    -1.12654    3.36301e-12    0.0215472
1.38809    -1.12654    2.91498e-12    0.0215472
1.38809    -1.12654    2.47127e-12    0.0215472
1.38809    -1.12654    2.04285e-12    0.0215472
1.38809    -1.12654    1.63957e-12    0.0215472
1.38809    -1.12654    1.26992e-12    0.0215472
1.38809    -1.12654    9.40853e-13    0.0215472
1.38809    -1.12654    6.57708e-13    0.0215472
1.38809    -1.12654    4.24127e-13    0.0215472
1.38809    -1.12654    2.42073e-13    0.0215472
1.38809    -1.12654    1.11875e-13    0.0215472
1.38809    -1.12654    3.23311e-14    0.0215472
1.38809    -1.12654    8.46655e-16    0.0215472
1.38809    -1.12654    1.36031e-14    0.0215472
1.38809    -1.12654    6.57562e-14    0.0215472
1.38809    -1.12654    1.5165e-13    0.0215472
1.38809    -1.12654    2.65041e-13    0.0215472
1.38809    -1.12654    3.99325e-13    0.0215472
1.38809    -1.12654    5.4776e-13    0.0215472
1.38809    -1.12654    7.03678e-13    0.0215472
1.38809    -1.12654    8.60679e-13    0.0215472
1.38809    -1.12654    1.01281e-12    0.0215472
1.38809    -1.12654    1.15469e-12    0.0215472
1.38809    -1.12654    1.28168e-12    0.0215472
1.38809    -1.12654    1.38993e-12    0.0215472
1.38809    -1.12654    1.47644e-12    0.0215472
1.38809    -1.12654    1.53912e-12    0.0215472
1.38809    -1.12654    1.57678e-12    0.0215472
1.38809    -1.12654    1.58908e-12    0.0215472
1.38809    -1.12654    1.57652e-12    0.0215472
1.38809    -1.12654    1.54032e-12    0.0215472
1.38809    -1.12654    1.4824e-12    0.0215472
1.38809    -1.12654    1.40521e-12    0.0215472
1.38809    -1.12654    1.31163e-12    0.0215472
1.38809    -1.12654    1.2049e-12    0.0215472
1.38809    -1.12654    1.08843e-12    0.0215472
1.38809    -1.12654    9.65736e-13    0.0215473
1.38809    -1.12654    8.40299e-13    0.0215473
1.38809    -1.12654    7.15472e-13    0.0215473
1.38809    -1.12654    5.94384e-13    0.0215473
1.38809    -1.12654    4.79855e-13    0.0215473
1.38809    -1.12654    3.74341e-13    0.0215473
1.38809    -1.12654    2.79875e-13    0.0215473
1.38809    -1.12654    1.98038e-13    0.0215473
1.38809    -1.12654    1.29938e-13    0.0215473
1.38809    -1.12654    7.62133e-14    0.0215473
1.38809    -1.12654    3.70385e-14    0.0215473
1.38809    -1.12654    1.2154e-14    0.0215473
1.38809    -1.12654    9.01607e-16    0.0215473
1.38809    -1.12654    2.27073e-15    0.0215473
1.38809    -1.12654    1.49526e-14    0.0215473
1.38809    -1.12654    3.73996e-14    0.0215473
1.38809    -1.12654    6.78875e-14    0.0215473
1.38809    -1.12654    1.04579e-13    0.0215473
1.38809    -1.12654    1.45588e-13    0.0215473
1.38809    -1.12654    1.89037e-13    0.0215473
1.38809    -1.12654    2.33115e-13    0.0215473
1.38809    -1.12654    2.76124e-13    0.0215473
1.38809    -1.12654    3.16529e-13    0.0215473
1.38809    -1.12654    3.52985e-13    0.0215473
1.38809    -1.12654    3.84369e-13    0.0215473
1.38809    -1.12654    4.09799e-13    0.0215473
1.38809    -1.12654    4.2864e-13    0.0215473
1.38809    -1.12654    4.4051e-13    0.0215473
