1.39449    -1.12654    0.196074    0.0219086
1.30563    -1.12509    0.179666    0.0203592
1.22056    -1.1199    0.160497    0.0186938
1.14017    -1.11043    0.138323    0.0170966
1.06553    -1.09636    0.113252    0.0156527
0.997997    -1.0779    0.0860336    0.0144137
0.939134    -1.05612    0.0583497    0.0133864
0.890659    -1.03319    0.0329026    0.0125671
0.854257    -1.0124    0.0130473    0.0119621
0.831335    -0.997498    0.00184199    0.0115818
0.822722    -0.9915    0.000813903    0.0114346
0.828447    -0.995512    0.00917798    0.0115219
0.847673    -1.00827    0.0241066    0.0118336
0.878831    -1.0268    0.0418767    0.0123469
0.919897    -1.04761    0.0591202    0.0130282
0.968692    -1.06781    0.0735476    0.0138395
1.02312    -1.0855    0.0840544    0.0147441
1.0813    -1.09983    0.0904578    0.0157125
1.14165    -1.11066    0.093137    0.0167249
1.2029    -1.11825    0.0927321    0.0177724
1.26401    -1.12309    0.0899443    0.0188547
1.32419    -1.12569    0.0854279    0.0199734
1.38285    -1.12654    0.0797428    0.0211243
1.43952    -1.12606    0.0733429    0.022293
1.49387    -1.1246    0.0665829    0.0234578
1.54565    -1.12244    0.0597321    0.0245979
1.59469    -1.11982    0.0529899    0.0256987
1.64089    -1.11691    0.0465002    0.0267515
1.68416    -1.11385    0.0403631    0.027751
1.72448    -1.11075    0.0346449    0.0286935
1.76183    -1.10769    0.0293854    0.0295763
1.79624    -1.10473    0.0246048    0.0303974
1.82771    -1.10192    0.0203082    0.0311553
1.85631    -1.09929    0.01649    0.0318494
1.88208    -1.09687    0.0131366    0.0324792
1.90508    -1.09466    0.010229    0.0330451
1.92538    -1.09269    0.00774452    0.0335475
1.94304    -1.09095    0.00565827    0.0339874
1.95814    -1.08945    0.00394414    0.0343657
1.97074    -1.08819    0.00257559    0.0346838
1.98092    -1.08717    0.00152622    0.0349431
1.98876    -1.08638    0.000770173    0.0351451
1.99433    -1.08582    0.000282359    0.0352913
1.9977    -1.08547    3.86699e-05    0.0353834
1.99895    -1.08535    1.60542e-05    0.035423
1.99815    -1.08543    0.000192554    0.0354118
1.99536    -1.08571    0.000547298    0.0353514
1.99067    -1.08619    0.00106046    0.0352437
1.98413    -1.08685    0.00171321    0.0350903
1.97583    -1.08768    0.00248759    0.0348929
1.96582    -1.08869    0.00336648    0.0346534
1.95417    -1.08985    0.00433343    0.0343736
1.94096    -1.09116    0.00537258    0.0340553
1.92625    -1.0926    0.00646857    0.0337005
1.91011    -1.09418    0.00760638    0.0333112
1.89261    -1.09586    0.00877124    0.0328894
1.87382    -1.09765    0.00994853    0.0324375
1.8538    -1.09953    0.0111237    0.0319575
1.83264    -1.10148    0.0122821    0.0314521
1.8104    -1.10348    0.013409    0.0309235
1.78716    -1.10553    0.0144895    0.0303745
1.763    -1.10759    0.0155085    0.0298077
1.73801    -1.10966    0.0164508    0.0292259
1.71227    -1.11172    0.0173009    0.0286319
1.68587    -1.11373    0.0180433    0.0280288
1.65892    -1.11567    0.0186627    0.0274194
1.6315    -1.11753    0.019144    0.0268067
1.60374    -1.11928    0.0194727    0.0261937
1.57573    -1.1209    0.0196354    0.0255833
1.54761    -1.12235    0.01962    0.0249783
1.5195    -1.12362    0.0194167    0.0243813
1.49154    -1.12468    0.0190181    0.0237949
1.46386    -1.12551    0.0184207    0.0232216
1.43663    -1.12611    0.0176251    0.0226638
1.40999    -1.12645    0.0166373    0.0221236
1.3841    -1.12654    0.0154695    0.0216033
1.35914    -1.12638    0.0141405    0.0211054
1.33528    -1.12597    0.0126767    0.0206323
1.31268    -1.12534    0.011112    0.0201865
1.29153    -1.12452    0.00948731    0.0197709
1.27198    -1.12355    0.0078498    0.0193883
1.2542    -1.12247    0.00625082    0.0190412
1.23834    -1.12135    0.00474359    0.0187322
1.22451    -1.12025    0.00338    0.0184634
1.21285    -1.11921    0.00220699    0.0182363
1.20342    -1.1183    0.00126302    0.018052
1.19629    -1.11757    0.000574834    0.0179113
1.19148    -1.11706    0.000155101    0.017814
1.18898    -1.11679    1.30309e-06    0.0177596
1.18875    -1.11676    9.60061e-05    0.0177471
1.19071    -1.11698    0.000408559    0.017775
1.19477    -1.11741    0.000897964    0.0178413
1.20078    -1.11804    0.00151652    0.0179436
1.2086    -1.11881    0.00221377    0.0180793
1.21804    -1.11968    0.00294028    0.0182456
1.22892    -1.12061    0.00365078    0.0184394
1.24105    -1.12156    0.00430665    0.0186575
1.25422    -1.12248    0.00487729    0.0188968
1.26823    -1.12334    0.00534082    0.0191542
1.2829    -1.12412    0.00568387    0.0194264
1.29803    -1.1248    0.00590089    0.0197103
1.31344    -1.12537    0.00599309    0.020003
1.32898    -1.12582    0.00596714    0.0203014
1.34448    -1.12616    0.00583385    0.0206027
1.35981    -1.12638    0.0056069    0.0209041
1.37484    -1.12651    0.00530171    0.0212029
1.38945    -1.12654    0.00493448    0.0214965
1.40355    -1.1265    0.00452136    0.0217826
1.41704    -1.12639    0.00407791    0.0220592
1.42985    -1.12622    0.00361857    0.0223241
1.44193    -1.12601    0.00315643    0.0225758
1.4532    -1.12578    0.00270301    0.0228126
1.46363    -1.12552    0.00226815    0.0230334
1.47319    -1.12526    0.00186002    0.0232371
1.48185    -1.125    0.00148516    0.0234227
1.48958    -1.12474    0.00114852    0.0235896
1.49638    -1.12451    0.000853616    0.0237374
1.50224    -1.1243    0.000602605    0.0238658
1.50717    -1.12411    0.000396445    0.0239744
1.51117    -1.12395    0.000235019    0.0240635
1.51424    -1.12383    0.000117266    0.024133
1.51642    -1.12374    4.13152e-05    0.0241833
1.51771    -1.12369    4.60407e-06    0.0242147
1.51814    -1.12367    3.99748e-06    0.0242276
1.51773    -1.12369    3.58958e-05    0.0242228
1.51653    -1.12374    9.63369e-05    0.0242007
1.51456    -1.12382    0.000181091    0.0241623
1.51186    -1.12393    0.000285748    0.0241082
1.50847    -1.12406    0.000405803    0.0240394
1.50443    -1.12421    0.000536732    0.0239569
1.49978    -1.12439    0.000674064    0.0238616
1.49457    -1.12457    0.000813455    0.0237545
1.48884    -1.12477    0.000950748    0.0236368
1.48266    -1.12497    0.00108204    0.0235096
1.47606    -1.12517    0.00120375    0.023374
1.46909    -1.12537    0.00131264    0.0232311
1.46182    -1.12557    0.00140592    0.0230821
1.4543    -1.12575    0.00148125    0.0229281
1.44657    -1.12592    0.0015368    0.0227704
1.43871    -1.12607    0.00157129    0.0226102
1.43075    -1.12621    0.001584    0.0224484
1.42277    -1.12632    0.00157479    0.0222864
1.4148    -1.12641    0.0015441    0.0221252
1.40692    -1.12648    0.00149296    0.0219659
1.39916    -1.12652    0.00142293    0.0218095
1.39159    -1.12654    0.00133608    0.021657
1.38426    -1.12654    0.00123494    0.0215095
1.3772    -1.12652    0.0011224    0.0213679
1.37048    -1.12648    0.00100165    0.0212329
1.36413    -1.12643    0.000876063    0.0211055
1.35819    -1.12636    0.000749087    0.0209863
1.3527    -1.12629    0.000624133    0.020876
1.34768    -1.12621    0.000504459    0.0207751
1.34318    -1.12613    0.000393053    0.0206843
1.3392    -1.12605    0.000292533    0.0206038
1.33577    -1.12598    0.000205058    0.020534
1.33289    -1.12591    0.00013226    0.0204751
1.33058    -1.12586    7.51974e-05    0.0204273
1.32884    -1.12581    3.43337e-05    0.0203905
1.32767    -1.12578    9.5446e-06    0.0203647
1.32705    -1.12577    1.48956e-07    0.0203497
1.32697    -1.12577    4.96306e-06    0.0203454
1.32742    -1.12578    2.23752e-05    0.0203513
1.32837    -1.1258    5.04351e-05    0.020367
1.32979    -1.12584    8.69526e-05    0.0203921
1.33166    -1.12588    0.000129601    0.0204261
1.33395    -1.12594    0.000176018    0.0204683
1.33661    -1.126    0.0002239    0.0205181
1.33961    -1.12606    0.00027109    0.0205747
1.34292    -1.12613    0.000315644    0.0206376
1.34648    -1.12619    0.000355886    0.0207059
1.35027    -1.12625    0.000390452    0.0207788
1.35423    -1.12631    0.000418304    0.0208556
1.35834    -1.12637    0.000438742    0.0209355
1.36254    -1.12641    0.000451393    0.0210178
1.36681    -1.12645    0.000456192    0.0211016
1.37109    -1.12649    0.000453356    0.0211863
1.37536    -1.12651    0.000443341    0.0212711
1.37959    -1.12653    0.00042681    0.0213553
1.38374    -1.12654    0.00040458    0.0214383
1.38777    -1.12654    0.00037759    0.0215195
1.39167    -1.12654    0.000346846    0.0215982
1.39541    -1.12653    0.000313393    0.0216739
1.39896    -1.12652    0.00027827    0.0217462
1.40231    -1.12651    0.000242484    0.0218146
1.40543    -1.12649    0.000206979    0.0218787
1.40832    -1.12647    0.000172616    0.0219381
1.41096    -1.12645    0.000140154    0.0219927
1.41333    -1.12642    0.000110242    0.0220421
1.41544    -1.1264    8.34036e-05    0.0220861
1.41727    -1.12638    6.00404e-05    0.0221247
1.41883    -1.12637    4.04275e-05    0.0221577
1.4201    -1.12635    2.47183e-05    0.022185
1.4211    -1.12634    1.29505e-05    0.0222067
1.42182    -1.12633    5.05423e-06    0.0222228
1.42228    -1.12633    8.62637e-07    0.0222333
1.42246    -1.12632    1.23503e-07    0.0222385
1.42239    -1.12632    2.51226e-06    0.0222384
1.42207    -1.12633    7.64561e-06    0.0222332
1.42152    -1.12633    1.50955e-05    0.0222231
1.42074    -1.12634    2.44032e-05    0.0222085
1.41975    -1.12636    3.5093e-05    0.0221894
1.41856    -1.12637    4.66857e-05    0.0221663
1.41719    -1.12639    5.87109e-05    0.0221395
1.41565    -1.1264    7.07189e-05    0.0221092
1.41396    -1.12642    8.22906e-05    0.0220759
1.41214    -1.12644    9.30474e-05    0.0220398
1.41021    -1.12645    0.000102658    0.0220013
1.40817    -1.12647    0.000110845    0.0219608
1.40606    -1.12648    0.00011739    0.0219187
1.40389    -1.1265    0.000122135    0.0218752
1.40167    -1.12651    0.000124983    0.0218309
1.39942    -1.12652    0.000125902    0.0217859
1.39717    -1.12653    0.000124917    0.0217408
1.39493    -1.12654    0.000122107    0.0216958
1.39271    -1.12654    0.000117606    0.0216513
1.39054    -1.12654    0.000111588    0.0216076
1.38842    -1.12654    0.000104267    0.0215649
1.38637    -1.12654    9.58838e-05    0.0215237
1.3844    -1.12654    8.67e-05    0.0214841
1.38253    -1.12654    7.69883e-05    0.0214463
1.38077    -1.12653    6.70238e-05    0.0214107
1.37913    -1.12653    5.70753e-05    0.0213774
1.37761    -1.12652    4.73971e-05    0.0213466
1.37623    -1.12652    3.82223e-05    0.0213185
1.37499    -1.12651    2.97559e-05    0.0212931
1.3739    -1.1265    2.21704e-05    0.0212706
1.37295    -1.1265    1.56017e-05    0.0212511
1.37216    -1.12649    1.0147e-05    0.0212346
1.37152    -1.12649    5.86358e-06    0.0212211
1.37103    -1.12649    2.76956e-06    0.0212107
1.3707    -1.12648    8.45486e-07    0.0212033
1.37052    -1.12648    3.72594e-08    0.0211988
1.37048    -1.12648    2.60029e-07    0.0211973
1.37058    -1.12648    1.4029e-06    0.0211985
1.37082    -1.12649    3.33424e-06    0.0212025
1.37118    -1.12649    5.90731e-06    0.0212091
1.37167    -1.12649    8.96604e-06    0.0212181
1.37227    -1.1265    1.23508e-05    0.0212294
1.37298    -1.1265    1.59037e-05    0.0212428
1.37378    -1.1265    1.94739e-05    0.0212582
1.37466    -1.12651    2.29213e-05    0.0212753
1.37562    -1.12651    2.61211e-05    0.0212939
1.37665    -1.12652    2.89662e-05    0.021314
1.37773    -1.12652    3.13691e-05    0.0213351
1.37885    -1.12653    3.32639e-05    0.0213572
1.38001    -1.12653    3.46058e-05    0.0213801
1.38119    -1.12654    3.53719e-05    0.0214034
1.38238    -1.12654    3.55593e-05    0.0214271
1.38358    -1.12654    3.51842e-05    0.0214509
1.38477    -1.12654    3.42797e-05    0.0214747
1.38595    -1.12654    3.28935e-05    0.0214982
1.3871    -1.12654    3.1085e-05    0.0215213
1.38822    -1.12654    2.8923e-05    0.0215438
1.3893    -1.12654    2.64822e-05    0.0215656
1.39033    -1.12654    2.38413e-05    0.0215865
1.39131    -1.12654    2.10794e-05    0.0216063
1.39223    -1.12654    1.82742e-05    0.0216251
1.39309    -1.12654    1.54992e-05    0.0216426
1.39388    -1.12654    1.28225e-05    0.0216588
1.3946    -1.12654    1.03045e-05    0.0216735
1.39524    -1.12653    7.99692e-06    0.0216868
1.39581    -1.12653    5.94212e-06    0.0216986
1.3963    -1.12653    4.17217e-06    0.0217088
1.39671    -1.12653    2.70888e-06    0.0217175
1.39704    -1.12653    1.56382e-06    0.0217245
1.39729    -1.12653    7.38725e-07    0.02173
1.39746    -1.12653    2.26134e-07    0.0217338
1.39756    -1.12653    1.02593e-08    0.0217362
1.39758    -1.12653    6.80107e-08    0.021737
1.39752    -1.12653    3.70165e-07    0.0217363
1.3974    -1.12653    8.82627e-07    0.0217342
1.39721    -1.12653    1.56774e-06    0.0217308
1.39696    -1.12653    2.38561e-06    0.0217261
1.39665    -1.12653    3.2954e-06    0.0217202
1.39629    -1.12653    4.25656e-06    0.0217132
1.39587    -1.12653    5.22999e-06    0.0217051
1.39542    -1.12653    6.17907e-06    0.0216962
1.39492    -1.12654    7.07053e-06    0.0216864
1.39438    -1.12654    7.87523e-06    0.0216759
1.39382    -1.12654    8.5687e-06    0.0216647
1.39323    -1.12654    9.13157e-06    0.0216531
1.39263    -1.12654    9.54983e-06    0.0216411
1.39201    -1.12654    9.81484e-06    0.0216287
1.39138    -1.12654    9.92326e-06    0.0216162
1.39074    -1.12654    9.87685e-06    0.0216036
1.39011    -1.12654    9.68201e-06    0.021591
1.38949    -1.12654    9.34939e-06    0.0215785
1.38888    -1.12654    8.8932e-06    0.0215662
1.38828    -1.12654    8.33064e-06    0.0215541
1.3877    -1.12654    7.68114e-06    0.0215425
1.38714    -1.12654    6.96565e-06    0.0215312
1.38661    -1.12654    6.20592e-06    0.0215205
1.38611    -1.12654    5.42375e-06    0.0215104
1.38565    -1.12654    4.64037e-06    0.0215009
1.38521    -1.12654    3.87578e-06    0.0214921
1.38482    -1.12654    3.14825e-06    0.021484
1.38446    -1.12654    2.47385e-06    0.0214767
1.38415    -1.12654    1.8661e-06    0.0214702
1.38387    -1.12654    1.33573e-06    0.0214645
1.38364    -1.12654    8.90475e-07    0.0214597
1.38345    -1.12654    5.35105e-07    0.0214557
1.3833    -1.12654    2.71411e-07    0.0214525
1.3832    -1.12654    9.83622e-08    0.0214502
1.38314    -1.12654    1.23187e-08    0.0214488
1.38311    -1.12654    7.31327e-09    0.0214481
1.38313    -1.12654    7.53874e-08    0.0214482
1.38319    -1.12654    2.06968e-07    0.0214491
1.38328    -1.12654    3.91269e-07    0.0214508
1.3834    -1.12654    6.16704e-07    0.0214531
1.38356    -1.12654    8.71297e-07    0.021456
1.38375    -1.12654    1.14307e-06    0.0214596
1.38396    -1.12654    1.42043e-06    0.0214637
1.3842    -1.12654    1.69247e-06    0.0214684
1.38446    -1.12654    1.94927e-06    0.0214735
1.38474    -1.12654    2.18213e-06    0.021479
1.38504    -1.12654    2.38376e-06    0.0214848
1.38535    -1.12654    2.5484e-06    0.0214909
1.38567    -1.12654    2.67185e-06    0.0214972
1.386    -1.12654    2.75155e-06    0.0215037
1.38633    -1.12654    2.78651e-06    0.0215103
1.38667    -1.12654    2.77721e-06    0.021517
1.387    -1.12654    2.72551e-06    0.0215237
1.38733    -1.12654    2.63447e-06    0.0215303
1.38766    -1.12654    2.50819e-06    0.0215368
1.38797    -1.12654    2.35161e-06    0.0215432
1.38828    -1.12654    2.17028e-06    0.0215494
1.38858    -1.12654    1.97016e-06    0.0215554
1.38886    -1.12654    1.7574e-06    0.0215611
1.38913    -1.12654    1.53815e-06    0.0215665
1.38937    -1.12654    1.31838e-06    0.0215716
1.38961    -1.12654    1.10369e-06    0.0215763
1.38982    -1.12654    8.99168e-07    0.0215806
1.39001    -1.12654    7.09292e-07    0.0215845
1.39018    -1.12654    5.37818e-07    0.021588
1.39032    -1.12654    3.87725e-07    0.021591
1.39045    -1.12654    2.61174e-07    0.0215937
1.39055    -1.12654    1.59502e-07    0.0215958
1.39063    -1.12654    8.32363e-08    0.0215975
1.39069    -1.12654    3.2135e-08    0.0215988
1.39072    -1.12654    5.24493e-09    0.0215997
1.39074    -1.12654    9.78541e-10    0.0216001
1.39073    -1.12654    1.72041e-08    0.0216
1.39071    -1.12654    5.13452e-08    0.0215996
1.39066    -1.12654    1.00488e-07    0.0215988
1.3906    -1.12654    1.61489e-07    0.0215976
1.39052    -1.12654    2.31085e-07    0.0215961
1.39042    -1.12654    3.05997e-07    0.0215943
1.39031    -1.12654    3.83029e-07    0.0215921
1.39018    -1.12654    4.59158e-07    0.0215897
1.39005    -1.12654    5.3161e-07    0.0215871
1.3899    -1.12654    5.97928e-07    0.0215842
1.38975    -1.12654    6.5602e-07    0.0215811
1.38958    -1.12654    7.04202e-07    0.0215779
1.38942    -1.12654    7.41216e-07    0.0215746
1.38924    -1.12654    7.66242e-07    0.0215712
1.38907    -1.12654    7.78888e-07    0.0215677
1.38889    -1.12654    7.79179e-07    0.0215641
1.38871    -1.12654    7.67525e-07    0.0215606
1.38854    -1.12654    7.44682e-07    0.0215571
1.38836    -1.12654    7.11705e-07    0.0215536
1.3882    -1.12654    6.699e-07    0.0215502
1.38803    -1.12654    6.20763e-07    0.0215469
1.38787    -1.12654    5.65923e-07    0.0215437
1.38772    -1.12654    5.07087e-07    0.0215407
1.38758    -1.12654    4.45977e-07    0.0215378
1.38744    -1.12654    3.84281e-07    0.021535
1.38732    -1.12654    3.23603e-07    0.0215325
1.38721    -1.12654    2.65416e-07    0.0215302
1.3871    -1.12654    2.11032e-07    0.0215281
1.38701    -1.12654    1.61567e-07    0.0215262
1.38693    -1.12654    1.17925e-07    0.0215245
1.38686    -1.12654    8.07787e-08    0.0215231
1.3868    -1.12654    5.05688e-08    0.0215218
1.38676    -1.12654    2.75042e-08    0.0215209
1.38673    -1.12654    1.15709e-08    0.0215202
1.3867    -1.12654    2.54749e-09    0.0215197
1.38669    -1.12654    2.54147e-11    0.0215194
1.3867    -1.12654    3.43381e-09    0.0215194
1.38671    -1.12654    1.20676e-08    0.0215195
1.38673    -1.12654    2.51178e-08    0.0215199
1.38676    -1.12654    4.17029e-08    0.0215205
1.3868    -1.12654    6.09004e-08    0.0215213
1.38685    -1.12654    8.17774e-08    0.0215222
1.38691    -1.12654    1.0342e-07    0.0215233
1.38697    -1.12654    1.24958e-07    0.0215246
1.38704    -1.12654    1.4559e-07    0.021526
1.38712    -1.12654    1.64602e-07    0.0215275
1.3872    -1.12654    1.81383e-07    0.0215291
1.38729    -1.12654    1.95437e-07    0.0215307
1.38738    -1.12654    2.06389e-07    0.0215325
1.38747    -1.12654    2.13988e-07    0.0215343
1.38756    -1.12654    2.18107e-07    0.0215361
1.38765    -1.12654    2.18736e-07    0.021538
1.38775    -1.12654    2.15978e-07    0.0215399
1.38784    -1.12654    2.10034e-07    0.0215417
1.38793    -1.12654    2.01191e-07    0.0215436
1.38802    -1.12654    1.89809e-07    0.0215454
1.38811    -1.12654    1.76305e-07    0.0215472
1.38819    -1.12654    1.61132e-07    0.0215489
1.38828    -1.12654    1.44769e-07    0.0215505
1.38835    -1.12654    1.277e-07    0.021552
1.38842    -1.12654    1.10401e-07    0.0215535
1.38849    -1.12654    9.33241e-08    0.0215548
1.38855    -1.12654    7.68887e-08    0.0215561
1.38861    -1.12654    6.1468e-08    0.0215572
1.38866    -1.12654    4.73819e-08    0.0215583
1.3887    -1.12654    3.4891e-08    0.0215592
1.38874    -1.12654    2.41925e-08    0.02156
1.38877    -1.12654    1.54184e-08    0.0215606
1.38879    -1.12654    8.63626e-09    0.0215611
1.38881    -1.12654    3.85102e-09    0.0215615
1.38883    -1.12654    1.00941e-09    0.0215618
1.38883    -1.12654    5.23353e-12    0.021562
1.38883    -1.12654    6.8618e-10    0.021562
1.38883    -1.12654    2.86146e-09    0.021562
1.38882    -1.12654    6.31009e-09    0.0215618
1.3888    -1.12654    1.07896e-08    0.0215615
1.38878    -1.12654    1.60445e-08    0.0215611
1.38875    -1.12654    2.18153e-08    0.0215606
1.38872    -1.12654    2.78459e-08    0.02156
1.38869    -1.12654    3.38915e-08    0.0215594
1.38865    -1.12654    3.9725e-08    0.0215587
1.38861    -1.12654    4.51425e-08    0.0215579
1.38857    -1.12654    4.9968e-08    0.021557
1.38853    -1.12654    5.40565e-08    0.0215562
1.38848    -1.12654    5.72967e-08    0.0215552
1.38843    -1.12654    5.96115e-08    0.0215543
1.38838    -1.12654    6.09584e-08    0.0215533
1.38833    -1.12654    6.13279e-08    0.0215523
1.38828    -1.12654    6.07423e-08    0.0215513
1.38823    -1.12654    5.9252e-08    0.0215503
1.38818    -1.12654    5.69325e-08    0.0215494
1.38814    -1.12654    5.38804e-08    0.0215484
1.38809    -1.12654    5.02088e-08    0.0215475
1.38805    -1.12654    4.6043e-08    0.0215466
1.388    -1.12654    4.15156e-08    0.0215457
1.38796    -1.12654    3.67621e-08    0.0215449
1.38792    -1.12654    3.19166e-08    0.0215441
1.38789    -1.12654    2.71079e-08    0.0215434
1.38785    -1.12654    2.24554e-08    0.0215427
1.38782    -1.12654    1.8067e-08    0.0215421
1.3878    -1.12654    1.40356e-08    0.0215415
1.38777    -1.12654    1.04382e-08    0.021541
1.38775    -1.12654    7.33393e-09    0.0215406
1.38774    -1.12654    4.76367e-09    0.0215402
1.38772    -1.12654    2.75016e-09    0.0215399
1.38771    -1.12654    1.29835e-09    0.0215397
1.3877    -1.12654    3.96493e-10    0.0215395
1.3877    -1.12654    1.75963e-11    0.0215394
1.3877    -1.12654    1.21264e-10    0.0215394
1.3877    -1.12654    6.558e-10    0.0215394
1.38771    -1.12654    1.56052e-09    0.0215395
1.38771    -1.12654    2.76819e-09    0.0215397
1.38773    -1.12654    4.20746e-09    0.0215399
1.38774    -1.12654    5.80535e-09    0.0215401
1.38775    -1.12654    7.48946e-09    0.0215404
1.38777    -1.12654    9.1902e-09    0.0215407
1.38779    -1.12654    1.08426e-08    0.0215411
1.38781    -1.12654    1.23881e-08    0.0215415
1.38783    -1.12654    1.37756e-08    0.021542
1.38786    -1.12654    1.49628e-08    0.0215424
1.38788    -1.12654    1.59167e-08    0.0215429
1.38791    -1.12654    1.66139e-08    0.0215434
1.38793    -1.12654    1.70408e-08    0.0215439
1.38796    -1.12654    1.71932e-08    0.0215445
1.38799    -1.12654    1.70757e-08    0.021545
1.38801    -1.12654    1.67014e-08    0.0215455
1.38804    -1.12654    1.60903e-08    0.021546
1.38806    -1.12654    1.52686e-08    0.0215465
1.38809    -1.12654    1.42673e-08    0.021547
1.38811    -1.12654    1.31211e-08    0.0215475
1.38813    -1.12654    1.1867e-08    0.021548
1.38816    -1.12654    1.05429e-08    0.0215484
1.38818    -1.12654    9.18663e-09    0.0215488
1.3882    -1.12654    7.83452e-09    0.0215492
1.38821    -1.12654    6.52061e-09    0.0215496
1.38823    -1.12654    5.27569e-09    0.0215499
1.38824    -1.12654    4.12659e-09    0.0215502
1.38826    -1.12654    3.09564e-09    0.0215505
1.38827    -1.12654    2.20027e-09    0.0215507
1.38828    -1.12654    1.45282e-09    0.0215509
1.38829    -1.12654    8.60538e-10    0.0215511
1.38829    -1.12654    4.25655e-10    0.0215512
1.3883    -1.12654    1.45676e-10    0.0215513
1.3883    -1.12654    1.37691e-11    0.0215514
1.3883    -1.12654    1.92557e-11    0.0215514
1.3883    -1.12654    1.48192e-10    0.0215514
1.3883    -1.12654    3.84005e-10    0.0215513
1.38829    -1.12654    7.08168e-10    0.0215513
1.38829    -1.12654    1.10088e-09    0.0215512
1.38828    -1.12654    1.54177e-09    0.021551
1.38827    -1.12654    2.01049e-09    0.0215509
1.38826    -1.12654    2.48741e-09    0.0215507
1.38825    -1.12654    2.95407e-09    0.0215505
1.38824    -1.12654    3.39371e-09    0.0215503
1.38823    -1.12654    3.79164e-09    0.0215501
1.38822    -1.12654    4.13552e-09    0.0215498
1.3882    -1.12654    4.41562e-09    0.0215496
1.38819    -1.12654    4.62487e-09    0.0215493
1.38818    -1.12654    4.75894e-09    0.021549
1.38816    -1.12654    4.81616e-09    0.0215488
1.38815    -1.12654    4.79738e-09    0.0215485
1.38814    -1.12654    4.7058e-09    0.0215482
1.38812    -1.12654    4.54667e-09    0.0215479
1.38811    -1.12654    4.32701e-09    0.0215477
1.3881    -1.12654    4.0553e-09    0.0215474
1.38808    -1.12654    3.74106e-09    0.0215471
1.38807    -1.12654    3.39456e-09    0.0215469
1.38806    -1.12654    3.0264e-09    0.0215467
1.38805    -1.12654    2.6472e-09    0.0215464
1.38804    -1.12654    2.26726e-09    0.0215462
1.38803    -1.12654    1.89626e-09    0.021546
1.38802    -1.12654    1.54302e-09    0.0215458
1.38801    -1.12654    1.2153e-09    0.0215457
1.388    -1.12654    9.19602e-10    0.0215455
1.388    -1.12654    6.61092e-10    0.0215454
1.38799    -1.12654    4.4351e-10    0.0215453
1.38799    -1.12654    2.69156e-10    0.0215452
1.38799    -1.12654    1.38924e-10    0.0215451
1.38798    -1.12654    5.23584e-11    0.0215451
1.38798    -1.12654    7.76538e-12    0.0215451
1.38798    -1.12654    2.34219e-12    0.021545
1.38798    -1.12654    3.23372e-11    0.021545
1.38798    -1.12654    9.32256e-11    0.0215451
1.38798    -1.12654    1.79898e-10    0.0215451
1.38799    -1.12654    2.86852e-10    0.0215452
1.38799    -1.12654    4.08385e-10    0.0215452
1.38799    -1.12654    5.38778e-10    0.0215453
1.388    -1.12654    6.7247e-10    0.0215454
1.388    -1.12654    8.04211e-10    0.0215455
1.38801    -1.12654    9.29203e-10    0.0215456
1.38802    -1.12654    1.04321e-09    0.0215457
1.38802    -1.12654    1.14264e-09    0.0215458
1.38803    -1.12654    1.22464e-09    0.021546
1.38804    -1.12654    1.28707e-09    0.0215461
1.38804    -1.12654    1.32859e-09    0.0215463
1.38805    -1.12654    1.34859e-09    0.0215464
1.38806    -1.12654    1.34718e-09    0.0215465
1.38807    -1.12654    1.32516e-09    0.0215467
1.38807    -1.12654    1.28388e-09    0.0215468
1.38808    -1.12654    1.22525e-09    0.021547
1.38809    -1.12654    1.15157e-09    0.0215471
1.38809    -1.12654    1.06546e-09    0.0215473
1.3881    -1.12654    9.69768e-10    0.0215474
1.38811    -1.12654    8.67464e-10    0.0215475
1.38811    -1.12654    7.61528e-10    0.0215476
1.38812    -1.12654    6.54867e-10    0.0215478
1.38812    -1.12654    5.50234e-10    0.0215479
1.38813    -1.12654    4.50149e-10    0.021548
1.38813    -1.12654    3.56844e-10    0.021548
1.38814    -1.12654    2.72208e-10    0.0215481
1.38814    -1.12654    1.97758e-10    0.0215482
1.38814    -1.12654    1.34615e-10    0.0215483
1.38815    -1.12654    8.34975e-11    0.0215483
1.38815    -1.12654    4.47262e-11    0.0215483
1.38815    -1.12654    1.82408e-11    0.0215484
1.38815    -1.12654    3.62778e-12    0.0215484
1.38815    -1.12654    1.55648e-13    0.0215484
1.38815    -1.12654    6.81869e-12    0.0215484
1.38815    -1.12654    2.23854e-11    0.0215484
1.38815    -1.12654    4.54505e-11    0.0215484
1.38815    -1.12654    7.44889e-11    0.0215483
1.38814    -1.12654    1.0791e-10    0.0215483
1.38814    -1.12654    1.44108e-10    0.0215483
1.38814    -1.12654    1.81514e-10    0.0215482
1.38814    -1.12654    2.18639e-10    0.0215482
1.38813    -1.12654    2.54111e-10    0.0215481
1.38813    -1.12654    2.86714e-10    0.0215481
1.38813    -1.12654    3.15405e-10    0.021548
1.38812    -1.12654    3.39344e-10    0.0215479
1.38812    -1.12654    3.57897e-10    0.0215478
1.38812    -1.12654    3.70644e-10    0.0215478
1.38811    -1.12654    3.77378e-10    0.0215477
1.38811    -1.12654    3.78093e-10    0.0215476
1.38811    -1.12654    3.72976e-10    0.0215475
1.3881    -1.12654    3.62381e-10    0.0215475
1.3881    -1.12654    3.46812e-10    0.0215474
1.38809    -1.12654    3.26896e-10    0.0215473
1.38809    -1.12654    3.03355e-10    0.0215472
1.38809    -1.12654    2.76976e-10    0.0215472
1.38808    -1.12654    2.48587e-10    0.0215471
1.38808    -1.12654    2.19024e-10    0.021547
1.38808    -1.12654    1.89107e-10    0.021547
1.38807    -1.12654    1.59619e-10    0.0215469
1.38807    -1.12654    1.31279e-10    0.0215469
1.38807    -1.12654    1.04729e-10    0.0215468
1.38807    -1.12654    8.05169e-11    0.0215468
1.38807    -1.12654    5.90891e-11    0.0215467
1.38806    -1.12654    4.07804e-11    0.0215467
1.38806    -1.12654    2.58135e-11    0.0215467
1.38806    -1.12654    1.42988e-11    0.0215467
1.38806    -1.12654    6.23896e-12    0.0215466
1.38806    -1.12654    1.53586e-12    0.0215466
1.38806    -1.12654    2.16774e-16    0.0215466
1.38806    -1.12654    1.36345e-12    0.0215466
1.38806    -1.12654    5.291e-12    0.0215466
1.38806    -1.12654    1.13969e-11    0.0215466
1.38806    -1.12654    1.92586e-11    0.0215466
1.38806    -1.12654    2.84324e-11    0.0215467
1.38806    -1.12654    3.84681e-11    0.0215467
1.38807    -1.12654    4.89227e-11    0.0215467
1.38807    -1.12654    5.93736e-11    0.0215467
1.38807    -1.12654    6.94297e-11    0.0215468
1.38807    -1.12654    7.87408e-11    0.0215468
1.38807    -1.12654    8.70058e-11    0.0215468
1.38807    -1.12654    9.39778e-11    0.0215469
1.38808    -1.12654    9.94684e-11    0.0215469
1.38808    -1.12654    1.03349e-10    0.0215469
1.38808    -1.12654    1.0555e-10    0.021547
1.38808    -1.12654    1.0606e-10    0.021547
1.38808    -1.12654    1.04922e-10    0.0215471
1.38809    -1.12654    1.02227e-10    0.0215471
1.38809    -1.12654    9.81085e-11    0.0215472
1.38809    -1.12654    9.27371e-11    0.0215472
1.38809    -1.12654    8.63106e-11    0.0215472
1.38809    -1.12654    7.90469e-11    0.0215473
1.3881    -1.12654    7.11765e-11    0.0215473
1.3881    -1.12654    6.29338e-11    0.0215473
1.3881    -1.12654    5.45503e-11    0.0215474
1.3881    -1.12654    4.62474e-11    0.0215474
1.3881    -1.12654    3.82307e-11    0.0215474
1.3881    -1.12654    3.06842e-11    0.0215475
1.3881    -1.12654    2.37669e-11    0.0215475
1.3881    -1.12654    1.7609e-11    0.0215475
1.38811    -1.12654    1.23102e-11    0.0215475
1.38811    -1.12654    7.93891e-12    0.0215475
1.38811    -1.12654    4.5317e-12    0.0215475
1.38811    -1.12654    2.0948e-12    0.0215476
1.38811    -1.12654    6.05735e-13    0.0215476
1.38811    -1.12654    1.59648e-14    0.0215476
1.38811    -1.12654    2.54058e-13    0.0215476
1.38811    -1.12654    1.22939e-12    0.0215476
1.38811    -1.12654    2.83613e-12    0.0215476
1.38811    -1.12654    4.95747e-12    0.0215476
1.38811    -1.12654    7.46986e-12    0.0215475
1.38811    -1.12654    1.02471e-11    0.0215475
1.38811    -1.12654    1.31645e-11    0.0215475
1.3881    -1.12654    1.61023e-11    0.0215475
1.3881    -1.12654    1.8949e-11    0.0215475
1.3881    -1.12654    2.16041e-11    0.0215475
1.3881    -1.12654    2.39806e-11    0.0215475
1.3881    -1.12654    2.60064e-11    0.0215474
1.3881    -1.12654    2.76256e-11    0.0215474
1.3881    -1.12654    2.8799e-11    0.0215474
1.3881    -1.12654    2.95041e-11    0.0215474
1.3881    -1.12654    2.97347e-11    0.0215474
1.3881    -1.12654    2.95001e-11    0.0215473
1.38809    -1.12654    2.88234e-11    0.0215473
1.38809    -1.12654    2.774e-11    0.0215473
1.38809    -1.12654    2.62959e-11    0.0215473
1.38809    -1.12654    2.45452e-11    0.0215472
1.38809    -1.12654    2.25482e-11    0.0215472
1.38809    -1.12654    2.0369e-11    0.0215472
1.38809    -1.12654    1.80733e-11    0.0215472
1.38809    -1.12654    1.57261e-11    0.0215472
1.38809    -1.12654    1.33903e-11    0.0215472
1.38809    -1.12654    1.11244e-11    0.0215471
1.38809    -1.12654    8.98118e-12    0.0215471
1.38808    -1.12654    7.0066e-12    0.0215471
1.38808    -1.12654    5.23872e-12    0.0215471
1.38808    -1.12654    3.70711e-12    0.0215471
1.38808    -1.12654    2.43256e-12    0.0215471
1.38808    -1.12654    1.42697e-12    0.0215471
1.38808    -1.12654    6.93656e-13    0.0215471
1.38808    -1.12654    2.27755e-13    0.0215471
1.38808    -1.12654    1.69572e-14    0.0215471
1.38808    -1.12654    4.23595e-14    0.0215471
1.38808    -1.12654    2.79477e-13    0.0215471
1.38808    -1.12654    6.99351e-13    0.0215471
1.38808    -1.12654    1.26972e-12    0.0215471
1.38808    -1.12654    1.95622e-12    0.0215471
1.38808    -1.12654    2.72353e-12    0.0215471
1.38808    -1.12654    3.53653e-12    0.0215471
1.38808    -1.12654    4.36132e-12    0.0215471
1.38808    -1.12654    5.16615e-12    0.0215471
1.38809    -1.12654    5.92227e-12    0.0215471
1.38809    -1.12654    6.60451e-12    0.0215471
1.38809    -1.12654    7.19187e-12    0.0215471
1.38809    -1.12654    7.66781e-12    0.0215471
1.38809    -1.12654    8.02047e-12    0.0215472
1.38809    -1.12654    8.2427e-12    0.0215472
1.38809    -1.12654    8.33194e-12    0.0215472
1.38809    -1.12654    8.28998e-12    0.0215472
1.38809    -1.12654    8.12262e-12    0.0215472
1.38809    -1.12654    7.83922e-12    0.0215472
1.38809    -1.12654    7.45212e-12    0.0215472
1.38809    -1.12654    6.97615e-12    0.0215472
1.38809    -1.12654    6.42791e-12    0.0215472
1.38809    -1.12654    5.82521e-12    0.0215473
1.38809    -1.12654    5.18643e-12    0.0215473
1.38809    -1.12654    4.52989e-12    0.0215473
1.38809    -1.12654    3.87336e-12    0.0215473
1.38809    -1.12654    3.23347e-12    0.0215473
1.38809    -1.12654    2.62538e-12    0.0215473
1.38809    -1.12654    2.06232e-12    0.0215473
1.38809    -1.12654    1.55538e-12    0.0215473
1.3881    -1.12654    1.11332e-12    0.0215473
1.3881    -1.12654    7.4241e-13    0.0215473
1.3881    -1.12654    4.4645e-13    0.0215473
1.3881    -1.12654    2.26805e-13    0.0215473
1.3881    -1.12654    8.25254e-14    0.0215473
1.3881    -1.12654    1.05304e-14    0.0215473
1.3881    -1.12654    5.84454e-15    0.0215473
1.3881    -1.12654    6.18729e-14    0.0215473
1.3881    -1.12654    1.70708e-13    0.0215473
1.3881    -1.12654    3.23454e-13    0.0215473
1.3881    -1.12654    5.10564e-13    0.0215473
1.3881    -1.12654    7.22165e-13    0.0215473
1.3881    -1.12654    9.48381e-13    0.0215473
1.3881    -1.12654    1.17963e-12    0.0215473
1.38809    -1.12654    1.40687e-12    0.0215473
1.38809    -1.12654    1.62189e-12    0.0215473
1.38809    -1.12654    1.81743e-12    0.0215473
1.38809    -1.12654    1.98738e-12    0.0215473
1.38809    -1.12654    2.12686e-12    0.0215473
1.38809    -1.12654    2.2323e-12    0.0215473
1.38809    -1.12654    2.30147e-12    0.0215473
1.38809    -1.12654    2.3334e-12    0.0215473
1.38809    -1.12654    2.32838e-12    0.0215473
1.38809    -1.12654    2.28783e-12    0.0215473
1.38809    -1.12654    2.2142e-12    0.0215473
1.38809    -1.12654    2.11081e-12    0.0215472
1.38809    -1.12654    1.98169e-12    0.0215472
1.38809    -1.12654    1.83142e-12    0.0215472
1.38809    -1.12654    1.66495e-12    0.0215472
1.38809    -1.12654    1.4874e-12    0.0215472
1.38809    -1.12654    1.30393e-12    0.0215472
1.38809    -1.12654    1.11956e-12    0.0215472
1.38809    -1.12654    9.39014e-13    0.0215472
1.38809    -1.12654    7.66627e-13    0.0215472
1.38809    -1.12654    6.06216e-13    0.0215472
1.38809    -1.12654    4.61008e-13    0.0215472
1.38809    -1.12654    3.33578e-13    0.0215472
1.38809    -1.12654    2.25816e-13    0.0215472
1.38809    -1.12654    1.38916e-13    0.0215472
1.38809    -1.12654    7.33849e-14    0.0215472
1.38809    -1.12654    2.90728e-14    0.0215472
1.38809    -1.12654    5.22332e-15    0.0215472
1.38809    -1.12654    5.34827e-16    0.0215472
1.38809    -1.12654    1.32369e-14    0.0215472
1.38809    -1.12654    4.11747e-14    0.0215472
1.38809    -1.12654    8.18995e-14    0.0215472
1.38809    -1.12654    1.32762e-13    0.0215472
1.38809    -1.12654    1.91005e-13    0.0215472
1.38809    -1.12654    2.53855e-13    0.0215472
1.38809    -1.12654    3.18603e-13    0.0215472
1.38809    -1.12654    3.82685e-13    0.0215472
1.38809    -1.12654    4.43748e-13    0.0215472
1.38809    -1.12654    4.99706e-13    0.0215472
1.38809    -1.12654    5.48783e-13    0.0215472
1.38809    -1.12654    5.89547e-13    0.0215472
1.38809    -1.12654    6.20931e-13    0.0215472
1.38809    -1.12654    6.42234e-13    0.0215472
1.38809    -1.12654    6.53123e-13    0.0215472
1.38809    -1.12654    6.53616e-13    0.0215472
1.38809    -1.12654    6.44055e-13    0.0215472
1.38809    -1.12654    6.25075e-13    0.0215472
1.38809    -1.12654    5.97565e-13    0.0215472
1.38809    -1.12654    5.62622e-13    0.0215472
1.38809    -1.12654    5.21503e-13    0.0215472
1.38809    -1.12654    4.7558e-13    0.0215472
1.38809    -1.12654    4.26284e-13    0.0215472
1.38809    -1.12654    3.75062e-13    0.0215472
1.38809    -1.12654    3.23331e-13    0.0215472
1.38809    -1.12654    2.72434e-13    0.0215473
1.38809    -1.12654    2.23608e-13    0.0215473
1.38809    -1.12654    1.77953e-13    0.0215473
1.38809    -1.12654    1.36404e-13    0.0215473
1.38809    -1.12654    9.97178e-14    0.0215473
1.38809    -1.12654    6.84609e-14    0.0215473
1.38809    -1.12654    4.30036e-14    0.0215473
1.38809    -1.12654    2.35233e-14    0.0215473
1.38809    -1.12654    1.00112e-14    0.0215473
1.38809    -1.12654    2.28581e-15    0.0215473
1.38809    -1.12654    8.99813e-18    0.0215473
1.38809    -1.12654    2.70726e-15    0.0215473
1.38809    -1.12654    9.79478e-15    0.0215473
1.38809    -1.12654    2.05985e-14    0.0215473
1.38809    -1.12654    3.43845e-14    0.0215473
1.38809    -1.12654    5.03836e-14    0.0215473
1.38809    -1.12654    6.78172e-14    0.0215473
1.38809    -1.12654    8.59214e-14    0.0215473
1.38809    -1.12654    1.03969e-13    0.0215473
1.38809    -1.12654    1.21287e-13    0.0215473
1.38809    -1.12654    1.37276e-13    0.0215473
1.38809    -1.12654    1.51422e-13    0.0215473
1.38809    -1.12654    1.63306e-13    0.0215473
1.38809    -1.12654    1.72608e-13    0.0215473
1.38809    -1.12654    1.79113e-13    0.0215473
1.38809    -1.12654    1.82709e-13    0.0215472
1.38809    -1.12654    1.83384e-13    0.0215472
1.38809    -1.12654    1.81216e-13    0.0215472
1.38809    -1.12654    1.7637e-13    0.0215472
1.38809    -1.12654    1.69081e-13    0.0215472
1.38809    -1.12654    1.59649e-13    0.0215472
1.38809    -1.12654    1.48417e-13    0.0215472
1.38809    -1.12654    1.35766e-13    0.0215472
