1.96897    -1.0883    0.00763246    0.0359006
1.95144    -1.09012    0.00886722    0.0341703
1.93254    -1.09199    0.0101224    0.0338921
1.91235    -1.09396    0.0113883    0.0333777
1.89093    -1.09602    0.0126502    0.0328628
1.86836    -1.09817    0.0138938    0.0323184
1.84471    -1.10037    0.0151046    0.0317508
1.82004    -1.10262    0.0162679    0.0311621
1.79445    -1.10489    0.0173683    0.0305552
1.768    -1.10717    0.0183905    0.0299328
1.74079    -1.10944    0.0193184    0.0292979
1.71289    -1.11167    0.020136    0.0286535
1.68442    -1.11383    0.0208269    0.0280027
1.65546    -1.11592    0.0213749    0.0273484
1.62612    -1.11788    0.021764    0.0266939
1.59651    -1.11971    0.021979    0.0260422
1.56676    -1.12138    0.0220059    0.0253961
1.53699    -1.12285    0.0218323    0.0247586
1.50734    -1.1241    0.0214485    0.0241323
1.47795    -1.12512    0.020848    0.0235197
1.44897    -1.12587    0.0200287    0.0229232
1.42057    -1.12635    0.0189939    0.0223451
1.39291    -1.12654    0.0177534    0.0217876
1.36617    -1.12645    0.0163244    0.0212532
1.34053    -1.12608    0.0147322    0.0207442
1.31618    -1.12545    0.0130112    0.0202633
1.29329    -1.1246    0.0112042    0.0198135
1.27204    -1.12355    0.00936211    0.0193978
1.25263    -1.12237    0.00754194    0.019019
1.2352    -1.12111    0.00580447    0.0186801
1.21991    -1.11985    0.00421064    0.0183833
1.20689    -1.11864    0.00281742    0.0181307
1.19624    -1.11757    0.00167342    0.0179237
1.18803    -1.11668    0.000814659    0.017763
1.1823    -1.11603    0.000261305    0.0176488
1.17905    -1.11565    1.56972e-05    0.0175808
1.17826    -1.11556    6.21375e-05    0.0175578
1.17984    -1.11575    0.000368468    0.0175783
1.18369    -1.11619    0.000889228    0.0176403
1.18968    -1.11687    0.00156993    0.0177414
1.19763    -1.11771    0.00235186    0.0178787
1.20736    -1.11869    0.0031767    0.0180492
1.21867    -1.11974    0.00399066    0.0182495
1.23135    -1.12081    0.00474744    0.0184763
1.24518    -1.12186    0.00541022    0.0187262
1.25994    -1.12284    0.00595245    0.0189958
1.27542    -1.12373    0.00635775    0.0192817
1.29142    -1.12451    0.00661909    0.0195806
1.30775    -1.12517    0.00673742    0.0198893
1.32422    -1.12569    0.00672022    0.0202046
1.34067    -1.12608    0.00657981    0.0205234
1.35695    -1.12635    0.00633188    0.0208427
1.37292    -1.1265    0.00599413    0.0211597
1.38845    -1.12654    0.00558511    0.0214716
1.40345    -1.1265    0.0051233    0.021776
1.41782    -1.12638    0.00462641    0.0220704
1.43147    -1.1262    0.0041109    0.0223528
1.44433    -1.12597    0.00359159    0.0226214
1.45636    -1.1257    0.0030815    0.0228744
1.4675    -1.12542    0.00259173    0.0231105
1.47772    -1.12512    0.00213148    0.0233286
1.48698    -1.12483    0.00170806    0.0235277
1.49527    -1.12455    0.00132705    0.0237072
1.50259    -1.12428    0.000992382    0.0238664
1.50891    -1.12404    0.000706489    0.024005
1.51424    -1.12383    0.000470471    0.0241229
1.51859    -1.12365    0.000284238    0.02422
1.52198    -1.12351    0.000146663    0.0242965
1.52441    -1.12341    5.57298e-05    0.0243526
1.52591    -1.12334    8.66364e-06    0.0243887
1.5265    -1.12332    2.06468e-06    0.0244053
1.52621    -1.12333    3.20243e-05    0.024403
1.52507    -1.12338    9.4236e-05    0.0243824
1.52312    -1.12346    0.000184097    0.0243444
1.5204    -1.12358    0.000296802    0.0242897
1.51694    -1.12372    0.000427433    0.0242194
1.5128    -1.12389    0.000571039    0.0241344
1.508    -1.12408    0.000722716    0.0240358
1.5026    -1.12428    0.000877677    0.0239245
1.49666    -1.1245    0.00103132    0.0238019
1.49022    -1.12472    0.00117932    0.0236689
1.48332    -1.12495    0.00131763    0.0235268
1.47604    -1.12517    0.00144262    0.0233768
1.46842    -1.12539    0.00155107    0.0232202
1.46051    -1.1256    0.00164028    0.0230581
1.45239    -1.12579    0.00170806    0.0228918
1.44409    -1.12597    0.00175281    0.0227224
1.43569    -1.12613    0.00177353    0.0225513
1.42724    -1.12626    0.00176987    0.0223795
1.4188    -1.12637    0.0017421    0.0222084
1.41042    -1.12645    0.00169116    0.022039
1.40217    -1.12651    0.00161858    0.0218724
1.39409    -1.12654    0.00152648    0.0217097
1.38625    -1.12654    0.00141751    0.021552
1.3787    -1.12653    0.00129478    0.0214002
1.37148    -1.12649    0.00116175    0.0212553
1.36464    -1.12643    0.00102213    0.0211181
1.35822    -1.12637    0.000879792    0.0209894
1.35227    -1.12628    0.000738578    0.02087
1.34681    -1.1262    0.000602227    0.0207605
1.34189    -1.12611    0.000474212    0.0206614
1.33752    -1.12602    0.000357629    0.0205732
1.33372    -1.12593    0.000255086    0.0204962
1.33052    -1.12586    0.000168615    0.0204308
1.32791    -1.12579    9.96101e-05    0.020377
1.32591    -1.12574    4.8796e-05    0.020335
1.32451    -1.1257    1.62208e-05    0.0203047
1.3237    -1.12568    1.28459e-06    0.0202859
1.32347    -1.12567    2.79409e-06    0.0202784
1.32381    -1.12568    1.90416e-05    0.020282
1.32468    -1.1257    4.79037e-05    0.020296
1.32607    -1.12574    8.69525e-05    0.0203202
1.32794    -1.12579    0.000133574    0.0203539
1.33026    -1.12585    0.000185086    0.0203965
1.33299    -1.12592    0.000238849    0.0204474
1.3361    -1.12599    0.000292367    0.0205057
1.33953    -1.12606    0.000343376    0.0205708
1.34325    -1.12613    0.000389903    0.0206418
1.34721    -1.1262    0.000430324    0.0207179
1.35137    -1.12627    0.000463385    0.0207984
1.35569    -1.12633    0.000488214    0.0208823
1.36013    -1.12639    0.000504318    0.0209689
1.36463    -1.12643    0.00051156    0.0210574
1.36917    -1.12647    0.000510124    0.0211469
1.3737    -1.1265    0.000500482    0.0212368
1.37819    -1.12653    0.00048334    0.0213261
1.3826    -1.12654    0.000459594    0.0214144
1.38691    -1.12654    0.000430281    0.0215008
1.39107    -1.12654    0.000396525    0.0215847
1.39507    -1.12654    0.000359496    0.0216656
1.39887    -1.12652    0.000320369    0.021743
1.40246    -1.12651    0.000280284    0.0218164
1.40582    -1.12648    0.000240314    0.0218853
1.40893    -1.12646    0.000201446    0.0219493
1.41178    -1.12644    0.000164552    0.0220082
1.41436    -1.12641    0.000130382    0.0220617
1.41665    -1.12639    9.95498e-05    0.0221096
1.41865    -1.12637    7.25291e-05    0.0221517
1.42036    -1.12635    4.96543e-05    0.0221879
1.42177    -1.12633    3.11228e-05    0.0222181
1.42289    -1.12632    1.70011e-05    0.0222424
1.42372    -1.12631    7.2342e-06    0.0222607
1.42426    -1.1263    1.65671e-06    0.0222732
1.42452    -1.1263    5.73897e-09    0.0222799
1.4245    -1.1263    1.93505e-06    0.022281
1.42422    -1.1263    7.03004e-06    0.0222766
1.42369    -1.12631    1.48232e-05    0.0222671
1.42292    -1.12632    2.48096e-05    0.0222527
1.42192    -1.12633    3.64623e-05    0.0222335
1.42071    -1.12634    4.92469e-05    0.02221
1.4193    -1.12636    6.26361e-05    0.0221825
1.41771    -1.12638    7.61222e-05    0.0221512
1.41596    -1.1264    8.92293e-05    0.0221166
1.41406    -1.12642    0.000101523    0.022079
1.41204    -1.12644    0.000112622    0.0220388
1.40991    -1.12645    0.0001222    0.0219964
1.40769    -1.12647    0.000129996    0.0219521
1.40541    -1.12649    0.000135818    0.0219064
1.40307    -1.1265    0.00013954    0.0218596
1.4007    -1.12651    0.000141107    0.0218122
1.39831    -1.12652    0.000140529    0.0217644
1.39593    -1.12653    0.000137883    0.0217167
1.39358    -1.12654    0.000133299    0.0216694
1.39126    -1.12654    0.000126963    0.0216228
1.389    -1.12654    0.000119103    0.0215773
1.38681    -1.12654    0.00010998    0.0215332
1.3847    -1.12654    9.9883e-05    0.0214908
1.3827    -1.12654    8.91147e-05    0.0214504
1.3808    -1.12653    7.79838e-05    0.0214121
1.37903    -1.12653    6.67942e-05    0.0213762
1.37739    -1.12652    5.58364e-05    0.0213429
1.37589    -1.12652    4.5379e-05    0.0213124
1.37454    -1.12651    3.5661e-05    0.0212848
1.37334    -1.1265    2.68861e-05    0.0212602
1.3723    -1.1265    1.9218e-05    0.0212388
1.37142    -1.12649    1.27773e-05    0.0212205
1.37071    -1.12648    7.64007e-06    0.0212054
1.37015    -1.12648    3.83777e-06    0.0211936
1.36976    -1.12648    1.359e-06    0.0211849
1.36952    -1.12648    1.52379e-07    0.0211794
1.36945    -1.12648    1.30652e-07    0.0211771
1.36952    -1.12648    1.1758e-06    0.0211777
1.36974    -1.12648    3.14488e-06    0.0211812
1.37009    -1.12648    5.8763e-06    0.0211875
1.37058    -1.12648    9.1964e-06    0.0211965
1.37119    -1.12649    1.29259e-05    0.0212079
1.37191    -1.12649    1.68861e-05    0.0212215
1.37273    -1.1265    2.09049e-05    0.0212373
1.37365    -1.1265    2.48214e-05    0.021255
1.37465    -1.12651    2.84908e-05    0.0212744
1.37572    -1.12651    3.17877e-05    0.0212953
1.37685    -1.12652    3.46085e-05    0.0213174
1.37803    -1.12652    3.68733e-05    0.0213406
1.37925    -1.12653    3.85266e-05    0.0213646
1.3805    -1.12653    3.95368e-05    0.0213893
1.38176    -1.12654    3.98959e-05    0.0214143
1.38303    -1.12654    3.96175e-05    0.0214395
1.38429    -1.12654    3.87346e-05    0.0214647
1.38554    -1.12654    3.72975e-05    0.0214897
1.38676    -1.12654    3.53703e-05    0.0215142
1.38796    -1.12654    3.30281e-05    0.0215382
1.38911    -1.12654    3.03537e-05    0.0215615
1.39022    -1.12654    2.74347e-05    0.0215838
1.39127    -1.12654    2.43599e-05    0.0216052
1.39226    -1.12654    2.12171e-05    0.0216253
1.39318    -1.12654    1.80902e-05    0.0216441
1.39404    -1.12654    1.50569e-05    0.0216616
1.39481    -1.12654    1.21869e-05    0.0216776
1.39552    -1.12653    9.5407e-06    0.0216921
1.39614    -1.12653    7.16802e-06    0.0217049
1.39667    -1.12653    5.10746e-06    0.0217161
1.39713    -1.12653    3.38604e-06    0.0217256
1.3975    -1.12653    2.01928e-06    0.0217335
1.39778    -1.12653    1.01158e-06    0.0217397
1.39798    -1.12653    3.56851e-07    0.0217442
1.3981    -1.12653    3.94492e-08    0.021747
1.39814    -1.12653    3.52847e-08    0.0217482
1.3981    -1.12653    3.13101e-07    0.0217479
1.39799    -1.12653    8.35861e-07    0.021746
1.39781    -1.12653    1.5622e-06    0.0217427
1.39756    -1.12653    2.44793e-06    0.021738
1.39724    -1.12653    3.44743e-06    0.0217321
1.39687    -1.12653    4.51513e-06    0.0217249
1.39644    -1.12653    5.60676e-06    0.0217166
1.39597    -1.12653    6.68057e-06    0.0217074
1.39545    -1.12653    7.69833e-06    0.0216972
1.39489    -1.12654    8.62624e-06    0.0216862
1.3943    -1.12654    9.43559e-06    0.0216746
1.39369    -1.12654    1.01033e-05    0.0216624
1.39305    -1.12654    1.06122e-05    0.0216497
1.3924    -1.12654    1.09512e-05    0.0216367
1.39173    -1.12654    1.1115e-05    0.0216235
1.39106    -1.12654    1.11043e-05    0.0216102
1.39039    -1.12654    1.09251e-05    0.0215968
1.38973    -1.12654    1.05882e-05    0.0215835
1.38908    -1.12654    1.01085e-05    0.0215704
1.38844    -1.12654    9.50464e-06    0.0215576
1.38782    -1.12654    8.79781e-06    0.0215451
1.38723    -1.12654    8.01116e-06    0.0215331
1.38666    -1.12654    7.16893e-06    0.0215216
1.38612    -1.12654    6.29562e-06    0.0215108
1.38562    -1.12654    5.41526e-06    0.0215005
1.38515    -1.12654    4.55067e-06    0.021491
1.38472    -1.12654    3.72289e-06    0.0214823
1.38434    -1.12654    2.95057e-06    0.0214744
1.38399    -1.12654    2.24962e-06    0.0214673
1.38369    -1.12654    1.63285e-06    0.021461
1.38343    -1.12654    1.10978e-06    0.0214557
1.38322    -1.12654    6.86578e-07    0.0214512
1.38306    -1.12654    3.66044e-07    0.0214477
1.38293    -1.12654    1.47774e-07    0.021445
1.38286    -1.12654    2.83652e-08    0.0214433
1.38282    -1.12654    1.7168e-09    0.0214424
1.38283    -1.12654    5.9397e-08    0.0214423
1.38288    -1.12654    1.91055e-07    0.0214431
1.38297    -1.12654    3.84866e-07    0.0214446
1.38309    -1.12654    6.27997e-07    0.0214469
1.38325    -1.12654    9.07065e-07    0.0214499
1.38344    -1.12654    1.20859e-06    0.0214535
1.38366    -1.12654    1.51941e-06    0.0214577
1.38391    -1.12654    1.82707e-06    0.0214625
1.38418    -1.12654    2.12015e-06    0.0214678
1.38447    -1.12654    2.38855e-06    0.0214735
1.38478    -1.12654    2.62368e-06    0.0214796
1.38511    -1.12654    2.81866e-06    0.021486
1.38545    -1.12654    2.96838e-06    0.0214927
1.38579    -1.12654    3.06952e-06    0.0214995
1.38614    -1.12654    3.12057e-06    0.0215065
1.3865    -1.12654    3.12169e-06    0.0215136
1.38685    -1.12654    3.07463e-06    0.0215206
1.3872    -1.12654    2.98251e-06    0.0215277
1.38755    -1.12654    2.8497e-06    0.0215346
1.38789    -1.12654    2.68152e-06    0.0215414
1.38822    -1.12654    2.48407e-06    0.021548
1.38853    -1.12654    2.26395e-06    0.0215544
1.38884    -1.12654    2.02802e-06    0.0215605
1.38912    -1.12654    1.78323e-06    0.0215663
1.38939    -1.12654    1.5363e-06    0.0215718
1.38964    -1.12654    1.29364e-06    0.0215768
1.38987    -1.12654    1.06111e-06    0.0215815
1.39007    -1.12654    8.43898e-07    0.0215858
1.39026    -1.12654    6.46409e-07    0.0215896
1.39042    -1.12654    4.72192e-07    0.0215929
1.39056    -1.12654    3.23888e-07    0.0215958
1.39067    -1.12654    2.03211e-07    0.0215982
1.39076    -1.12654    1.10962e-07    0.0216001
1.39083    -1.12654    4.70681e-08    0.0216016
1.39087    -1.12654    1.06398e-08    0.0216026
1.39089    -1.12654    5.63987e-11    0.0216031
1.39089    -1.12654    1.30621e-08    0.0216032
1.39087    -1.12654    4.68759e-08    0.0216029
1.39083    -1.12654    9.83095e-08    0.0216021
1.39076    -1.12654    1.63889e-07    0.0216009
1.39068    -1.12654    2.39978e-07    0.0215994
1.39058    -1.12654    3.22894e-07    0.0215975
1.39047    -1.12654    4.09025e-07    0.0215953
1.39034    -1.12654    4.94925e-07    0.0215929
1.3902    -1.12654    5.77413e-07    0.0215901
1.39005    -1.12654    6.53642e-07    0.0215871
1.38988    -1.12654    7.21167e-07    0.0215839
1.38971    -1.12654    7.77988e-07    0.0215806
1.38954    -1.12654    8.22579e-07    0.0215771
1.38936    -1.12654    8.53903e-07    0.0215734
1.38917    -1.12654    8.71407e-07    0.0215698
1.38898    -1.12654    8.75011e-07    0.021566
1.38879    -1.12654    8.65074e-07    0.0215623
1.38861    -1.12654    8.42354e-07    0.0215585
1.38842    -1.12654    8.07961e-07    0.0215549
1.38824    -1.12654    7.63296e-07    0.0215512
1.38807    -1.12654    7.09991e-07    0.0215477
1.3879    -1.12654    6.49844e-07    0.0215443
1.38774    -1.12654    5.84754e-07    0.021541
1.38758    -1.12654    5.16653e-07    0.0215379
1.38744    -1.12654    4.47449e-07    0.021535
1.38731    -1.12654    3.78967e-07    0.0215323
1.38718    -1.12654    3.129e-07    0.0215297
1.38707    -1.12654    2.50766e-07    0.0215274
1.38697    -1.12654    1.93871e-07    0.0215254
1.38688    -1.12654    1.43287e-07    0.0215235
1.3868    -1.12654    9.98331e-08    0.021522
1.38674    -1.12654    6.40649e-08    0.0215206
1.38669    -1.12654    3.62784e-08    0.0215196
1.38665    -1.12654    1.65166e-08    0.0215187
1.38663    -1.12654    4.5846e-09    0.0215181
1.38661    -1.12654    7.18865e-11    0.0215178
1.38661    -1.12654    2.37873e-09    0.0215177
1.38662    -1.12654    1.0747e-08    0.0215178
1.38664    -1.12654    2.42938e-08    0.0215182
1.38667    -1.12654    4.20464e-08    0.0215188
1.38671    -1.12654    6.29775e-08    0.0215195
1.38676    -1.12654    8.60406e-08    0.0215205
1.38682    -1.12654    1.10202e-07    0.0215216
1.38689    -1.12654    1.34472e-07    0.0215229
1.38696    -1.12654    1.57931e-07    0.0215243
1.38704    -1.12654    1.79753e-07    0.0215259
1.38713    -1.12654    1.99224e-07    0.0215276
1.38722    -1.12654    2.15756e-07    0.0215293
1.38731    -1.12654    2.28895e-07    0.0215312
1.38741    -1.12654    2.38327e-07    0.0215331
1.38751    -1.12654    2.43877e-07    0.021535
1.3876    -1.12654    2.45504e-07    0.021537
1.3877    -1.12654    2.43294e-07    0.021539
1.3878    -1.12654    2.37447e-07    0.021541
1.3879    -1.12654    2.28265e-07    0.0215429
1.388    -1.12654    2.16134e-07    0.0215448
1.38809    -1.12654    2.01507e-07    0.0215467
1.38818    -1.12654    1.84885e-07    0.0215485
1.38827    -1.12654    1.668e-07    0.0215503
1.38835    -1.12654    1.47795e-07    0.0215519
1.38843    -1.12654    1.28408e-07    0.0215535
1.3885    -1.12654    1.09153e-07    0.021555
1.38856    -1.12654    9.05099e-08    0.0215563
1.38862    -1.12654    7.29111e-08    0.0215576
1.38868    -1.12654    5.673e-08    0.0215587
1.38873    -1.12654    4.2275e-08    0.0215597
1.38877    -1.12654    2.97844e-08    0.0215605
1.3888    -1.12654    1.94235e-08    0.0215612
1.38883    -1.12654    1.12849e-08    0.0215618
1.38885    -1.12654    5.39069e-09    0.0215623
1.38887    -1.12654    1.69587e-09    0.0215626
1.38887    -1.12654    9.48215e-11    0.0215628
1.38888    -1.12654    4.28258e-10    0.0215629
1.38887    -1.12654    2.49163e-09    0.0215629
1.38886    -1.12654    6.0443e-09    0.0215627
1.38885    -1.12654    1.08192e-08    0.0215624
1.38883    -1.12654    1.65324e-08    0.021562
1.3888    -1.12654    2.28931e-08    0.0215615
1.38877    -1.12654    2.96126e-08    0.0215609
1.38873    -1.12654    3.64125e-08    0.0215603
1.3887    -1.12654    4.30328e-08    0.0215595
1.38865    -1.12654    4.92383e-08    0.0215587
1.38861    -1.12654    5.48238e-08    0.0215578
1.38856    -1.12654    5.96181e-08    0.0215569
1.38851    -1.12654    6.34872e-08    0.0215559
1.38846    -1.12654    6.63356e-08    0.0215549
1.38841    -1.12654    6.81064e-08    0.0215539
1.38836    -1.12654    6.87804e-08    0.0215529
1.38831    -1.12654    6.83743e-08    0.0215518
1.38825    -1.12654    6.69374e-08    0.0215508
1.3882    -1.12654    6.45482e-08    0.0215497
1.38815    -1.12654    6.13097e-08    0.0215487
1.3881    -1.12654    5.73448e-08    0.0215477
1.38805    -1.12654    5.27914e-08    0.0215467
1.38801    -1.12654    4.77965e-08    0.0215458
1.38796    -1.12654    4.25119e-08    0.0215449
1.38792    -1.12654    3.70888e-08    0.0215441
1.38788    -1.12654    3.16732e-08    0.0215433
1.38785    -1.12654    2.64022e-08    0.0215426
1.38782    -1.12654    2.13999e-08    0.0215419
1.38779    -1.12654    1.67749e-08    0.0215413
1.38776    -1.12654    1.26178e-08    0.0215408
1.38774    -1.12654    8.9998e-09    0.0215403
1.38772    -1.12654    5.97173e-09    0.0215399
1.3877    -1.12654    3.56385e-09    0.0215396
1.38769    -1.12654    1.78639e-09    0.0215393
1.38768    -1.12654    6.30485e-10    0.0215391
1.38768    -1.12654    6.97568e-11    0.021539
1.38768    -1.12654    6.22674e-11    0.021539
1.38768    -1.12654    5.52817e-10    0.021539
1.38768    -1.12654    1.4755e-09    0.021539
1.38769    -1.12654    2.75638e-09    0.0215392
1.3877    -1.12654    4.31631e-09    0.0215394
1.38771    -1.12654    6.0736e-09    0.0215396
1.38773    -1.12654    7.94669e-09    0.0215399
1.38775    -1.12654    9.85655e-09    0.0215403
1.38777    -1.12654    1.17289e-08    0.0215407
1.38779    -1.12654    1.34963e-08    0.0215411
1.38781    -1.12654    1.50992e-08    0.0215415
1.38784    -1.12654    1.64878e-08    0.021542
1.38786    -1.12654    1.76225e-08    0.0215425
1.38789    -1.12654    1.84745e-08    0.0215431
1.38792    -1.12654    1.90261e-08    0.0215436
1.38794    -1.12654    1.92699e-08    0.0215442
1.38797    -1.12654    1.9209e-08    0.0215447
1.388    -1.12654    1.88557e-08    0.0215453
1.38803    -1.12654    1.82309e-08    0.0215458
1.38805    -1.12654    1.73624e-08    0.0215464
1.38808    -1.12654    1.62838e-08    0.0215469
1.38811    -1.12654    1.50332e-08    0.0215474
1.38813    -1.12654    1.36515e-08    0.0215479
1.38815    -1.12654    1.21813e-08    0.0215484
1.38818    -1.12654    1.0665e-08    0.0215488
1.3882    -1.12654    9.14388e-09    0.0215493
1.38822    -1.12654    7.65685e-09    0.0215496
1.38823    -1.12654    6.23939e-09    0.02155
1.38825    -1.12654    4.9227e-09    0.0215503
1.38826    -1.12654    3.73305e-09    0.0215506
1.38828    -1.12654    2.69133e-09    0.0215509
1.38829    -1.12654    1.81274e-09    0.0215511
1.3883    -1.12654    1.10677e-09    0.0215513
1.3883    -1.12654    5.77211e-10    0.0215514
1.38831    -1.12654    2.22506e-10    0.0215515
1.38831    -1.12654    3.60935e-11    0.0215516
1.38831    -1.12654    6.96739e-12    0.0215516
1.38831    -1.12654    1.20296e-10    0.0215516
1.38831    -1.12654    3.58125e-10    0.0215516
1.3883    -1.12654    7.00126e-10    0.0215515
1.3883    -1.12654    1.12437e-09    0.0215514
1.38829    -1.12654    1.60808e-09    0.0215513
1.38828    -1.12654    2.12838e-09    0.0215511
1.38828    -1.12654    2.663e-09    0.021551
1.38826    -1.12654    3.19088e-09    0.0215508
1.38825    -1.12654    3.69272e-09    0.0215505
1.38824    -1.12654    4.15146e-09    0.0215503
1.38823    -1.12654    4.55262e-09    0.02155
1.38821    -1.12654    4.88457e-09    0.0215498
1.3882    -1.12654    5.13867e-09    0.0215495
1.38819    -1.12654    5.30934e-09    0.0215492
1.38817    -1.12654    5.394e-09    0.0215489
1.38816    -1.12654    5.39295e-09    0.0215486
1.38814    -1.12654    5.30918e-09    0.0215483
1.38813    -1.12654    5.14806e-09    0.021548
1.38811    -1.12654    4.91702e-09    0.0215478
1.3881    -1.12654    4.62523e-09    0.0215475
1.38809    -1.12654    4.28311e-09    0.0215472
1.38807    -1.12654    3.90203e-09    0.0215469
1.38806    -1.12654    3.49382e-09    0.0215467
1.38805    -1.12654    3.07041e-09    0.0215464
1.38804    -1.12654    2.64348e-09    0.0215462
1.38803    -1.12654    2.22407e-09    0.021546
1.38802    -1.12654    1.82234e-09    0.0215458
1.38801    -1.12654    1.44728e-09    0.0215456
1.388    -1.12654    1.10653e-09    0.0215455
1.38799    -1.12654    8.06261e-10    0.0215453
1.38799    -1.12654    5.5104e-10    0.0215452
1.38798    -1.12654    3.43835e-10    0.0215451
1.38798    -1.12654    1.86015e-10    0.021545
1.38798    -1.12654    7.74215e-11    0.021545
1.38798    -1.12654    1.64715e-11    0.0215449
1.38797    -1.12654    3.01914e-13    0.0215449
1.38798    -1.12654    2.49405e-11    0.0215449
1.38798    -1.12654    8.54998e-11    0.0215449
1.38798    -1.12654    1.76385e-10    0.021545
1.38798    -1.12654    2.91511e-10    0.021545
1.38798    -1.12654    4.24516e-10    0.0215451
1.38799    -1.12654    5.68971e-10    0.0215452
1.38799    -1.12654    7.18581e-10    0.0215452
1.388    -1.12654    8.67362e-10    0.0215454
1.388    -1.12654    1.0098e-09    0.0215455
1.38801    -1.12654    1.14098e-09    0.0215456
1.38802    -1.12654    1.2567e-09    0.0215457
1.38802    -1.12654    1.35354e-09    0.0215459
1.38803    -1.12654    1.42894e-09    0.021546
1.38804    -1.12654    1.48117e-09    0.0215462
1.38805    -1.12654    1.50934e-09    0.0215463
1.38806    -1.12654    1.51341e-09    0.0215465
1.38806    -1.12654    1.49409e-09    0.0215466
1.38807    -1.12654    1.45275e-09    0.0215468
1.38808    -1.12654    1.39139e-09    0.0215469
1.38809    -1.12654    1.3125e-09    0.0215471
1.38809    -1.12654    1.21896e-09    0.0215472
1.3881    -1.12654    1.11389e-09    0.0215474
1.38811    -1.12654    1.00061e-09    0.0215475
1.38811    -1.12654    8.82468e-10    0.0215476
1.38812    -1.12654    7.62751e-10    0.0215478
1.38812    -1.12654    6.44595e-10    0.0215479
1.38813    -1.12654    5.30897e-10    0.021548
1.38813    -1.12654    4.24242e-10    0.0215481
1.38814    -1.12654    3.26842e-10    0.0215482
1.38814    -1.12654    2.40502e-10    0.0215482
1.38815    -1.12654    1.66586e-10    0.0215483
1.38815    -1.12654    1.06006e-10    0.0215484
1.38815    -1.12654    5.9227e-11    0.0215484
1.38815    -1.12654    2.628e-11    0.0215484
1.38815    -1.12654    6.79208e-12    0.0215485
1.38815    -1.12654    2.33765e-14    0.0215485
1.38815    -1.12654    4.91426e-12    0.0215485
1.38815    -1.12654    2.01385e-11    0.0215485
1.38815    -1.12654    4.41609e-11    0.0215484
1.38815    -1.12654    7.52975e-11    0.0215484
1.38815    -1.12654    1.11776e-10    0.0215484
1.38815    -1.12654    1.51796e-10    0.0215483
1.38814    -1.12654    1.93581e-10    0.0215483
1.38814    -1.12654    2.35437e-10    0.0215482
1.38814    -1.12654    2.75791e-10    0.0215482
1.38813    -1.12654    3.13233e-10    0.0215481
1.38813    -1.12654    3.46546e-10    0.0215481
1.38813    -1.12654    3.74733e-10    0.021548
1.38812    -1.12654    3.97026e-10    0.0215479
1.38812    -1.12654    4.12899e-10    0.0215478
1.38812    -1.12654    4.2206e-10    0.0215477
1.38811    -1.12654    4.24454e-10    0.0215477
1.38811    -1.12654    4.20239e-10    0.0215476
1.3881    -1.12654    4.09769e-10    0.0215475
1.3881    -1.12654    3.93574e-10    0.0215474
1.3881    -1.12654    3.72326e-10    0.0215473
1.38809    -1.12654    3.46811e-10    0.0215473
1.38809    -1.12654    3.179e-10    0.0215472
1.38808    -1.12654    2.86511e-10    0.0215471
1.38808    -1.12654    2.53583e-10    0.021547
1.38808    -1.12654    2.20044e-10    0.021547
1.38807    -1.12654    1.86782e-10    0.0215469
1.38807    -1.12654    1.54623e-10    0.0215469
1.38807    -1.12654    1.2431e-10    0.0215468
1.38807    -1.12654    9.64832e-11    0.0215468
1.38806    -1.12654    7.16713e-11    0.0215467
1.38806    -1.12654    5.02797e-11    0.0215467
1.38806    -1.12654    3.25881e-11    0.0215467
1.38806    -1.12654    1.87501e-11    0.0215466
1.38806    -1.12654    8.79667e-12    0.0215466
1.38806    -1.12654    2.64377e-12    0.0215466
1.38806    -1.12654    1.02252e-13    0.0215466
1.38806    -1.12654    8.90711e-13    0.0215466
1.38806    -1.12654    4.65007e-12    0.0215466
1.38806    -1.12654    1.09596e-11    0.0215466
1.38806    -1.12654    1.93536e-11    0.0215466
1.38806    -1.12654    2.93387e-11    0.0215466
1.38806    -1.12654    4.041e-11    0.0215466
1.38806    -1.12654    5.20676e-11    0.0215467
1.38806    -1.12654    6.38308e-11    0.0215467
1.38807    -1.12654    7.52515e-11    0.0215467
1.38807    -1.12654    8.59253e-11    0.0215468
1.38807    -1.12654    9.55007e-11    0.0215468
1.38807    -1.12654    1.03686e-10    0.0215468
1.38807    -1.12654    1.10254e-10    0.0215469
1.38808    -1.12654    1.15044e-10    0.0215469
1.38808    -1.12654    1.17963e-10    0.021547
1.38808    -1.12654    1.18983e-10    0.021547
1.38808    -1.12654    1.18139e-10    0.0215471
1.38808    -1.12654    1.15518e-10    0.0215471
1.38809    -1.12654    1.11263e-10    0.0215471
1.38809    -1.12654    1.05553e-10    0.0215472
1.38809    -1.12654    9.86051e-11    0.0215472
1.38809    -1.12654    9.06585e-11    0.0215473
1.38809    -1.12654    8.19694e-11    0.0215473
1.3881    -1.12654    7.28003e-11    0.0215473
1.3881    -1.12654    6.34125e-11    0.0215474
1.3881    -1.12654    5.40575e-11    0.0215474
1.3881    -1.12654    4.49707e-11    0.0215474
1.3881    -1.12654    3.63647e-11    0.0215475
1.3881    -1.12654    2.84247e-11    0.0215475
1.38811    -1.12654    2.13048e-11    0.0215475
1.38811    -1.12654    1.51252e-11    0.0215475
1.38811    -1.12654    9.97066e-12    0.0215475
1.38811    -1.12654    5.89081e-12    0.0215476
1.38811    -1.12654    2.90053e-12    0.0215476
1.38811    -1.12654    9.82036e-13    0.0215476
1.38811    -1.12654    8.75108e-14    0.0215476
1.38811    -1.12654    1.42583e-13    0.0215476
1.38811    -1.12654    1.05033e-12    0.0215476
1.38811    -1.12654    2.69569e-12    0.0215476
1.38811    -1.12654    4.95015e-12    0.0215476
1.38811    -1.12654    7.67651e-12    0.0215476
1.38811    -1.12654    1.07336e-11    0.0215476
1.38811    -1.12654    1.39806e-11    0.0215475
1.38811    -1.12654    1.72817e-11    0.0215475
1.3881    -1.12654    2.05093e-11    0.0215475
1.3881    -1.12654    2.35475e-11    0.0215475
1.3881    -1.12654    2.6295e-11    0.0215475
1.3881    -1.12654    2.86667e-11    0.0215475
1.3881    -1.12654    3.05957e-11    0.0215474
1.3881    -1.12654    3.20333e-11    0.0215474
1.3881    -1.12654    3.29501e-11    0.0215474
1.3881    -1.12654    3.33348e-11    0.0215474
1.3881    -1.12654    3.31937e-11    0.0215473
1.3881    -1.12654    3.25493e-11    0.0215473
1.38809    -1.12654    3.14383e-11    0.0215473
1.38809    -1.12654    2.99096e-11    0.0215473
1.38809    -1.12654    2.80219e-11    0.0215473
1.38809    -1.12654    2.58414e-11    0.0215472
1.38809    -1.12654    2.34392e-11    0.0215472
1.38809    -1.12654    2.08888e-11    0.0215472
1.38809    -1.12654    1.82636e-11    0.0215472
1.38809    -1.12654    1.56348e-11    0.0215472
1.38809    -1.12654    1.30693e-11    0.0215471
1.38809    -1.12654    1.0628e-11    0.0215471
1.38808    -1.12654    8.36432e-12    0.0215471
1.38808    -1.12654    6.32319e-12    0.0215471
1.38808    -1.12654    4.54005e-12    0.0215471
1.38808    -1.12654    3.04058e-12    0.0215471
1.38808    -1.12654    1.84048e-12    0.0215471
1.38808    -1.12654    9.45716e-13    0.0215471
1.38808    -1.12654    3.52943e-13    0.0215471
1.38808    -1.12654    5.02628e-14    0.0215471
1.38808    -1.12654    1.81316e-14    0.0215471
1.38808    -1.12654    2.30466e-13    0.0215471
1.38808    -1.12654    6.55863e-13    0.0215471
1.38808    -1.12654    1.2589e-12    0.0215471
1.38808    -1.12654    2.00147e-12    0.0215471
1.38808    -1.12654    2.84411e-12    0.0215471
1.38808    -1.12654    3.74725e-12    0.0215471
1.38808    -1.12654    4.67246e-12    0.0215471
1.38808    -1.12654    5.58348e-12    0.0215471
1.38808    -1.12654    6.44717e-12    0.0215471
1.38809    -1.12654    7.23431e-12    0.0215471
1.38809    -1.12654    7.92018e-12    0.0215471
1.38809    -1.12654    8.48503e-12    0.0215471
1.38809    -1.12654    8.9143e-12    0.0215471
1.38809    -1.12654    9.19871e-12    0.0215472
1.38809    -1.12654    9.3342e-12    0.0215472
1.38809    -1.12654    9.32164e-12    0.0215472
1.38809    -1.12654    9.16653e-12    0.0215472
1.38809    -1.12654    8.87844e-12    0.0215472
1.38809    -1.12654    8.4705e-12    0.0215472
1.38809    -1.12654    7.95873e-12    0.0215472
1.38809    -1.12654    7.36133e-12    0.0215472
1.38809    -1.12654    6.69804e-12    0.0215473
1.38809    -1.12654    5.98936e-12    0.0215473
1.38809    -1.12654    5.25593e-12    0.0215473
1.38809    -1.12654    4.51786e-12    0.0215473
1.38809    -1.12654    3.79418e-12    0.0215473
1.38809    -1.12654    3.10229e-12    0.0215473
1.38809    -1.12654    2.45759e-12    0.0215473
1.3881    -1.12654    1.87311e-12    0.0215473
1.3881    -1.12654    1.35931e-12    0.0215473
1.3881    -1.12654    9.23895e-13    0.0215473
1.3881    -1.12654    5.71774e-13    0.0215473
1.3881    -1.12654    3.05119e-13    0.0215473
1.3881    -1.12654    1.23466e-13    0.0215473
1.3881    -1.12654    2.39055e-14    0.0215473
1.3881    -1.12654    1.33548e-15    0.0215473
1.3881    -1.12654    4.87606e-14    0.0215473
1.3881    -1.12654    1.57629e-13    0.0215473
1.3881    -1.12654    3.18195e-13    0.0215473
1.3881    -1.12654    5.19888e-13    0.0215473
1.3881    -1.12654    7.51691e-13    0.0215473
1.3881    -1.12654    1.0025e-12    0.0215473
1.3881    -1.12654    1.26145e-12    0.0215473
1.3881    -1.12654    1.51825e-12    0.0215473
1.38809    -1.12654    1.76344e-12    0.0215473
1.38809    -1.12654    1.98859e-12    0.0215473
1.38809    -1.12654    2.18656e-12    0.0215473
1.38809    -1.12654    2.35152e-12    0.0215473
1.38809    -1.12654    2.47912e-12    0.0215473
1.38809    -1.12654    2.56651e-12    0.0215473
1.38809    -1.12654    2.61225e-12    0.0215473
1.38809    -1.12654    2.61636e-12    0.0215473
1.38809    -1.12654    2.58013e-12    0.0215473
1.38809    -1.12654    2.50606e-12    0.0215473
1.38809    -1.12654    2.39765e-12    0.0215473
1.38809    -1.12654    2.25924e-12    0.0215472
1.38809    -1.12654    2.09586e-12    0.0215472
1.38809    -1.12654    1.91295e-12    0.0215472
1.38809    -1.12654    1.71625e-12    0.0215472
1.38809    -1.12654    1.51155e-12    0.0215472
1.38809    -1.12654    1.30451e-12    0.0215472
1.38809    -1.12654    1.10055e-12    0.0215472
1.38809    -1.12654    9.04626e-13    0.0215472
1.38809    -1.12654    7.21179e-13    0.0215472
1.38809    -1.12654    5.53987e-13    0.0215472
1.38809    -1.12654    4.06117e-13    0.0215472
1.38809    -1.12654    2.79872e-13    0.0215472
1.38809    -1.12654    1.76776e-13    0.0215472
1.38809    -1.12654    9.75796e-14    0.0215472
1.38809    -1.12654    4.22849e-14    0.0215472
1.38809    -1.12654    1.01992e-14    0.0215472
1.38809    -1.12654    6.62864e-19    0.0215472
1.38809    -1.12654    9.82019e-15    0.0215472
1.38809    -1.12654    3.73345e-14    0.0215472
1.38809    -1.12654    7.9866e-14    0.0215472
1.38809    -1.12654    1.34487e-13    0.0215472
1.38809    -1.12654    1.98126e-13    0.0215472
1.38809    -1.12654    2.67666e-13    0.0215472
1.38809    -1.12654    3.40045e-13    0.0215472
1.38809    -1.12654    4.12341e-13    0.0215472
1.38809    -1.12654    4.81853e-13    0.0215472
1.38809    -1.12654    5.46164e-13    0.0215472
1.38809    -1.12654    6.03197e-13    0.0215472
1.38809    -1.12654    6.51253e-13    0.0215472
1.38809    -1.12654    6.89035e-13    0.0215472
1.38809    -1.12654    7.1566e-13    0.0215472
1.38809    -1.12654    7.30658e-13    0.0215472
1.38809    -1.12654    7.33958e-13    0.0215472
1.38809    -1.12654    7.25859e-13    0.0215472
1.38809    -1.12654    7.07e-13    0.0215472
1.38809    -1.12654    6.78314e-13    0.0215472
1.38809    -1.12654    6.40981e-13    0.0215472
1.38809    -1.12654    5.96375e-13    0.0215472
1.38809    -1.12654    5.46006e-13    0.0215472
1.38809    -1.12654    4.91471e-13    0.0215472
1.38809    -1.12654    4.34391e-13    0.0215472
1.38809    -1.12654    3.76368e-13    0.0215472
1.38809    -1.12654    3.18933e-13    0.0215473
1.38809    -1.12654    2.63504e-13    0.0215473
1.38809    -1.12654    2.11354e-13    0.0215473
1.38809    -1.12654    1.63578e-13    0.0215473
1.38809    -1.12654    1.21073e-13    0.0215473
1.38809    -1.12654    8.45264e-14    0.0215473
1.38809    -1.12654    5.44052e-14    0.0215473
1.38809    -1.12654    3.09593e-14    0.0215473
1.38809    -1.12654    1.42275e-14    0.0215473
1.38809    -1.12654    4.05059e-15    0.0215473
1.38809    -1.12654    8.91269e-17    0.0215473
1.38809    -1.12654    1.84585e-15    0.0215473
1.38809    -1.12654    8.69114e-15    0.0215473
1.38809    -1.12654    1.98908e-14    0.0215473
1.38809    -1.12654    3.46351e-14    0.0215473
1.38809    -1.12654    5.20683e-14    0.0215473
1.38809    -1.12654    7.13173e-14    0.0215473
1.38809    -1.12654    9.15189e-14    0.0215473
1.38809    -1.12654    1.11845e-13    0.0215473
1.38809    -1.12654    1.31526e-13    0.0215473
1.38809    -1.12654    1.49869e-13    0.0215473
1.38809    -1.12654    1.66272e-13    0.0215473
1.38809    -1.12654    1.80238e-13    0.0215473
1.38809    -1.12654    1.91384e-13    0.0215473
1.38809    -1.12654    1.9944e-13    0.0215473
1.38809    -1.12654    2.04254e-13    0.0215472
1.38809    -1.12654    2.05784e-13    0.0215472
1.38809    -1.12654    2.04096e-13    0.0215472
1.38809    -1.12654    1.99353e-13    0.0215472
1.38809    -1.12654    1.91801e-13    0.0215472
1.38809    -1.12654    1.8176e-13    0.0215472
1.38809    -1.12654    1.69605e-13    0.0215472
1.38809    -1.12654    1.55755e-13    0.0215472
1.38809    -1.12654    1.40652e-13    0.0215472
1.38809    -1.12654    1.24752e-13    0.0215472
1.38809    -1.12654    1.08505e-13    0.0215472
1.38809    -1.12654    9.23461e-14    0.0215472
1.38809    -1.12654    7.66781e-14    0.0215472
1.38809    -1.12654    6.18664e-14    0.0215472
1.38809    -1.12654    4.82276e-14    0.0215472
1.38809    -1.12654    3.6024e-14    0.0215472
1.38809    -1.12654    2.54591e-14    0.0215472
1.38809    -1.12654    1.66754e-14    0.0215472
1.38809    -1.12654    9.75424e-15    0.0215472
1.38809    -1.12654    4.7172e-15    0.0215472
1.38809    -1.12654    1.52959e-15    0.0215472
1.38809    -1.12654    1.05231e-16    0.0215472
1.38809    -1.12654    3.12441e-16    0.0215472
1.38809    -1.12654    1.98107e-15    0.0215472
1.38809    -1.12654    4.91016e-15    0.0215472
1.38809    -1.12654    8.87609e-15    0.0215472
1.38809    -1.12654    1.36408e-14    0.0215472
1.38809    -1.12654    1.89598e-14    0.0215472
1.38809    -1.12654    2.45902e-14    0.0215472
1.38809    -1.12654    3.02976e-14    0.0215472
1.38809    -1.12654    3.58626e-14    0.0215472
1.38809    -1.12654    4.10867e-14    0.0215472
1.38809    -1.12654    4.57964e-14    0.0215472
1.38809    -1.12654    4.98468e-14    0.0215472
1.38809    -1.12654    5.31241e-14    0.0215472
1.38809    -1.12654    5.5547e-14    0.0215472
1.38809    -1.12654    5.70665e-14    0.0215472
1.38809    -1.12654    5.76656e-14    0.0215472
1.38809    -1.12654    5.73573e-14    0.0215472
1.38809    -1.12654    5.61822e-14    0.0215472
1.38809    -1.12654    5.42055e-14    0.0215472
1.38809    -1.12654    5.15132e-14    0.0215472
1.38809    -1.12654    4.82079e-14    0.0215472
1.38809    -1.12654    4.44049e-14    0.0215472
1.38809    -1.12654    4.02276e-14    0.0215472
1.38809    -1.12654    3.5803e-14    0.0215472
1.38809    -1.12654    3.12582e-14    0.0215472
1.38809    -1.12654    2.67157e-14    0.0215472
1.38809    -1.12654    2.22907e-14    0.0215472
1.38809    -1.12654    1.80877e-14    0.0215472
1.38809    -1.12654    1.4198e-14    0.0215472
1.38809    -1.12654    1.06982e-14    0.0215472
1.38809    -1.12654    7.64834e-15    0.0215472
1.38809    -1.12654    5.09161e-15    0.0215472
1.38809    -1.12654    3.05395e-15    0.0215472
1.38809    -1.12654    1.54446e-15    0.0215472
1.38809    -1.12654    5.56267e-16    0.0215472
1.38809    -1.12654    6.77665e-17    0.0215472
1.38809    -1.12654    4.42802e-17    0.0215472
1.38809    -1.12654    4.39961e-16    0.0215472
1.38809    -1.12654    1.19992e-15    0.0215472
