1.65775    -1.11575    0.113943    0.0270606
1.72549    -1.11067    0.101165    0.0286542
1.78932    -1.10534    0.0891124    0.0301315
1.84922    -1.09995    0.0778993    0.0315709
1.90523    -1.09465    0.0675787    0.0329263
1.9574    -1.08953    0.0581665    0.0342001
2.0058    -1.08465    0.0496518    0.0353896
2.05052    -1.08006    0.042006    0.0364939
2.09165    -1.07579    0.0351889    0.0375131
2.12929    -1.07184    0.0291537    0.0384482
2.16356    -1.06823    0.0238496    0.0393006
2.19455    -1.06494    0.0192249    0.0400725
2.22238    -1.06199    0.0152281    0.040766
2.24714    -1.05936    0.0118089    0.0413839
2.26895    -1.05704    0.00891952    0.0419289
2.2879    -1.05503    0.00651436    0.0424037
2.3041    -1.05331    0.00455076    0.042811
2.31764    -1.05187    0.0029889    0.0431535
2.32861    -1.05071    0.00179183    0.0434337
2.3371    -1.04981    0.00092543    0.0436541
2.34321    -1.04916    0.000358236    0.0438168
2.347    -1.04876    6.1354e-05    0.0439241
2.34858    -1.04859    8.27913e-06    0.0439778
2.348    -1.04866    0.000174731    0.0439797
2.34535    -1.04894    0.000538481    0.0439314
2.34069    -1.04943    0.00107918    0.0438345
2.3341    -1.05013    0.0017782    0.0436903
2.32563    -1.05103    0.00261845    0.0435001
2.31537    -1.05212    0.00358423    0.0432652
2.30335    -1.05339    0.00466105    0.0429865
2.28965    -1.05485    0.00583552    0.0426652
2.27432    -1.05647    0.00709516    0.0423024
2.25742    -1.05827    0.00842828    0.0418991
2.23899    -1.06023    0.00982382    0.0414564
2.2191    -1.06234    0.0112712    0.0409753
2.1978    -1.0646    0.0127602    0.040457
2.17513    -1.067    0.0142809    0.0399029
2.15115    -1.06954    0.0158233    0.0393142
2.1259    -1.0722    0.0173775    0.0386924
2.09945    -1.07497    0.0189331    0.0380392
2.07184    -1.07785    0.0204796    0.0373563
2.04312    -1.08083    0.0220059    0.0366457
2.01335    -1.08388    0.0235004    0.0359095
1.98258    -1.087    0.0249503    0.0351501
1.95088    -1.09018    0.0263424    0.03437
1.91831    -1.09338    0.027662    0.033572
1.88494    -1.0966    0.0288936    0.0327589
1.85083    -1.0998    0.0300203    0.031934
1.81605    -1.10298    0.0310242    0.0311005
1.78071    -1.10609    0.031886    0.030262
1.74487    -1.1091    0.0325853    0.0294218
1.70865    -1.112    0.033101    0.0285838
1.67214    -1.11473    0.0334113    0.0277514
1.63546    -1.11727    0.0334942    0.0269283
1.59873    -1.11958    0.0333284    0.0261178
1.56209    -1.12162    0.0328938    0.0253233
1.5257    -1.12335    0.0321728    0.0245475
1.4897    -1.12474    0.0311516    0.0237931
1.45428    -1.12575    0.0298218    0.0230623
1.41962    -1.12636    0.0281826    0.0223573
1.38594    -1.12654    0.0262424    0.0216799
1.35343    -1.1263    0.0240216    0.0210325
1.32232    -1.12564    0.0215546    0.0204177
1.29286    -1.12458    0.0188911    0.0198387
1.26528    -1.12317    0.0160972    0.0192992
1.23982    -1.12147    0.013255    0.0188037
1.21671    -1.11956    0.0104594    0.0183562
1.19619    -1.11756    0.00781455    0.0179607
1.17845    -1.11558    0.00542582    0.0176203
1.16367    -1.11374    0.00339186    0.0173376
1.15198    -1.11216    0.00179479    0.0171139
1.14348    -1.11093    0.000691366    0.01695
1.1382    -1.11013    0.000106153    0.0168456
1.13613    -1.10982    2.83568e-05    0.0167997
1.1372    -1.10998    0.000412823    0.0168104
1.14128    -1.1106    0.00118523    0.0168751
1.14819    -1.11162    0.00225051    0.0169906
1.15771    -1.11295    0.00350302    0.0171531
1.16959    -1.1145    0.00483669    0.0173584
1.18354    -1.11618    0.00615395    0.017602
1.19928    -1.11789    0.00737213    0.0178793
1.21652    -1.11955    0.00842733    0.018186
1.23494    -1.12109    0.00927568    0.0185174
1.25427    -1.12248    0.00989249    0.0188693
1.27423    -1.12367    0.01027    0.0192375
1.29456    -1.12465    0.0104146    0.0196181
1.31504    -1.12542    0.0103428    0.0200071
1.33545    -1.12597    0.0100789    0.0204008
1.3556    -1.12633    0.00965163    0.0207953
1.37531    -1.12651    0.00909165    0.021187
1.39445    -1.12654    0.00843003    0.0215725
1.41287    -1.12643    0.0076966    0.0219485
1.43048    -1.12621    0.00691909    0.0223121
1.44717    -1.12591    0.00612245    0.0226606
1.46287    -1.12554    0.00532858    0.0229916
1.47752    -1.12513    0.00455612    0.0233033
1.49107    -1.12469    0.00382054    0.0235938
1.50347    -1.12425    0.00313427    0.0238619
1.51471    -1.12381    0.00250685    0.0241065
1.52476    -1.12339    0.00194525    0.0243267
1.53361    -1.123    0.00145408    0.024522
1.54126    -1.12265    0.00103586    0.0246921
1.54772    -1.12234    0.000691322    0.0248367
1.55299    -1.12208    0.000419627    0.0249559
1.55711    -1.12188    0.000218599    0.02505
1.56007    -1.12173    8.49426e-05    0.0251191
1.56192    -1.12163    1.44347e-05    0.0251639
1.56268    -1.12159    2.09561e-06    0.0251849
1.56239    -1.12161    4.23441e-05    0.0251829
1.56109    -1.12167    0.000129135    0.0251586
1.55881    -1.12179    0.000256083    0.0251131
1.5556    -1.12195    0.000416574    0.0250474
1.5515    -1.12216    0.000603863    0.0249625
1.54657    -1.1224    0.000811171    0.0248596
1.54085    -1.12267    0.00103177    0.0247399
1.53441    -1.12297    0.00125905    0.0246048
1.52729    -1.12328    0.00148664    0.0244556
1.51955    -1.12361    0.00170843    0.0242936
1.51125    -1.12395    0.00191867    0.0241202
1.50246    -1.12429    0.00211207    0.0239369
1.49324    -1.12462    0.00228383    0.0237451
1.48365    -1.12494    0.00242974    0.0235462
1.47376    -1.12524    0.00254626    0.0233418
1.46363    -1.12552    0.00263056    0.0231332
1.45334    -1.12577    0.0026806    0.0229219
1.44295    -1.12599    0.00269518    0.0227094
1.43253    -1.12618    0.00267397    0.022497
1.42215    -1.12633    0.00261758    0.0222862
1.41189    -1.12644    0.0025275    0.0220782
1.4018    -1.12651    0.00240614    0.0218745
1.39195    -1.12654    0.00225678    0.0216762
1.38242    -1.12654    0.00208346    0.0214846
1.37326    -1.1265    0.00189092    0.0213009
1.36453    -1.12643    0.00168446    0.0211261
1.3563    -1.12634    0.00146976    0.0209613
1.3486    -1.12623    0.00125273    0.0208074
1.3415    -1.1261    0.00103928    0.0206654
1.33503    -1.12596    0.000835079    0.0205358
1.32923    -1.12582    0.000645419    0.0204195
1.32413    -1.12569    0.000474943    0.0203169
1.31976    -1.12556    0.000327499    0.0202284
1.31613    -1.12545    0.000205991    0.0201544
1.31325    -1.12536    0.000112277    0.0200949
1.31112    -1.12529    4.7121e-05    0.02005
1.30975    -1.12524    1.01971e-05    0.0200196
1.3091    -1.12522    1.46727e-07    0.0200035
1.30918    -1.12522    1.46845e-05    0.0200012
1.30995    -1.12525    5.07451e-05    0.0200124
1.31138    -1.1253    0.000104661    0.0200364
1.31343    -1.12536    0.00017236    0.0200727
1.31607    -1.12545    0.000249564    0.0201204
1.31924    -1.12555    0.000331992    0.0201787
1.32289    -1.12565    0.000415534    0.0202467
1.32699    -1.12577    0.000496409    0.0203236
1.33146    -1.12588    0.000571292    0.0204083
1.33625    -1.12599    0.0006374    0.0204997
1.34132    -1.1261    0.000692552    0.020597
1.3466    -1.12619    0.000735193    0.020699
1.35204    -1.12628    0.000764382    0.0208047
1.35759    -1.12636    0.000779768    0.0209131
1.36319    -1.12642    0.000781532    0.0210232
1.3688    -1.12647    0.000770325    0.0211339
1.37437    -1.12651    0.000747188    0.0212445
1.37986    -1.12653    0.000713472    0.021354
1.38522    -1.12654    0.00067076    0.0214614
1.39042    -1.12654    0.000620782    0.0215662
1.39542    -1.12653    0.000565345    0.0216674
1.40019    -1.12652    0.000506266    0.0217644
1.4047    -1.12649    0.000445313    0.0218566
1.40894    -1.12646    0.000384156    0.0219436
1.41287    -1.12643    0.000324329    0.0220246
1.41649    -1.12639    0.000267195    0.0220995
1.41977    -1.12636    0.00021393    0.0221678
1.4227    -1.12632    0.000165505    0.0222292
1.42528    -1.12629    0.00012268    0.0222835
1.42751    -1.12625    8.60036e-05    0.0223306
1.42937    -1.12623    5.58176e-05    0.0223704
1.43087    -1.1262    3.22681e-05    0.0224029
1.43201    -1.12619    1.53172e-05    0.022428
1.43279    -1.12617    4.76054e-06    0.0224458
1.43323    -1.12617    2.45316e-07    0.0224565
1.43333    -1.12617    1.29125e-06    0.0224603
1.4331    -1.12617    7.31194e-06    0.0224573
1.43256    -1.12618    1.76371e-05    0.0224478
1.43172    -1.12619    3.15346e-05    0.0224321
1.43059    -1.12621    4.8233e-05    0.0224106
1.4292    -1.12623    6.69425e-05    0.0223835
1.42755    -1.12625    8.68753e-05    0.0223513
1.42568    -1.12628    0.000107265    0.0223145
1.4236    -1.12631    0.000127385    0.0222733
1.42134    -1.12634    0.000146562    0.0222283
1.41891    -1.12637    0.000164191    0.0221799
1.41634    -1.12639    0.00017975    0.0221285
1.41365    -1.12642    0.000192803    0.0220747
1.41086    -1.12645    0.000203012    0.0220189
1.408    -1.12647    0.00021014    0.0219617
1.40509    -1.12649    0.000214051    0.0219033
1.40216    -1.12651    0.000214709    0.0218444
1.39922    -1.12652    0.000212177    0.0217854
1.39629    -1.12653    0.000206609    0.0217267
1.39341    -1.12654    0.000198242    0.0216688
1.39058    -1.12654    0.000187383    0.0216119
1.38784    -1.12654    0.000174403    0.0215567
1.38519    -1.12654    0.000159717    0.0215033
1.38265    -1.12654    0.000143774    0.0214522
1.38024    -1.12653    0.00012704    0.0214036
1.37798    -1.12652    0.000109981    0.0213579
1.37588    -1.12652    9.30535e-05    0.0213153
1.37394    -1.12651    7.66866e-05    0.021276
1.37218    -1.12649    6.1271e-05    0.0212402
1.37061    -1.12648    4.71482e-05    0.0212081
1.36924    -1.12647    3.46022e-05    0.0211798
1.36805    -1.12646    2.38529e-05    0.0211554
1.36707    -1.12646    1.50525e-05    0.021135
1.3663    -1.12645    8.28387e-06    0.0211185
1.36572    -1.12644    3.56204e-06    0.0211061
1.36534    -1.12644    8.37346e-07    0.0210975
1.36516    -1.12644    9.74733e-10    0.0210929
1.36516    -1.12644    8.92194e-07    0.021092
1.36535    -1.12644    3.30695e-06    0.0210947
1.36572    -1.12644    7.00748e-06    0.021101
1.36625    -1.12645    1.17324e-05    0.0211106
1.36694    -1.12646    1.72072e-05    0.0211234
1.36777    -1.12646    2.3154e-05    0.021139
1.36873    -1.12647    2.93012e-05    0.0211574
1.36982    -1.12648    3.5392e-05    0.0211783
1.37101    -1.12649    4.11916e-05    0.0212013
1.3723    -1.1265    4.64937e-05    0.0212263
1.37367    -1.1265    5.11245e-05    0.021253
1.3751    -1.12651    5.49461e-05    0.0212811
1.37659    -1.12652    5.78583e-05    0.0213104
1.37812    -1.12653    5.97986e-05    0.0213405
1.37967    -1.12653    6.07412e-05    0.0213712
1.38123    -1.12654    6.0695e-05    0.0214022
1.3828    -1.12654    5.97004e-05    0.0214334
1.38435    -1.12654    5.78253e-05    0.0214643
1.38587    -1.12654    5.5161e-05    0.0214949
1.38737    -1.12654    5.18172e-05    0.0215248
1.38881    -1.12654    4.79172e-05    0.0215539
1.3902    -1.12654    4.35928e-05    0.021582
1.39152    -1.12654    3.89797e-05    0.0216088
1.39278    -1.12654    3.42132e-05    0.0216343
1.39395    -1.12654    2.94236e-05    0.0216582
1.39504    -1.12654    2.47332e-05    0.0216805
1.39604    -1.12653    2.0253e-05    0.0217009
1.39694    -1.12653    1.60802e-05    0.0217196
1.39775    -1.12653    1.22967e-05    0.0217362
1.39845    -1.12652    8.96733e-06    0.0217509
1.39905    -1.12652    6.13971e-06    0.0217635
1.39955    -1.12652    3.84388e-06    0.021774
1.39994    -1.12652    2.09278e-06    0.0217825
1.40023    -1.12652    8.83112e-07    0.0217888
1.40042    -1.12652    1.96594e-07    0.0217932
1.40051    -1.12652    1.52876e-09    0.0217955
1.4005    -1.12652    2.54655e-07    0.0217958
1.4004    -1.12652    9.03176e-07    0.0217943
1.40021    -1.12652    1.88691e-06    0.0217909
1.39993    -1.12652    3.14049e-06    0.0217858
1.39958    -1.12652    4.59558e-06    0.0217791
1.39915    -1.12652    6.18302e-06    0.0217709
1.39865    -1.12652    7.83479e-06    0.0217612
1.39809    -1.12653    9.48594e-06    0.0217503
1.39747    -1.12653    1.10762e-05    0.0217382
1.3968    -1.12653    1.25514e-05    0.021725
1.39609    -1.12653    1.38646e-05    0.021711
1.39534    -1.12653    1.4977e-05    0.0216962
1.39457    -1.12654    1.58587e-05    0.0216808
1.39377    -1.12654    1.64887e-05    0.0216649
1.39295    -1.12654    1.68551e-05    0.0216487
1.39213    -1.12654    1.6955e-05    0.0216323
1.3913    -1.12654    1.67937e-05    0.0216157
1.39048    -1.12654    1.63845e-05    0.0215993
1.38967    -1.12654    1.57473e-05    0.021583
1.38887    -1.12654    1.4908e-05    0.021567
1.3881    -1.12654    1.38971e-05    0.0215514
1.38735    -1.12654    1.27485e-05    0.0215363
1.38663    -1.12654    1.14986e-05    0.0215219
1.38595    -1.12654    1.01846e-05    0.0215081
1.38531    -1.12654    8.8436e-06    0.0214951
1.38471    -1.12654    7.51126e-06    0.021483
1.38416    -1.12654    6.22101e-06    0.0214718
1.38366    -1.12654    5.00307e-06    0.0214616
1.38321    -1.12654    3.88368e-06    0.0214523
1.38282    -1.12654    2.88458e-06    0.0214442
1.38248    -1.12654    2.02262e-06    0.0214371
1.38219    -1.12654    1.30953e-06    0.0214311
1.38196    -1.12654    7.51877e-07    0.0214263
1.38179    -1.12654    3.51207e-07    0.0214225
1.38167    -1.12654    1.04306e-07    0.0214198
1.3816    -1.12654    3.60886e-09    0.0214183
1.38159    -1.12654    3.77169e-08    0.0214177
1.38163    -1.12654    1.92001e-07    0.0214183
1.38172    -1.12654    4.49267e-07    0.0214197
1.38185    -1.12654    7.90462e-07    0.0214222
1.38203    -1.12654    1.19538e-06    0.0214255
1.38225    -1.12654    1.64339e-06    0.0214296
1.38251    -1.12654    2.11406e-06    0.0214346
1.3828    -1.12654    2.5878e-06    0.0214402
1.38312    -1.12654    3.04642e-06    0.0214465
1.38347    -1.12654    3.47357e-06    0.0214533
1.38385    -1.12654    3.85511e-06    0.0214606
1.38424    -1.12654    4.17941e-06    0.0214684
1.38465    -1.12654    4.43752e-06    0.0214764
1.38507    -1.12654    4.62324e-06    0.0214848
1.38551    -1.12654    4.73313e-06    0.0214934
1.38594    -1.12654    4.76639e-06    0.021502
1.38638    -1.12654    4.72473e-06    0.0215108
1.38682    -1.12654    4.61212e-06    0.0215195
1.38725    -1.12654    4.43447e-06    0.0215281
1.38767    -1.12654    4.19937e-06    0.0215366
1.38808    -1.12654    3.91568e-06    0.0215449
1.38848    -1.12654    3.59321e-06    0.0215529
1.38886    -1.12654    3.24231e-06    0.0215606
1.38922    -1.12654    2.87355e-06    0.0215679
1.38956    -1.12654    2.49736e-06    0.0215748
1.38988    -1.12654    2.12376e-06    0.0215813
1.39017    -1.12654    1.76201e-06    0.0215872
1.39044    -1.12654    1.42048e-06    0.0215927
1.39068    -1.12654    1.10637e-06    0.0215976
1.39089    -1.12654    8.25642e-07    0.021602
1.39107    -1.12654    5.8288e-07    0.0216058
1.39122    -1.12654    3.81274e-07    0.021609
1.39135    -1.12654    2.2261e-07    0.0216116
1.39144    -1.12654    1.07317e-07    0.0216137
1.39151    -1.12654    3.45424e-08    0.0216152
1.39154    -1.12654    2.26559e-09    0.0216161
1.39155    -1.12654    7.43849e-09    0.0216164
1.39154    -1.12654    4.61439e-08    0.0216162
1.39149    -1.12654    1.1377e-07    0.0216155
1.39143    -1.12654    2.05195e-07    0.0216142
1.39134    -1.12654    3.14971e-07    0.0216125
1.39122    -1.12654    4.37506e-07    0.0216104
1.39109    -1.12654    5.67243e-07    0.0216079
1.39094    -1.12654    6.98816e-07    0.0216049
1.39077    -1.12654    8.27202e-07    0.0216017
1.39059    -1.12654    9.47842e-07    0.0215981
1.39039    -1.12654    1.05675e-06    0.0215943
1.39019    -1.12654    1.15057e-06    0.0215902
1.38997    -1.12654    1.22669e-06    0.0215859
1.38975    -1.12654    1.2832e-06    0.0215815
1.38952    -1.12654    1.31894e-06    0.021577
1.38929    -1.12654    1.33348e-06    0.0215724
1.38906    -1.12654    1.32709e-06    0.0215678
1.38883    -1.12654    1.30067e-06    0.0215632
1.3886    -1.12654    1.25569e-06    0.0215586
1.38837    -1.12654    1.19409e-06    0.0215541
1.38816    -1.12654    1.11821e-06    0.0215497
1.38794    -1.12654    1.03071e-06    0.0215454
1.38774    -1.12654    9.34421e-07    0.0215413
1.38755    -1.12654    8.32267e-07    0.0215374
1.38736    -1.12654    7.27188e-07    0.0215337
1.38719    -1.12654    6.22029e-07    0.0215302
1.38703    -1.12654    5.19465e-07    0.021527
1.38689    -1.12654    4.21932e-07    0.021524
1.38676    -1.12654    3.31569e-07    0.0215213
1.38664    -1.12654    2.50167e-07    0.0215189
1.38654    -1.12654    1.79144e-07    0.0215168
1.38646    -1.12654    1.19522e-07    0.0215151
1.38639    -1.12654    7.1923e-08    0.0215136
1.38633    -1.12654    3.65765e-08    0.0215124
1.3863    -1.12654    1.3338e-08    0.0215116
1.38627    -1.12654    1.7183e-09    0.0215111
1.38626    -1.12654    9.2109e-10    0.0215108
1.38627    -1.12654    9.88751e-09    0.0215109
1.38629    -1.12654    2.73457e-08    0.0215112
1.38632    -1.12654    5.18636e-08    0.0215118
1.38637    -1.12654    8.19031e-08    0.0215126
1.38643    -1.12654    1.15874e-07    0.0215137
1.38649    -1.12654    1.52184e-07    0.021515
1.38657    -1.12654    1.8929e-07    0.0215165
1.38666    -1.12654    2.25739e-07    0.0215182
1.38676    -1.12654    2.60207e-07    0.0215201
1.38686    -1.12654    2.91529e-07    0.0215221
1.38697    -1.12654    3.18725e-07    0.0215242
1.38708    -1.12654    3.41014e-07    0.0215264
1.3872    -1.12654    3.57828e-07    0.0215288
1.38732    -1.12654    3.6881e-07    0.0215311
1.38744    -1.12654    3.73813e-07    0.0215336
1.38756    -1.12654    3.72888e-07    0.021536
1.38768    -1.12654    3.6627e-07    0.0215385
1.38781    -1.12654    3.54358e-07    0.0215409
1.38792    -1.12654    3.37688e-07    0.0215433
1.38804    -1.12654    3.16911e-07    0.0215456
1.38815    -1.12654    2.92766e-07    0.0215479
1.38826    -1.12654    2.66045e-07    0.0215501
1.38837    -1.12654    2.37574e-07    0.0215522
1.38846    -1.12654    2.08177e-07    0.0215542
1.38856    -1.12654    1.78656e-07    0.021556
1.38864    -1.12654    1.49769e-07    0.0215578
1.38872    -1.12654    1.22205e-07    0.0215594
1.38879    -1.12654    9.65728e-08    0.0215608
1.38885    -1.12654    7.33852e-08    0.0215621
1.38891    -1.12654    5.30508e-08    0.0215632
1.38895    -1.12654    3.58685e-08    0.0215642
1.38899    -1.12654    2.20257e-08    0.021565
1.38902    -1.12654    1.16008e-08    0.0215656
1.38904    -1.12654    4.56734e-09    0.0215661
1.38905    -1.12654    8.02244e-10    0.0215664
1.38906    -1.12654    9.59574e-11    0.0215666
1.38906    -1.12654    2.16444e-09    0.0215666
1.38905    -1.12654    6.6627e-09    0.0215664
1.38903    -1.12654    1.31992e-08    0.0215661
1.38901    -1.12654    2.13507e-08    0.0215657
1.38898    -1.12654    3.0677e-08    0.0215651
1.38895    -1.12654    4.07353e-08    0.0215645
1.3889    -1.12654    5.10935e-08    0.0215637
1.38886    -1.12654    6.13425e-08    0.0215628
1.38881    -1.12654    7.11069e-08    0.0215618
1.38876    -1.12654    8.00536e-08    0.0215608
1.3887    -1.12654    8.78995e-08    0.0215597
1.38864    -1.12654    9.44159e-08    0.0215585
1.38858    -1.12654    9.94322e-08    0.0215573
1.38851    -1.12654    1.02836e-07    0.021556
1.38845    -1.12654    1.04575e-07    0.0215547
1.38839    -1.12654    1.04652e-07    0.0215535
1.38832    -1.12654    1.03119e-07    0.0215522
1.38826    -1.12654    1.0008e-07    0.0215509
1.38819    -1.12654    9.56762e-08    0.0215496
1.38813    -1.12654    9.00821e-08    0.0215484
1.38807    -1.12654    8.34994e-08    0.0215471
1.38801    -1.12654    7.6147e-08    0.021546
1.38796    -1.12654    6.82542e-08    0.0215448
1.3879    -1.12654    6.00524e-08    0.0215438
1.38786    -1.12654    5.17685e-08    0.0215428
1.38781    -1.12654    4.36178e-08    0.0215419
1.38777    -1.12654    3.57985e-08    0.021541
1.38773    -1.12654    2.84867e-08    0.0215402
1.3877    -1.12654    2.18327e-08    0.0215395
1.38767    -1.12654    1.59576e-08    0.0215389
1.38764    -1.12654    1.09524e-08    0.0215384
1.38762    -1.12654    6.87659e-09    0.0215379
1.3876    -1.12654    3.75856e-09    0.0215376
1.38759    -1.12654    1.597e-09    0.0215373
1.38758    -1.12654    3.62781e-10    0.0215371
1.38758    -1.12654    1.67306e-12    0.021537
1.38758    -1.12654    4.37696e-10    0.021537
1.38758    -1.12654    1.57684e-09    0.0215371
1.38759    -1.12654    3.31112e-09    0.0215372
1.3876    -1.12654    5.52273e-09    0.0215374
1.38762    -1.12654    8.08831e-09    0.0215377
1.38764    -1.12654    1.0883e-08    0.0215381
1.38766    -1.12654    1.37842e-08    0.0215385
1.38768    -1.12654    1.66752e-08    0.0215389
1.38771    -1.12654    1.94485e-08    0.0215394
1.38773    -1.12654    2.20079e-08    0.02154
1.38776    -1.12654    2.42712e-08    0.0215406
1.3878    -1.12654    2.61711e-08    0.0215412
1.38783    -1.12654    2.76568e-08    0.0215418
1.38786    -1.12654    2.86939e-08    0.0215425
1.3879    -1.12654    2.92648e-08    0.0215431
1.38793    -1.12654    2.93675e-08    0.0215438
1.38796    -1.12654    2.90151e-08    0.0215445
1.388    -1.12654    2.82339e-08    0.0215452
1.38803    -1.12654    2.7062e-08    0.0215459
1.38806    -1.12654    2.55473e-08    0.0215465
1.3881    -1.12654    2.37453e-08    0.0215472
1.38813    -1.12654    2.17167e-08    0.0215478
1.38816    -1.12654    1.95255e-08    0.0215484
1.38819    -1.12654    1.72368e-08    0.021549
1.38821    -1.12654    1.49144e-08    0.0215495
1.38824    -1.12654    1.26194e-08    0.02155
1.38826    -1.12654    1.04083e-08    0.0215505
1.38828    -1.12654    8.33134e-09    0.0215509
1.3883    -1.12654    6.432e-09    0.0215513
1.38831    -1.12654    4.74561e-09    0.0215516
1.38833    -1.12654    3.29905e-09    0.0215519
1.38834    -1.12654    2.11046e-09    0.0215521
1.38835    -1.12654    1.18925e-09    0.0215523
1.38836    -1.12654    5.3645e-10    0.0215525
1.38836    -1.12654    1.45206e-10    0.0215526
1.38836    -1.12654    1.51277e-12    0.0215526
1.38836    -1.12654    8.51189e-11    0.0215527
1.38836    -1.12654    3.70553e-10    0.0215526
1.38836    -1.12654    8.28236e-10    0.0215526
1.38835    -1.12654    1.42564e-09    0.0215525
1.38834    -1.12654    2.12849e-09    0.0215523
1.38833    -1.12654    2.90185e-09    0.0215521
1.38832    -1.12654    3.71127e-09    0.0215519
1.38831    -1.12654    4.52377e-09    0.0215517
1.3883    -1.12654    5.30872e-09    0.0215514
1.38828    -1.12654    6.03859e-09    0.0215511
1.38827    -1.12654    6.6896e-09    0.0215508
1.38825    -1.12654    7.24214e-09    0.0215505
1.38823    -1.12654    7.68109e-09    0.0215502
1.38822    -1.12654    7.99595e-09    0.0215498
1.3882    -1.12654    8.18088e-09    0.0215495
1.38818    -1.12654    8.2345e-09    0.0215491
1.38816    -1.12654    8.15967e-09    0.0215488
1.38814    -1.12654    7.96306e-09    0.0215484
1.38813    -1.12654    7.65475e-09    0.021548
1.38811    -1.12654    7.24764e-09    0.0215477
1.38809    -1.12654    6.75688e-09    0.0215473
1.38808    -1.12654    6.19926e-09    0.021547
1.38806    -1.12654    5.59256e-09    0.0215467
1.38804    -1.12654    4.95499e-09    0.0215464
1.38803    -1.12654    4.30457e-09    0.0215461
1.38802    -1.12654    3.65859e-09    0.0215458
1.388    -1.12654    3.03316e-09    0.0215456
1.38799    -1.12654    2.44277e-09    0.0215453
1.38798    -1.12654    1.9e-09    0.0215451
1.38798    -1.12654    1.41519e-09    0.021545
1.38797    -1.12654    9.96371e-10    0.0215448
1.38796    -1.12654    6.491e-10    0.0215447
1.38796    -1.12654    3.76494e-10    0.0215446
1.38795    -1.12654    1.79283e-10    0.0215445
1.38795    -1.12654    5.59565e-11    0.0215444
1.38795    -1.12654    2.95011e-12    0.0215444
1.38795    -1.12654    1.48951e-11    0.0215444
1.38795    -1.12654    8.48985e-11    0.0215444
1.38795    -1.12654    2.04853e-10    0.0215444
1.38795    -1.12654    3.65761e-10    0.0215445
1.38796    -1.12654    5.58066e-10    0.0215445
1.38796    -1.12654    7.71978e-10    0.0215446
1.38797    -1.12654    9.9778e-10    0.0215447
1.38797    -1.12654    1.22612e-09    0.0215449
1.38798    -1.12654    1.44826e-09    0.021545
1.38799    -1.12654    1.6563e-09    0.0215451
1.388    -1.12654    1.84336e-09    0.0215453
1.38801    -1.12654    2.00372e-09    0.0215455
1.38801    -1.12654    2.13291e-09    0.0215456
1.38802    -1.12654    2.22773e-09    0.0215458
1.38803    -1.12654    2.28632e-09    0.021546
1.38804    -1.12654    2.30806e-09    0.0215462
1.38805    -1.12654    2.29355e-09    0.0215464
1.38806    -1.12654    2.24448e-09    0.0215466
1.38807    -1.12654    2.16352e-09    0.0215468
1.38808    -1.12654    2.05414e-09    0.021547
1.38809    -1.12654    1.92051e-09    0.0215472
1.3881    -1.12654    1.76725e-09    0.0215473
1.38811    -1.12654    1.59932e-09    0.0215475
1.38811    -1.12654    1.42181e-09    0.0215477
1.38812    -1.12654    1.2398e-09    0.0215478
1.38813    -1.12654    1.05817e-09    0.021548
1.38814    -1.12654    8.81516e-10    0.0215481
1.38814    -1.12654    7.13982e-10    0.0215482
1.38815    -1.12654    5.59195e-10    0.0215483
1.38815    -1.12654    4.20174e-10    0.0215484
1.38816    -1.12654    2.99284e-10    0.0215485
1.38816    -1.12654    1.98211e-10    0.0215486
1.38816    -1.12654    1.1795e-10    0.0215486
1.38816    -1.12654    5.88239e-11    0.0215487
1.38817    -1.12654    2.05211e-11    0.0215487
1.38817    -1.12654    2.14306e-12    0.0215487
1.38817    -1.12654    2.27271e-12    0.0215488
1.38817    -1.12654    1.90512e-11    0.0215488
1.38817    -1.12654    5.02636e-11    0.0215487
1.38816    -1.12654    9.34288e-11    0.0215487
1.38816    -1.12654    1.45892e-10    0.0215487
1.38816    -1.12654    2.04917e-10    0.0215486
1.38816    -1.12654    2.67773e-10    0.0215486
1.38815    -1.12654    3.31814e-10    0.0215485
1.38815    -1.12654    3.94558e-10    0.0215484
1.38815    -1.12654    4.53743e-10    0.0215484
1.38814    -1.12654    5.07388e-10    0.0215483
1.38814    -1.12654    5.53824e-10    0.0215482
1.38813    -1.12654    5.91732e-10    0.0215481
1.38813    -1.12654    6.20152e-10    0.021548
1.38812    -1.12654    6.38491e-10    0.0215479
1.38812    -1.12654    6.46511e-10    0.0215478
1.38811    -1.12654    6.44319e-10    0.0215477
1.38811    -1.12654    6.32332e-10    0.0215476
1.3881    -1.12654    6.11248e-10    0.0215475
1.3881    -1.12654    5.82004e-10    0.0215474
1.38809    -1.12654    5.45732e-10    0.0215473
1.38809    -1.12654    5.03707e-10    0.0215472
1.38808    -1.12654    4.57305e-10    0.0215471
1.38808    -1.12654    4.0795e-10    0.021547
1.38808    -1.12654    3.57067e-10    0.0215469
1.38807    -1.12654    3.0604e-10    0.0215469
1.38807    -1.12654    2.56173e-10    0.0215468
1.38807    -1.12654    2.08656e-10    0.0215467
1.38806    -1.12654    1.64533e-10    0.0215467
1.38806    -1.12654    1.24683e-10    0.0215466
1.38806    -1.12654    8.98063e-11    0.0215466
1.38806    -1.12654    6.04104e-11    0.0215465
1.38805    -1.12654    3.68106e-11    0.0215465
1.38805    -1.12654    1.91326e-11    0.0215465
1.38805    -1.12654    7.32119e-12    0.0215465
1.38805    -1.12654    1.15397e-12    0.0215464
1.38805    -1.12654    2.59322e-13    0.0215464
1.38805    -1.12654    4.13749e-12    0.0215464
1.38805    -1.12654    1.21842e-11    0.0215464
1.38805    -1.12654    2.37157e-11    0.0215465
1.38805    -1.12654    3.79949e-11    0.0215465
1.38805    -1.12654    5.42569e-11    0.0215465
1.38806    -1.12654    7.17337e-11    0.0215465
1.38806    -1.12654    8.96777e-11    0.0215466
1.38806    -1.12654    1.07383e-10    0.0215466
1.38806    -1.12654    1.24202e-10    0.0215466
1.38806    -1.12654    1.39565e-10    0.0215467
1.38807    -1.12654    1.52987e-10    0.0215467
1.38807    -1.12654    1.64078e-10    0.0215468
1.38807    -1.12654    1.72552e-10    0.0215468
1.38807    -1.12654    1.78223e-10    0.0215469
1.38808    -1.12654    1.81007e-10    0.0215469
1.38808    -1.12654    1.80915e-10    0.021547
1.38808    -1.12654    1.7805e-10    0.021547
1.38808    -1.12654    1.72593e-10    0.0215471
1.38809    -1.12654    1.64797e-10    0.0215471
1.38809    -1.12654    1.54968e-10    0.0215472
1.38809    -1.12654    1.43458e-10    0.0215472
1.38809    -1.12654    1.30649e-10    0.0215473
1.3881    -1.12654    1.16938e-10    0.0215473
1.3881    -1.12654    1.02726e-10    0.0215474
1.3881    -1.12654    8.84039e-11    0.0215474
1.3881    -1.12654    7.43414e-11    0.0215475
1.3881    -1.12654    6.08786e-11    0.0215475
1.38811    -1.12654    4.83163e-11    0.0215475
1.38811    -1.12654    3.69102e-11    0.0215476
1.38811    -1.12654    2.68655e-11    0.0215476
1.38811    -1.12654    1.83346e-11    0.0215476
1.38811    -1.12654    1.14158e-11    0.0215476
1.38811    -1.12654    6.15405e-12    0.0215476
1.38811    -1.12654    2.54289e-12    0.0215477
1.38811    -1.12654    5.28345e-13    0.0215477
1.38811    -1.12654    1.35776e-14    0.0215477
1.38811    -1.12654    8.64696e-13    0.0215477
1.38811    -1.12654    2.91726e-12    0.0215477
1.38811    -1.12654    5.98327e-12    0.0215477
1.38811    -1.12654    9.85837e-12    0.0215476
1.38811    -1.12654    1.43291e-11    0.0215476
1.38811    -1.12654    1.918e-11    0.0215476
1.38811    -1.12654    2.42e-11    0.0215476
1.38811    -1.12654    2.91887e-11    0.0215476
1.38811    -1.12654    3.39614e-11    0.0215476
1.38811    -1.12654    3.83538e-11    0.0215475
1.3881    -1.12654    4.22255e-11    0.0215475
1.3881    -1.12654    4.54623e-11    0.0215475
1.3881    -1.12654    4.79784e-11    0.0215475
1.3881    -1.12654    4.97164e-11    0.0215474
1.3881    -1.12654    5.06476e-11    0.0215474
1.3881    -1.12654    5.07703e-11    0.0215474
1.3881    -1.12654    5.01087e-11    0.0215473
1.3881    -1.12654    4.87097e-11    0.0215473
1.38809    -1.12654    4.66405e-11    0.0215473
1.38809    -1.12654    4.39846e-11    0.0215473
1.38809    -1.12654    4.08386e-11    0.0215472
1.38809    -1.12654    3.73081e-11    0.0215472
1.38809    -1.12654    3.35039e-11    0.0215472
1.38809    -1.12654    2.95383e-11    0.0215472
1.38809    -1.12654    2.55218e-11    0.0215471
1.38809    -1.12654    2.15593e-11    0.0215471
1.38808    -1.12654    1.7748e-11    0.0215471
1.38808    -1.12654    1.41743e-11    0.0215471
1.38808    -1.12654    1.09123e-11    0.0215471
1.38808    -1.12654    8.02232e-12    0.0215471
1.38808    -1.12654    5.54981e-12    0.021547
1.38808    -1.12654    3.52518e-12    0.021547
1.38808    -1.12654    1.96376e-12    0.021547
1.38808    -1.12654    8.66369e-13    0.021547
1.38808    -1.12654    2.20259e-13    0.021547
1.38808    -1.12654    4.06777e-16    0.021547
1.38808    -1.12654    1.71083e-13    0.021547
1.38808    -1.12654    6.8764e-13    0.021547
1.38808    -1.12654    1.49846e-12    0.021547
1.38808    -1.12654    2.54695e-12    0.021547
1.38808    -1.12654    3.77362e-12    0.021547
1.38808    -1.12654    5.118e-12    0.021547
1.38808    -1.12654    6.5206e-12    0.021547
1.38808    -1.12654    7.92454e-12    0.0215471
1.38808    -1.12654    9.27715e-12    0.0215471
1.38808    -1.12654    1.05312e-11    0.0215471
1.38808    -1.12654    1.16461e-11    0.0215471
1.38808    -1.12654    1.25884e-11    0.0215471
1.38809    -1.12654    1.33326e-11    0.0215471
1.38809    -1.12654    1.3861e-11    0.0215471
1.38809    -1.12654    1.41641e-11    0.0215471
1.38809    -1.12654    1.42402e-11    0.0215472
1.38809    -1.12654    1.40947e-11    0.0215472
1.38809    -1.12654    1.37397e-11    0.0215472
1.38809    -1.12654    1.31929e-11    0.0215472
1.38809    -1.12654    1.24771e-11    0.0215472
1.38809    -1.12654    1.16186e-11    0.0215472
1.38809    -1.12654    1.06467e-11    0.0215472
1.38809    -1.12654    9.59231e-12    0.0215473
1.38809    -1.12654    8.48688e-12    0.0215473
1.38809    -1.12654    7.36151e-12    0.0215473
1.38809    -1.12654    6.24599e-12    0.0215473
1.38809    -1.12654    5.168e-12    0.0215473
1.3881    -1.12654    4.15236e-12    0.0215473
1.3881    -1.12654    3.22052e-12    0.0215473
1.3881    -1.12654    2.39012e-12    0.0215473
1.3881    -1.12654    1.67468e-12    0.0215473
1.3881    -1.12654    1.08351e-12    0.0215473
1.3881    -1.12654    6.21678e-13    0.0215474
1.3881    -1.12654    2.90153e-13    0.0215474
1.3881    -1.12654    8.60425e-14    0.0215474
1.3881    -1.12654    2.9393e-15    0.0215474
1.3881    -1.12654    3.13495e-14    0.0215474
1.3881    -1.12654    1.59184e-13    0.0215474
1.3881    -1.12654    3.72295e-13    0.0215474
1.3881    -1.12654    6.5504e-13    0.0215474
1.3881    -1.12654    9.9085e-13    0.0215474
1.3881    -1.12654    1.36279e-12    0.0215473
1.3881    -1.12654    1.7541e-12    0.0215473
1.3881    -1.12654    2.14867e-12    0.0215473
1.3881    -1.12654    2.53149e-12    0.0215473
1.3881    -1.12654    2.88902e-12    0.0215473
1.3881    -1.12654    3.2095e-12    0.0215473
1.38809    -1.12654    3.48319e-12    0.0215473
1.38809    -1.12654    3.7025e-12    0.0215473
1.38809    -1.12654    3.8621e-12    0.0215473
1.38809    -1.12654    3.9589e-12    0.0215473
1.38809    -1.12654    3.99199e-12    0.0215473
1.38809    -1.12654    3.96254e-12    0.0215473
1.38809    -1.12654    3.8736e-12    0.0215473
1.38809    -1.12654    3.72989e-12    0.0215473
1.38809    -1.12654    3.53752e-12    0.0215472
1.38809    -1.12654    3.30374e-12    0.0215472
1.38809    -1.12654    3.03661e-12    0.0215472
1.38809    -1.12654    2.74472e-12    0.0215472
1.38809    -1.12654    2.43689e-12    0.0215472
1.38809    -1.12654    2.12186e-12    0.0215472
1.38809    -1.12654    1.80809e-12    0.0215472
1.38809    -1.12654    1.50345e-12    0.0215472
1.38809    -1.12654    1.21506e-12    0.0215472
1.38809    -1.12654    9.49121e-13    0.0215472
1.38809    -1.12654    7.10776e-13    0.0215472
1.38809    -1.12654    5.04038e-13    0.0215472
1.38809    -1.12654    3.31736e-13    0.0215472
1.38809    -1.12654    1.95509e-13    0.0215472
1.38809    -1.12654    9.58386e-14    0.0215472
1.38809    -1.12654    3.21077e-14    0.0215472
1.38809    -1.12654    2.69543e-15    0.0215472
1.38809    -1.12654    5.09157e-15    0.0215472
1.38809    -1.12654    3.60317e-14    0.0215472
1.38809    -1.12654    9.16459e-14    0.0215472
1.38809    -1.12654    1.67615e-13    0.0215472
1.38809    -1.12654    2.59333e-13    0.0215472
1.38809    -1.12654    3.62059e-13    0.0215472
1.38809    -1.12654    4.71075e-13    0.0215472
1.38809    -1.12654    5.81823e-13    0.0215472
1.38809    -1.12654    6.9003e-13    0.0215472
1.38809    -1.12654    7.91818e-13    0.0215472
1.38809    -1.12654    8.83794e-13    0.0215472
1.38809    -1.12654    9.63116e-13    0.0215472
1.38809    -1.12654    1.02754e-12    0.0215472
1.38809    -1.12654    1.07547e-12    0.0215472
1.38809    -1.12654    1.1059e-12    0.0215472
1.38809    -1.12654    1.11848e-12    0.0215472
1.38809    -1.12654    1.11343e-12    0.0215472
1.38809    -1.12654    1.09151e-12    0.0215472
1.38809    -1.12654    1.05396e-12    0.0215472
1.38809    -1.12654    1.00243e-12    0.0215472
1.38809    -1.12654    9.38891e-13    0.0215472
1.38809    -1.12654    8.65576e-13    0.0215472
1.38809    -1.12654    7.84868e-13    0.0215472
1.38809    -1.12654    6.99232e-13    0.0215472
1.38809    -1.12654    6.11131e-13    0.0215473
1.38809    -1.12654    5.22951e-13    0.0215473
1.38809    -1.12654    4.36935e-13    0.0215473
1.38809    -1.12654    3.55122e-13    0.0215473
1.38809    -1.12654    2.793e-13    0.0215473
1.38809    -1.12654    2.10968e-13    0.0215473
1.38809    -1.12654    1.51311e-13    0.0215473
1.38809    -1.12654    1.01183e-13    0.0215473
1.38809    -1.12654    6.11067e-14    0.0215473
1.38809    -1.12654    3.12746e-14    0.0215473
1.38809    -1.12654    1.15696e-14    0.0215473
1.38809    -1.12654    1.58742e-15    0.0215473
1.38809    -1.12654    6.67969e-16    0.0215473
1.38809    -1.12654    7.93251e-15    0.0215473
1.38809    -1.12654    2.23246e-14    0.0215473
1.38809    -1.12654    4.26539e-14    0.0215473
1.38809    -1.12654    6.76405e-14    0.0215473
1.38809    -1.12654    9.596e-14    0.0215473
1.38809    -1.12654    1.26286e-13    0.0215473
1.38809    -1.12654    1.57329e-13    0.0215473
1.38809    -1.12654    1.87874e-13    0.0215473
1.38809    -1.12654    2.16813e-13    0.0215473
1.38809    -1.12654    2.43167e-13    0.0215473
1.38809    -1.12654    2.6611e-13    0.0215473
1.38809    -1.12654    2.84982e-13    0.0215473
1.38809    -1.12654    2.99298e-13    0.0215473
1.38809    -1.12654    3.0875e-13    0.0215473
1.38809    -1.12654    3.13204e-13    0.0215473
1.38809    -1.12654    3.12694e-13    0.0215472
1.38809    -1.12654    3.07406e-13    0.0215472
1.38809    -1.12654    2.97663e-13    0.0215472
1.38809    -1.12654    2.83908e-13    0.0215472
1.38809    -1.12654    2.6668e-13    0.0215472
1.38809    -1.12654    2.46591e-13    0.0215472
1.38809    -1.12654    2.24304e-13    0.0215472
1.38809    -1.12654    2.00506e-13    0.0215472
1.38809    -1.12654    1.7589e-13    0.0215472
1.38809    -1.12654    1.51131e-13    0.0215472
1.38809    -1.12654    1.26865e-13    0.0215472
1.38809    -1.12654    1.03676e-13    0.0215472
1.38809    -1.12654    8.20785e-14    0.0215472
1.38809    -1.12654    6.25092e-14    0.0215472
1.38809    -1.12654    4.53166e-14    0.0215472
1.38809    -1.12654    3.07575e-14    0.0215472
1.38809    -1.12654    1.89952e-14    0.0215472
1.38809    -1.12654    1.01009e-14    0.0215472
1.38809    -1.12654    4.05749e-15    0.0215472
1.38809    -1.12654    7.65844e-16    0.0215472
1.38809    -1.12654    5.35761e-17    0.0215472
1.38809    -1.12654    1.68493e-15    0.0215472
