1.6688    -1.11497    0.00273886    0.0276747
1.65829    -1.11572    0.00329791    0.0274003
1.64677    -1.11651    0.00386499    0.0270859
1.63429    -1.11735    0.00442681    0.0268142
1.62094    -1.11822    0.00497213    0.0265204
1.60679    -1.1191    0.00548989    0.0262097
1.59192    -1.11998    0.00596954    0.0258852
1.57642    -1.12086    0.00640109    0.0255489
1.56036    -1.12171    0.00677529    0.0252029
1.54384    -1.12253    0.00708372    0.0248494
1.52695    -1.1233    0.00731894    0.0244906
1.50978    -1.12401    0.00747473    0.0241285
1.49243    -1.12465    0.0075462    0.0237653
1.475    -1.1252    0.00753006    0.0234031
1.45759    -1.12567    0.0074248    0.0230437
1.4403    -1.12604    0.0072309    0.0226894
1.42323    -1.12631    0.00695099    0.0223418
1.4065    -1.12648    0.00659004    0.0220031
1.39021    -1.12654    0.00615536    0.021675
1.37446    -1.12651    0.00565668    0.0213594
1.35937    -1.12638    0.005106    0.021058
1.34503    -1.12617    0.00451739    0.0207727
1.33154    -1.12588    0.00390659    0.020505
1.319    -1.12554    0.00329058    0.0202565
1.30749    -1.12516    0.0026869    0.0200287
1.29709    -1.12476    0.00211295    0.019823
1.28786    -1.12435    0.00158515    0.0196403
1.27987    -1.12397    0.00111818    0.0194817
1.27316    -1.12361    0.000724178    0.0193478
1.26776    -1.12331    0.000412092    0.019239
1.26369    -1.12307    0.000187202    0.0191556
1.26094    -1.1229    5.08669e-05    0.0190975
1.25951    -1.12282    5.23856e-07    0.0190643
1.25936    -1.12281    2.99418e-05    0.0190554
1.26046    -1.12287    0.000129708    0.0190702
1.26275    -1.12301    0.000287899    0.0191075
1.26615    -1.12322    0.000490881    0.0191662
1.2706    -1.12347    0.00072415    0.0192448
1.276    -1.12377    0.000973169    0.019342
1.28226    -1.12409    0.00122411    0.0194561
1.28928    -1.12442    0.00146449    0.0195854
1.29696    -1.12475    0.00168362    0.0197281
1.3052    -1.12508    0.00187292    0.0198824
1.31388    -1.12538    0.00202608    0.0200466
1.32291    -1.12566    0.00213904    0.0202187
1.33219    -1.1259    0.00220986    0.020397
1.34163    -1.1261    0.00223854    0.0205796
1.35112    -1.12627    0.00222673    0.0207649
1.36059    -1.12639    0.00217746    0.0209511
1.36996    -1.12648    0.00209479    0.0211366
1.37914    -1.12653    0.00198351    0.0213199
1.38808    -1.12654    0.00184889    0.0214995
1.39671    -1.12653    0.00169639    0.021674
1.40497    -1.12649    0.00153148    0.0218423
1.41283    -1.12643    0.00135942    0.0220032
1.42023    -1.12635    0.00118514    0.0221558
1.42713    -1.12626    0.00101314    0.022299
1.43352    -1.12616    0.000847379    0.0224322
1.43936    -1.12606    0.000691277    0.0225547
1.44464    -1.12596    0.000547651    0.022666
1.44934    -1.12586    0.000418725    0.0227656
1.45344    -1.12577    0.000306138    0.0228533
1.45695    -1.12569    0.000210973    0.0229288
1.45987    -1.12562    0.000133787    0.0229921
1.46219    -1.12556    7.46534e-05    0.0230431
1.46392    -1.12551    3.32084e-05    0.0230819
1.46508    -1.12548    8.7016e-06    0.0231087
1.46567    -1.12547    4.68513e-08    0.0231238
1.46572    -1.12546    5.87519e-06    0.0231273
1.46523    -1.12548    2.45871e-05    0.0231198
1.46423    -1.1255    5.44043e-05    0.0231016
1.46275    -1.12554    9.342e-05    0.0230733
1.46082    -1.12559    0.000139647    0.0230354
1.45844    -1.12565    0.000191066    0.0229885
1.45567    -1.12572    0.000245666    0.0229332
1.45252    -1.12579    0.000301491    0.0228701
1.44904    -1.12587    0.000356675    0.0228001
1.44525    -1.12595    0.000409479    0.0227238
1.44119    -1.12603    0.00045832    0.0226419
1.43689    -1.1261    0.000501807    0.0225552
1.4324    -1.12618    0.000538756    0.0224645
1.42774    -1.12625    0.000568214    0.0223705
1.42296    -1.12632    0.000589475    0.0222739
1.41808    -1.12638    0.000602085    0.0221757
1.41316    -1.12643    0.000605849    0.0220764
1.40822    -1.12647    0.000600828    0.0219768
1.4033    -1.1265    0.000587327    0.0218778
1.39844    -1.12652    0.000565885    0.0217799
1.39366    -1.12654    0.000537251    0.0216838
1.38901    -1.12654    0.000502359    0.0215902
1.38451    -1.12654    0.000462293    0.0214997
1.3802    -1.12653    0.000418257    0.0214129
1.37609    -1.12652    0.000371529    0.0213302
1.37223    -1.12649    0.000323424    0.0212523
1.36862    -1.12647    0.000275249    0.0211795
1.36529    -1.12644    0.000228261    0.0211123
1.36226    -1.12641    0.000183633    0.0210509
1.35954    -1.12638    0.000142408    0.0209956
1.35714    -1.12635    0.000105479    0.0209468
1.35508    -1.12632    7.35588e-05    0.0209045
1.35336    -1.1263    4.71637e-05    0.0208689
1.35198    -1.12628    2.66059e-05    0.02084
1.35095    -1.12626    1.1991e-05    0.0208179
1.35025    -1.12625    3.22517e-06    0.0208024
1.34989    -1.12625    2.91875e-08    0.0207936
1.34986    -1.12625    1.95873e-06    0.0207912
1.35014    -1.12625    8.43009e-06    0.020795
1.35072    -1.12626    1.87497e-05    0.0208048
1.35159    -1.12627    3.21461e-05    0.0208203
1.35273    -1.12629    4.78027e-05    0.0208412
1.35411    -1.12631    6.48901e-05    0.0208671
1.35573    -1.12633    8.25962e-05    0.0208976
1.35756    -1.12636    0.000100154    0.0209323
1.35956    -1.12638    0.000116865    0.0209709
1.36173    -1.12641    0.000132116    0.0210128
1.36404    -1.12643    0.000145399    0.0210575
1.36646    -1.12645    0.000156311    0.0211047
1.36897    -1.12647    0.000164567    0.0211538
1.37154    -1.12649    0.000169995    0.0212044
1.37416    -1.12651    0.000172533    0.0212561
1.3768    -1.12652    0.000172222    0.0213083
1.37943    -1.12653    0.000169192    0.0213606
1.38204    -1.12654    0.000163655    0.0214127
1.38461    -1.12654    0.000155887    0.0214641
1.38711    -1.12654    0.000146213    0.0215144
1.38954    -1.12654    0.000134996    0.0215633
1.39187    -1.12654    0.000122617    0.0216104
1.39409    -1.12654    0.000109466    0.0216555
1.39619    -1.12653    9.59284e-05    0.0216982
1.39816    -1.12653    8.23708e-05    0.0217384
1.39998    -1.12652    6.91346e-05    0.0217757
1.40165    -1.12651    5.65271e-05    0.0218101
1.40316    -1.1265    4.48151e-05    0.0218413
1.4045    -1.12649    3.42206e-05    0.0218692
1.40567    -1.12649    2.49182e-05    0.0218937
1.40668    -1.12648    1.70335e-05    0.0219148
1.4075    -1.12647    1.06439e-05    0.0219324
1.40816    -1.12647    5.77989e-06    0.0219465
1.40864    -1.12646    2.42765e-06    0.0219571
1.40895    -1.12646    5.32962e-07    0.0219643
1.4091    -1.12646    5.57403e-09    0.0219682
1.40909    -1.12646    7.24256e-07    0.0219687
1.40891    -1.12646    2.54233e-06    0.0219661
1.40859    -1.12646    5.29343e-06    0.0219604
1.40813    -1.12647    8.7974e-06    0.0219518
1.40754    -1.12647    1.28661e-05    0.0219405
1.40682    -1.12648    1.73091e-05    0.0219266
1.40598    -1.12648    2.1939e-05    0.0219104
1.40504    -1.12649    2.65764e-05    0.021892
1.40401    -1.1265    3.10542e-05    0.0218717
1.40289    -1.1265    3.52217e-05    0.0218497
1.4017    -1.12651    3.89474e-05    0.0218261
1.40045    -1.12652    4.21217e-05    0.0218013
1.39914    -1.12652    4.46589e-05    0.0217754
1.3978    -1.12653    4.64975e-05    0.0217487
1.39643    -1.12653    4.76014e-05    0.0217214
1.39505    -1.12654    4.79587e-05    0.0216937
1.39366    -1.12654    4.75811e-05    0.0216659
1.39228    -1.12654    4.65017e-05    0.0216382
1.39091    -1.12654    4.47735e-05    0.0216107
1.38956    -1.12654    4.24662e-05    0.0215838
1.38826    -1.12654    3.96633e-05    0.0215575
1.38699    -1.12654    3.64586e-05    0.021532
1.38578    -1.12654    3.29534e-05    0.0215076
1.38463    -1.12654    2.92522e-05    0.0214843
1.38354    -1.12654    2.54602e-05    0.0214623
1.38253    -1.12654    2.16791e-05    0.0214418
1.3816    -1.12654    1.80049e-05    0.0214227
1.38075    -1.12653    1.45251e-05    0.0214054
1.37998    -1.12653    1.1316e-05    0.0213897
1.37931    -1.12653    8.44186e-06    0.0213758
1.37872    -1.12653    5.9527e-06    0.0213637
1.37823    -1.12653    3.88415e-06    0.0213535
1.37784    -1.12652    2.25702e-06    0.0213451
1.37754    -1.12652    1.07756e-06    0.0213386
1.37733    -1.12652    3.38173e-07    0.021334
1.37721    -1.12652    1.85299e-08    0.0213312
1.37718    -1.12652    8.70128e-08    0.0213302
1.37724    -1.12652    5.02449e-07    0.0213309
1.37738    -1.12652    1.21603e-06    0.0213333
1.37761    -1.12652    2.17338e-06    0.0213372
1.3779    -1.12652    3.31659e-06    0.0213427
1.37827    -1.12653    4.58637e-06    0.0213496
1.3787    -1.12653    5.92393e-06    0.0213578
1.37919    -1.12653    7.27284e-06    0.0213672
1.37973    -1.12653    8.58061e-06    0.0213777
1.38031    -1.12653    9.8001e-06    0.0213891
1.38094    -1.12653    1.08905e-05    0.0214014
1.38161    -1.12654    1.18184e-05    0.0214144
1.3823    -1.12654    1.25579e-05    0.021428
1.38301    -1.12654    1.30913e-05    0.0214421
1.38373    -1.12654    1.34086e-05    0.0214564
1.38447    -1.12654    1.35076e-05    0.021471
1.3852    -1.12654    1.33932e-05    0.0214857
1.38594    -1.12654    1.30768e-05    0.0215004
1.38666    -1.12654    1.25753e-05    0.0215149
1.38738    -1.12654    1.19105e-05    0.0215292
1.38807    -1.12654    1.11075e-05    0.0215431
1.38874    -1.12654    1.01945e-05    0.0215566
1.38938    -1.12654    9.2007e-06    0.0215696
1.38999    -1.12654    8.15627e-06    0.0215819
1.39056    -1.12654    7.09077e-06    0.0215935
1.39109    -1.12654    6.0325e-06    0.0216044
1.39159    -1.12654    5.00774e-06    0.0216145
1.39204    -1.12654    4.04006e-06    0.0216237
1.39244    -1.12654    3.14981e-06    0.021632
1.3928    -1.12654    2.35378e-06    0.0216394
1.3931    -1.12654    1.66491e-06    0.0216458
1.39336    -1.12654    1.09217e-06    0.0216513
1.39357    -1.12654    6.40616e-07    0.0216557
1.39373    -1.12654    3.11472e-07    0.0216592
1.39385    -1.12654    1.02372e-07    0.0216617
1.39391    -1.12654    7.67788e-09    0.0216632
1.39393    -1.12654    1.88643e-08    0.0216638
1.3939    -1.12654    1.24969e-07    0.0216635
1.39383    -1.12654    3.13077e-07    0.0216623
1.39372    -1.12654    5.68831e-07    0.0216603
1.39357    -1.12654    8.76946e-07    0.0216575
1.39338    -1.12654    1.22172e-06    0.0216539
1.39316    -1.12654    1.58753e-06    0.0216497
1.3929    -1.12654    1.95925e-06    0.0216448
1.39262    -1.12654    2.32271e-06    0.0216393
1.39232    -1.12654    2.66502e-06    0.0216333
1.39199    -1.12654    2.97485e-06    0.0216269
1.39164    -1.12654    3.24268e-06    0.02162
1.39128    -1.12654    3.46097e-06    0.0216129
1.39091    -1.12654    3.62422e-06    0.0216055
1.39053    -1.12654    3.72902e-06    0.0215979
1.39014    -1.12654    3.77402e-06    0.0215902
1.38975    -1.12654    3.7598e-06    0.0215824
1.38936    -1.12654    3.68876e-06    0.0215746
1.38897    -1.12654    3.56491e-06    0.0215669
1.38859    -1.12654    3.39366e-06    0.0215593
1.38822    -1.12654    3.18154e-06    0.0215519
1.38787    -1.12654    2.93594e-06    0.0215447
1.38752    -1.12654    2.66486e-06    0.0215377
1.3872    -1.12654    2.37655e-06    0.0215311
1.38689    -1.12654    2.07935e-06    0.0215248
1.3866    -1.12654    1.78132e-06    0.0215189
1.38633    -1.12654    1.49011e-06    0.0215135
1.38608    -1.12654    1.21266e-06    0.0215085
1.38586    -1.12654    9.55115e-07    0.0215039
1.38567    -1.12654    7.22643e-07    0.0214999
1.3855    -1.12654    5.19348e-07    0.0214964
1.38535    -1.12654    3.48219e-07    0.0214933
1.38523    -1.12654    2.11108e-07    0.0214908
1.38514    -1.12654    1.08746e-07    0.0214889
1.38507    -1.12654    4.07971e-08    0.0214874
1.38503    -1.12654    5.93531e-09    0.0214865
1.38502    -1.12654    1.95231e-09    0.021486
1.38503    -1.12654    2.58823e-08    0.0214861
1.38506    -1.12654    7.41426e-08    0.0214866
1.38511    -1.12654    1.42685e-07    0.0214876
1.38519    -1.12654    2.27148e-07    0.021489
1.38529    -1.12654    3.23013e-07    0.0214908
1.3854    -1.12654    4.25752e-07    0.0214929
1.38553    -1.12654    5.30964e-07    0.0214955
1.38568    -1.12654    6.34504e-07    0.0214983
1.38584    -1.12654    7.32587e-07    0.0215014
1.38601    -1.12654    8.2188e-07    0.0215048
1.38619    -1.12654    8.99572e-07    0.0215083
1.38638    -1.12654    9.63424e-07    0.0215121
1.38658    -1.12654    1.01179e-06    0.021516
1.38678    -1.12654    1.04365e-06    0.02152
1.38699    -1.12654    1.05855e-06    0.0215241
1.38719    -1.12654    1.05662e-06    0.0215282
1.3874    -1.12654    1.03851e-06    0.0215323
1.3876    -1.12654    1.00533e-06    0.0215364
1.3878    -1.12654    9.58606e-07    0.0215404
1.388    -1.12654    9.0017e-07    0.0215444
1.38819    -1.12654    8.32105e-07    0.0215482
1.38837    -1.12654    7.5666e-07    0.0215519
1.38855    -1.12654    6.76168e-07    0.0215554
1.38871    -1.12654    5.9297e-07    0.0215588
1.38887    -1.12654    5.09341e-07    0.0215619
1.38901    -1.12654    4.27429e-07    0.0215648
1.38914    -1.12654    3.49195e-07    0.0215675
1.38926    -1.12654    2.76369e-07    0.02157
1.38937    -1.12654    2.10413e-07    0.0215721
1.38946    -1.12654    1.52493e-07    0.0215741
1.38954    -1.12654    1.03464e-07    0.0215757
1.3896    -1.12654    6.38704e-08    0.0215771
1.38965    -1.12654    3.39432e-08    0.0215781
1.38969    -1.12654    1.36191e-08    0.021579
1.38971    -1.12654    2.56071e-09    0.0215795
1.38972    -1.12654    1.84929e-10    0.0215798
1.38972    -1.12654    5.69713e-09    0.0215798
1.3897    -1.12654    1.8129e-08    0.0215795
1.38968    -1.12654    3.63791e-08    0.0215791
1.38964    -1.12654    5.92545e-08    0.0215784
1.38959    -1.12654    8.55129e-08    0.0215774
1.38953    -1.12654    1.13902e-07    0.0215763
1.38946    -1.12654    1.432e-07    0.021575
1.38939    -1.12654    1.72245e-07    0.0215735
1.3893    -1.12654    1.99972e-07    0.0215719
1.38921    -1.12654    2.25432e-07    0.0215702
1.38912    -1.12654    2.47817e-07    0.0215683
1.38902    -1.12654    2.66472e-07    0.0215663
1.38892    -1.12654    2.80905e-07    0.0215643
1.38881    -1.12654    2.90791e-07    0.0215621
1.3887    -1.12654    2.95969e-07    0.02156
1.38859    -1.12654    2.96438e-07    0.0215578
1.38848    -1.12654    2.92344e-07    0.0215556
1.38837    -1.12654    2.83966e-07    0.0215535
1.38827    -1.12654    2.71699e-07    0.0215513
1.38816    -1.12654    2.56033e-07    0.0215492
1.38806    -1.12654    2.37535e-07    0.0215472
1.38796    -1.12654    2.16822e-07    0.0215452
1.38787    -1.12654    1.9454e-07    0.0215433
1.38778    -1.12654    1.71347e-07    0.0215415
1.3877    -1.12654    1.47885e-07    0.0215398
1.38762    -1.12654    1.24767e-07    0.0215383
1.38755    -1.12654    1.02557e-07    0.0215368
1.38749    -1.12654    8.17576e-08    0.0215355
1.38743    -1.12654    6.27996e-08    0.0215343
1.38738    -1.12654    4.60315e-08    0.0215333
1.38734    -1.12654    3.17155e-08    0.0215324
1.3873    -1.12654    2.00254e-08    0.0215316
1.38727    -1.12654    1.10469e-08    0.021531
1.38725    -1.12654    4.78068e-09    0.0215306
1.38724    -1.12654    1.14845e-09    0.0215302
1.38723    -1.12654    1.6736e-13    0.0215301
1.38723    -1.12654    1.12353e-09    0.02153
1.38724    -1.12654    4.25449e-09    0.0215301
1.38725    -1.12654    9.08869e-09    0.0215304
1.38727    -1.12654    1.52933e-08    0.0215307
1.38729    -1.12654    2.25192e-08    0.0215312
1.38732    -1.12654    3.0412e-08    0.0215318
1.38736    -1.12654    3.86239e-08    0.0215324
1.3874    -1.12654    4.68231e-08    0.0215332
1.38744    -1.12654    5.47029e-08    0.021534
1.38749    -1.12654    6.19891e-08    0.021535
1.38754    -1.12654    6.84464e-08    0.0215359
1.38759    -1.12654    7.38822e-08    0.021537
1.38765    -1.12654    7.81502e-08    0.021538
1.3877    -1.12654    8.11509e-08    0.0215392
1.38776    -1.12654    8.28318e-08    0.0215403
1.38782    -1.12654    8.31857e-08    0.0215414
1.38787    -1.12654    8.22474e-08    0.0215426
1.38793    -1.12654    8.00902e-08    0.0215438
1.38799    -1.12654    7.68207e-08    0.0215449
1.38804    -1.12654    7.25733e-08    0.021546
1.3881    -1.12654    6.75042e-08    0.0215471
1.38815    -1.12654    6.17852e-08    0.0215481
1.3882    -1.12654    5.55973e-08    0.0215492
1.38825    -1.12654    4.91245e-08    0.0215501
1.38829    -1.12654    4.25482e-08    0.021551
1.38833    -1.12654    3.60417e-08    0.0215519
1.38837    -1.12654    2.97655e-08    0.0215526
1.38841    -1.12654    2.38632e-08    0.0215533
1.38844    -1.12654    1.84585e-08    0.021554
1.38846    -1.12654    1.36526e-08    0.0215545
1.38849    -1.12654    9.52275e-09    0.021555
1.38851    -1.12654    6.12134e-09    0.0215554
1.38852    -1.12654    3.47624e-09    0.0215558
1.38854    -1.12654    1.59141e-09    0.021556
1.38854    -1.12654    4.4847e-10    0.0215562
1.38855    -1.12654    8.67432e-12    0.0215563
1.38855    -1.12654    2.1549e-10    0.0215564
1.38855    -1.12654    9.97466e-10    0.0215563
1.38854    -1.12654    2.27137e-09    0.0215562
1.38853    -1.12654    3.9455e-09    0.021556
1.38852    -1.12654    5.92296e-09    0.0215558
1.3885    -1.12654    8.10495e-09    0.0215555
1.38848    -1.12654    1.03938e-08    0.0215552
1.38846    -1.12654    1.2696e-08    0.0215548
1.38844    -1.12654    1.49243e-08    0.0215543
1.38842    -1.12654    1.70004e-08    0.0215538
1.38839    -1.12654    1.88564e-08    0.0215533
1.38836    -1.12654    2.04361e-08    0.0215528
1.38833    -1.12654    2.16962e-08    0.0215522
1.3883    -1.12654    2.26062e-08    0.0215516
1.38827    -1.12654    2.31488e-08    0.021551
1.38824    -1.12654    2.33196e-08    0.0215504
1.38821    -1.12654    2.3126e-08    0.0215498
1.38818    -1.12654    2.25865e-08    0.0215492
1.38815    -1.12654    2.17289e-08    0.0215486
1.38812    -1.12654    2.05895e-08    0.021548
1.38809    -1.12654    1.92109e-08    0.0215474
1.38807    -1.12654    1.76404e-08    0.0215469
1.38804    -1.12654    1.59283e-08    0.0215463
1.38801    -1.12654    1.41261e-08    0.0215458
1.38799    -1.12654    1.22849e-08    0.0215453
1.38797    -1.12654    1.04537e-08    0.0215449
1.38795    -1.12654    8.67852e-09    0.0215445
1.38793    -1.12654    7.00055e-09    0.0215441
1.38791    -1.12654    5.4557e-09    0.0215437
1.3879    -1.12654    4.07368e-09    0.0215434
1.38788    -1.12654    2.87754e-09    0.0215432
1.38787    -1.12654    1.88339e-09    0.0215429
1.38786    -1.12654    1.10043e-09    0.0215427
1.38786    -1.12654    5.31059e-10    0.0215426
1.38785    -1.12654    1.71319e-10    0.0215425
1.38785    -1.12654    1.13973e-11    0.0215424
1.38785    -1.12654    3.633e-11    0.0215424
1.38785    -1.12654    2.26791e-10    0.0215424
1.38785    -1.12654    5.59967e-10    0.0215425
1.38786    -1.12654    1.01048e-09    0.0215426
1.38786    -1.12654    1.55131e-09    0.0215427
1.38787    -1.12654    2.15473e-09    0.0215428
1.38788    -1.12654    2.7932e-09    0.021543
1.38789    -1.12654    3.44015e-09    0.0215432
1.3879    -1.12654    4.07071e-09    0.0215434
1.38792    -1.12654    4.6624e-09    0.0215437
1.38793    -1.12654    5.19557e-09    0.021544
1.38795    -1.12654    5.65382e-09    0.0215442
1.38796    -1.12654    6.02431e-09    0.0215445
1.38798    -1.12654    6.29784e-09    0.0215449
1.38799    -1.12654    6.46891e-09    0.0215452
1.38801    -1.12654    6.53564e-09    0.0215455
1.38802    -1.12654    6.49954e-09    0.0215458
1.38804    -1.12654    6.36525e-09    0.0215461
1.38806    -1.12654    6.1402e-09    0.0215465
1.38807    -1.12654    5.83416e-09    0.0215468
1.38809    -1.12654    5.45881e-09    0.0215471
1.3881    -1.12654    5.0272e-09    0.0215474
1.38812    -1.12654    4.55335e-09    0.0215477
1.38813    -1.12654    4.05165e-09    0.0215479
1.38814    -1.12654    3.5365e-09    0.0215482
1.38815    -1.12654    3.02179e-09    0.0215484
1.38817    -1.12654    2.52054e-09    0.0215487
1.38818    -1.12654    2.04459e-09    0.0215489
1.38819    -1.12654    1.60426e-09    0.0215491
1.38819    -1.12654    1.20819e-09    0.0215492
1.3882    -1.12654    8.63193e-10    0.0215494
1.38821    -1.12654    5.74115e-10    0.0215495
1.38821    -1.12654    3.43877e-10    0.0215496
1.38821    -1.12654    1.73485e-10    0.0215497
1.38822    -1.12654    6.21416e-11    0.0215497
1.38822    -1.12654    7.37966e-12    0.0215498
1.38822    -1.12654    5.2549e-12    0.0215498
1.38822    -1.12654    5.05606e-11    0.0215498
1.38822    -1.12654    1.37069e-10    0.0215498
1.38822    -1.12654    2.57787e-10    0.0215497
1.38821    -1.12654    4.05216e-10    0.0215497
1.38821    -1.12654    5.71614e-10    0.0215496
1.3882    -1.12654    7.49241e-10    0.0215495
1.3882    -1.12654    9.30592e-10    0.0215494
1.38819    -1.12654    1.10861e-09    0.0215493
1.38818    -1.12654    1.27685e-09    0.0215491
1.38818    -1.12654    1.42967e-09    0.021549
1.38817    -1.12654    1.56229e-09    0.0215489
1.38816    -1.12654    1.67092e-09    0.0215487
1.38815    -1.12654    1.7528e-09    0.0215485
1.38815    -1.12654    1.8062e-09    0.0215484
1.38814    -1.12654    1.83038e-09    0.0215482
1.38813    -1.12654    1.82561e-09    0.021548
1.38812    -1.12654    1.79302e-09    0.0215479
1.38811    -1.12654    1.73456e-09    0.0215477
1.3881    -1.12654    1.65284e-09    0.0215475
1.38809    -1.12654    1.55105e-09    0.0215474
1.38809    -1.12654    1.43277e-09    0.0215472
1.38808    -1.12654    1.3019e-09    0.021547
1.38807    -1.12654    1.16246e-09    0.0215469
1.38807    -1.12654    1.01848e-09    0.0215468
1.38806    -1.12654    8.73913e-10    0.0215466
1.38805    -1.12654    7.32447e-10    0.0215465
1.38805    -1.12654    5.97471e-10    0.0215464
1.38804    -1.12654    4.71969e-10    0.0215463
1.38804    -1.12654    3.58457e-10    0.0215462
1.38803    -1.12654    2.58939e-10    0.0215461
1.38803    -1.12654    1.74883e-10    0.0215461
1.38803    -1.12654    1.0721e-10    0.021546
1.38803    -1.12654    5.63016e-11    0.021546
1.38802    -1.12654    2.20271e-11    0.0215459
1.38802    -1.12654    3.77938e-12    0.0215459
1.38802    -1.12654    5.25915e-13    0.0215459
1.38802    -1.12654    1.08681e-11    0.0215459
1.38802    -1.12654    3.31076e-11    0.0215459
1.38803    -1.12654    6.53179e-11    0.0215459
1.38803    -1.12654    1.05417e-10    0.0215459
1.38803    -1.12654    1.51241e-10    0.021546
1.38803    -1.12654    2.00613e-10    0.021546
1.38803    -1.12654    2.51413e-10    0.0215461
1.38804    -1.12654    3.01632e-10    0.0215462
1.38804    -1.12654    3.4943e-10    0.0215462
1.38804    -1.12654    3.93178e-10    0.0215463
1.38805    -1.12654    4.31491e-10    0.0215464
1.38805    -1.12654    4.63253e-10    0.0215465
1.38806    -1.12654    4.87636e-10    0.0215465
1.38806    -1.12654    5.041e-10    0.0215466
1.38807    -1.12654    5.12392e-10    0.0215467
1.38807    -1.12654    5.12534e-10    0.0215468
1.38808    -1.12654    5.04802e-10    0.0215469
1.38808    -1.12654    4.897e-10    0.021547
1.38808    -1.12654    4.67932e-10    0.0215471
1.38809    -1.12654    4.40361e-10    0.0215472
1.38809    -1.12654    4.0798e-10    0.0215472
1.3881    -1.12654    3.71863e-10    0.0215473
1.3881    -1.12654    3.33136e-10    0.0215474
1.3881    -1.12654    2.92933e-10    0.0215475
1.38811    -1.12654    2.52364e-10    0.0215476
1.38811    -1.12654    2.1248e-10    0.0215476
1.38811    -1.12654    1.74249e-10    0.0215477
1.38812    -1.12654    1.38529e-10    0.0215477
1.38812    -1.12654    1.0605e-10    0.0215478
1.38812    -1.12654    7.74012e-11    0.0215478
1.38812    -1.12654    5.30211e-11    0.0215479
1.38812    -1.12654    3.31959e-11    0.0215479
1.38813    -1.12654    1.80603e-11    0.0215479
1.38813    -1.12654    7.60306e-12    0.0215479
1.38813    -1.12654    1.67779e-12    0.0215479
1.38813    -1.12654    1.59389e-14    0.021548
1.38813    -1.12654    2.24317e-12    0.021548
1.38813    -1.12654    7.89769e-12    0.0215479
1.38813    -1.12654    1.645e-11    0.0215479
1.38813    -1.12654    2.73232e-11    0.0215479
1.38812    -1.12654    3.99137e-11    0.0215479
1.38812    -1.12654    5.36111e-11    0.0215479
1.38812    -1.12654    6.78168e-11    0.0215479
1.38812    -1.12654    8.19612e-11    0.0215478
1.38812    -1.12654    9.5519e-11    0.0215478
1.38812    -1.12654    1.08022e-10    0.0215477
1.38811    -1.12654    1.19068e-10    0.0215477
1.38811    -1.12654    1.28331e-10    0.0215477
1.38811    -1.12654    1.35563e-10    0.0215476
1.38811    -1.12654    1.40598e-10    0.0215476
1.38811    -1.12654    1.4335e-10    0.0215475
1.3881    -1.12654    1.43811e-10    0.0215475
1.3881    -1.12654    1.42047e-10    0.0215474
1.3881    -1.12654    1.38186e-10    0.0215474
1.3881    -1.12654    1.32416e-10    0.0215473
1.38809    -1.12654    1.24972e-10    0.0215473
1.38809    -1.12654    1.16126e-10    0.0215472
1.38809    -1.12654    1.06175e-10    0.0215472
1.38809    -1.12654    9.54333e-11    0.0215472
1.38808    -1.12654    8.42187e-11    0.0215471
1.38808    -1.12654    7.28444e-11    0.0215471
1.38808    -1.12654    6.16087e-11    0.021547
1.38808    -1.12654    5.07879e-11    0.021547
1.38808    -1.12654    4.06285e-11    0.021547
1.38808    -1.12654    3.13422e-11    0.021547
1.38808    -1.12654    2.31017e-11    0.0215469
1.38807    -1.12654    1.60381e-11    0.0215469
1.38807    -1.12654    1.02395e-11    0.0215469
1.38807    -1.12654    5.75153e-12    0.0215469
1.38807    -1.12654    2.57845e-12    0.0215469
1.38807    -1.12654    6.86042e-13    0.0215469
1.38807    -1.12654    5.07942e-15    0.0215469
1.38807    -1.12654    4.35782e-13    0.0215469
1.38807    -1.12654    1.85285e-12    0.0215469
1.38807    -1.12654    4.11096e-12    0.0215469
1.38807    -1.12654    7.05043e-12    0.0215469
1.38807    -1.12654    1.0503e-11    0.0215469
1.38807    -1.12654    1.42975e-11    0.0215469
1.38808    -1.12654    1.82652e-11    0.0215469
1.38808    -1.12654    2.22445e-11    0.0215469
1.38808    -1.12654    2.60856e-11    0.0215469
1.38808    -1.12654    2.96539e-11    0.021547
1.38808    -1.12654    3.28333e-11    0.021547
1.38808    -1.12654    3.55282e-11    0.021547
1.38808    -1.12654    3.7665e-11    0.021547
1.38808    -1.12654    3.91928e-11    0.0215471
1.38808    -1.12654    4.00836e-11    0.0215471
1.38809    -1.12654    4.03311e-11    0.0215471
1.38809    -1.12654    3.99498e-11    0.0215471
1.38809    -1.12654    3.89729e-11    0.0215472
1.38809    -1.12654    3.74502e-11    0.0215472
1.38809    -1.12654    3.54453e-11    0.0215472
1.38809    -1.12654    3.30325e-11    0.0215472
1.38809    -1.12654    3.02942e-11    0.0215473
1.38809    -1.12654    2.73179e-11    0.0215473
1.38809    -1.12654    2.41925e-11    0.0215473
1.3881    -1.12654    2.10064e-11    0.0215473
1.3881    -1.12654    1.78441e-11    0.0215473
1.3881    -1.12654    1.47843e-11    0.0215474
1.3881    -1.12654    1.18977e-11    0.0215474
1.3881    -1.12654    9.24573e-12    0.0215474
1.3881    -1.12654    6.87875e-12    0.0215474
1.3881    -1.12654    4.8357e-12    0.0215474
1.3881    -1.12654    3.14352e-12    0.0215474
1.3881    -1.12654    1.81719e-12    0.0215474
1.3881    -1.12654    8.59987e-13    0.0215474
1.3881    -1.12654    2.64263e-13    0.0215474
1.3881    -1.12654    1.23408e-14    0.0215474
1.3881    -1.12654    7.77423e-14    0.0215474
1.3881    -1.12654    4.26565e-13    0.0215474
1.3881    -1.12654    1.019e-12    0.0215474
1.3881    -1.12654    1.81092e-12    0.0215474
1.3881    -1.12654    2.7555e-12    0.0215474
1.3881    -1.12654    3.80481e-12    0.0215474
1.3881    -1.12654    4.91131e-12    0.0215474
1.3881    -1.12654    6.02925e-12    0.0215474
1.3881    -1.12654    7.11596e-12    0.0215474
1.3881    -1.12654    8.13286e-12    0.0215474
1.3881    -1.12654    9.04639e-12    0.0215474
1.3881    -1.12654    9.82865e-12    0.0215474
1.3881    -1.12654    1.04578e-11    0.0215473
1.3881    -1.12654    1.09185e-11    0.0215473
1.3881    -1.12654    1.12017e-11    0.0215473
1.38809    -1.12654    1.13044e-11    0.0215473
1.38809    -1.12654    1.12297e-11    0.0215473
1.38809    -1.12654    1.0986e-11    0.0215473
1.38809    -1.12654    1.05864e-11    0.0215473
1.38809    -1.12654    1.00481e-11    0.0215473
1.38809    -1.12654    9.39143e-12    0.0215472
1.38809    -1.12654    8.63911e-12    0.0215472
1.38809    -1.12654    7.81544e-12    0.0215472
1.38809    -1.12654    6.94535e-12    0.0215472
1.38809    -1.12654    6.05369e-12    0.0215472
1.38809    -1.12654    5.16441e-12    0.0215472
1.38809    -1.12654    4.2999e-12    0.0215472
1.38809    -1.12654    3.48047e-12    0.0215472
1.38809    -1.12654    2.72379e-12    0.0215472
1.38809    -1.12654    2.04461e-12    0.0215472
1.38809    -1.12654    1.45445e-12    0.0215471
1.38809    -1.12654    9.61485e-13    0.0215471
1.38809    -1.12654    5.70528e-13    0.0215471
1.38809    -1.12654    2.831e-13    0.0215471
1.38809    -1.12654    9.76074e-14    0.0215471
1.38809    -1.12654    9.59459e-15    0.0215471
1.38809    -1.12654    1.20702e-14    0.0215471
1.38809    -1.12654    9.58871e-14    0.0215471
1.38809    -1.12654    2.50161e-13    0.0215471
1.38809    -1.12654    4.62716e-13    0.0215471
1.38809    -1.12654    7.20532e-13    0.0215471
1.38809    -1.12654    1.0102e-12    0.0215471
1.38809    -1.12654    1.31834e-12    0.0215471
1.38809    -1.12654    1.63202e-12    0.0215471
1.38809    -1.12654    1.93908e-12    0.0215472
1.38809    -1.12654    2.22848e-12    0.0215472
1.38809    -1.12654    2.49055e-12    0.0215472
1.38809    -1.12654    2.71714e-12    0.0215472
1.38809    -1.12654    2.90183e-12    0.0215472
1.38809    -1.12654    3.03996e-12    0.0215472
1.38809    -1.12654    3.12866e-12    0.0215472
1.38809    -1.12654    3.16681e-12    0.0215472
1.38809    -1.12654    3.15497e-12    0.0215472
1.38809    -1.12654    3.09521e-12    0.0215472
1.38809    -1.12654    2.99099e-12    0.0215472
1.38809    -1.12654    2.84692e-12    0.0215472
1.38809    -1.12654    2.66855e-12    0.0215472
1.38809    -1.12654    2.46216e-12    0.0215472
1.38809    -1.12654    2.23449e-12    0.0215472
1.38809    -1.12654    1.99251e-12    0.0215473
1.38809    -1.12654    1.7432e-12    0.0215473
1.38809    -1.12654    1.49335e-12    0.0215473
1.38809    -1.12654    1.24931e-12    0.0215473
1.38809    -1.12654    1.0169e-12    0.0215473
1.38809    -1.12654    8.01224e-13    0.0215473
1.38809    -1.12654    6.06566e-13    0.0215473
1.38809    -1.12654    4.36329e-13    0.0215473
1.38809    -1.12654    2.9298e-13    0.0215473
1.38809    -1.12654    1.78042e-13    0.0215473
1.38809    -1.12654    9.21088e-14    0.0215473
1.38809    -1.12654    3.48911e-14    0.0215473
1.38809    -1.12654    5.28248e-15    0.0215473
1.38809    -1.12654    1.44771e-15    0.0215473
1.38809    -1.12654    2.09266e-14    0.0215473
1.38809    -1.12654    6.07498e-14    0.0215473
1.38809    -1.12654    1.17562e-13    0.0215473
1.38809    -1.12654    1.87749e-13    0.0215473
1.38809    -1.12654    2.67564e-13    0.0215473
1.38809    -1.12654    3.53246e-13    0.0215473
1.38809    -1.12654    4.41138e-13    0.0215473
1.38809    -1.12654    5.27788e-13    0.0215473
1.38809    -1.12654    6.10036e-13    0.0215473
1.38809    -1.12654    6.85093e-13    0.0215473
1.38809    -1.12654    7.50596e-13    0.0215473
1.38809    -1.12654    8.04654e-13    0.0215473
1.38809    -1.12654    8.45866e-13    0.0215473
1.38809    -1.12654    8.73337e-13    0.0215473
1.38809    -1.12654    8.86662e-13    0.0215473
1.38809    -1.12654    8.85913e-13    0.0215473
1.38809    -1.12654    8.71596e-13    0.0215473
1.38809    -1.12654    8.44611e-13    0.0215472
1.38809    -1.12654    8.06194e-13    0.0215472
1.38809    -1.12654    7.57859e-13    0.0215472
1.38809    -1.12654    7.01332e-13    0.0215472
1.38809    -1.12654    6.38481e-13    0.0215472
1.38809    -1.12654    5.71256e-13    0.0215472
1.38809    -1.12654    5.01617e-13    0.0215472
1.38809    -1.12654    4.31478e-13    0.0215472
1.38809    -1.12654    3.62649e-13    0.0215472
1.38809    -1.12654    2.96791e-13    0.0215472
1.38809    -1.12654    2.35374e-13    0.0215472
1.38809    -1.12654    1.79642e-13    0.0215472
1.38809    -1.12654    1.30598e-13    0.0215472
1.38809    -1.12654    8.89815e-14    0.0215472
1.38809    -1.12654    5.52684e-14    0.0215472
1.38809    -1.12654    2.96731e-14    0.0215472
1.38809    -1.12654    1.21591e-14    0.0215472
1.38809    -1.12654    2.45713e-15    0.0215472
1.38809    -1.12654    8.86374e-17    0.0215472
1.38809    -1.12654    4.39424e-15    0.0215472
1.38809    -1.12654    1.45656e-14    0.0215472
1.38809    -1.12654    2.96798e-14    0.0215472
1.38809    -1.12654    4.87345e-14    0.0215472
1.38809    -1.12654    7.06838e-14    0.0215472
1.38809    -1.12654    9.44719e-14    0.0215472
1.38809    -1.12654    1.19066e-13    0.0215472
1.38809    -1.12654    1.43487e-13    0.0215472
1.38809    -1.12654    1.6683e-13    0.0215472
1.38809    -1.12654    1.88295e-13    0.0215472
1.38809    -1.12654    2.07195e-13    0.0215472
1.38809    -1.12654    2.22975e-13    0.0215472
1.38809    -1.12654    2.35217e-13    0.0215472
1.38809    -1.12654    2.43644e-13    0.0215472
1.38809    -1.12654    2.48117e-13    0.0215472
1.38809    -1.12654    2.48632e-13    0.0215472
1.38809    -1.12654    2.45309e-13    0.0215472
1.38809    -1.12654    2.38381e-13    0.0215472
1.38809    -1.12654    2.28178e-13    0.0215472
1.38809    -1.12654    2.15112e-13    0.0215472
1.38809    -1.12654    1.99656e-13    0.0215472
1.38809    -1.12654    1.82329e-13    0.0215472
1.38809    -1.12654    1.63673e-13    0.0215472
1.38809    -1.12654    1.44239e-13    0.0215472
1.38809    -1.12654    1.24568e-13    0.0215472
1.38809    -1.12654    1.05172e-13    0.0215472
1.38809    -1.12654    8.65262e-14    0.0215472
1.38809    -1.12654    6.9053e-14    0.0215472
1.38809    -1.12654    5.31138e-14    0.0215473
1.38809    -1.12654    3.90023e-14    0.0215473
1.38809    -1.12654    2.69395e-14    0.0215473
1.38809    -1.12654    1.70728e-14    0.0215473
1.38809    -1.12654    9.47558e-15    0.0215473
1.38809    -1.12654    4.15034e-15    0.0215473
1.38809    -1.12654    1.03326e-15    0.0215473
1.38809    -1.12654    5.37001e-19    0.0215473
1.38809    -1.12654    8.76124e-16    0.0215473
1.38809    -1.12654    3.4405e-15    0.0215473
1.38809    -1.12654    7.44021e-15    0.0215473
1.38809    -1.12654    1.25977e-14    0.0215473
1.38809    -1.12654    1.86214e-14    0.0215473
1.38809    -1.12654    2.52151e-14    0.0215473
1.38809    -1.12654    3.20877e-14    0.0215473
1.38809    -1.12654    3.89609e-14    0.0215473
1.38809    -1.12654    4.55775e-14    0.0215473
1.38809    -1.12654    5.17067e-14    0.0215472
1.38809    -1.12654    5.71503e-14    0.0215472
1.38809    -1.12654    6.17454e-14    0.0215472
1.38809    -1.12654    6.53677e-14    0.0215472
1.38809    -1.12654    6.79321e-14    0.0215472
1.38809    -1.12654    6.93927e-14    0.0215472
1.38809    -1.12654    6.97413e-14    0.0215472
1.38809    -1.12654    6.90056e-14    0.0215472
1.38809    -1.12654    6.72452e-14    0.0215472
1.38809    -1.12654    6.45479e-14    0.0215472
1.38809    -1.12654    6.10251e-14    0.0215472
1.38809    -1.12654    5.68069e-14    0.0215472
1.38809    -1.12654    5.20364e-14    0.0215472
1.38809    -1.12654    4.68652e-14    0.0215472
1.38809    -1.12654    4.14473e-14    0.0215472
1.38809    -1.12654    3.5935e-14    0.0215472
1.38809    -1.12654    3.04741e-14    0.0215472
1.38809    -1.12654    2.51997e-14    0.0215472
1.38809    -1.12654    2.02332e-14    0.0215472
1.38809    -1.12654    1.56792e-14    0.0215472
1.38809    -1.12654    1.16237e-14    0.0215472
1.38809    -1.12654    8.13248e-15    0.0215472
1.38809    -1.12654    5.25066e-15    0.0215472
1.38809    -1.12654    3.00264e-15    0.0215472
1.38809    -1.12654    1.39273e-15    0.0215472
1.38809    -1.12654    4.06356e-16    0.0215472
1.38809    -1.12654    1.17973e-17    0.0215472
1.38809    -1.12654    1.62248e-16    0.0215472
1.38809    -1.12654    7.98247e-16    0.0215472
1.38809    -1.12654    1.85031e-15    0.0215472
1.38809    -1.12654    3.2417e-15    0.0215472
1.38809    -1.12654    4.89119e-15    0.0215472
1.38809    -1.12654    6.71585e-15    0.0215472
1.38809    -1.12654    8.63358e-15    0.0215472
1.38809    -1.12654    1.05656e-14    0.0215472
1.38809    -1.12654    1.24385e-14    0.0215472
1.38809    -1.12654    1.41863e-14    0.0215472
1.38809    -1.12654    1.57514e-14    0.0215472
1.38809    -1.12654    1.70864e-14    0.0215472
1.38809    -1.12654    1.81544e-14    0.0215472
1.38809    -1.12654    1.89294e-14    0.0215472
1.38809    -1.12654    1.93967e-14    0.0215472
1.38809    -1.12654    1.9552e-14    0.0215472
1.38809    -1.12654    1.94012e-14    0.0215472
1.38809    -1.12654    1.89594e-14    0.0215472
1.38809    -1.12654    1.825e-14    0.0215472
1.38809    -1.12654    1.7303e-14    0.0215472
1.38809    -1.12654    1.61539e-14    0.0215472
1.38809    -1.12654    1.48425e-14    0.0215472
1.38809    -1.12654    1.34107e-14    0.0215472
1.38809    -1.12654    1.19017e-14    0.0215472
1.38809    -1.12654    1.03585e-14    0.0215472
1.38809    -1.12654    8.82233e-15    0.0215472
1.38809    -1.12654    7.33165e-15    0.0215472
1.38809    -1.12654    5.92128e-15    0.0215472
1.38809    -1.12654    4.62147e-15    0.0215472
1.38809    -1.12654    3.45732e-15    0.0215472
1.38809    -1.12654    2.44833e-15    0.0215472
1.38809    -1.12654    1.60824e-15    0.0215472
1.38809    -1.12654    9.44953e-16    0.0215472
1.38809    -1.12654    4.60696e-16    0.0215472
1.38809    -1.12654    1.5234e-16    0.0215472
1.38809    -1.12654    1.18427e-17    0.0215472
1.38809    -1.12654    2.68222e-17    0.0215472
1.38809    -1.12654    1.81217e-16    0.0215472
1.38809    -1.12654    4.56016e-16    0.0215472
1.38809    -1.12654    8.30029e-16    0.0215472
1.38809    -1.12654    1.28067e-15    0.0215472
1.38809    -1.12654    1.78472e-15    0.0215472
