1.65767    -1.11576    0.00360236    0.0273928
1.64563    -1.11659    0.00417848    0.0271233
1.63265    -1.11746    0.00474646    0.0267757
1.61883    -1.11835    0.00529313    0.0264743
1.60423    -1.11925    0.00580773    0.0261549
1.58893    -1.12016    0.00627975    0.0258213
1.57303    -1.12104    0.00669934    0.0254768
1.55661    -1.1219    0.00705737    0.0251233
1.53975    -1.12272    0.00734563    0.0247632
1.52255    -1.12349    0.00755696    0.0243984
1.5051    -1.12419    0.00768544    0.0240312
1.48751    -1.12481    0.00772663    0.0236637
1.46987    -1.12535    0.00767775    0.0232979
1.45228    -1.1258    0.00753789    0.0229358
1.43486    -1.12614    0.00730823    0.0225794
1.41771    -1.12638    0.00699223    0.0222307
1.40093    -1.12651    0.00659571    0.0218916
1.38463    -1.12654    0.00612697    0.0215639
1.36892    -1.12647    0.00559673    0.0212495
1.35391    -1.12631    0.00501799    0.0209502
1.33969    -1.12606    0.00440575    0.0206676
1.32637    -1.12575    0.00377664    0.0204035
1.31404    -1.12538    0.00314831    0.0201594
1.30278    -1.12498    0.00253881    0.0199367
1.29267    -1.12457    0.00196574    0.0197367
1.28377    -1.12416    0.00144545    0.0195605
1.27614    -1.12377    0.000992205    0.0194089
1.26982    -1.12343    0.000617426    0.0192824
1.26483    -1.12314    0.000329048    0.0191816
1.26119    -1.12292    0.000131111    0.0191064
1.25889    -1.12278    2.35855e-05    0.0190568
1.25792    -1.12271    2.45729e-06    0.0190322
1.25823    -1.12273    6.00812e-05    0.019032
1.25979    -1.12283    0.000185758    0.0190553
1.26252    -1.123    0.000366484    0.0191011
1.26637    -1.12323    0.000587803    0.0191681
1.27123    -1.12351    0.000834682    0.0192547
1.27703    -1.12382    0.00109235    0.0193595
1.28366    -1.12415    0.00134703    0.0194808
1.29103    -1.1245    0.00158652    0.0196168
1.29902    -1.12484    0.00180062    0.0197657
1.30754    -1.12516    0.00198138    0.0199258
1.31647    -1.12546    0.0021232    0.020095
1.32571    -1.12573    0.00222276    0.0202717
1.33518    -1.12597    0.00227887    0.0204539
1.34476    -1.12616    0.00229222    0.0206399
1.35436    -1.12631    0.00226508    0.0208279
1.36391    -1.12643    0.00220102    0.0210162
1.37333    -1.1265    0.00210453    0.0212032
1.38254    -1.12654    0.00198077    0.0213874
1.39147    -1.12654    0.00183524    0.0215673
1.40006    -1.12652    0.00167356    0.0217417
1.40827    -1.12647    0.00150129    0.0219093
1.41605    -1.1264    0.00132369    0.022069
1.42335    -1.12631    0.00114566    0.0222199
1.43014    -1.12622    0.000971585    0.022361
1.4364    -1.12611    0.000805326    0.0224918
1.44209    -1.12601    0.000650131    0.0226115
1.44721    -1.12591    0.000508647    0.0227197
1.45174    -1.12581    0.000382913    0.022816
1.45566    -1.12572    0.000274382    0.0229001
1.45899    -1.12564    0.000183945    0.0229718
1.46171    -1.12557    0.000111975    0.0230312
1.46383    -1.12551    5.83696e-05    0.0230781
1.46537    -1.12547    2.25991e-05    0.0231128
1.46632    -1.12545    3.75934e-06    0.0231354
1.46671    -1.12544    6.24804e-07    0.0231463
1.46655    -1.12544    1.17022e-05    0.0231456
1.46586    -1.12546    3.52838e-05    0.0231339
1.46467    -1.12549    6.94991e-05    0.0231116
1.463    -1.12554    0.000112366    0.0230793
1.46087    -1.12559    0.000161838    0.0230375
1.45832    -1.12565    0.000215853    0.0229868
1.45537    -1.12572    0.000272375    0.0229278
1.45206    -1.1258    0.000329436    0.0228614
1.44842    -1.12588    0.000385175    0.0227881
1.44448    -1.12596    0.000437873    0.0227087
1.44028    -1.12604    0.000485981    0.022624
1.43585    -1.12612    0.000528153    0.0225347
1.43124    -1.1262    0.000563262    0.0224415
1.42648    -1.12627    0.000590424    0.0223454
1.4216    -1.12633    0.00060901    0.022247
1.41665    -1.12639    0.00061865    0.0221471
1.41166    -1.12644    0.000619239    0.0220465
1.40667    -1.12648    0.000610927    0.0219458
1.40171    -1.12651    0.000594115    0.0218459
1.39681    -1.12653    0.000569431    0.0217475
1.39203    -1.12654    0.000537711    0.0216511
1.38737    -1.12654    0.000499968    0.0215575
1.38288    -1.12654    0.00045736    0.0214672
1.37859    -1.12653    0.000411149    0.0213808
1.37452    -1.12651    0.000362662    0.0212989
1.3707    -1.12648    0.000313245    0.0212219
1.36715    -1.12646    0.000264225    0.0211502
1.36389    -1.12643    0.000216861    0.0210843
1.36093    -1.1264    0.000172311    0.0210244
1.3583    -1.12637    0.000131593    0.0209708
1.356    -1.12634    9.55581e-05    0.0209238
1.35403    -1.12631    6.4866e-05    0.0208834
1.35242    -1.12629    3.99721e-05    0.0208498
1.35115    -1.12627    2.112e-05    0.0208231
1.35023    -1.12625    8.34363e-06    0.0208032
1.34965    -1.12624    1.47658e-06    0.02079
1.3494    -1.12624    1.68978e-07    0.0207834
1.34949    -1.12624    3.91055e-06    0.0207833
1.34988    -1.12625    1.20586e-05    0.0207894
1.35058    -1.12626    2.38693e-05    0.0208014
1.35156    -1.12627    3.85311e-05    0.0208191
1.35281    -1.12629    5.51984e-05    0.0208421
1.3543    -1.12631    7.30239e-05    0.0208701
1.35601    -1.12634    9.11892e-05    0.0209026
1.35793    -1.12636    0.000108931    0.0209392
1.36002    -1.12639    0.000125563    0.0209795
1.36227    -1.12641    0.000140496    0.0210229
1.36465    -1.12644    0.000153247    0.0210692
1.36713    -1.12646    0.000163448    0.0211177
1.3697    -1.12648    0.00017085    0.021168
1.37232    -1.1265    0.00017532    0.0212196
1.37498    -1.12651    0.000176833    0.0212721
1.37765    -1.12652    0.000175467    0.0213251
1.38031    -1.12653    0.000171389    0.021378
1.38293    -1.12654    0.00016484    0.0214304
1.38551    -1.12654    0.000156126    0.0214821
1.38802    -1.12654    0.000145594    0.0215325
1.39044    -1.12654    0.000133625    0.0215813
1.39276    -1.12654    0.000120614    0.0216283
1.39496    -1.12654    0.000106961    0.0216731
1.39704    -1.12653    9.30536e-05    0.0217154
1.39898    -1.12652    7.92587e-05    0.021755
1.40076    -1.12651    6.59138e-05    0.0217916
1.40239    -1.12651    5.33186e-05    0.0218252
1.40386    -1.1265    4.17296e-05    0.0218556
1.40515    -1.12649    3.1356e-05    0.0218826
1.40628    -1.12648    2.2358e-05    0.0219061
1.40723    -1.12647    1.48459e-05    0.0219262
1.408    -1.12647    8.88054e-06    0.0219427
1.4086    -1.12646    4.47607e-06    0.0219556
1.40902    -1.12646    1.60261e-06    0.0219651
1.40928    -1.12646    1.90493e-07    0.0219711
1.40936    -1.12646    1.35071e-07    0.0219738
1.40929    -1.12646    1.30208e-06    0.0219731
1.40906    -1.12646    3.5334e-06    0.0219693
1.40868    -1.12646    6.65298e-06    0.0219625
1.40817    -1.12647    1.04729e-05    0.0219528
1.40752    -1.12647    1.47992e-05    0.0219404
1.40674    -1.12648    1.94376e-05    0.0219254
1.40586    -1.12648    2.4199e-05    0.0219082
1.40487    -1.12649    2.89039e-05    0.0218889
1.40379    -1.1265    3.33871e-05    0.0218676
1.40263    -1.1265    3.75012e-05    0.0218447
1.4014    -1.12651    4.11198e-05    0.0218204
1.40012    -1.12652    4.41395e-05    0.0217948
1.39878    -1.12652    4.64814e-05    0.0217683
1.39742    -1.12653    4.80922e-05    0.0217411
1.39602    -1.12653    4.89439e-05    0.0217133
1.39462    -1.12654    4.90332e-05    0.0216852
1.39322    -1.12654    4.83804e-05    0.0216571
1.39182    -1.12654    4.70269e-05    0.0216291
1.39044    -1.12654    4.50336e-05    0.0216015
1.3891    -1.12654    4.24771e-05    0.0215744
1.38779    -1.12654    3.94472e-05    0.0215481
1.38653    -1.12654    3.60431e-05    0.0215227
1.38532    -1.12654    3.237e-05    0.0214984
1.38418    -1.12654    2.85355e-05    0.0214753
1.38311    -1.12654    2.46463e-05    0.0214536
1.38211    -1.12654    2.08048e-05    0.0214333
1.3812    -1.12654    1.71064e-05    0.0214147
1.38037    -1.12653    1.36367e-05    0.0213977
1.37963    -1.12653    1.04697e-05    0.0213825
1.37898    -1.12653    7.66576e-06    0.0213691
1.37842    -1.12653    5.27097e-06    0.0213576
1.37796    -1.12652    3.31629e-06    0.0213479
1.3776    -1.12652    1.81754e-06    0.0213402
1.37733    -1.12652    7.75863e-07    0.0213343
1.37715    -1.12652    1.786e-07    0.0213303
1.37706    -1.12652    5.36252e-10    0.0213281
1.37707    -1.12652    2.05519e-07    0.0213277
1.37716    -1.12652    7.48305e-07    0.0213291
1.37733    -1.12652    1.57659e-06    0.0213321
1.37758    -1.12652    2.63311e-06    0.0213367
1.37791    -1.12652    3.85784e-06    0.0213427
1.3783    -1.12653    5.18999e-06    0.0213502
1.37876    -1.12653    6.57006e-06    0.021359
1.37928    -1.12653    7.94155e-06    0.0213689
1.37984    -1.12653    9.25257e-06    0.0213798
1.38045    -1.12653    1.04571e-05    0.0213918
1.3811    -1.12654    1.15161e-05    0.0214045
1.38178    -1.12654    1.2398e-05    0.0214178
1.38249    -1.12654    1.30795e-05    0.0214318
1.38321    -1.12654    1.35453e-05    0.0214461
1.38395    -1.12654    1.37881e-05    0.0214608
1.3847    -1.12654    1.38084e-05    0.0214756
1.38544    -1.12654    1.36139e-05    0.0214905
1.38618    -1.12654    1.32183e-05    0.0215053
1.38691    -1.12654    1.26409e-05    0.0215199
1.38763    -1.12654    1.19053e-05    0.0215342
1.38832    -1.12654    1.10387e-05    0.0215481
1.38899    -1.12654    1.00702e-05    0.0215616
1.38962    -1.12654    9.03043e-06    0.0215745
1.39023    -1.12654    7.94998e-06    0.0215867
1.39079    -1.12654    6.85879e-06    0.0215982
1.39132    -1.12654    5.78515e-06    0.0216089
1.3918    -1.12654    4.755e-06    0.0216188
1.39224    -1.12654    3.79132e-06    0.0216278
1.39263    -1.12654    2.91365e-06    0.0216359
1.39297    -1.12654    2.13772e-06    0.021643
1.39327    -1.12654    1.47532e-06    0.0216491
1.39351    -1.12654    9.34136e-07    0.0216543
1.3937    -1.12654    5.17889e-07    0.0216584
1.39385    -1.12654    2.26449e-07    0.0216616
1.39394    -1.12654    5.61267e-08    0.0216637
1.39399    -1.12654    1.95198e-11    0.0216649
1.39399    -1.12654    4.84342e-08    0.0216652
1.39395    -1.12654    1.89361e-07    0.0216646
1.39386    -1.12654    4.08981e-07    0.021663
1.39373    -1.12654    6.92192e-07    0.0216607
1.39356    -1.12654    1.02314e-06    0.0216575
1.39336    -1.12654    1.38572e-06    0.0216537
1.39313    -1.12654    1.76409e-06    0.0216491
1.39286    -1.12654    2.14309e-06    0.0216439
1.39256    -1.12654    2.50864e-06    0.0216382
1.39225    -1.12654    2.8481e-06    0.021632
1.39191    -1.12654    3.15054e-06    0.0216253
1.39155    -1.12654    3.40694e-06    0.0216183
1.39118    -1.12654    3.61034e-06    0.0216109
1.3908    -1.12654    3.75588e-06    0.0216034
1.39041    -1.12654    3.84086e-06    0.0215956
1.39002    -1.12654    3.86462e-06    0.0215878
1.38962    -1.12654    3.82846e-06    0.0215799
1.38923    -1.12654    3.73546e-06    0.0215721
1.38884    -1.12654    3.59028e-06    0.0215643
1.38846    -1.12654    3.3989e-06    0.0215567
1.38809    -1.12654    3.16837e-06    0.0215492
1.38774    -1.12654    2.90649e-06    0.021542
1.38739    -1.12654    2.6216e-06    0.0215351
1.38707    -1.12654    2.32219e-06    0.0215285
1.38676    -1.12654    2.01673e-06    0.0215223
1.38648    -1.12654    1.71335e-06    0.0215165
1.38622    -1.12654    1.41962e-06    0.0215112
1.38598    -1.12654    1.14238e-06    0.0215063
1.38576    -1.12654    8.8757e-07    0.0215019
1.38557    -1.12654    6.60083e-07    0.021498
1.38541    -1.12654    4.63714e-07    0.0214946
1.38527    -1.12654    3.01097e-07    0.0214917
1.38516    -1.12654    1.73706e-07    0.0214894
1.38508    -1.12654    8.18836e-08    0.0214876
1.38502    -1.12654    2.49041e-08    0.0214863
1.38499    -1.12654    1.0675e-09    0.0214855
1.38498    -1.12654    7.81406e-09    0.0214853
1.385    -1.12654    4.18599e-08    0.0214855
1.38504    -1.12654    9.93451e-08    0.0214862
1.38511    -1.12654    1.7599e-07    0.0214873
1.38519    -1.12654    2.67253e-07    0.0214889
1.38529    -1.12654    3.68488e-07    0.0214909
1.38542    -1.12654    4.7509e-07    0.0214932
1.38555    -1.12654    5.82638e-07    0.0214959
1.38571    -1.12654    6.87009e-07    0.0214988
1.38587    -1.12654    7.84489e-07    0.0215021
1.38605    -1.12654    8.71854e-07    0.0215056
1.38624    -1.12654    9.46436e-07    0.0215093
1.38643    -1.12654    1.00616e-06    0.0215131
1.38663    -1.12654    1.04958e-06    0.0215171
1.38684    -1.12654    1.07587e-06    0.0215212
1.38705    -1.12654    1.08477e-06    0.0215253
1.38726    -1.12654    1.07663e-06    0.0215295
1.38747    -1.12654    1.0523e-06    0.0215336
1.38767    -1.12654    1.01307e-06    0.0215378
1.38787    -1.12654    9.60628e-07    0.0215418
1.38807    -1.12654    8.96949e-07    0.0215458
1.38826    -1.12654    8.24242e-07    0.0215496
1.38844    -1.12654    7.44849e-07    0.0215533
1.38862    -1.12654    6.61169e-07    0.0215568
1.38878    -1.12654    5.75582e-07    0.0215601
1.38893    -1.12654    4.90377e-07    0.0215632
1.38907    -1.12654    4.07689e-07    0.0215661
1.3892    -1.12654    3.29443e-07    0.0215687
1.38931    -1.12654    2.57314e-07    0.0215711
1.38942    -1.12654    1.92689e-07    0.0215732
1.3895    -1.12654    1.36646e-07    0.021575
1.38958    -1.12654    8.99461e-08    0.0215766
1.38964    -1.12654    5.30257e-08    0.0215778
1.38969    -1.12654    2.601e-08    0.0215788
1.38972    -1.12654    8.72845e-09    0.0215796
1.38974    -1.12654    7.40052e-10    0.02158
1.38974    -1.12654    1.36453e-09    0.0215802
1.38973    -1.12654    9.71885e-09    0.0215801
1.38971    -1.12654    2.47572e-08    0.0215798
1.38968    -1.12654    4.5313e-08    0.0215792
1.38964    -1.12654    7.0142e-08    0.0215784
1.38959    -1.12654    9.79643e-08    0.0215774
1.38952    -1.12654    1.27505e-07    0.0215762
1.38945    -1.12654    1.57532e-07    0.0215748
1.38937    -1.12654    1.86889e-07    0.0215733
1.38929    -1.12654    2.14527e-07    0.0215716
1.38919    -1.12654    2.39525e-07    0.0215697
1.3891    -1.12654    2.61111e-07    0.0215678
1.38899    -1.12654    2.78676e-07    0.0215658
1.38889    -1.12654    2.91778e-07    0.0215637
1.38878    -1.12654    3.00147e-07    0.0215615
1.38867    -1.12654    3.03679e-07    0.0215593
1.38856    -1.12654    3.02428e-07    0.0215571
1.38845    -1.12654    2.96595e-07    0.0215549
1.38834    -1.12654    2.86513e-07    0.0215527
1.38823    -1.12654    2.72623e-07    0.0215506
1.38813    -1.12654    2.55459e-07    0.0215485
1.38802    -1.12654    2.3562e-07    0.0215464
1.38793    -1.12654    2.13755e-07    0.0215445
1.38783    -1.12654    1.90529e-07    0.0215426
1.38775    -1.12654    1.66613e-07    0.0215408
1.38766    -1.12654    1.42656e-07    0.0215392
1.38759    -1.12654    1.19268e-07    0.0215376
1.38752    -1.12654    9.70057e-08    0.0215362
1.38746    -1.12654    7.63577e-08    0.0215349
1.3874    -1.12654    5.77345e-08    0.0215338
1.38735    -1.12654    4.14614e-08    0.0215328
1.38731    -1.12654    2.77738e-08    0.0215319
1.38728    -1.12654    1.68164e-08    0.0215312
1.38725    -1.12654    8.6447e-09    0.0215306
1.38723    -1.12654    3.22907e-09    0.0215302
1.38722    -1.12654    4.61502e-10    0.02153
1.38722    -1.12654    1.63966e-10    0.0215298
1.38722    -1.12654    2.09848e-09    0.0215299
1.38723    -1.12654    5.9783e-09    0.02153
1.38725    -1.12654    1.14798e-08    0.0215303
1.38727    -1.12654    1.82548e-08    0.0215307
1.38729    -1.12654    2.59426e-08    0.0215312
1.38733    -1.12654    3.41817e-08    0.0215318
1.38736    -1.12654    4.26209e-08    0.0215325
1.38741    -1.12654    5.09288e-08    0.0215333
1.38745    -1.12654    5.88031e-08    0.0215342
1.3875    -1.12654    6.59768e-08    0.0215352
1.38755    -1.12654    7.22247e-08    0.0215362
1.38761    -1.12654    7.73668e-08    0.0215372
1.38766    -1.12654    8.12706e-08    0.0215383
1.38772    -1.12654    8.38521e-08    0.0215395
1.38778    -1.12654    8.50747e-08    0.0215406
1.38783    -1.12654    8.49471e-08    0.0215418
1.38789    -1.12654    8.352e-08    0.021543
1.38795    -1.12654    8.08814e-08    0.0215441
1.38801    -1.12654    7.71516e-08    0.0215453
1.38806    -1.12654    7.24771e-08    0.0215464
1.38812    -1.12654    6.70242e-08    0.0215475
1.38817    -1.12654    6.09731e-08    0.0215485
1.38822    -1.12654    5.45108e-08    0.0215495
1.38827    -1.12654    4.78254e-08    0.0215505
1.38831    -1.12654    4.11001e-08    0.0215514
1.38835    -1.12654    3.45081e-08    0.0215522
1.38839    -1.12654    2.82077e-08    0.021553
1.38842    -1.12654    2.23389e-08    0.0215537
1.38845    -1.12654    1.70201e-08    0.0215543
1.38848    -1.12654    1.23459e-08    0.0215548
1.3885    -1.12654    8.38627e-09    0.0215553
1.38852    -1.12654    5.18562e-09    0.0215557
1.38853    -1.12654    2.76335e-09    0.021556
1.38854    -1.12654    1.11497e-09    0.0215562
1.38855    -1.12654    2.13748e-10    0.0215564
1.38855    -1.12654    1.3068e-11    0.0215565
1.38855    -1.12654    4.49118e-10    0.0215565
1.38855    -1.12654    1.44397e-09    0.0215564
1.38854    -1.12654    2.90888e-09    0.0215563
1.38853    -1.12654    4.74763e-09    0.0215561
1.38852    -1.12654    6.85996e-09    0.0215558
1.3885    -1.12654    9.14481e-09    0.0215555
1.38848    -1.12654    1.15034e-08    0.0215551
1.38846    -1.12654    1.38421e-08    0.0215547
1.38844    -1.12654    1.60748e-08    0.0215542
1.38841    -1.12654    1.8125e-08    0.0215537
1.38838    -1.12654    1.99275e-08    0.0215532
1.38835    -1.12654    2.14294e-08    0.0215526
1.38833    -1.12654    2.25911e-08    0.0215521
1.38829    -1.12654    2.33865e-08    0.0215515
1.38826    -1.12654    2.38027e-08    0.0215509
1.38823    -1.12654    2.38397e-08    0.0215502
1.3882    -1.12654    2.35094e-08    0.0215496
1.38817    -1.12654    2.28344e-08    0.021549
1.38814    -1.12654    2.18465e-08    0.0215484
1.38811    -1.12654    2.05855e-08    0.0215478
1.38808    -1.12654    1.90968e-08    0.0215472
1.38806    -1.12654    1.74302e-08    0.0215467
1.38803    -1.12654    1.56379e-08    0.0215461
1.388    -1.12654    1.37725e-08    0.0215456
1.38798    -1.12654    1.1886e-08    0.0215451
1.38796    -1.12654    1.00273e-08    0.0215447
1.38794    -1.12654    8.24199e-09    0.0215443
1.38792    -1.12654    6.5703e-09    0.0215439
1.3879    -1.12654    5.04674e-09    0.0215436
1.38789    -1.12654    3.69928e-09    0.0215433
1.38788    -1.12654    2.54894e-09    0.021543
1.38787    -1.12654    1.60961e-09    0.0215428
1.38786    -1.12654    8.88143e-10    0.0215426
1.38785    -1.12654    3.84554e-10    0.0215425
1.38785    -1.12654    9.25288e-11    0.0215424
1.38785    -1.12654    1.01508e-14    0.0215424
1.38785    -1.12654    8.99497e-11    0.0215424
1.38785    -1.12654    3.41154e-10    0.0215424
1.38785    -1.12654    7.29201e-10    0.0215425
1.38786    -1.12654    1.22739e-09    0.0215426
1.38786    -1.12654    1.80769e-09    0.0215427
1.38787    -1.12654    2.4417e-09    0.0215428
1.38788    -1.12654    3.10147e-09    0.021543
1.38789    -1.12654    3.76039e-09    0.0215433
1.38791    -1.12654    4.39381e-09    0.0215435
1.38792    -1.12654    4.97973e-09    0.0215438
1.38793    -1.12654    5.49921e-09    0.021544
1.38795    -1.12654    5.93677e-09    0.0215443
1.38796    -1.12654    6.28062e-09    0.0215446
1.38798    -1.12654    6.52273e-09    0.0215449
1.388    -1.12654    6.65884e-09    0.0215453
1.38801    -1.12654    6.68831e-09    0.0215456
1.38803    -1.12654    6.61392e-09    0.0215459
1.38805    -1.12654    6.44149e-09    0.0215462
1.38806    -1.12654    6.17957e-09    0.0215466
1.38808    -1.12654    5.8389e-09    0.0215469
1.38809    -1.12654    5.43204e-09    0.0215472
1.38811    -1.12654    4.97275e-09    0.0215475
1.38812    -1.12654    4.47559e-09    0.0215478
1.38814    -1.12654    3.95534e-09    0.0215481
1.38815    -1.12654    3.42659e-09    0.0215483
1.38816    -1.12654    2.90329e-09    0.0215485
1.38817    -1.12654    2.39835e-09    0.0215488
1.38818    -1.12654    1.92335e-09    0.021549
1.38819    -1.12654    1.48827e-09    0.0215491
1.3882    -1.12654    1.10126e-09    0.0215493
1.3882    -1.12654    7.68574e-10    0.0215494
1.38821    -1.12654    4.94448e-10    0.0215496
1.38821    -1.12654    2.81148e-10    0.0215497
1.38822    -1.12654    1.29015e-10    0.0215497
1.38822    -1.12654    3.65889e-11    0.0215498
1.38822    -1.12654    7.6749e-13    0.0215498
1.38822    -1.12654    1.70141e-11    0.0215498
1.38822    -1.12654    7.95877e-11    0.0215498
1.38822    -1.12654    1.81797e-10    0.0215498
1.38822    -1.12654    3.16262e-10    0.0215497
1.38821    -1.12654    4.75189e-10    0.0215497
1.38821    -1.12654    6.50623e-10    0.0215496
1.3882    -1.12654    8.34703e-10    0.0215495
1.3882    -1.12654    1.01989e-09    0.0215494
1.38819    -1.12654    1.19917e-09    0.0215492
1.38818    -1.12654    1.36624e-09    0.0215491
1.38818    -1.12654    1.51562e-09    0.021549
1.38817    -1.12654    1.64279e-09    0.0215488
1.38816    -1.12654    1.74425e-09    0.0215487
1.38815    -1.12654    1.81756e-09    0.0215485
1.38814    -1.12654    1.86132e-09    0.0215483
1.38813    -1.12654    1.87516e-09    0.0215481
1.38813    -1.12654    1.85969e-09    0.021548
1.38812    -1.12654    1.81639e-09    0.0215478
1.38811    -1.12654    1.74751e-09    0.0215476
1.3881    -1.12654    1.65595e-09    0.0215475
1.38809    -1.12654    1.54514e-09    0.0215473
1.38808    -1.12654    1.41889e-09    0.0215471
1.38808    -1.12654    1.28124e-09    0.021547
1.38807    -1.12654    1.13634e-09    0.0215468
1.38806    -1.12654    9.88294e-10    0.0215467
1.38806    -1.12654    8.4105e-10    0.0215466
1.38805    -1.12654    6.98293e-10    0.0215465
1.38805    -1.12654    5.63347e-10    0.0215463
1.38804    -1.12654    4.39098e-10    0.0215462
1.38804    -1.12654    3.27933e-10    0.0215462
1.38803    -1.12654    2.31707e-10    0.0215461
1.38803    -1.12654    1.51717e-10    0.021546
1.38803    -1.12654    8.8702e-11    0.021546
1.38803    -1.12654    4.28573e-11    0.0215459
1.38802    -1.12654    1.38657e-11    0.0215459
1.38802    -1.12654    9.40091e-13    0.0215459
1.38802    -1.12654    2.87927e-12    0.0215459
1.38802    -1.12654    1.81313e-11    0.0215459
1.38802    -1.12654    4.48638e-11    0.0215459
1.38803    -1.12654    8.1038e-11    0.0215459
1.38803    -1.12654    1.24483e-10    0.0215459
1.38803    -1.12654    1.72972e-10    0.021546
1.38803    -1.12654    2.2429e-10    0.021546
1.38803    -1.12654    2.76301e-10    0.0215461
1.38804    -1.12654    3.27007e-10    0.0215462
1.38804    -1.12654    3.74599e-10    0.0215462
1.38805    -1.12654    4.17495e-10    0.0215463
1.38805    -1.12654    4.54379e-10    0.0215464
1.38805    -1.12654    4.84213e-10    0.0215465
1.38806    -1.12654    5.06257e-10    0.0215466
1.38806    -1.12654    5.20067e-10    0.0215467
1.38807    -1.12654    5.25489e-10    0.0215467
1.38807    -1.12654    5.22643e-10    0.0215468
1.38808    -1.12654    5.119e-10    0.0215469
1.38808    -1.12654    4.93855e-10    0.021547
1.38809    -1.12654    4.69293e-10    0.0215471
1.38809    -1.12654    4.39149e-10    0.0215472
1.38809    -1.12654    4.04475e-10    0.0215473
1.3881    -1.12654    3.66396e-10    0.0215474
1.3881    -1.12654    3.26069e-10    0.0215474
1.38811    -1.12654    2.84652e-10    0.0215475
1.38811    -1.12654    2.43261e-10    0.0215476
1.38811    -1.12654    2.02946e-10    0.0215476
1.38812    -1.12654    1.64657e-10    0.0215477
1.38812    -1.12654    1.29227e-10    0.0215478
1.38812    -1.12654    9.73531e-11    0.0215478
1.38812    -1.12654    6.95813e-11    0.0215478
1.38812    -1.12654    4.63044e-11    0.0215479
1.38813    -1.12654    2.77579e-11    0.0215479
1.38813    -1.12654    1.40243e-11    0.0215479
1.38813    -1.12654    5.04e-12    0.0215479
1.38813    -1.12654    6.07779e-13    0.021548
1.38813    -1.12654    4.11112e-13    0.021548
1.38813    -1.12654    4.03185e-12    0.021548
1.38813    -1.12654    1.09696e-11    0.021548
1.38813    -1.12654    2.06621e-11    0.0215479
1.38813    -1.12654    3.25067e-11    0.0215479
1.38812    -1.12654    4.58804e-11    0.0215479
1.38812    -1.12654    6.01609e-11    0.0215479
1.38812    -1.12654    7.47442e-11    0.0215478
1.38812    -1.12654    8.90623e-11    0.0215478
1.38812    -1.12654    1.02597e-10    0.0215478
1.38812    -1.12654    1.14894e-10    0.0215477
1.38811    -1.12654    1.25568e-10    0.0215477
1.38811    -1.12654    1.34315e-10    0.0215477
1.38811    -1.12654    1.40911e-10    0.0215476
1.38811    -1.12654    1.45217e-10    0.0215476
1.3881    -1.12654    1.47174e-10    0.0215475
1.3881    -1.12654    1.46802e-10    0.0215475
1.3881    -1.12654    1.44193e-10    0.0215474
1.3881    -1.12654    1.39502e-10    0.0215474
1.38809    -1.12654    1.3294e-10    0.0215473
1.38809    -1.12654    1.24761e-10    0.0215473
1.38809    -1.12654    1.15257e-10    0.0215472
1.38809    -1.12654    1.04738e-10    0.0215472
1.38809    -1.12654    9.35282e-11    0.0215471
1.38808    -1.12654    8.19528e-11    0.0215471
1.38808    -1.12654    7.03277e-11    0.0215471
1.38808    -1.12654    5.89509e-11    0.021547
1.38808    -1.12654    4.80947e-11    0.021547
1.38808    -1.12654    3.79992e-11    0.021547
1.38808    -1.12654    2.88668e-11    0.0215469
1.38808    -1.12654    2.08589e-11    0.0215469
1.38807    -1.12654    1.40938e-11    0.0215469
1.38807    -1.12654    8.64556e-12    0.0215469
1.38807    -1.12654    4.54521e-12    0.0215469
1.38807    -1.12654    1.78239e-12    0.0215469
1.38807    -1.12654    3.08483e-13    0.0215469
1.38807    -1.12654    4.06375e-14    0.0215469
1.38807    -1.12654    8.66549e-13    0.0215469
1.38807    -1.12654    2.6498e-12    0.0215469
1.38807    -1.12654    5.23559e-12    0.0215469
1.38807    -1.12654    8.45658e-12    0.0215469
1.38807    -1.12654    1.21388e-11    0.0215469
1.38807    -1.12654    1.61074e-11    0.0215469
1.38808    -1.12654    2.01916e-11    0.0215469
1.38808    -1.12654    2.42301e-11    0.0215469
1.38808    -1.12654    2.80748e-11    0.0215469
1.38808    -1.12654    3.15945e-11    0.021547
1.38808    -1.12654    3.46778e-11    0.021547
1.38808    -1.12654    3.7235e-11    0.021547
1.38808    -1.12654    3.91992e-11    0.021547
1.38808    -1.12654    4.05269e-11    0.0215471
1.38808    -1.12654    4.11976e-11    0.0215471
1.38809    -1.12654    4.1213e-11    0.0215471
1.38809    -1.12654    4.0595e-11    0.0215471
1.38809    -1.12654    3.93842e-11    0.0215472
1.38809    -1.12654    3.7637e-11    0.0215472
1.38809    -1.12654    3.54228e-11    0.0215472
1.38809    -1.12654    3.28213e-11    0.0215472
1.38809    -1.12654    2.99189e-11    0.0215473
1.38809    -1.12654    2.6806e-11    0.0215473
1.3881    -1.12654    2.35739e-11    0.0215473
1.3881    -1.12654    2.03117e-11    0.0215473
1.3881    -1.12654    1.71042e-11    0.0215473
1.3881    -1.12654    1.40291e-11    0.0215474
1.3881    -1.12654    1.11555e-11    0.0215474
1.3881    -1.12654    8.54219e-12    0.0215474
1.3881    -1.12654    6.23658e-12    0.0215474
1.3881    -1.12654    4.27404e-12    0.0215474
1.3881    -1.12654    2.67767e-12    0.0215474
1.3881    -1.12654    1.45836e-12    0.0215474
1.3881    -1.12654    6.15271e-13    0.0215474
1.3881    -1.12654    1.36704e-13    0.0215474
1.3881    -1.12654    1.11871e-15    0.0215474
1.3881    -1.12654    1.7846e-13    0.0215474
1.3881    -1.12654    6.31632e-13    0.0215474
1.3881    -1.12654    1.31808e-12    0.0215474
1.3881    -1.12654    2.19144e-12    0.0215474
1.3881    -1.12654    3.20318e-12    0.0215474
1.3881    -1.12654    4.3042e-12    0.0215474
1.3881    -1.12654    5.44637e-12    0.0215474
1.3881    -1.12654    6.58386e-12    0.0215474
1.3881    -1.12654    7.67441e-12    0.0215474
1.3881    -1.12654    8.68032e-12    0.0215474
1.3881    -1.12654    9.56928e-12    0.0215474
1.3881    -1.12654    1.0315e-11    0.0215474
1.3881    -1.12654    1.08975e-11    0.0215473
1.3881    -1.12654    1.13033e-11    0.0215473
1.3881    -1.12654    1.15257e-11    0.0215473
1.38809    -1.12654    1.15638e-11    0.0215473
1.38809    -1.12654    1.14229e-11    0.0215473
1.38809    -1.12654    1.11133e-11    0.0215473
1.38809    -1.12654    1.06502e-11    0.0215473
1.38809    -1.12654    1.00523e-11    0.0215473
1.38809    -1.12654    9.34159e-12    0.0215472
1.38809    -1.12654    8.5419e-12    0.0215472
1.38809    -1.12654    7.67846e-12    0.0215472
1.38809    -1.12654    6.77687e-12    0.0215472
1.38809    -1.12654    5.86229e-12    0.0215472
1.38809    -1.12654    4.95874e-12    0.0215472
1.38809    -1.12654    4.08843e-12    0.0215472
1.38809    -1.12654    3.2712e-12    0.0215472
1.38809    -1.12654    2.52409e-12    0.0215472
1.38809    -1.12654    1.861e-12    0.0215472
1.38809    -1.12654    1.29248e-12    0.0215471
1.38809    -1.12654    8.25657e-13    0.0215471
1.38809    -1.12654    4.64198e-13    0.0215471
1.38809    -1.12654    2.08472e-13    0.0215471
1.38809    -1.12654    5.57427e-14    0.0215471
1.38809    -1.12654    4.58257e-16    0.0215471
1.38809    -1.12654    3.46088e-14    0.0215471
1.38809    -1.12654    1.4813e-13    0.0215471
1.38809    -1.12654    3.29345e-13    0.0215471
1.38809    -1.12654    5.6542e-13    0.0215471
1.38809    -1.12654    8.42832e-13    0.0215471
1.38809    -1.12654    1.14782e-12    0.0215471
1.38809    -1.12654    1.4668e-12    0.0215471
1.38809    -1.12654    1.78679e-12    0.0215472
1.38809    -1.12654    2.09573e-12    0.0215472
1.38809    -1.12654    2.3828e-12    0.0215472
1.38809    -1.12654    2.63865e-12    0.0215472
1.38809    -1.12654    2.85558e-12    0.0215472
1.38809    -1.12654    3.02766e-12    0.0215472
1.38809    -1.12654    3.15081e-12    0.0215472
1.38809    -1.12654    3.22273e-12    0.0215472
1.38809    -1.12654    3.24293e-12    0.0215472
1.38809    -1.12654    3.21256e-12    0.0215472
1.38809    -1.12654    3.13429e-12    0.0215472
1.38809    -1.12654    3.0121e-12    0.0215472
1.38809    -1.12654    2.85109e-12    0.0215472
1.38809    -1.12654    2.65726e-12    0.0215472
1.38809    -1.12654    2.43722e-12    0.0215472
1.38809    -1.12654    2.198e-12    0.0215472
1.38809    -1.12654    1.94675e-12    0.0215473
1.38809    -1.12654    1.69057e-12    0.0215473
1.38809    -1.12654    1.43626e-12    0.0215473
1.38809    -1.12654    1.19017e-12    0.0215473
1.38809    -1.12654    9.57971e-13    0.0215473
1.38809    -1.12654    7.44608e-13    0.0215473
1.38809    -1.12654    5.5414e-13    0.0215473
1.38809    -1.12654    3.89704e-13    0.0215473
1.38809    -1.12654    2.53471e-13    0.0215473
1.38809    -1.12654    1.4665e-13    0.0215473
1.38809    -1.12654    6.95123e-14    0.0215473
1.38809    -1.12654    2.14456e-14    0.0215473
1.38809    -1.12654    1.03393e-15    0.0215473
1.38809    -1.12654    6.15186e-15    0.0215473
1.38809    -1.12654    3.40765e-14    0.0215473
1.38809    -1.12654    8.16092e-14    0.0215473
1.38809    -1.12654    1.45204e-13    0.0215473
1.38809    -1.12654    2.21096e-13    0.0215473
1.38809    -1.12654    3.05431e-13    0.0215473
1.38809    -1.12654    3.94386e-13    0.0215473
1.38809    -1.12654    4.84282e-13    0.0215473
1.38809    -1.12654    5.71685e-13    0.0215473
1.38809    -1.12654    6.53492e-13    0.0215473
1.38809    -1.12654    7.27002e-13    0.0215473
1.38809    -1.12654    7.89967e-13    0.0215473
1.38809    -1.12654    8.40634e-13    0.0215473
1.38809    -1.12654    8.77757e-13    0.0215473
1.38809    -1.12654    9.00606e-13    0.0215473
1.38809    -1.12654    9.08948e-13    0.0215473
1.38809    -1.12654    9.03023e-13    0.0215473
1.38809    -1.12654    8.83504e-13    0.0215473
1.38809    -1.12654    8.51442e-13    0.0215472
1.38809    -1.12654    8.08217e-13    0.0215472
1.38809    -1.12654    7.55463e-13    0.0215472
1.38809    -1.12654    6.9501e-13    0.0215472
1.38809    -1.12654    6.28807e-13    0.0215472
1.38809    -1.12654    5.58862e-13    0.0215472
1.38809    -1.12654    4.87171e-13    0.0215472
1.38809    -1.12654    4.15659e-13    0.0215472
1.38809    -1.12654    3.46131e-13    0.0215472
1.38809    -1.12654    2.80218e-13    0.0215472
1.38809    -1.12654    2.19343e-13    0.0215472
1.38809    -1.12654    1.64694e-13    0.0215472
1.38809    -1.12654    1.17198e-13    0.0215472
1.38809    -1.12654    7.75139e-14    0.0215472
1.38809    -1.12654    4.60307e-14    0.0215472
1.38809    -1.12654    2.2872e-14    0.0215472
1.38809    -1.12654    7.91102e-15    0.0215472
1.38809    -1.12654    7.90685e-16    0.0215472
1.38809    -1.12654    9.49958e-16    0.0215472
1.38809    -1.12654    7.65424e-15    0.0215472
1.38809    -1.12654    2.00291e-14    0.0215472
1.38809    -1.12654    3.70959e-14    0.0215472
1.38809    -1.12654    5.78083e-14    0.0215472
1.38809    -1.12654    8.10879e-14    0.0215472
1.38809    -1.12654    1.05859e-13    0.0215472
1.38809    -1.12654    1.31081e-13    0.0215472
1.38809    -1.12654    1.55777e-13    0.0215472
1.38809    -1.12654    1.79057e-13    0.0215472
1.38809    -1.12654    2.00143e-13    0.0215472
1.38809    -1.12654    2.18381e-13    0.0215472
1.38809    -1.12654    2.33252e-13    0.0215472
1.38809    -1.12654    2.44381e-13    0.0215472
1.38809    -1.12654    2.51536e-13    0.0215472
1.38809    -1.12654    2.54628e-13    0.0215472
1.38809    -1.12654    2.53699e-13    0.0215472
1.38809    -1.12654    2.48915e-13    0.0215472
1.38809    -1.12654    2.40555e-13    0.0215472
1.38809    -1.12654    2.28988e-13    0.0215472
1.38809    -1.12654    2.14661e-13    0.0215472
1.38809    -1.12654    1.98077e-13    0.0215472
1.38809    -1.12654    1.79779e-13    0.0215472
1.38809    -1.12654    1.60327e-13    0.0215472
1.38809    -1.12654    1.40283e-13    0.0215472
1.38809    -1.12654    1.20191e-13    0.0215472
1.38809    -1.12654    1.00565e-13    0.0215472
1.38809    -1.12654    8.18707e-14    0.0215472
1.38809    -1.12654    6.45199e-14    0.0215472
1.38809    -1.12654    4.88574e-14    0.0215473
1.38809    -1.12654    3.51571e-14    0.0215473
1.38809    -1.12654    2.36179e-14    0.0215473
1.38809    -1.12654    1.43626e-14    0.0215473
1.38809    -1.12654    7.43945e-15    0.0215473
1.38809    -1.12654    2.82558e-15    0.0215473
1.38809    -1.12654    4.32382e-16    0.0215473
1.38809    -1.12654    1.12594e-16    0.0215473
1.38809    -1.12654    1.66867e-15    0.0215473
1.38809    -1.12654    4.86205e-15    0.0215473
1.38809    -1.12654    9.42312e-15    0.0215473
1.38809    -1.12654    1.50613e-14    0.0215473
1.38809    -1.12654    2.14754e-14    0.0215473
1.38809    -1.12654    2.8363e-14    0.0215473
1.38809    -1.12654    3.543e-14    0.0215473
1.38809    -1.12654    4.23985e-14    0.0215473
1.38809    -1.12654    4.90146e-14    0.0215473
1.38809    -1.12654    5.50536e-14    0.0215472
1.38809    -1.12654    6.03255e-14    0.0215472
1.38809    -1.12654    6.46778e-14    0.0215472
1.38809    -1.12654    6.79977e-14    0.0215472
1.38809    -1.12654    7.0213e-14    0.0215472
1.38809    -1.12654    7.12911e-14    0.0215472
1.38809    -1.12654    7.12372e-14    0.0215472
1.38809    -1.12654    7.00922e-14    0.0215472
1.38809    -1.12654    6.79279e-14    0.0215472
1.38809    -1.12654    6.48439e-14    0.0215472
1.38809    -1.12654    6.09616e-14    0.0215472
1.38809    -1.12654    5.64198e-14    0.0215472
1.38809    -1.12654    5.13686e-14    0.0215472
1.38809    -1.12654    4.59648e-14    0.0215472
1.38809    -1.12654    4.0366e-14    0.0215472
1.38809    -1.12654    3.47261e-14    0.0215472
1.38809    -1.12654    2.91908e-14    0.0215472
1.38809    -1.12654    2.38936e-14    0.0215472
1.38809    -1.12654    1.89529e-14    0.0215472
1.38809    -1.12654    1.44688e-14    0.0215472
1.38809    -1.12654    1.0522e-14    0.0215472
1.38809    -1.12654    7.17219e-15    0.0215472
1.38809    -1.12654    4.4577e-15    0.0215472
1.38809    -1.12654    2.39589e-15    0.0215472
1.38809    -1.12654    9.83954e-16    0.0215472
1.38809    -1.12654    2.00328e-16    0.0215472
1.38809    -1.12654    6.63076e-18    0.0215472
1.38809    -1.12654    3.49919e-16    0.0215472
1.38809    -1.12654    1.16526e-15    0.0215472
1.38809    -1.12654    2.37848e-15    0.0215472
1.38809    -1.12654    3.90903e-15    0.0215472
1.38809    -1.12654    5.67281e-15    0.0215472
1.38809    -1.12654    7.58493e-15    0.0215472
1.38809    -1.12654    9.56235e-15    0.0215472
1.38809    -1.12654    1.15262e-14    0.0215472
1.38809    -1.12654    1.34039e-14    0.0215472
1.38809    -1.12654    1.51308e-14    0.0215472
1.38809    -1.12654    1.66519e-14    0.0215472
1.38809    -1.12654    1.79223e-14    0.0215472
1.38809    -1.12654    1.89083e-14    0.0215472
1.38809    -1.12654    1.95877e-14    0.0215472
1.38809    -1.12654    1.99492e-14    0.0215472
1.38809    -1.12654    1.99924e-14    0.0215472
1.38809    -1.12654    1.9727e-14    0.0215472
1.38809    -1.12654    1.91715e-14    0.0215472
1.38809    -1.12654    1.83526e-14    0.0215472
1.38809    -1.12654    1.73032e-14    0.0215472
1.38809    -1.12654    1.60614e-14    0.0215472
1.38809    -1.12654    1.46689e-14    0.0215472
1.38809    -1.12654    1.31694e-14    0.0215472
1.38809    -1.12654    1.1607e-14    0.0215472
1.38809    -1.12654    1.00252e-14    0.0215472
1.38809    -1.12654    8.46542e-15    0.0215472
1.38809    -1.12654    6.96573e-15    0.0215472
1.38809    -1.12654    5.56013e-15    0.0215472
1.38809    -1.12654    4.27772e-15    0.0215472
1.38809    -1.12654    3.14214e-15    0.0215472
1.38809    -1.12654    2.17123e-15    0.0215472
1.38809    -1.12654    1.37683e-15    0.0215472
1.38809    -1.12654    7.64901e-16    0.0215472
1.38809    -1.12654    3.35669e-16    0.0215472
1.38809    -1.12654    8.40342e-17    0.0215472
1.38809    -1.12654    6.67301e-20    0.0215472
1.38809    -1.12654    6.96332e-17    0.0215472
1.38809    -1.12654    2.75101e-16    0.0215472
1.38809    -1.12654    5.96103e-16    0.0215472
1.38809    -1.12654    1.01033e-15    0.0215472
1.38809    -1.12654    1.49434e-15    0.0215472
1.38809    -1.12654    2.02433e-15    0.0215472
1.38809    -1.12654    2.57687e-15    0.0215472
