1.2    -1.09855    0.000264749    -0.600016    -2.66373    0.000362292    0.167248
1.20231    -1.11326    0.00117725    -0.6392    -2.61159    2.93881e-05    0.0997405
1.20718    -1.11717    0.00230037    -0.626162    -2.63876    2.469e-05    0.1452
1.21398    -1.11879    0.00365427    -0.629364    -2.62632    3.40766e-05    0.144172
1.22256    -1.1199    0.00503623    -0.625932    -2.62385    4.59374e-05    0.157358
1.23263    -1.12086    0.00639603    -0.624491    -2.61528    5.72039e-05    0.164352
1.24398    -1.12176    0.00764434    -0.622098    -2.60706    6.72779e-05    0.17288
1.25639    -1.12262    0.00873257    -0.619844    -2.59741    7.55609e-05    0.180463
1.26965    -1.12342    0.00961941    -0.617397    -2.58728    8.18446e-05    0.188018
1.28357    -1.12415    0.0102823    -0.614907    -2.57664    8.60047e-05    0.195227
1.29795    -1.12479    0.0107115    -0.612364    -2.56573    8.8079e-05    0.202152
1.31264    -1.12533    0.0109096    -0.609808    -2.55468    8.81964e-05    0.208722
1.32746    -1.12577    0.0108887    -0.60726    -2.54365    8.65626e-05    0.214914
1.34227    -1.1261    0.0106685    -0.604745    -2.53272    8.34276e-05    0.2207
1.35693    -1.12633    0.0102739    -0.602283    -2.52202    7.90646e-05    0.226067
1.37131    -1.12647    0.0097331    -0.599894    -2.51162    7.37506e-05    0.231011
1.38531    -1.12653    0.00907555    -0.597591    -2.5016    6.77525e-05    0.235537
1.39883    -1.12651    0.00833089    -0.59539    -2.49201    6.13176e-05    0.239655
1.41178    -1.12643    0.00752769    -0.5933    -2.4829    5.46674e-05    0.24338
1.42409    -1.12629    0.00669257    -0.59133    -2.47433    4.79945e-05    0.246731
1.4357    -1.12612    0.00584974    -0.589489    -2.4663    4.14613e-05    0.24973
1.44655    -1.12591    0.00502051    -0.58778    -2.45886    3.52013e-05    0.252397
1.45661    -1.12569    0.00422324    -0.586208    -2.45201    2.93202e-05    0.254755
1.46583    -1.12546    0.00347317    -0.584776    -2.44578    2.38989e-05    0.256825
1.47419    -1.12522    0.00278255    -0.583484    -2.44015    1.89954e-05    0.258628
1.48168    -1.125    0.00216076    -0.582334    -2.43515    1.46486e-05    0.260182
1.48827    -1.12478    0.00161446    -0.581325    -2.43076    1.08801e-05    0.261506
1.49398    -1.12459    0.00114786    -0.580457    -2.42698    7.69726e-06    0.262614
1.49878    -1.12442    0.000762884    -0.579727    -2.4238    5.09539e-06    0.263522
1.5027    -1.12428    0.000459485    -0.579133    -2.42122    3.05974e-06    0.264242
1.50574    -1.12416    0.000235846    -0.578673    -2.41923    1.56732e-06    0.264785
1.50792    -1.12408    8.86276e-05    -0.578344    -2.4178    5.8837e-07    0.265161
1.50926    -1.12403    1.31982e-05    -0.578142    -2.41693    8.7672e-08    0.265378
1.50977    -1.12401    3.85023e-06    -0.578064    -2.41659    2.56055e-08    0.265442
1.5095    -1.12402    5.40041e-05    -0.578105    -2.41677    3.5905e-07    0.265361
1.50845    -1.12406    0.000156401    -0.578261    -2.41746    1.04214e-06    0.265137
1.50668    -1.12413    0.000303281    -0.578527    -2.41862    2.02692e-06    0.264776
1.50421    -1.12422    0.000486555    -0.578899    -2.42025    3.26391e-06    0.26428
1.50108    -1.12434    0.000697957    -0.579372    -2.42231    4.70262e-06    0.263653
1.49733    -1.12447    0.000929199    -0.579939    -2.42478    6.2921e-06    0.262895
1.493    -1.12463    0.00117211    -0.580595    -2.42764    7.98137e-06    0.26201
1.48814    -1.12479    0.00141875    -0.581335    -2.43087    9.72e-06    0.260999
1.4828    -1.12496    0.00166157    -0.582152    -2.43442    1.14586e-05    0.259865
1.47702    -1.12514    0.00189351    -0.58304    -2.43829    1.31496e-05    0.25861
1.47084    -1.12532    0.00210808    -0.583992    -2.44243    1.47477e-05    0.257237
1.46433    -1.1255    0.00229953    -0.585001    -2.44682    1.62104e-05    0.255751
1.45752    -1.12567    0.00246288    -0.586059    -2.45142    1.74994e-05    0.254155
1.45048    -1.12583    0.00259402    -0.58716    -2.4562    1.85807e-05    0.252456
1.44325    -1.12598    0.00268981    -0.588295    -2.46114    1.94255e-05    0.25066
1.43589    -1.12612    0.00274808    -0.589457    -2.46619    2.00112e-05    0.248776
1.42845    -1.12624    0.00276772    -0.590638    -2.47132    2.03218e-05    0.246814
1.42099    -1.12634    0.00274865    -0.591829    -2.47649    2.03488e-05    0.244785
1.41355    -1.12642    0.00269184    -0.593022    -2.48167    2.00911e-05    0.242701
1.40619    -1.12648    0.0025993    -0.594209    -2.48683    1.95558e-05    0.240577
1.39895    -1.12652    0.00247395    -0.595382    -2.49192    1.8758e-05    0.238429
1.39189    -1.12654    0.00231962    -0.596531    -2.49691    1.77204e-05    0.236273
1.38506    -1.12654    0.00214088    -0.597649    -2.50176    1.64731e-05    0.234129
1.37849    -1.12652    0.00194291    -0.598729    -2.50645    1.50525e-05    0.232016
1.37224    -1.12649    0.00173136    -0.599762    -2.51093    1.35003e-05    0.229953
1.36633    -1.12645    0.00151215    -0.600741    -2.51518    1.1862e-05    0.227961
1.36082    -1.12639    0.00129127    -0.601659    -2.51917    1.01855e-05    0.22606
1.35572    -1.12633    0.00107459    -0.602511    -2.52287    8.51912e-06    0.224269
1.35107    -1.12626    0.000867681    -0.603291    -2.52626    6.90977e-06    0.222608
1.34689    -1.1262    0.000675577    -0.603994    -2.52931    5.40123e-06    0.221095
1.3432    -1.12613    0.000502655    -0.604615    -2.53202    4.03232e-06    0.219743
1.34002    -1.12607    0.000352475    -0.605153    -2.53435    2.8355e-06    0.218567
1.33735    -1.12601    0.000227673    -0.605603    -2.53631    1.83561e-06    0.217578
1.33521    -1.12597    0.000129905    -0.605966    -2.53789    1.0491e-06    0.216784
1.33359    -1.12593    5.9816e-05    -0.60624    -2.53909    4.83606e-07    0.216189
1.3325    -1.1259    1.7064e-05    -0.606426    -2.5399    1.38067e-07    0.215796
1.33191    -1.12589    3.83351e-07    -0.606525    -2.54033    3.14027e-09    0.215603
1.33182    -1.12589    7.68204e-06    -0.606539    -2.5404    6.20937e-08    0.215605
1.33221    -1.1259    3.61721e-05    -0.606472    -2.54011    2.91978e-07    0.215797
1.33307    -1.12592    8.25219e-05    -0.606326    -2.53948    6.65037e-07    0.216168
1.33436    -1.12595    0.000143022    -0.606107    -2.53853    1.15025e-06    0.216707
1.33605    -1.12599    0.000213755    -0.605818    -2.53728    1.7149e-06    0.217399
1.33813    -1.12603    0.000290766    -0.605466    -2.53575    2.32615e-06    0.218229
1.34055    -1.12608    0.000370211    -0.605056    -2.53398    2.95236e-06    0.219182
1.34328    -1.12613    0.0004485    -0.604594    -2.53197    3.56435e-06    0.22024
1.34628    -1.12619    0.000522406    -0.604087    -2.52977    4.13634e-06    0.221386
1.34953    -1.12624    0.000589158    -0.603542    -2.5274    4.64662e-06    0.222603
1.35297    -1.12629    0.000646496    -0.602964    -2.52489    5.07804e-06    0.223874
1.35658    -1.12634    0.000692708    -0.60236    -2.52226    5.41816e-06    0.225184
1.36031    -1.12639    0.000726639    -0.601736    -2.51955    5.65918e-06    0.226516
1.36414    -1.12643    0.000747676    -0.601099    -2.51679    5.79779e-06    0.227856
1.36802    -1.12646    0.000755715    -0.600455    -2.51398    5.83468e-06    0.229192
1.37192    -1.12649    0.000751114    -0.599809    -2.51118    5.77414e-06    0.230512
1.37581    -1.12651    0.00073463    -0.599167    -2.50838    5.62341e-06    0.231805
1.37966    -1.12653    0.000707358    -0.598533    -2.50563    5.39212e-06    0.233061
1.38343    -1.12654    0.000670651    -0.597914    -2.50293    5.09167e-06    0.234272
1.3871    -1.12654    0.000626058    -0.597312    -2.50032    4.73463e-06    0.235432
1.39066    -1.12654    0.000575247    -0.596732    -2.49779    4.33419e-06    0.236535
1.39406    -1.12654    0.000519941    -0.596177    -2.49538    3.9037e-06    0.237575
1.39729    -1.12653    0.000461862    -0.595651    -2.49309    3.45618e-06    0.238548
1.40034    -1.12652    0.000402672    -0.595156    -2.49094    3.00399e-06    0.239453
1.40319    -1.1265    0.000343934    -0.594695    -2.48893    2.55853e-06    0.240285
1.40582    -1.12648    0.000287071    -0.594269    -2.48708    2.13003e-06    0.241044
1.40823    -1.12647    0.000233339    -0.593881    -2.4854    1.72735e-06    0.241728
1.41039    -1.12645    0.000183805    -0.593532    -2.48388    1.3579e-06    0.242338
1.41232    -1.12643    0.000139337    -0.593223    -2.48253    1.02757e-06    0.242872
1.41399    -1.12642    0.000100592    -0.592954    -2.48136    7.40752e-07    0.243332
1.41542    -1.1264    6.8023e-05    -0.592725    -2.48037    5.00322e-07    0.243718
1.41659    -1.12639    4.18779e-05    -0.592537    -2.47955    3.07744e-07    0.244031
1.41751    -1.12638    2.22137e-05    -0.59239    -2.47891    1.63142e-07    0.244273
1.41817    -1.12637    8.9094e-06    -0.592283    -2.47845    6.54156e-08    0.244445
1.4186    -1.12637    1.68359e-06    -0.592215    -2.47815    1.2368e-08    0.244548
1.41878    -1.12637    1.14587e-07    -0.592186    -2.47802    8.46625e-10    0.244586
1.41873    -1.12637    3.66211e-06    -0.592193    -2.47806    2.68926e-08    0.24456
1.41846    -1.12637    1.16903e-05    -0.592237    -2.47825    8.58953e-08    0.244472
1.41798    -1.12638    2.34912e-05    -0.592315    -2.47858    1.72749e-07    0.244325
1.41729    -1.12638    3.83083e-05    -0.592425    -2.47906    2.82008e-07    0.244122
1.41641    -1.12639    5.536e-05    -0.592566    -2.47967    4.08041e-07    0.243867
1.41536    -1.1264    7.38609e-05    -0.592735    -2.48041    5.45179e-07    0.24356
1.41414    -1.12642    9.30433e-05    -0.592931    -2.48126    6.87852e-07    0.243208
1.41277    -1.12643    0.000112176    -0.593151    -2.48222    8.30725e-07    0.242811
1.41126    -1.12644    0.000130581    -0.593393    -2.48327    9.68813e-07    0.242375
1.40964    -1.12646    0.000147649    -0.593654    -2.4844    1.09759e-06    0.241903
1.40792    -1.12647    0.00016285    -0.593932    -2.48561    1.21307e-06    0.241398
1.40611    -1.12648    0.000175745    -0.594224    -2.48688    1.31189e-06    0.240866
1.40423    -1.12649    0.00018599    -0.594528    -2.4882    1.39139e-06    0.24031
1.40229    -1.12651    0.000193343    -0.594842    -2.48957    1.44959e-06    0.239734
1.40032    -1.12652    0.000197662    -0.595161    -2.49096    1.48527e-06    0.239143
1.39832    -1.12652    0.000198904    -0.595485    -2.49236    1.49793e-06    0.238542
1.39632    -1.12653    0.000197123    -0.595811    -2.49378    1.4878e-06    0.237935
1.39433    -1.12654    0.00019246    -0.596135    -2.49519    1.45578e-06    0.237326
1.39236    -1.12654    0.000185137    -0.596456    -2.49658    1.40337e-06    0.236721
1.39043    -1.12654    0.000175442    -0.596771    -2.49795    1.33264e-06    0.236123
1.38855    -1.12654    0.000163721    -0.597078    -2.49928    1.2461e-06    0.235537
1.38673    -1.12654    0.000150364    -0.597375    -2.50057    1.14662e-06    0.234968
1.38499    -1.12654    0.000135789    -0.59766    -2.50181    1.03735e-06    0.23442
1.38334    -1.12654    0.000120429    -0.597931    -2.50299    9.2157e-07    0.233896
1.38178    -1.12654    0.000104716    -0.598187    -2.5041    8.02594e-07    0.2334
1.38033    -1.12653    8.90712e-05    -0.598426    -2.50514    6.83677e-07    0.232936
1.37899    -1.12653    7.38904e-05    -0.598646    -2.5061    5.67902e-07    0.232507
1.37777    -1.12652    5.95327e-05    -0.598847    -2.50697    4.58091e-07    0.232115
1.37668    -1.12652    4.63123e-05    -0.599027    -2.50776    3.56731e-07    0.231763
1.37571    -1.12651    3.44904e-05    -0.599187    -2.50845    2.65906e-07    0.231452
1.37488    -1.12651    2.42707e-05    -0.599324    -2.50905    1.87255e-07    0.231184
1.37418    -1.12651    1.57956e-05    -0.599439    -2.50955    1.2194e-07    0.23096
1.37362    -1.1265    9.1459e-06    -0.599533    -2.50995    7.06379e-08    0.230781
1.37319    -1.1265    4.34167e-06    -0.599603    -2.51026    3.35445e-08    0.230646
1.37289    -1.1265    1.34556e-06    -0.599652    -2.51047    1.03999e-08    0.230556
1.37273    -1.1265    6.76284e-08    -0.599679    -2.51059    5.25141e-10    0.23051
1.37269    -1.1265    3.71676e-07    -0.599685    -2.51062    2.87197e-09    0.230506
1.37278    -1.1265    2.08269e-06    -0.599671    -2.51056    1.60829e-08    0.230543
1.37298    -1.1265    4.99513e-06    -0.599637    -2.51041    3.85575e-08    0.230619
1.3733    -1.1265    8.88166e-06    -0.599584    -2.51018    6.85231e-08    0.230733
1.37372    -1.1265    1.3502e-05    -0.599515    -2.50988    1.04106e-07    0.230881
1.37424    -1.12651    1.86116e-05    -0.599428    -2.5095    1.43401e-07    0.231061
1.37485    -1.12651    2.39697e-05    -0.599327    -2.50907    1.84538e-07    0.231271
1.37555    -1.12651    2.93471e-05    -0.599212    -2.50857    2.25739e-07    0.231506
1.37632    -1.12652    3.45322e-05    -0.599086    -2.50802    2.65371e-07    0.231765
1.37715    -1.12652    3.93368e-05    -0.598948    -2.50742    3.01989e-07    0.232044
1.37804    -1.12652    4.36002e-05    -0.598801    -2.50678    3.34365e-07    0.23234
1.37898    -1.12653    4.71921e-05    -0.598647    -2.50611    3.61514e-07    0.232649
1.37995    -1.12653    5.00144e-05    -0.598487    -2.50541    3.82704e-07    0.232969
1.38096    -1.12653    5.2002e-05    -0.598322    -2.5047    3.97458e-07    0.233297
1.38198    -1.12654    5.31217e-05    -0.598154    -2.50397    4.05549e-07    0.233629
1.38301    -1.12654    5.33715e-05    -0.597984    -2.50323    4.06987e-07    0.233962
1.38405    -1.12654    5.27774e-05    -0.597814    -2.50249    4.01997e-07    0.234294
1.38508    -1.12654    5.13906e-05    -0.597645    -2.50175    3.90995e-07    0.234623
1.3861    -1.12654    4.92842e-05    -0.597478    -2.50103    3.74557e-07    0.234945
1.3871    -1.12654    4.65486e-05    -0.597315    -2.50032    3.53391e-07    0.235258
1.38806    -1.12654    4.32878e-05    -0.597157    -2.49963    3.283e-07    0.235562
1.389    -1.12654    3.96148e-05    -0.597004    -2.49897    3.00151e-07    0.235852
1.38989    -1.12654    3.56474e-05    -0.596858    -2.49833    2.69842e-07    0.236129
1.39074    -1.12654    3.15046e-05    -0.59672    -2.49773    2.38276e-07    0.23639
1.39153    -1.12654    2.73022e-05    -0.59659    -2.49717    2.06328e-07    0.236634
1.39228    -1.12654    2.31501e-05    -0.596469    -2.49664    1.74822e-07    0.23686
1.39296    -1.12654    1.91493e-05    -0.596358    -2.49616    1.44513e-07    0.237067
1.39358    -1.12654    1.53892e-05    -0.596256    -2.49572    1.16068e-07    0.237255
1.39414    -1.12654    1.19462e-05    -0.596166    -2.49532    9.0055e-08    0.237422
1.39463    -1.12654    8.88244e-06    -0.596086    -2.49498    6.69299e-08    0.237568
1.39505    -1.12654    6.2445e-06    -0.596017    -2.49468    4.70361e-08    0.237693
1.3954    -1.12653    4.0637e-06    -0.595959    -2.49443    3.06011e-08    0.237797
1.39569    -1.12653    2.35607e-06    -0.595913    -2.49422    1.77388e-08    0.23788
1.39591    -1.12653    1.12299e-06    -0.595877    -2.49407    8.45438e-09    0.237942
1.39606    -1.12653    3.52286e-07    -0.595853    -2.49396    2.6526e-09    0.237984
1.39614    -1.12653    1.94898e-08    -0.595839    -2.4939    1.47348e-10    0.238006
1.39616    -1.12653    8.94624e-08    -0.595836    -2.49389    6.73621e-10    0.238008
1.39612    -1.12653    5.18161e-07    -0.595843    -2.49392    3.90061e-09    0.237991
1.39602    -1.12653    1.25455e-06    -0.59586    -2.49399    9.44571e-09    0.237956
1.39586    -1.12653    2.24255e-06    -0.595886    -2.4941    1.6889e-08    0.237905
1.39565    -1.12653    3.42305e-06    -0.59592    -2.49426    2.57878e-08    0.237837
1.39538    -1.12653    4.73581e-06    -0.595963    -2.49444    3.56906e-08    0.237753
1.39508    -1.12654    6.12126e-06    -0.596013    -2.49466    4.61507e-08    0.237656
1.39472    -1.12654    7.52223e-06    -0.59607    -2.49491    5.67388e-08    0.237546
1.39433    -1.12654    8.8854e-06    -0.596134    -2.49518    6.70535e-08    0.237425
1.39391    -1.12654    1.01626e-05    -0.596203    -2.49548    7.67317e-08    0.237293
1.39346    -1.12654    1.13119e-05    -0.596276    -2.4958    8.54559e-08    0.237152
1.39298    -1.12654    1.22984e-05    -0.596354    -2.49614    9.29607e-08    0.237003
1.39248    -1.12654    1.30947e-05    -0.596435    -2.49649    9.90367e-08    0.236849
1.39197    -1.12654    1.36812e-05    -0.596519    -2.49686    1.03534e-07    0.236689
1.39145    -1.12654    1.40463e-05    -0.596605    -2.49723    1.0636e-07    0.236525
1.39091    -1.12654    1.41861e-05    -0.596691    -2.49761    1.07482e-07    0.23636
1.39038    -1.12654    1.41038e-05    -0.596779    -2.49799    1.06922e-07    0.236193
1.38985    -1.12654    1.38096e-05    -0.596866    -2.49836    1.04753e-07    0.236027
1.38932    -1.12654    1.33194e-05    -0.596952    -2.49874    1.01093e-07    0.235862
1.3888    -1.12654    1.26544e-05    -0.597037    -2.49911    9.60993e-08    0.2357
1.3883    -1.12654    1.18397e-05    -0.597119    -2.49947    8.99607e-08    0.235543
1.38781    -1.12654    1.09035e-05    -0.597199    -2.49981    8.28901e-08    0.23539
1.38734    -1.12654    9.87609e-06    -0.597276    -2.50015    7.51163e-08    0.235244
1.38689    -1.12654    8.78859e-06    -0.597349    -2.50046    6.68757e-08    0.235104
1.38647    -1.12654    7.67211e-06    -0.597417    -2.50076    5.8405e-08    0.234972
1.38608    -1.12654    6.55672e-06    -0.597482    -2.50104    4.99338e-08    0.23485
1.38572    -1.12654    5.47062e-06    -0.597541    -2.5013    4.16775e-08    0.234736
1.38539    -1.12654    4.4394e-06    -0.597596    -2.50154    3.38322e-08    0.234633
1.38509    -1.12654    3.48542e-06    -0.597645    -2.50175    2.65697e-08    0.234539
1.38482    -1.12654    2.62733e-06    -0.597688    -2.50194    2.00334e-08    0.234457
1.38459    -1.12654    1.87976e-06    -0.597726    -2.5021    1.43362e-08    0.234386
1.3844    -1.12654    1.25312e-06    -0.597758    -2.50224    9.55879e-09    0.234326
1.38424    -1.12654    7.53566e-07    -0.597784    -2.50235    5.74909e-09    0.234278
1.38411    -1.12654    3.83114e-07    -0.597804    -2.50244    2.92326e-09    0.234241
1.38403    -1.12654    1.39828e-07    -0.597818    -2.50251    1.06714e-09    0.234215
1.38397    -1.12654    1.81644e-08    -0.597827    -2.50254    1.38801e-10    0.2342
1.38395    -1.12654    9.38131e-09    -0.59783    -2.50256    7.16675e-11    0.234196
1.38397    -1.12654    1.02028e-07    -0.597828    -2.50255    7.78326e-10    0.234202
1.38401    -1.12654    2.8248e-07    -0.59782    -2.50251    2.15465e-09    0.234219
1.38409    -1.12654    5.3551e-07    -0.597808    -2.50246    4.08417e-09    0.234245
1.38419    -1.12654    8.44866e-07    -0.597791    -2.50239    6.44257e-09    0.23428
1.38432    -1.12654    1.19384e-06    -0.59777    -2.50229    9.10207e-09    0.234323
1.38448    -1.12654    1.5658e-06    -0.597744    -2.50218    1.19356e-08    0.234374
1.38466    -1.12654    1.94472e-06    -0.597715    -2.50206    1.48207e-08    0.234432
1.38485    -1.12654    2.31561e-06    -0.597683    -2.50192    1.7643e-08    0.234497
1.38507    -1.12654    2.6649e-06    -0.597647    -2.50176    2.02989e-08    0.234567
1.3853    -1.12654    2.98073e-06    -0.597609    -2.5016    2.26985e-08    0.234642
1.38555    -1.12654    3.25325e-06    -0.597569    -2.50142    2.47667e-08    0.23472
1.3858    -1.12654    3.47471e-06    -0.597527    -2.50124    2.64448e-08    0.234802
1.38607    -1.12654    3.63957e-06    -0.597484    -2.50105    2.76912e-08    0.234887
1.38634    -1.12654    3.74451e-06    -0.597439    -2.50086    2.84809e-08    0.234973
1.38661    -1.12654    3.78836e-06    -0.597394    -2.50066    2.88057e-08    0.23506
1.38689    -1.12654    3.77199e-06    -0.597349    -2.50047    2.86724e-08    0.235148
1.38716    -1.12654    3.69809e-06    -0.597304    -2.50027    2.81023e-08    0.235235
1.38744    -1.12654    3.57102e-06    -0.597259    -2.50008    2.71286e-08    0.235321
1.38771    -1.12654    3.39649e-06    -0.597216    -2.49989    2.57954e-08    0.235405
1.38797    -1.12654    3.18132e-06    -0.597173    -2.4997    2.41546e-08    0.235487
1.38822    -1.12654    2.93314e-06    -0.597131    -2.49952    2.22644e-08    0.235566
1.38846    -1.12654    2.66011e-06    -0.597092    -2.49935    2.01869e-08    0.235641
1.38869    -1.12654    2.3706e-06    -0.597054    -2.49918    1.79856e-08    0.235713
1.38891    -1.12654    2.07296e-06    -0.597018    -2.49903    1.5724e-08    0.235781
1.38912    -1.12654    1.77521e-06    -0.596985    -2.49888    1.34628e-08    0.235844
1.38931    -1.12654    1.48489e-06    -0.596954    -2.49875    1.1259e-08    0.235902
1.38948    -1.12654    1.20881e-06    -0.596926    -2.49863    9.16415e-09    0.235956
1.38963    -1.12654    9.52915e-07    -0.5969    -2.49852    7.22318e-09    0.236003
1.38977    -1.12654    7.22178e-07    -0.596878    -2.49842    5.47352e-09    0.236045
1.38989    -1.12654    5.20492e-07    -0.596858    -2.49833    3.94453e-09    0.236082
1.39    -1.12654    3.50649e-07    -0.596841    -2.49826    2.65719e-09    0.236113
1.39008    -1.12654    2.14325e-07    -0.596827    -2.4982    1.62408e-09    0.236138
1.39015    -1.12654    1.12112e-07    -0.596817    -2.49815    8.49545e-10    0.236157
1.39019    -1.12654    4.35702e-08    -0.596809    -2.49812    3.30197e-10    0.236171
1.39022    -1.12654    7.32054e-09    -0.596804    -2.4981    5.55232e-11    0.236179
1.39024    -1.12654    1.14602e-09    -0.596802    -2.49809    8.71154e-12    0.236182
1.39023    -1.12654    2.21185e-08    -0.596803    -2.49809    1.67582e-10    0.236179
1.39021    -1.12654    6.67352e-08    -0.596806    -2.49811    5.05622e-10    0.236172
1.39017    -1.12654    1.31063e-07    -0.596812    -2.49813    9.9307e-10    0.236159
1.39012    -1.12654    2.10886e-07    -0.596821    -2.49817    1.59803e-09    0.236142
1.39006    -1.12654    3.0185e-07    -0.596831    -2.49822    2.28755e-09    0.236121
1.38998    -1.12654    3.99602e-07    -0.596844    -2.49827    3.02868e-09    0.236096
1.38989    -1.12654    4.99919e-07    -0.596859    -2.49833    3.78947e-09    0.236067
1.38979    -1.12654    5.98828e-07    -0.596875    -2.49841    4.5398e-09    0.236035
1.38968    -1.12654    6.92701e-07    -0.596893    -2.49848    5.25219e-09    0.236
1.38956    -1.12654    7.78344e-07    -0.596912    -2.49857    5.90241e-09    0.235963
1.38944    -1.12654    8.53058e-07    -0.596933    -2.49866    6.46996e-09    0.235923
1.3893    -1.12654    9.14689e-07    -0.596954    -2.49875    6.93848e-09    0.235882
1.38917    -1.12654    9.61651e-07    -0.596976    -2.49885    7.29586e-09    0.235839
1.38903    -1.12654    9.92931e-07    -0.596999    -2.49895    7.53439e-09    0.235795
1.38889    -1.12654    1.00809e-06    -0.597022    -2.49905    7.65061e-09    0.235751
1.38875    -1.12654    1.00721e-06    -0.597046    -2.49915    7.64519e-09    0.235706
1.3886    -1.12654    9.90897e-07    -0.597069    -2.49925    7.52256e-09    0.235661
1.38846    -1.12654    9.60182e-07    -0.597092    -2.49935    7.29052e-09    0.235617
1.38832    -1.12654    9.16486e-07    -0.597115    -2.49945    6.9598e-09    0.235574
1.38819    -1.12654    8.61541e-07    -0.597137    -2.49954    6.5435e-09    0.235531
1.38806    -1.12654    7.97315e-07    -0.597159    -2.49964    6.05656e-09    0.23549
1.38793    -1.12654    7.2594e-07    -0.597179    -2.49973    5.51512e-09    0.23545
1.38781    -1.12654    6.49629e-07    -0.597199    -2.49981    4.936e-09    0.235413
1.38769    -1.12654    5.70608e-07    -0.597218    -2.49989    4.33611e-09    0.235377
1.38759    -1.12654    4.91046e-07    -0.597235    -2.49997    3.73192e-09    0.235344
1.38749    -1.12654    4.12989e-07    -0.597252    -2.50004    3.13901e-09    0.235313
1.3874    -1.12654    3.38313e-07    -0.597266    -2.50011    2.57166e-09    0.235285
1.38731    -1.12654    2.6867e-07    -0.59728    -2.50017    2.04244e-09    0.235259
1.38724    -1.12654    2.05459e-07    -0.597292    -2.50022    1.56203e-09    0.235236
1.38717    -1.12654    1.498e-07    -0.597303    -2.50026    1.13895e-09    0.235217
1.38712    -1.12654    1.02515e-07    -0.597311    -2.5003    7.79488e-10    0.2352
1.38707    -1.12654    6.4129e-08    -0.597319    -2.50033    4.87642e-10    0.235186
1.38704    -1.12654    3.4869e-08    -0.597325    -2.50036    2.65165e-10    0.235175
1.38701    -1.12654    1.46812e-08    -0.597329    -2.50038    1.11659e-10    0.235168
1.387    -1.12654    3.25043e-09    -0.597332    -2.50039    2.47336e-11    0.235163
1.38699    -1.12654    2.78922e-11    -0.597333    -2.5004    2.21577e-13    0.235161
1.38699    -1.12654    4.26396e-09    -0.597333    -2.5004    3.24229e-11    0.235162
1.387    -1.12654    1.50447e-08    -0.597332    -2.50039    1.14386e-10    0.235165
1.38701    -1.12654    3.1331e-08    -0.597329    -2.50038    2.38203e-10    0.235171
1.38704    -1.12654    5.19985e-08    -0.597325    -2.50036    3.95322e-10    0.23518
1.38707    -1.12654    7.58777e-08    -0.597319    -2.50034    5.76842e-10    0.23519
1.38711    -1.12654    1.01792e-07    -0.597313    -2.50031    7.73816e-10    0.235203
1.38716    -1.12654    1.28596e-07    -0.597306    -2.50028    9.77519e-10    0.235218
1.38721    -1.12654    1.55202e-07    -0.597297    -2.50024    1.1797e-09    0.235234
1.38726    -1.12654    1.80617e-07    -0.597288    -2.5002    1.37279e-09    0.235252
1.38732    -1.12654    2.03959e-07    -0.597278    -2.50016    1.55009e-09    0.235271
1.38739    -1.12654    2.24479e-07    -0.597268    -2.50011    1.70592e-09    0.235292
1.38745    -1.12654    2.41574e-07    -0.597257    -2.50006    1.8357e-09    0.235313
1.38752    -1.12654    2.54794e-07    -0.597245    -2.50002    1.936e-09    0.235335
1.3876    -1.12654    2.63843e-07    -0.597234    -2.49996    2.0046e-09    0.235358
1.38767    -1.12654    2.68582e-07    -0.597222    -2.49991    2.04044e-09    0.235381
1.38774    -1.12654    2.69015e-07    -0.59721    -2.49986    2.04357e-09    0.235404
1.38782    -1.12654    2.65285e-07    -0.597198    -2.49981    2.01507e-09    0.235427
1.38789    -1.12654    2.57654e-07    -0.597186    -2.49976    1.95695e-09    0.23545
1.38796    -1.12654    2.4649e-07    -0.597174    -2.4997    1.87202e-09    0.235473
1.38803    -1.12654    2.32247e-07    -0.597162    -2.49965    1.76372e-09    0.235495
1.3881    -1.12654    2.15446e-07    -0.597151    -2.49961    1.63602e-09    0.235517
1.38817    -1.12654    1.96651e-07    -0.59714    -2.49956    1.4932e-09    0.235537
1.38823    -1.12654    1.76453e-07    -0.59713    -2.49951    1.33975e-09    0.235557
1.38829    -1.12654    1.55448e-07    -0.59712    -2.49947    1.18019e-09    0.235575
1.38834    -1.12654    1.34216e-07    -0.597111    -2.49943    1.01894e-09    0.235593
1.3884    -1.12654    1.1331e-07    -0.597103    -2.4994    8.60185e-10    0.235609
1.38844    -1.12654    9.32346e-08    -0.597095    -2.49936    7.07757e-10    0.235623
1.38849    -1.12654    7.44403e-08    -0.597088    -2.49933    5.65067e-10    0.235637
1.38853    -1.12654    5.73087e-08    -0.597081    -2.4993    4.3501e-10    0.235649
1.38856    -1.12654    4.21481e-08    -0.597076    -2.49928    3.19925e-10    0.235659
1.38859    -1.12654    2.91887e-08    -0.597071    -2.49926    2.21554e-10    0.235668
1.38861    -1.12654    1.8581e-08    -0.597067    -2.49924    1.41038e-10    0.235675
1.38863    -1.12654    1.03968e-08    -0.597064    -2.49923    7.89181e-11    0.235681
1.38865    -1.12654    4.63257e-09    -0.597062    -2.49922    3.51669e-11    0.235685
1.38866    -1.12654    1.2147e-09    -0.59706    -2.49921    9.22426e-12    0.235688
1.38866    -1.12654    6.57792e-12    -0.597059    -2.49921    5.28131e-14    0.235689
1.38866    -1.12654    8.17076e-10    -0.597059    -2.49921    6.20201e-12    0.235689
1.38866    -1.12654    3.41008e-09    -0.59706    -2.49921    2.58802e-11    0.235687
1.38865    -1.12654    7.51471e-09    -0.597061    -2.49921    5.70322e-11    0.235685
1.38864    -1.12654    1.28358e-08    -0.597063    -2.49922    9.74191e-11    0.23568
1.38862    -1.12654    1.90647e-08    -0.597066    -2.49924    1.44698e-10    0.235675
1.3886    -1.12654    2.58889e-08    -0.597069    -2.49925    1.96499e-10    0.235669
1.38858    -1.12654    3.30025e-08    -0.597073    -2.49927    2.505e-10    0.235661
1.38855    -1.12654    4.0114e-08    -0.597077    -2.49928    3.0449e-10    0.235653
1.38852    -1.12654    4.69547e-08    -0.597082    -2.4993    3.5643e-10    0.235644
1.38849    -1.12654    5.3285e-08    -0.597087    -2.49933    4.04498e-10    0.235634
1.38846    -1.12654    5.88992e-08    -0.597092    -2.49935    4.47136e-10    0.235624
1.38843    -1.12654    6.36297e-08    -0.597098    -2.49937    4.83068e-10    0.235613
1.38839    -1.12654    6.7349e-08    -0.597104    -2.4994    5.11327e-10    0.235602
1.38835    -1.12654    6.9971e-08    -0.59711    -2.49942    5.31258e-10    0.23559
1.38832    -1.12654    7.14504e-08    -0.597116    -2.49945    5.42514e-10    0.235578
1.38828    -1.12654    7.1781e-08    -0.597122    -2.49948    5.45049e-10    0.235566
1.38824    -1.12654    7.09937e-08    -0.597128    -2.49951    5.39094e-10    0.235554
1.3882    -1.12654    6.91521e-08    -0.597134    -2.49953    5.25132e-10    0.235542
1.38817    -1.12654    6.63488e-08    -0.59714    -2.49956    5.03866e-10    0.235531
1.38813    -1.12654    6.27005e-08    -0.597146    -2.49958    4.7618e-10    0.235519
1.38809    -1.12654    5.83424e-08    -0.597152    -2.49961    4.431e-10    0.235508
1.38806    -1.12654    5.34229e-08    -0.597158    -2.49963    4.05753e-10    0.235497
1.38803    -1.12654    4.80983e-08    -0.597163    -2.49966    3.65325e-10    0.235487
1.388    -1.12654    4.25274e-08    -0.597168    -2.49968    3.23023e-10    0.235477
1.38797    -1.12654    3.68662e-08    -0.597173    -2.4997    2.80032e-10    0.235468
1.38794    -1.12654    3.12637e-08    -0.597177    -2.49972    2.37483e-10    0.23546
1.38791    -1.12654    2.58576e-08    -0.597182    -2.49974    1.96423e-10    0.235452
1.38789    -1.12654    2.07711e-08    -0.597185    -2.49975    1.57789e-10    0.235445
1.38787    -1.12654    1.61099e-08    -0.597189    -2.49977    1.22383e-10    0.235439
1.38785    -1.12654    1.19603e-08    -0.597192    -2.49978    9.08615e-11    0.235433
1.38784    -1.12654    8.38793e-09    -0.597194    -2.49979    6.37244e-11    0.235429
1.38782    -1.12654    5.43726e-09    -0.597196    -2.4998    4.1309e-11    0.235425
1.38781    -1.12654    3.13152e-09    -0.597198    -2.49981    2.37924e-11    0.235421
1.38781    -1.12654    1.47358e-09    -0.597199    -2.49982    1.11967e-11    0.235419
1.3878    -1.12654    4.4724e-10    -0.5972    -2.49982    3.39914e-12    0.235418
1.3878    -1.12654    1.90425e-11    -0.597201    -2.49982    1.45549e-13    0.235417
1.3878    -1.12654    1.40472e-10    -0.597201    -2.49982    1.06744e-12    0.235417
1.3878    -1.12654    7.50458e-10    -0.5972    -2.49982    5.70084e-12    0.235417
1.3878    -1.12654    1.77809e-09    -0.5972    -2.49982    1.3507e-11    0.235419
1.38781    -1.12654    3.14543e-09    -0.597199    -2.49981    2.38937e-11    0.235421
1.38782    -1.12654    4.77036e-09    -0.597198    -2.49981    3.62371e-11    0.235423
1.38783    -1.12654    6.56935e-09    -0.597196    -2.4998    4.99024e-11    0.235427
1.38784    -1.12654    8.46004e-09    -0.597194    -2.49979    6.42638e-11    0.23543
1.38785    -1.12654    1.03637e-08    -0.597192    -2.49978    7.87232e-11    0.235435
1.38786    -1.12654    1.22072e-08    -0.59719    -2.49977    9.27252e-11    0.235439
1.38788    -1.12654    1.3925e-08    -0.597187    -2.49976    1.05772e-10    0.235444
1.3879    -1.12654    1.54604e-08    -0.597184    -2.49975    1.17433e-10    0.23545
1.38791    -1.12654    1.6767e-08    -0.597181    -2.49974    1.27355e-10    0.235455
1.38793    -1.12654    1.78086e-08    -0.597178    -2.49972    1.35264e-10    0.235461
1.38795    -1.12654    1.85604e-08    -0.597175    -2.49971    1.40971e-10    0.235467
1.38797    -1.12654    1.90084e-08    -0.597172    -2.4997    1.44372e-10    0.235473
1.38799    -1.12654    1.91494e-08    -0.597169    -2.49968    1.45439e-10    0.235479
1.38801    -1.12654    1.89898e-08    -0.597166    -2.49967    1.44225e-10    0.235485
1.38803    -1.12654    1.85454e-08    -0.597163    -2.49966    1.40847e-10    0.235492
1.38805    -1.12654    1.78397e-08    -0.597159    -2.49964    1.35485e-10    0.235498
1.38807    -1.12654    1.69028e-08    -0.597156    -2.49963    1.28367e-10    0.235504
1.38809    -1.12654    1.57701e-08    -0.597153    -2.49961    1.19763e-10    0.235509
1.3881    -1.12654    1.44808e-08    -0.59715    -2.4996    1.0997e-10    0.235515
1.38812    -1.12654    1.30763e-08    -0.597148    -2.49959    9.93019e-11    0.23552
1.38814    -1.12654    1.15989e-08    -0.597145    -2.49958    8.80813e-11    0.235525
1.38815    -1.12654    1.00905e-08    -0.597142    -2.49957    7.66256e-11    0.23553
1.38817    -1.12654    8.59119e-09    -0.59714    -2.49956    6.52395e-11    0.235534
1.38818    -1.12654    7.1383e-09    -0.597138    -2.49955    5.42061e-11    0.235539
1.38819    -1.12654    5.76533e-09    -0.597136    -2.49954    4.37799e-11    0.235542
1.3882    -1.12654    4.50128e-09    -0.597134    -2.49953    3.41811e-11    0.235546
1.38821    -1.12654    3.37007e-09    -0.597133    -2.49953    2.55911e-11    0.235548
1.38822    -1.12654    2.39013e-09    -0.597131    -2.49952    1.81499e-11    0.235551
1.38823    -1.12654    1.57424e-09    -0.59713    -2.49951    1.19544e-11    0.235553
1.38823    -1.12654    9.29554e-10    -0.597129    -2.49951    7.05901e-12    0.235555
1.38824    -1.12654    4.57729e-10    -0.597129    -2.49951    3.47619e-12    0.235556
1.38824    -1.12654    1.55292e-10    -0.597128    -2.49951    1.17958e-12    0.235557
1.38824    -1.12654    1.40841e-11    -0.597128    -2.4995    1.07206e-13    0.235557
1.38824    -1.12654    2.18314e-11    -0.597128    -2.4995    1.65874e-13    0.235557
1.38824    -1.12654    1.62801e-10    -0.597128    -2.4995    1.23613e-12    0.235557
1.38824    -1.12654    4.18514e-10    -0.597128    -2.49951    3.17767e-12    0.235557
1.38824    -1.12654    7.68494e-10    -0.597129    -2.49951    5.83504e-12    0.235556
1.38823    -1.12654    1.19102e-09    -0.597129    -2.49951    9.04329e-12    0.235554
1.38823    -1.12654    1.66385e-09    -0.59713    -2.49951    1.26337e-11    0.235553
1.38822    -1.12654    2.16498e-09    -0.597131    -2.49952    1.64389e-11    0.235551
1.38822    -1.12654    2.6732e-09    -0.597132    -2.49952    2.02982e-11    0.235549
1.38821    -1.12654    3.16876e-09    -0.597133    -2.49953    2.40614e-11    0.235546
1.3882    -1.12654    3.6338e-09    -0.597135    -2.49953    2.75929e-11    0.235544
1.38819    -1.12654    4.05279e-09    -0.597136    -2.49954    3.07749e-11    0.235541
1.38818    -1.12654    4.41282e-09    -0.597137    -2.49955    3.35092e-11    0.235538
1.38817    -1.12654    4.70378e-09    -0.597139    -2.49955    3.57192e-11    0.235535
1.38816    -1.12654    4.9185e-09    -0.597141    -2.49956    3.73502e-11    0.235532
1.38815    -1.12654    5.05274e-09    -0.597142    -2.49957    3.83701e-11    0.235529
1.38814    -1.12654    5.10511e-09    -0.597144    -2.49957    3.87683e-11    0.235526
1.38813    -1.12654    5.07688e-09    -0.597145    -2.49958    3.85544e-11    0.235523
1.38812    -1.12654    4.9718e-09    -0.597147    -2.49959    3.77569e-11    0.235519
1.38811    -1.12654    4.79578e-09    -0.597149    -2.4996    3.64207e-11    0.235516
1.3881    -1.12654    4.55655e-09    -0.59715    -2.4996    3.46044e-11    0.235513
1.3881    -1.12654    4.26332e-09    -0.597152    -2.49961    3.23778e-11    0.23551
1.38809    -1.12654    3.92636e-09    -0.597153    -2.49962    2.98191e-11    0.235507
1.38808    -1.12654    3.55663e-09    -0.597155    -2.49962    2.70115e-11    0.235504
1.38807    -1.12654    3.16541e-09    -0.597156    -2.49963    2.40406e-11    0.235502
1.38806    -1.12654    2.76389e-09    -0.597158    -2.49963    2.09914e-11    0.235499
1.38805    -1.12654    2.36289e-09    -0.597159    -2.49964    1.7946e-11    0.235497
1.38805    -1.12654    1.97251e-09    -0.59716    -2.49964    1.49813e-11    0.235495
1.38804    -1.12654    1.60189e-09    -0.597161    -2.49965    1.21666e-11    0.235493
1.38803    -1.12654    1.25901e-09    -0.597162    -2.49965    9.56245e-12    0.235491
1.38803    -1.12654    9.50494e-10    -0.597163    -2.49966    7.2193e-12    0.23549
1.38802    -1.12654    6.81538e-10    -0.597163    -2.49966    5.17657e-12    0.235488
1.38802    -1.12654    4.5583e-10    -0.597164    -2.49966    3.4623e-12    0.235487
1.38802    -1.12654    2.7555e-10    -0.597165    -2.49966    2.09303e-12    0.235486
1.38802    -1.12654    1.41405e-10    -0.597165    -2.49967    1.07414e-12    0.235486
1.38801    -1.12654    5.2708e-11    -0.597165    -2.49967    4.00444e-13    0.235485
1.38801    -1.12654    7.50071e-12    -0.597165    -2.49967    5.70468e-14    0.235485
1.38801    -1.12654    2.69454e-12    -0.597165    -2.49967    2.05006e-14    0.235485
1.38801    -1.12654    3.42449e-11    -0.597165    -2.49967    2.60087e-13    0.235485
1.38801    -1.12654    9.73388e-11    -0.597165    -2.49967    7.39251e-13    0.235485
1.38802    -1.12654    1.86593e-10    -0.597165    -2.49967    1.4171e-12    0.235486
1.38802    -1.12654    2.96256e-10    -0.597165    -2.49966    2.24996e-12    0.235486
1.38802    -1.12654    4.20405e-10    -0.597164    -2.49966    3.19284e-12    0.235487
1.38802    -1.12654    5.53139e-10    -0.597164    -2.49966    4.20093e-12    0.235488
1.38803    -1.12654    6.88753e-10    -0.597163    -2.49966    5.23088e-12    0.235489
1.38803    -1.12654    8.21895e-10    -0.597163    -2.49966    6.24204e-12    0.23549
1.38803    -1.12654    9.47701e-10    -0.597162    -2.49965    7.19749e-12    0.235492
1.38804    -1.12654    1.06191e-09    -0.597161    -2.49965    8.06485e-12    0.235493
1.38804    -1.12654    1.16095e-09    -0.597161    -2.49965    8.81698e-12    0.235494
1.38805    -1.12654    1.24198e-09    -0.59716    -2.49964    9.43238e-12    0.235496
1.38805    -1.12654    1.30296e-09    -0.597159    -2.49964    9.89546e-12    0.235498
1.38806    -1.12654    1.34262e-09    -0.597158    -2.49964    1.01966e-11    0.235499
1.38806    -1.12654    1.36044e-09    -0.597157    -2.49963    1.03319e-11    0.235501
1.38807    -1.12654    1.35667e-09    -0.597156    -2.49963    1.03032e-11    0.235503
1.38807    -1.12654    1.33217e-09    -0.597156    -2.49962    1.01171e-11    0.235504
1.38808    -1.12654    1.28844e-09    -0.597155    -2.49962    9.78497e-12    0.235506
1.38808    -1.12654    1.22745e-09    -0.597154    -2.49962    9.32178e-12    0.235507
1.38809    -1.12654    1.1516e-09    -0.597153    -2.49961    8.74576e-12    0.235509
1.38809    -1.12654    1.0636e-09    -0.597152    -2.49961    8.07739e-12    0.23551
1.3881    -1.12654    9.66332e-10    -0.597151    -2.49961    7.33868e-12    0.235512
1.3881    -1.12654    8.62801e-10    -0.597151    -2.4996    6.55242e-12    0.235513
1.38811    -1.12654    7.56006e-10    -0.59715    -2.4996    5.74137e-12    0.235515
1.38811    -1.12654    6.48851e-10    -0.597149    -2.4996    4.9276e-12    0.235516
1.38811    -1.12654    5.44071e-10    -0.597149    -2.4996    4.13187e-12    0.235517
1.38812    -1.12654    4.44152e-10    -0.597148    -2.49959    3.37305e-12    0.235518
1.38812    -1.12654    3.51278e-10    -0.597148    -2.49959    2.66774e-12    0.235519
1.38812    -1.12654    2.67282e-10    -0.597147    -2.49959    2.02986e-12    0.23552
1.38813    -1.12654    1.93619e-10    -0.597147    -2.49959    1.47044e-12    0.23552
1.38813    -1.12654    1.31342e-10    -0.597147    -2.49959    9.9749e-13    0.235521
1.38813    -1.12654    8.11027e-11    -0.597146    -2.49959    6.15958e-13    0.235521
1.38813    -1.12654    4.31576e-11    -0.597146    -2.49958    3.27788e-13    0.235522
1.38813    -1.12654    1.73875e-11    -0.597146    -2.49958    1.32077e-13    0.235522
1.38813    -1.12654    3.32732e-12    -0.597146    -2.49958    2.52909e-14    0.235522
1.38813    -1.12654    2.03924e-13    -0.597146    -2.49958    1.56005e-15    0.235522
1.38813    -1.12654    6.98081e-12    -0.597146    -2.49958    5.30133e-14    0.235522
1.38813    -1.12654    2.24076e-11    -0.597146    -2.49958    1.70155e-13    0.235522
1.38813    -1.12654    4.50724e-11    -0.597146    -2.49958    3.42265e-13    0.235522
1.38813    -1.12654    7.34556e-11    -0.597146    -2.49958    5.57803e-13    0.235522
1.38813    -1.12654    1.05983e-10    -0.597146    -2.49959    8.04816e-13    0.235521
1.38813    -1.12654    1.41078e-10    -0.597147    -2.49959    1.07132e-12    0.235521
1.38813    -1.12654    1.77205e-10    -0.597147    -2.49959    1.34568e-12    0.23552
1.38812    -1.12654    2.1292e-10    -0.597147    -2.49959    1.61691e-12    0.23552
1.38812    -1.12654    2.46901e-10    -0.597148    -2.49959    1.87497e-12    0.235519
1.38812    -1.12654    2.7798e-10    -0.597148    -2.49959    2.11099e-12    0.235518
1.38812    -1.12654    3.0517e-10    -0.597148    -2.49959    2.31749e-12    0.235517
1.38811    -1.12654    3.27682e-10    -0.597149    -2.4996    2.48846e-12    0.235517
1.38811    -1.12654    3.44929e-10    -0.597149    -2.4996    2.61945e-12    0.235516
1.38811    -1.12654    3.56537e-10    -0.59715    -2.4996    2.70762e-12    0.235515
1.38811    -1.12654    3.62335e-10    -0.59715    -2.4996    2.75166e-12    0.235514
1.3881    -1.12654    3.62348e-10    -0.597151    -2.4996    2.75177e-12    0.235513
1.3881    -1.12654    3.56782e-10    -0.597151    -2.4996    2.70952e-12    0.235512
1.3881    -1.12654    3.46006e-10    -0.597151    -2.49961    2.6277e-12    0.235512
1.3881    -1.12654    3.30527e-10    -0.597152    -2.49961    2.51015e-12    0.235511
1.38809    -1.12654    3.10963e-10    -0.597152    -2.49961    2.3616e-12    0.23551
1.38809    -1.12654    2.88024e-10    -0.597153    -2.49961    2.18739e-12    0.235509
1.38809    -1.12654    2.62473e-10    -0.597153    -2.49961    1.99336e-12    0.235508
1.38809    -1.12654    2.35107e-10    -0.597153    -2.49962    1.78554e-12    0.235508
1.38808    -1.12654    2.06729e-10    -0.597154    -2.49962    1.57002e-12    0.235507
1.38808    -1.12654    1.78118e-10    -0.597154    -2.49962    1.35274e-12    0.235506
1.38808    -1.12654    1.50013e-10    -0.597154    -2.49962    1.1393e-12    0.235506
1.38808    -1.12654    1.23091e-10    -0.597155    -2.49962    9.34845e-13    0.235505
1.38808    -1.12654    9.79496e-11    -0.597155    -2.49962    7.43907e-13    0.235505
1.38808    -1.12654    7.50952e-11    -0.597155    -2.49962    5.70337e-13    0.235504
1.38807    -1.12654    5.49341e-11    -0.597155    -2.49962    4.17221e-13    0.235504
1.38807    -1.12654    3.77668e-11    -0.597156    -2.49962    2.86842e-13    0.235504
1.38807    -1.12654    2.37864e-11    -0.597156    -2.49963    1.80664e-13    0.235503
1.38807    -1.12654    1.30799e-11    -0.597156    -2.49963    9.9349e-14    0.235503
1.38807    -1.12654    5.63285e-12    -0.597156    -2.49963    4.27889e-14    0.235503
1.38807    -1.12654    1.33721e-12    -0.597156    -2.49963    1.01622e-14    0.235503
1.38807    -1.12654    6.69923e-16    -0.597156    -2.49963    8.67855e-18    0.235503
1.38807    -1.12654    1.35845e-12    -0.597156    -2.49963    1.03175e-14    0.235503
1.38807    -1.12654    5.08628e-12    -0.597156    -2.49963    3.86261e-14    0.235503
1.38807    -1.12654    1.08143e-11    -0.597156    -2.49963    8.21253e-14    0.235503
1.38807    -1.12654    1.81412e-11    -0.597156    -2.49963    1.37768e-13    0.235503
1.38807    -1.12654    2.66489e-11    -0.597156    -2.49963    2.02379e-13    0.235503
1.38807    -1.12654    3.59158e-11    -0.597156    -2.49963    2.72755e-13    0.235504
1.38807    -1.12654    4.55299e-11    -0.597155    -2.49962    3.45768e-13    0.235504
1.38807    -1.12654    5.51005e-11    -0.597155    -2.49962    4.18452e-13    0.235504
1.38808    -1.12654    6.42687e-11    -0.597155    -2.49962    4.88079e-13    0.235505
1.38808    -1.12654    7.27152e-11    -0.597155    -2.49962    5.52226e-13    0.235505
1.38808    -1.12654    8.0168e-11    -0.597155    -2.49962    6.08826e-13    0.235505
1.38808    -1.12654    8.64066e-11    -0.597155    -2.49962    6.56205e-13    0.235506
1.38808    -1.12654    9.12651e-11    -0.597154    -2.49962    6.93103e-13    0.235506
1.38808    -1.12654    9.46334e-11    -0.597154    -2.49962    7.18684e-13    0.235507
1.38808    -1.12654    9.64564e-11    -0.597154    -2.49962    7.32529e-13    0.235507
1.38808    -1.12654    9.6732e-11    -0.597154    -2.49962    7.34623e-13    0.235508
1.38809    -1.12654    9.55069e-11    -0.597153    -2.49962    7.25319e-13    0.235508
1.38809    -1.12654    9.28719e-11    -0.597153    -2.49961    7.05308e-13    0.235508
1.38809    -1.12654    8.89562e-11    -0.597153    -2.49961    6.75571e-13    0.235509
1.38809    -1.12654    8.39202e-11    -0.597153    -2.49961    6.37326e-13    0.235509
1.38809    -1.12654    7.79489e-11    -0.597153    -2.49961    5.91978e-13    0.23551
1.38809    -1.12654    7.12441e-11    -0.597152    -2.49961    5.4106e-13    0.23551
1.38809    -1.12654    6.40175e-11    -0.597152    -2.49961    4.86178e-13    0.23551
1.38809    -1.12654    5.64828e-11    -0.597152    -2.49961    4.28957e-13    0.235511
1.3881    -1.12654    4.88498e-11    -0.597152    -2.49961    3.70989e-13    0.235511
1.3881    -1.12654    4.13179e-11    -0.597152    -2.49961    3.13789e-13    0.235511
1.3881    -1.12654    3.40707e-11    -0.597151    -2.49961    2.58751e-13    0.235512
1.3881    -1.12654    2.72716e-11    -0.597151    -2.49961    2.07116e-13    0.235512
1.3881    -1.12654    2.10601e-11    -0.597151    -2.49961    1.59944e-13    0.235512
1.3881    -1.12654    1.55496e-11    -0.597151    -2.49961    1.18094e-13    0.235512
1.3881    -1.12654    1.08252e-11    -0.597151    -2.49961    8.22149e-14    0.235513
1.3881    -1.12654    6.94343e-12    -0.597151    -2.4996    5.2735e-14    0.235513
1.3881    -1.12654    3.93252e-12    -0.597151    -2.4996    2.98684e-14    0.235513
1.3881    -1.12654    1.79332e-12    -0.597151    -2.4996    1.36218e-14    0.235513
1.3881    -1.12654    5.0125e-13    -0.597151    -2.4996    3.80858e-15    0.235513
1.3881    -1.12654    8.83699e-15    -0.597151    -2.4996    6.82131e-17    0.235513
1.3881    -1.12654    2.4868e-13    -0.597151    -2.4996    1.88886e-15    0.235513
1.3881    -1.12654    1.13688e-12    -0.597151    -2.4996    8.63339e-15    0.235513
1.3881    -1.12654    2.5767e-12    -0.597151    -2.4996    1.95672e-14    0.235513
1.3881    -1.12654    4.4624e-12    -0.597151    -2.4996    3.38872e-14    0.235513
1.3881    -1.12654    6.68298e-12    -0.597151    -2.4996    5.07506e-14    0.235513
1.3881    -1.12654    9.12595e-12    -0.597151    -2.4996    6.9303e-14    0.235513
1.3881    -1.12654    1.16808e-11    -0.597151    -2.49961    8.8705e-14    0.235512
1.3881    -1.12654    1.42421e-11    -0.597151    -2.49961    1.08156e-13    0.235512
1.3881    -1.12654    1.67125e-11    -0.597151    -2.49961    1.26917e-13    0.235512
1.3881    -1.12654    1.90048e-11    -0.597151    -2.49961    1.44326e-13    0.235512
1.3881    -1.12654    2.10441e-11    -0.597151    -2.49961    1.59813e-13    0.235512
1.3881    -1.12654    2.27691e-11    -0.597152    -2.49961    1.72914e-13    0.235512
1.3881    -1.12654    2.41329e-11    -0.597152    -2.49961    1.83272e-13    0.235511
1.3881    -1.12654    2.51035e-11    -0.597152    -2.49961    1.90644e-13    0.235511
1.3881    -1.12654    2.56637e-11    -0.597152    -2.49961    1.94899e-13    0.235511
1.38809    -1.12654    2.58104e-11    -0.597152    -2.49961    1.96013e-13    0.235511
1.38809    -1.12654    2.55538e-11    -0.597152    -2.49961    1.94065e-13    0.23551
1.38809    -1.12654    2.49162e-11    -0.597152    -2.49961    1.89223e-13    0.23551
1.38809    -1.12654    2.39302e-11    -0.597152    -2.49961    1.81736e-13    0.23551
1.38809    -1.12654    2.26373e-11    -0.597152    -2.49961    1.71917e-13    0.23551
1.38809    -1.12654    2.10858e-11    -0.597153    -2.49961    1.60135e-13    0.23551
1.38809    -1.12654    1.93289e-11    -0.597153    -2.49961    1.46793e-13    0.235509
1.38809    -1.12654    1.74226e-11    -0.597153    -2.49961    1.32316e-13    0.235509
1.38809    -1.12654    1.5424e-11    -0.597153    -2.49961    1.17138e-13    0.235509
1.38809    -1.12654    1.33893e-11    -0.597153    -2.49961    1.01686e-13    0.235509
1.38809    -1.12654    1.13723e-11    -0.597153    -2.49961    8.63683e-14    0.235509
1.38809    -1.12654    9.42291e-12    -0.597153    -2.49961    7.15635e-14    0.235508
1.38809    -1.12654    7.58561e-12    -0.597153    -2.49961    5.76102e-14    0.235508
1.38809    -1.12654    5.89886e-12    -0.597153    -2.49961    4.48003e-14    0.235508
1.38809    -1.12654    4.39416e-12    -0.597153    -2.49962    3.33727e-14    0.235508
1.38809    -1.12654    3.09557e-12    -0.597153    -2.49962    2.35106e-14    0.235508
1.38809    -1.12654    2.01956e-12    -0.597153    -2.49962    1.53386e-14    0.235508
1.38809    -1.12654    1.17496e-12    -0.597153    -2.49962    8.92416e-15    0.235508
1.38809    -1.12654    5.63278e-13    -0.597153    -2.49962    4.27857e-15    0.235508
1.38809    -1.12654    1.79137e-13    -0.597153    -2.49962    1.361e-15    0.235508
1.38809    -1.12654    1.09084e-14    -0.597153    -2.49962    8.31762e-17    0.235508
1.38809    -1.12654    4.15053e-14    -0.597153    -2.49962    3.15329e-16    0.235508
1.38809    -1.12654    2.4927e-13    -0.597153    -2.49962    1.89299e-15    0.235508
1.38809    -1.12654    6.08947e-13    -0.597153    -2.49962    4.62436e-15    0.235508
1.38809    -1.12654    1.09269e-12    -0.597153    -2.49962    8.29794e-15    0.235508
1.38809    -1.12654    1.67107e-12    -0.597153    -2.49962    1.26903e-14    0.235508
1.38809    -1.12654    2.31411e-12    -0.597153    -2.49962    1.75737e-14    0.235508
1.38809    -1.12654    2.99216e-12    -0.597153    -2.49962    2.2723e-14    0.235508
1.38809    -1.12654    3.67682e-12    -0.597153    -2.49962    2.79226e-14    0.235508
1.38809    -1.12654    4.34167e-12    -0.597153    -2.49961    3.29718e-14    0.235508
1.38809    -1.12654    4.96297e-12    -0.597153    -2.49961    3.76902e-14    0.235508
1.38809    -1.12654    5.52011e-12    -0.597153    -2.49961    4.19214e-14    0.235508
1.38809    -1.12654    5.99608e-12    -0.597153    -2.49961    4.55362e-14    0.235508
1.38809    -1.12654    6.37769e-12    -0.597153    -2.49961    4.84343e-14    0.235509
1.38809    -1.12654    6.65568e-12    -0.597153    -2.49961    5.05455e-14    0.235509
1.38809    -1.12654    6.82475e-12    -0.597153    -2.49961    5.18296e-14    0.235509
1.38809    -1.12654    6.88344e-12    -0.597153    -2.49961    5.22755e-14    0.235509
1.38809    -1.12654    6.83386e-12    -0.597153    -2.49961    5.1899e-14    0.235509
1.38809    -1.12654    6.6814e-12    -0.597153    -2.49961    5.07412e-14    0.235509
1.38809    -1.12654    6.4343e-12    -0.597153    -2.49961    4.88647e-14    0.235509
1.38809    -1.12654    6.10325e-12    -0.597153    -2.49961    4.63507e-14    0.235509
1.38809    -1.12654    5.70083e-12    -0.597153    -2.49961    4.32947e-14    0.23551
1.38809    -1.12654    5.24103e-12    -0.597153    -2.49961    3.98028e-14    0.23551
1.38809    -1.12654    4.73871e-12    -0.597152    -2.49961    3.5988e-14    0.23551
1.38809    -1.12654    4.20905e-12    -0.597152    -2.49961    3.19656e-14    0.23551
1.38809    -1.12654    3.66715e-12    -0.597152    -2.49961    2.78502e-14    0.23551
1.38809    -1.12654    3.12747e-12    -0.597152    -2.49961    2.37517e-14    0.23551
1.38809    -1.12654    2.60352e-12    -0.597152    -2.49961    1.97727e-14    0.23551
1.38809    -1.12654    2.10747e-12    -0.597152    -2.49961    1.60054e-14    0.23551
1.38809    -1.12654    1.64986e-12    -0.597152    -2.49961    1.25301e-14    0.23551
1.38809    -1.12654    1.23944e-12    -0.597152    -2.49961    9.4132e-15    0.23551
1.38809    -1.12654    8.82983e-13    -0.597152    -2.49961    6.70609e-15    0.23551
1.38809    -1.12654    5.85241e-13    -0.597152    -2.49961    4.44487e-15    0.23551
1.38809    -1.12654    3.48932e-13    -0.597152    -2.49961    2.6502e-15    0.23551
1.38809    -1.12654    1.74797e-13    -0.597152    -2.49961    1.32769e-15    0.23551
1.38809    -1.12654    6.17189e-14    -0.597152    -2.49961    4.68875e-16    0.23551
1.38809    -1.12654    6.87991e-15    -0.597152    -2.49961    5.23479e-17    0.23551
1.38809    -1.12654    5.96698e-15    -0.597152    -2.49961    4.53572e-17    0.23551
1.38809    -1.12654    5.34043e-14    -0.597152    -2.49961    4.0556e-16    0.23551
1.38809    -1.12654    1.42609e-13    -0.597152    -2.49961    1.08297e-15    0.23551
1.38809    -1.12654    2.66259e-13    -0.597152    -2.49961    2.02197e-15    0.23551
1.38809    -1.12654    4.16565e-13    -0.597152    -2.49961    3.16342e-15    0.23551
1.38809    -1.12654    5.85538e-13    -0.597152    -2.49961    4.44663e-15    0.23551
1.38809    -1.12654    7.6524e-13    -0.597152    -2.49961    5.81134e-15    0.23551
1.38809    -1.12654    9.48023e-13    -0.597152    -2.49961    7.19945e-15    0.23551
1.38809    -1.12654    1.12674e-12    -0.597152    -2.49961    8.55667e-15    0.23551
1.38809    -1.12654    1.29491e-12    -0.597152    -2.49961    9.83383e-15    0.23551
1.38809    -1.12654    1.44689e-12    -0.597152    -2.49961    1.0988e-14    0.23551
1.38809    -1.12654    1.57796e-12    -0.597152    -2.49961    1.19834e-14    0.23551
1.38809    -1.12654    1.68442e-12    -0.597152    -2.49961    1.2792e-14    0.23551
1.38809    -1.12654    1.76361e-12    -0.597152    -2.49961    1.33934e-14    0.23551
1.38809    -1.12654    1.81394e-12    -0.597152    -2.49961    1.37757e-14    0.23551
1.38809    -1.12654    1.83483e-12    -0.597152    -2.49961    1.39344e-14    0.23551
1.38809    -1.12654    1.82669e-12    -0.597152    -2.49961    1.38725e-14    0.23551
1.38809    -1.12654    1.79079e-12    -0.597152    -2.49961    1.36e-14    0.23551
1.38809    -1.12654    1.72922e-12    -0.597152    -2.49961    1.31324e-14    0.23551
1.38809    -1.12654    1.64471e-12    -0.597153    -2.49961    1.24906e-14    0.23551
1.38809    -1.12654    1.54054e-12    -0.597153    -2.49961    1.16995e-14    0.23551
1.38809    -1.12654    1.42038e-12    -0.597153    -2.49961    1.0787e-14    0.235509
1.38809    -1.12654    1.28816e-12    -0.597153    -2.49961    9.78292e-15    0.235509
1.38809    -1.12654    1.14793e-12    -0.597153    -2.49961    8.71798e-15    0.235509
1.38809    -1.12654    1.00373e-12    -0.597153    -2.49961    7.62283e-15    0.235509
1.38809    -1.12654    8.59442e-13    -0.597153    -2.49961    6.52708e-15    0.235509
1.38809    -1.12654    7.18732e-13    -0.597153    -2.49961    5.45848e-15    0.235509
1.38809    -1.12654    5.84909e-13    -0.597153    -2.49961    4.44217e-15    0.235509
1.38809    -1.12654    4.60871e-13    -0.597153    -2.49961    3.50016e-15    0.235509
1.38809    -1.12654    3.49035e-13    -0.597153    -2.49961    2.65083e-15    0.235509
1.38809    -1.12654    2.51306e-13    -0.597153    -2.49961    1.90863e-15    0.235509
1.38809    -1.12654    1.69048e-13    -0.597153    -2.49961    1.28391e-15    0.235509
1.38809    -1.12654    1.0308e-13    -0.597153    -2.49961    7.8291e-16    0.235509
1.38809    -1.12654    5.36937e-14    -0.597153    -2.49961    4.07834e-16    0.235509
1.38809    -1.12654    2.06761e-14    -0.597153    -2.49961    1.57068e-16    0.235509
1.38809    -1.12654    3.35337e-15    -0.597153    -2.49961    2.54962e-17    0.235509
1.38809    -1.12654    6.42197e-16    -0.597153    -2.49961    4.89091e-18    0.235509
1.38809    -1.12654    1.11111e-14    -0.597153    -2.49961    8.43812e-17    0.235509
1.38809    -1.12654    3.30474e-14    -0.597153    -2.49961    2.50962e-16    0.235509
1.38809    -1.12654    6.45286e-14    -0.597153    -2.49961    4.90031e-16    0.235509
1.38809    -1.12654    1.03495e-13    -0.597153    -2.49961    7.85946e-16    0.235509
1.38809    -1.12654    1.47819e-13    -0.597153    -2.49961    1.12256e-15    0.235509
1.38809    -1.12654    1.95379e-13    -0.597153    -2.49961    1.48374e-15    0.235509
1.38809    -1.12654    2.44117e-13    -0.597153    -2.49961    1.85387e-15    0.235509
1.38809    -1.12654    2.92098e-13    -0.597153    -2.49961    2.21825e-15    0.235509
1.38809    -1.12654    3.3756e-13    -0.597153    -2.49961    2.56352e-15    0.235509
1.38809    -1.12654    3.78956e-13    -0.597153    -2.49961    2.8779e-15    0.235509
1.38809    -1.12654    4.14982e-13    -0.597153    -2.49961    3.1515e-15    0.235509
1.38809    -1.12654    4.44602e-13    -0.597153    -2.49961    3.37644e-15    0.235509
1.38809    -1.12654    4.67056e-13    -0.597153    -2.49961    3.54698e-15    0.235509
1.38809    -1.12654    4.8187e-13    -0.597153    -2.49961    3.65949e-15    0.235509
1.38809    -1.12654    4.88842e-13    -0.597153    -2.49961    3.71244e-15    0.235509
1.38809    -1.12654    4.88033e-13    -0.597153    -2.49961    3.70631e-15    0.235509
1.38809    -1.12654    4.79747e-13    -0.597153    -2.49961    3.64339e-15    0.235509
1.38809    -1.12654    4.64502e-13    -0.597153    -2.49961    3.52762e-15    0.235509
1.38809    -1.12654    4.42999e-13    -0.597153    -2.49961    3.36432e-15    0.235509
1.38809    -1.12654    4.16088e-13    -0.597153    -2.49961    3.15996e-15    0.23551
1.38809    -1.12654    3.84734e-13    -0.597153    -2.49961    2.92184e-15    0.23551
1.38809    -1.12654    3.49973e-13    -0.597153    -2.49961    2.65786e-15    0.23551
1.38809    -1.12654    3.12882e-13    -0.597153    -2.49961    2.37618e-15    0.23551
1.38809    -1.12654    2.74541e-13    -0.597153    -2.49961    2.08501e-15    0.23551
1.38809    -1.12654    2.35997e-13    -0.597152    -2.49961    1.79229e-15    0.23551
1.38809    -1.12654    1.98239e-13    -0.597152    -2.49961    1.50554e-15    0.23551
1.38809    -1.12654    1.62167e-13    -0.597152    -2.49961    1.2316e-15    0.23551
1.38809    -1.12654    1.28575e-13    -0.597152    -2.49961    9.76483e-16    0.23551
1.38809    -1.12654    9.81317e-14    -0.597152    -2.49961    7.45282e-16    0.23551
1.38809    -1.12654    7.13697e-14    -0.597152    -2.49961    5.42038e-16    0.23551
1.38809    -1.12654    4.86787e-14    -0.597152    -2.49961    3.6971e-16    0.23551
1.38809    -1.12654    3.03031e-14    -0.597152    -2.49961    2.30155e-16    0.23551
1.38809    -1.12654    1.63452e-14    -0.597152    -2.49961    1.24149e-16    0.23551
1.38809    -1.12654    6.77159e-15    -0.597152    -2.49961    5.1439e-17    0.23551
1.38809    -1.12654    1.42352e-15    -0.597152    -2.49961    1.08193e-17    0.23551
1.38809    -1.12654    3.0509e-17    -0.597152    -2.49961    2.361e-19    0.23551
1.38809    -1.12654    2.22615e-15    -0.597152    -2.49961    1.69067e-17    0.23551
1.38809    -1.12654    7.56579e-15    -0.597152    -2.49961    5.74545e-17    0.23551
1.38809    -1.12654    1.55454e-14    -0.597152    -2.49961    1.18051e-16    0.23551
1.38809    -1.12654    2.56207e-14    -0.597152    -2.49961    1.94565e-16    0.23551
1.38809    -1.12654    3.72266e-14    -0.597152    -2.49961    2.82702e-16    0.23551
1.38809    -1.12654    4.97954e-14    -0.597152    -2.49961    3.78153e-16    0.23551
1.38809    -1.12654    6.27742e-14    -0.597152    -2.49961    4.76718e-16    0.23551
1.38809    -1.12654    7.56403e-14    -0.597152    -2.49961    5.74428e-16    0.23551
1.38809    -1.12654    8.79149e-14    -0.597152    -2.49961    6.67646e-16    0.23551
1.38809    -1.12654    9.91743e-14    -0.597152    -2.49961    7.53155e-16    0.23551
1.38809    -1.12654    1.09059e-13    -0.597152    -2.49961    8.28223e-16    0.23551
1.38809    -1.12654    1.17279e-13    -0.597152    -2.49961    8.90651e-16    0.23551
1.38809    -1.12654    1.23619e-13    -0.597152    -2.49961    9.38802e-16    0.23551
1.38809    -1.12654    1.27939e-13    -0.597152    -2.49961    9.71611e-16    0.23551
1.38809    -1.12654    1.30172e-13    -0.597153    -2.49961    9.88573e-16    0.23551
1.38809    -1.12654    1.30323e-13    -0.597153    -2.49961    9.8972e-16    0.23551
1.38809    -1.12654    1.28461e-13    -0.597153    -2.49961    9.75581e-16    0.23551
1.38809    -1.12654    1.24715e-13    -0.597153    -2.49961    9.47133e-16    0.23551
1.38809    -1.12654    1.19263e-13    -0.597153    -2.49961    9.05734e-16    0.23551
1.38809    -1.12654    1.12327e-13    -0.597153    -2.49961    8.53059e-16    0.23551
1.38809    -1.12654    1.04158e-13    -0.597153    -2.49961    7.91021e-16    0.23551
1.38809    -1.12654    9.503e-14    -0.597153    -2.49961    7.21703e-16    0.23551
1.38809    -1.12654    8.52295e-14    -0.597153    -2.49961    6.47275e-16    0.235509
1.38809    -1.12654    7.50444e-14    -0.597153    -2.49961    5.69926e-16    0.235509
1.38809    -1.12654    6.47565e-14    -0.597153    -2.49961    4.91796e-16    0.235509
1.38809    -1.12654    5.46323e-14    -0.597153    -2.49961    4.14909e-16    0.235509
1.38809    -1.12654    4.49169e-14    -0.597153    -2.49961    3.41127e-16    0.235509
1.38809    -1.12654    3.58274e-14    -0.597153    -2.49961    2.72097e-16    0.235509
1.38809    -1.12654    2.75482e-14    -0.597153    -2.49961    2.0922e-16    0.235509
1.38809    -1.12654    2.0228e-14    -0.597153    -2.49961    1.53628e-16    0.235509
1.38809    -1.12654    1.39777e-14    -0.597153    -2.49961    1.06159e-16    0.235509
1.38809    -1.12654    8.86924e-15    -0.597153    -2.49961    6.73625e-17    0.235509
1.38809    -1.12654    4.93664e-15    -0.597153    -2.49961    3.74956e-17    0.235509
1.38809    -1.12654    2.17723e-15    -0.597153    -2.49961    1.65384e-17    0.235509
1.38809    -1.12654    5.54442e-16    -0.597153    -2.49961    4.21315e-18    0.235509
1.38809    -1.12654    1.16573e-18    -0.597153    -2.49961    1.02214e-20    0.235509
1.38809    -1.12654    4.23929e-16    -0.597153    -2.49961    3.2198e-18    0.235509
1.38809    -1.12654    1.70753e-15    -0.597153    -2.49961    1.2967e-17    0.235509
1.38809    -1.12654    3.72001e-15    -0.597153    -2.49961    2.82497e-17    0.235509
1.38809    -1.12654    6.31778e-15    -0.597153    -2.49961    4.79775e-17    0.235509
1.38809    -1.12654    9.3508e-15    -0.597153    -2.49961    7.10108e-17    0.235509
1.38809    -1.12654    1.26674e-14    -0.597153    -2.49961    9.61983e-17    0.235509
1.38809    -1.12654    1.61193e-14    -0.597153    -2.49961    1.22412e-16    0.235509
1.38809    -1.12654    1.95651e-14    -0.597153    -2.49961    1.48582e-16    0.235509
1.38809    -1.12654    2.28751e-14    -0.597153    -2.49961    1.73719e-16    0.235509
1.38809    -1.12654    2.59333e-14    -0.597153    -2.49961    1.96944e-16    0.235509
1.38809    -1.12654    2.86407e-14    -0.597153    -2.49961    2.17506e-16    0.235509
1.38809    -1.12654    3.09167e-14    -0.597153    -2.49961    2.3479e-16    0.235509
1.38809    -1.12654    3.27001e-14    -0.597153    -2.49961    2.48335e-16    0.235509
1.38809    -1.12654    3.39501e-14    -0.597153    -2.49961    2.57828e-16    0.235509
1.38809    -1.12654    3.46453e-14    -0.597153    -2.49961    2.63109e-16    0.235509
1.38809    -1.12654    3.47838e-14    -0.597153    -2.49961    2.64161e-16    0.235509
1.38809    -1.12654    3.4381e-14    -0.597153    -2.49961    2.61103e-16    0.235509
1.38809    -1.12654    3.34687e-14    -0.597153    -2.49961    2.54174e-16    0.23551
1.38809    -1.12654    3.20922e-14    -0.597153    -2.49961    2.43721e-16    0.23551
1.38809    -1.12654    3.03085e-14    -0.597153    -2.49961    2.30176e-16    0.23551
1.38809    -1.12654    2.81837e-14    -0.597153    -2.49961    2.1404e-16    0.23551
1.38809    -1.12654    2.57899e-14    -0.597153    -2.49961    1.9586e-16    0.23551
1.38809    -1.12654    2.32029e-14    -0.597153    -2.49961    1.76214e-16    0.23551
1.38809    -1.12654    2.04998e-14    -0.597153    -2.49961    1.55686e-16    0.23551
1.38809    -1.12654    1.7756e-14    -0.597153    -2.49961    1.34849e-16    0.23551
1.38809    -1.12654    1.50436e-14    -0.597153    -2.49961    1.1425e-16    0.23551
1.38809    -1.12654    1.24291e-14    -0.597153    -2.49961    9.43937e-17    0.23551
1.38809    -1.12654    9.97164e-15    -0.597153    -2.49961    7.5731e-17    0.23551
1.38809    -1.12654    7.7222e-15    -0.597153    -2.49961    5.86478e-17    0.23551
1.38809    -1.12654    5.72215e-15    -0.597153    -2.49961    4.34584e-17    0.23551
1.38809    -1.12654    4.00284e-15    -0.597153    -2.49961    3.04011e-17    0.23551
1.38809    -1.12654    2.58535e-15    -0.597153    -2.49961    1.96358e-17    0.23551
1.38809    -1.12654    1.48051e-15    -0.597153    -2.49961    1.12449e-17    0.23551
1.38809    -1.12654    6.89319e-16    -0.597153    -2.49961    5.23598e-18    0.23551
1.38809    -1.12654    2.03576e-16    -0.597153    -2.49961    1.54675e-18    0.23551
1.38809    -1.12654    6.76478e-18    -0.597153    -2.49961    5.17917e-20    0.23551
1.38809    -1.12654    7.51287e-17    -0.597153    -2.49961    5.70689e-19    0.23551
1.38809    -1.12654    3.78888e-16    -0.597153    -2.49961    2.87729e-18    0.23551
1.38809    -1.12654    8.83553e-16    -0.597153    -2.49961    6.70968e-18    0.23551
1.38809    -1.12654    1.55129e-15    -0.597153    -2.49961    1.17805e-17    0.23551
1.38809    -1.12654    2.3423e-15    -0.597153    -2.49961    1.77876e-17    0.23551
1.38809    -1.12654    3.21613e-15    -0.597153    -2.49961    2.44237e-17    0.23551
1.38809    -1.12654    4.13295e-15    -0.597153    -2.49961    3.13863e-17    0.23551
1.38809    -1.12654    5.05472e-15    -0.597153    -2.49961    3.83866e-17    0.23551
1.38809    -1.12654    5.94618e-15    -0.597153    -2.49961    4.51567e-17    0.23551
1.38809    -1.12654    6.77573e-15    -0.597153    -2.49961    5.14566e-17    0.23551
1.38809    -1.12654    7.51609e-15    -0.597153    -2.49961    5.70792e-17    0.23551
1.38809    -1.12654    8.14486e-15    -0.597153    -2.49961    6.18545e-17    0.23551
1.38809    -1.12654    8.64483e-15    -0.597153    -2.49961    6.56515e-17    0.23551
1.38809    -1.12654    9.00409e-15    -0.597153    -2.49961    6.83801e-17    0.23551
1.38809    -1.12654    9.21608e-15    -0.597153    -2.49961    6.99901e-17    0.23551
1.38809    -1.12654    9.27934e-15    -0.597153    -2.49961    7.04707e-17    0.23551
1.38809    -1.12654    9.19721e-15    -0.597153    -2.49961    6.98471e-17    0.23551
1.38809    -1.12654    8.9774e-15    -0.597153    -2.49961    6.81779e-17    0.23551
1.38809    -1.12654    8.63141e-15    -0.597153    -2.49961    6.55505e-17    0.23551
1.38809    -1.12654    8.17396e-15    -0.597153    -2.49961    6.20766e-17    0.23551
1.38809    -1.12654    7.62224e-15    -0.597153    -2.49961    5.78867e-17    0.23551
1.38809    -1.12654    6.99526e-15    -0.597153    -2.49961    5.31253e-17    0.23551
1.38809    -1.12654    6.31314e-15    -0.597153    -2.49961    4.79451e-17    0.23551
1.38809    -1.12654    5.59638e-15    -0.597153    -2.49961    4.25017e-17    0.23551
1.38809    -1.12654    4.86524e-15    -0.597153    -2.49961    3.69492e-17    0.23551
1.38809    -1.12654    4.13913e-15    -0.597153    -2.49961    3.14349e-17    0.23551
1.38809    -1.12654    3.43607e-15    -0.597153    -2.49961    2.60956e-17    0.23551
1.38809    -1.12654    2.77225e-15    -0.597153    -2.49961    2.10543e-17    0.23551
1.38809    -1.12654    2.16165e-15    -0.597153    -2.49961    1.6417e-17    0.23551
1.38809    -1.12654    1.61577e-15    -0.597153    -2.49961    1.22713e-17    0.23551
1.38809    -1.12654    1.14345e-15    -0.597153    -2.49961    8.68433e-18    0.23551
1.38809    -1.12654    7.50813e-16    -0.597153    -2.49961    5.70242e-18    0.23551
1.38809    -1.12654    4.41225e-16    -0.597153    -2.49961    3.35121e-18    0.235509
1.38809    -1.12654    2.15412e-16    -0.597153    -2.49961    1.63621e-18    0.235509
1.38809    -1.12654    7.1607e-17    -0.597153    -2.49961    5.44018e-19    0.235509
1.38809    -1.12654    5.78331e-18    -0.597153    -2.49961    4.40461e-20    0.235509
1.38809    -1.12654    1.19278e-17    -0.597153    -2.49961    9.06324e-20    0.235509
1.38809    -1.12654    8.23611e-17    -0.597153    -2.49961    6.25459e-19    0.235509
1.38809    -1.12654    2.08084e-16    -0.597153    -2.49961    1.58019e-18    0.235509
1.38809    -1.12654    3.79142e-16    -0.597153    -2.49961    2.87921e-18    0.235509
