0.0576324    0.0703765    0.0812879    0.0457266    0.0576324    0.0703765    0.0812879    0.0457266    
0.0597352    0.082225    0.0995798    0.0382728    0.0597352    0.082225    0.0995798    0.0382728    
0.0616954    0.0914072    0.111889    0.032956    0.0616954    0.0914072    0.111889    0.032956    
0.0634756    0.0984584    0.119814    0.0293745    0.0634756    0.0984584    0.119814    0.0293745    
0.0650691    0.103885    0.12469    0.0270891    0.0650691    0.103885    0.12469    0.0270891    
0.0664832    0.108098    0.127522    0.0257206    0.0664832    0.108098    0.127522    0.0257206    
0.0677301    0.111404    0.129018    0.0249777    0.0677301    0.111404    0.129018    0.0249777    
0.0688237    0.114024    0.129659    0.0246507    0.0688237    0.114024    0.129659    0.0246507    
0.0697775    0.116116    0.129764    0.0245948    0.0697775    0.116116    0.129764    0.0245948    
0.0706047    0.117793    0.129543    0.0247119    0.0706047    0.117793    0.129543    0.0247119    
0.0713175    0.119138    0.129131    0.0249362    0.0713175    0.119138    0.129131    0.0249362    
0.0719275    0.12021    0.128616    0.0252241    0.0719275    0.12021    0.128616    0.0252241    
0.0724456    0.121058    0.128054    0.0255464    0.0724456    0.121058    0.128054    0.0255464    
0.0728819    0.121718    0.12748    0.0258836    0.0728819    0.121718    0.12748    0.0258836    
0.0732458    0.122219    0.126918    0.0262225    0.0732458    0.122219    0.126918    0.0262225    
0.0735461    0.122588    0.12638    0.0265545    0.0735461    0.122588    0.12638    0.0265545    
0.0737909    0.122846    0.125874    0.0268735    0.0737909    0.122846    0.125874    0.0268735    
0.0739877    0.12301    0.125406    0.0271754    0.0739877    0.12301    0.125406    0.0271754    
0.0741431    0.123098    0.124977    0.0274578    0.0741431    0.123098    0.124977    0.0274578    
0.0742635    0.123123    0.124588    0.0277188    0.0742635    0.123123    0.124588    0.0277188    
0.0743543    0.123099    0.124238    0.0279573    0.0743543    0.123099    0.124238    0.0279573    
0.0744205    0.123035    0.123927    0.0281728    0.0744205    0.123035    0.123927    0.0281728    
0.0744668    0.122943    0.123653    0.028365    0.0744668    0.122943    0.123653    0.028365    
0.0744972    0.12283    0.123414    0.0285338    0.0744972    0.12283    0.123414    0.0285338    
0.0745153    0.122705    0.12321    0.0286794    0.0745153    0.122705    0.12321    0.0286794    
0.0745243    0.122574    0.123038    0.0288022    0.0745243    0.122574    0.123038    0.0288022    
0.074527    0.122444    0.122897    0.0289026    0.074527    0.122444    0.122897    0.0289026    
0.0745261    0.122319    0.122784    0.0289812    0.0745261    0.122319    0.122784    0.0289812    
0.0745237    0.122205    0.122698    0.0290385    0.0745237    0.122205    0.122698    0.0290385    
0.0745219    0.122105    0.122637    0.0290753    0.0745219    0.122105    0.122637    0.0290753    
0.0745223    0.122023    0.122599    0.0290922    0.0745223    0.122023    0.122599    0.0290922    
0.0745266    0.121962    0.122584    0.0290902    0.0745266    0.121962    0.122584    0.0290902    
0.074536    0.121924    0.122588    0.0290699    0.074536    0.121924    0.122588    0.0290699    
0.0745518    0.121912    0.122611    0.0290323    0.0745518    0.121912    0.122611    0.0290323    
0.0745749    0.121927    0.12265    0.0289783    0.0745749    0.121927    0.12265    0.0289783    
0.0746061    0.121971    0.122705    0.0289089    0.0746061    0.121971    0.122705    0.0289089    
0.0746463    0.122044    0.122772    0.028825    0.0746463    0.122044    0.122772    0.028825    
0.0746961    0.122149    0.122852    0.0287276    0.0746961    0.122149    0.122852    0.0287276    
0.0747559    0.122285    0.122942    0.0286178    0.0747559    0.122285    0.122942    0.0286178    
0.0748261    0.122452    0.12304    0.0284967    0.0748261    0.122452    0.12304    0.0284967    
0.074907    0.122652    0.123145    0.0283653    0.074907    0.122652    0.123145    0.0283653    
0.0749989    0.122883    0.123256    0.028225    0.0749989    0.122883    0.123256    0.028225    
0.0751017    0.123145    0.12337    0.0280767    0.0751017    0.123145    0.12337    0.0280767    
0.0752155    0.123438    0.123487    0.0279218    0.0752155    0.123438    0.123487    0.0279218    
0.0753401    0.123761    0.123604    0.0277615    0.0753401    0.123761    0.123604    0.0277615    
0.0754754    0.124113    0.12372    0.0275969    0.0754754    0.124113    0.12372    0.0275969    
0.075621    0.124492    0.123835    0.0274294    0.075621    0.124492    0.123835    0.0274294    
0.0757765    0.124898    0.123945    0.0272603    0.0757765    0.124898    0.123945    0.0272603    
0.0759413    0.125327    0.124051    0.0270908    0.0759413    0.125327    0.124051    0.0270908    
0.0761149    0.125778    0.124151    0.0269221    0.0761149    0.125778    0.124151    0.0269221    
0.0762964    0.126249    0.124244    0.0267557    0.0762964    0.126249    0.124244    0.0267557    
0.076485    0.126737    0.124328    0.0265926    0.076485    0.126737    0.124328    0.0265926    
0.0766798    0.127239    0.124404    0.0264341    0.0766798    0.127239    0.124404    0.0264341    
0.0768797    0.127753    0.124469    0.0262814    0.0768797    0.127753    0.124469    0.0262814    
0.0770837    0.128275    0.124523    0.0261355    0.0770837    0.128275    0.124523    0.0261355    
0.0772904    0.128803    0.124567    0.0259976    0.0772904    0.128803    0.124567    0.0259976    
0.0774985    0.129333    0.124599    0.0258686    0.0774985    0.129333    0.124599    0.0258686    
0.0777069    0.12986    0.124619    0.0257493    0.0777069    0.12986    0.124619    0.0257493    
0.077914    0.130383    0.124627    0.0256406    0.077914    0.130383    0.124627    0.0256406    
0.0781186    0.130896    0.124623    0.0255431    0.0781186    0.130896    0.124623    0.0255431    
0.0783191    0.131398    0.124607    0.0254573    0.0783191    0.131398    0.124607    0.0254573    
0.0785143    0.131884    0.12458    0.0253837    0.0785143    0.131884    0.12458    0.0253837    
0.0787028    0.132351    0.124543    0.0253225    0.0787028    0.132351    0.124543    0.0253225    
0.0788833    0.132797    0.124495    0.0252739    0.0788833    0.132797    0.124495    0.0252739    
0.0790546    0.133217    0.124437    0.025238    0.0790546    0.133217    0.124437    0.025238    
0.0792157    0.133611    0.12437    0.0252145    0.0792157    0.133611    0.12437    0.0252145    
0.0793654    0.133974    0.124296    0.0252033    0.0793654    0.133974    0.124296    0.0252033    
0.079503    0.134307    0.124215    0.025204    0.079503    0.134307    0.124215    0.025204    
0.0796278    0.134607    0.124127    0.0252161    0.0796278    0.134607    0.124127    0.0252161    
0.079739    0.134872    0.124035    0.0252389    0.079739    0.134872    0.124035    0.0252389    
0.0798364    0.135103    0.123938    0.0252719    0.0798364    0.135103    0.123938    0.0252719    
0.0799196    0.135298    0.123839    0.0253142    0.0799196    0.135298    0.123839    0.0253142    
0.0799886    0.135458    0.123738    0.0253651    0.0799886    0.135458    0.123738    0.0253651    
0.0800433    0.135583    0.123636    0.0254235    0.0800433    0.135583    0.123636    0.0254235    
0.0800839    0.135674    0.123534    0.0254887    0.0800839    0.135674    0.123534    0.0254887    
0.0801107    0.135732    0.123433    0.0255597    0.0801107    0.135732    0.123433    0.0255597    
0.0801242    0.135757    0.123333    0.0256355    0.0801242    0.135757    0.123333    0.0256355    
0.080125    0.135751    0.123236    0.0257153    0.080125    0.135751    0.123236    0.0257153    
0.0801136    0.135717    0.123142    0.0257979    0.0801136    0.135717    0.123142    0.0257979    
0.0800909    0.135656    0.123053    0.0258827    0.0800909    0.135656    0.123053    0.0258827    
0.0800576    0.13557    0.122967    0.0259687    0.0800576    0.13557    0.122967    0.0259687    
0.0800146    0.135461    0.122886    0.026055    0.0800146    0.135461    0.122886    0.026055    
0.0799629    0.135332    0.122811    0.0261409    0.0799629    0.135332    0.122811    0.0261409    
0.0799033    0.135184    0.122741    0.0262256    0.0799033    0.135184    0.122741    0.0262256    
0.079837    0.135021    0.122677    0.0263085    0.079837    0.135021    0.122677    0.0263085    
0.0797647    0.134845    0.122619    0.026389    0.0797647    0.134845    0.122619    0.026389    
0.0796876    0.134658    0.122567    0.0264664    0.0796876    0.134658    0.122567    0.0264664    
0.0796066    0.134461    0.122521    0.0265403    0.0796066    0.134461    0.122521    0.0265403    
0.0795225    0.134259    0.122482    0.0266102    0.0795225    0.134259    0.122482    0.0266102    
0.0794363    0.134052    0.122449    0.0266758    0.0794363    0.134052    0.122449    0.0266758    
0.0793489    0.133843    0.122422    0.0267367    0.0793489    0.133843    0.122422    0.0267367    
0.0792611    0.133633    0.122402    0.0267926    0.0792611    0.133633    0.122402    0.0267926    
0.0791736    0.133426    0.122387    0.0268434    0.0791736    0.133426    0.122387    0.0268434    
0.0790872    0.133221    0.122378    0.0268888    0.0790872    0.133221    0.122378    0.0268888    
0.0790025    0.133021    0.122374    0.0269288    0.0790025    0.133021    0.122374    0.0269288    
0.0789201    0.132828    0.122376    0.0269633    0.0789201    0.132828    0.122376    0.0269633    
0.0788407    0.132642    0.122383    0.0269922    0.0788407    0.132642    0.122383    0.0269922    
0.0787647    0.132466    0.122394    0.0270156    0.0787647    0.132466    0.122394    0.0270156    
0.0786926    0.132299    0.12241    0.0270335    0.0786926    0.132299    0.12241    0.0270335    
0.0786247    0.132143    0.122431    0.027046    0.0786247    0.132143    0.122431    0.027046    
0.0785614    0.131999    0.122455    0.0270533    0.0785614    0.131999    0.122455    0.0270533    
0.0785031    0.131867    0.122482    0.0270555    0.0785031    0.131867    0.122482    0.0270555    
0.0784499    0.131748    0.122512    0.0270529    0.0784499    0.131748    0.122512    0.0270529    
0.078402    0.131642    0.122546    0.0270455    0.078402    0.131642    0.122546    0.0270455    
0.0783596    0.13155    0.122581    0.0270338    0.0783596    0.13155    0.122581    0.0270338    
0.0783227    0.131472    0.122619    0.0270179    0.0783227    0.131472    0.122619    0.0270179    
0.0782915    0.131407    0.122658    0.0269981    0.0782915    0.131407    0.122658    0.0269981    
0.0782659    0.131357    0.122698    0.0269748    0.0782659    0.131357    0.122698    0.0269748    
0.0782459    0.13132    0.122739    0.0269482    0.0782459    0.13132    0.122739    0.0269482    
0.0782314    0.131296    0.122781    0.0269187    0.0782314    0.131296    0.122781    0.0269187    
0.0782224    0.131286    0.122823    0.0268866    0.0782224    0.131286    0.122823    0.0268866    
0.0782186    0.131289    0.122864    0.0268523    0.0782186    0.131289    0.122864    0.0268523    
0.07822    0.131304    0.122905    0.0268162    0.07822    0.131304    0.122905    0.0268162    
0.0782262    0.13133    0.122946    0.0267784    0.0782262    0.13133    0.122946    0.0267784    
0.0782372    0.131368    0.122985    0.0267396    0.0782372    0.131368    0.122985    0.0267396    
0.0782525    0.131416    0.123023    0.0266999    0.0782525    0.131416    0.123023    0.0266999    
0.078272    0.131474    0.123059    0.0266597    0.078272    0.131474    0.123059    0.0266597    
0.0782952    0.131541    0.123093    0.0266194    0.0782952    0.131541    0.123093    0.0266194    
0.078322    0.131616    0.123125    0.0265793    0.078322    0.131616    0.123125    0.0265793    
0.078352    0.131698    0.123155    0.0265397    0.078352    0.131698    0.123155    0.0265397    
0.0783847    0.131786    0.123182    0.0265008    0.0783847    0.131786    0.123182    0.0265008    
0.0784199    0.13188    0.123207    0.0264631    0.0784199    0.13188    0.123207    0.0264631    
0.0784572    0.131978    0.123229    0.0264268    0.0784572    0.131978    0.123229    0.0264268    
0.0784962    0.13208    0.123248    0.026392    0.0784962    0.13208    0.123248    0.026392    
0.0785364    0.132184    0.123264    0.0263591    0.0785364    0.132184    0.123264    0.0263591    
0.0785777    0.13229    0.123277    0.0263283    0.0785777    0.13229    0.123277    0.0263283    
0.0786195    0.132397    0.123288    0.0262996    0.0786195    0.132397    0.123288    0.0262996    
0.0786614    0.132503    0.123295    0.0262733    0.0786614    0.132503    0.123295    0.0262733    
0.0787033    0.132609    0.1233    0.0262496    0.0787033    0.132609    0.1233    0.0262496    
0.0787446    0.132713    0.123301    0.0262284    0.0787446    0.132713    0.123301    0.0262284    
0.0787851    0.132814    0.1233    0.0262099    0.0787851    0.132814    0.1233    0.0262099    
0.0788245    0.132912    0.123297    0.0261942    0.0788245    0.132912    0.123297    0.0261942    
0.0788624    0.133005    0.123291    0.0261812    0.0788624    0.133005    0.123291    0.0261812    
0.0788987    0.133094    0.123283    0.0261709    0.0788987    0.133094    0.123283    0.0261709    
0.078933    0.133178    0.123272    0.0261634    0.078933    0.133178    0.123272    0.0261634    
0.0789651    0.133256    0.12326    0.0261586    0.0789651    0.133256    0.12326    0.0261586    
0.0789949    0.133328    0.123246    0.0261564    0.0789949    0.133328    0.123246    0.0261564    
0.0790222    0.133394    0.12323    0.0261568    0.0790222    0.133394    0.12323    0.0261568    
0.0790468    0.133453    0.123213    0.0261595    0.0790468    0.133453    0.123213    0.0261595    
0.0790687    0.133504    0.123194    0.0261646    0.0790687    0.133504    0.123194    0.0261646    
0.0790878    0.133549    0.123175    0.0261718    0.0790878    0.133549    0.123175    0.0261718    
0.079104    0.133586    0.123155    0.0261811    0.079104    0.133586    0.123155    0.0261811    
0.0791172    0.133617    0.123134    0.0261921    0.0791172    0.133617    0.123134    0.0261921    
0.0791276    0.13364    0.123113    0.0262049    0.0791276    0.13364    0.123113    0.0262049    
0.0791351    0.133656    0.123092    0.0262191    0.0791351    0.133656    0.123092    0.0262191    
0.0791398    0.133665    0.123071    0.0262347    0.0791398    0.133665    0.123071    0.0262347    
0.0791418    0.133667    0.12305    0.0262513    0.0791418    0.133667    0.12305    0.0262513    
0.0791411    0.133663    0.123029    0.0262689    0.0791411    0.133663    0.123029    0.0262689    
0.0791379    0.133653    0.123009    0.0262872    0.0791379    0.133653    0.123009    0.0262872    
0.0791323    0.133637    0.12299    0.0263061    0.0791323    0.133637    0.12299    0.0263061    
0.0791244    0.133616    0.122971    0.0263253    0.0791244    0.133616    0.122971    0.0263253    
0.0791145    0.133589    0.122953    0.0263447    0.0791145    0.133589    0.122953    0.0263447    
0.0791027    0.133559    0.122936    0.0263641    0.0791027    0.133559    0.122936    0.0263641    
0.0790892    0.133524    0.122921    0.0263834    0.0790892    0.133524    0.122921    0.0263834    
0.0790741    0.133486    0.122906    0.0264024    0.0790741    0.133486    0.122906    0.0264024    
0.0790576    0.133445    0.122893    0.0264209    0.0790576    0.133445    0.122893    0.0264209    
0.0790401    0.133401    0.122881    0.0264388    0.0790401    0.133401    0.122881    0.0264388    
0.0790216    0.133355    0.122871    0.0264561    0.0790216    0.133355    0.122871    0.0264561    
0.0790023    0.133307    0.122862    0.0264725    0.0790023    0.133307    0.122862    0.0264725    
0.0789824    0.133258    0.122854    0.026488    0.0789824    0.133258    0.122854    0.026488    
0.0789622    0.133209    0.122848    0.0265024    0.0789622    0.133209    0.122848    0.0265024    
0.0789418    0.133159    0.122843    0.0265158    0.0789418    0.133159    0.122843    0.0265158    
0.0789214    0.133109    0.122839    0.026528    0.0789214    0.133109    0.122839    0.026528    
0.0789012    0.13306    0.122837    0.026539    0.0789012    0.13306    0.122837    0.026539    
0.0788812    0.133012    0.122836    0.0265488    0.0788812    0.133012    0.122836    0.0265488    
0.0788618    0.132966    0.122837    0.0265573    0.0788618    0.132966    0.122837    0.0265573    
0.0788429    0.132921    0.122838    0.0265645    0.0788429    0.132921    0.122838    0.0265645    
0.0788248    0.132878    0.122841    0.0265705    0.0788248    0.132878    0.122841    0.0265705    
0.0788075    0.132837    0.122845    0.0265751    0.0788075    0.132837    0.122845    0.0265751    
0.0787911    0.132799    0.122849    0.0265785    0.0787911    0.132799    0.122849    0.0265785    
0.0787759    0.132763    0.122855    0.0265806    0.0787759    0.132763    0.122855    0.0265806    
0.0787617    0.13273    0.122861    0.0265815    0.0787617    0.13273    0.122861    0.0265815    
0.0787488    0.1327    0.122869    0.0265812    0.0787488    0.1327    0.122869    0.0265812    
0.078737    0.132674    0.122877    0.0265799    0.078737    0.132674    0.122877    0.0265799    
0.0787266    0.13265    0.122885    0.0265774    0.0787266    0.13265    0.122885    0.0265774    
0.0787175    0.13263    0.122894    0.026574    0.0787175    0.13263    0.122894    0.026574    
0.0787098    0.132614    0.122903    0.0265696    0.0787098    0.132614    0.122903    0.0265696    
0.0787034    0.1326    0.122913    0.0265644    0.0787034    0.1326    0.122913    0.0265644    
0.0786983    0.13259    0.122922    0.0265584    0.0786983    0.13259    0.122922    0.0265584    
0.0786946    0.132583    0.122932    0.0265517    0.0786946    0.132583    0.122932    0.0265517    
0.0786922    0.132579    0.122942    0.0265444    0.0786922    0.132579    0.122942    0.0265444    
0.078691    0.132579    0.122952    0.0265365    0.078691    0.132579    0.122952    0.0265365    
0.0786911    0.132581    0.122962    0.0265283    0.0786911    0.132581    0.122962    0.0265283    
0.0786923    0.132586    0.122971    0.0265196    0.0786923    0.132586    0.122971    0.0265196    
0.0786947    0.132594    0.12298    0.0265107    0.0786947    0.132594    0.12298    0.0265107    
0.0786981    0.132604    0.122989    0.0265016    0.0786981    0.132604    0.122989    0.0265016    
0.0787025    0.132617    0.122997    0.0264924    0.0787025    0.132617    0.122997    0.0264924    
0.0787078    0.132632    0.123005    0.0264831    0.0787078    0.132632    0.123005    0.0264831    
0.0787139    0.132648    0.123013    0.0264739    0.0787139    0.132648    0.123013    0.0264739    
0.0787208    0.132666    0.12302    0.0264649    0.0787208    0.132666    0.12302    0.0264649    
0.0787283    0.132686    0.123026    0.026456    0.0787283    0.132686    0.123026    0.026456    
0.0787364    0.132707    0.123032    0.0264474    0.0787364    0.132707    0.123032    0.0264474    
0.078745    0.132729    0.123037    0.0264391    0.078745    0.132729    0.123037    0.0264391    
0.078754    0.132752    0.123041    0.0264311    0.078754    0.132752    0.123041    0.0264311    
0.0787632    0.132776    0.123045    0.0264236    0.0787632    0.132776    0.123045    0.0264236    
0.0787727    0.1328    0.123048    0.0264166    0.0787727    0.1328    0.123048    0.0264166    
0.0787822    0.132824    0.12305    0.0264101    0.0787822    0.132824    0.12305    0.0264101    
0.0787919    0.132848    0.123052    0.0264041    0.0787919    0.132848    0.123052    0.0264041    
0.0788014    0.132872    0.123053    0.0263987    0.0788014    0.132872    0.123053    0.0263987    
0.0788109    0.132895    0.123054    0.0263939    0.0788109    0.132895    0.123054    0.0263939    
0.0788201    0.132918    0.123054    0.0263897    0.0788201    0.132918    0.123054    0.0263897    
0.0788291    0.13294    0.123053    0.0263861    0.0788291    0.13294    0.123053    0.0263861    
0.0788378    0.132961    0.123052    0.0263832    0.0788378    0.132961    0.123052    0.0263832    
0.078846    0.132981    0.12305    0.0263809    0.078846    0.132981    0.12305    0.0263809    
0.0788539    0.133    0.123048    0.0263791    0.0788539    0.133    0.123048    0.0263791    
0.0788612    0.133017    0.123045    0.026378    0.0788612    0.133017    0.123045    0.026378    
0.078868    0.133033    0.123042    0.0263775    0.078868    0.133033    0.123042    0.0263775    
0.0788742    0.133048    0.123038    0.0263775    0.0788742    0.133048    0.123038    0.0263775    
0.0788798    0.133061    0.123035    0.0263781    0.0788798    0.133061    0.123035    0.0263781    
0.0788849    0.133073    0.12303    0.0263793    0.0788849    0.133073    0.12303    0.0263793    
0.0788892    0.133083    0.123026    0.0263809    0.0788892    0.133083    0.123026    0.0263809    
0.078893    0.133091    0.123022    0.0263829    0.078893    0.133091    0.123022    0.0263829    
0.0788961    0.133098    0.123017    0.0263854    0.0788961    0.133098    0.123017    0.0263854    
0.0788985    0.133103    0.123012    0.0263882    0.0788985    0.133103    0.123012    0.0263882    
0.0789003    0.133107    0.123008    0.0263914    0.0789003    0.133107    0.123008    0.0263914    
0.0789014    0.133109    0.123003    0.0263949    0.0789014    0.133109    0.123003    0.0263949    
0.078902    0.13311    0.122998    0.0263987    0.078902    0.13311    0.122998    0.0263987    
0.0789019    0.133109    0.122993    0.0264026    0.0789019    0.133109    0.122993    0.0264026    
0.0789013    0.133107    0.122989    0.0264068    0.0789013    0.133107    0.122989    0.0264068    
0.0789001    0.133103    0.122984    0.026411    0.0789001    0.133103    0.122984    0.026411    
0.0788984    0.133098    0.12298    0.0264154    0.0788984    0.133098    0.12298    0.0264154    
0.0788963    0.133092    0.122976    0.0264198    0.0788963    0.133092    0.122976    0.0264198    
0.0788937    0.133085    0.122972    0.0264242    0.0788937    0.133085    0.122972    0.0264242    
0.0788907    0.133078    0.122969    0.0264286    0.0788907    0.133078    0.122969    0.0264286    
0.0788874    0.133069    0.122965    0.026433    0.0788874    0.133069    0.122965    0.026433    
0.0788837    0.13306    0.122962    0.0264372    0.0788837    0.13306    0.122962    0.0264372    
0.0788798    0.13305    0.122959    0.0264413    0.0788798    0.13305    0.122959    0.0264413    
0.0788756    0.133039    0.122957    0.0264453    0.0788756    0.133039    0.122957    0.0264453    
0.0788713    0.133028    0.122955    0.0264491    0.0788713    0.133028    0.122955    0.0264491    
0.0788668    0.133017    0.122953    0.0264527    0.0788668    0.133017    0.122953    0.0264527    
0.0788622    0.133006    0.122952    0.026456    0.0788622    0.133006    0.122952    0.026456    
0.0788576    0.132994    0.12295    0.0264591    0.0788576    0.132994    0.12295    0.0264591    
0.078853    0.132983    0.12295    0.026462    0.078853    0.132983    0.12295    0.026462    
0.0788484    0.132972    0.122949    0.0264646    0.0788484    0.132972    0.122949    0.0264646    
0.0788438    0.132961    0.122949    0.0264669    0.0788438    0.132961    0.122949    0.0264669    
0.0788394    0.13295    0.122949    0.0264689    0.0788394    0.13295    0.122949    0.0264689    
0.078835    0.132939    0.122949    0.0264706    0.078835    0.132939    0.122949    0.0264706    
0.0788309    0.132929    0.12295    0.026472    0.0788309    0.132929    0.12295    0.026472    
0.0788269    0.13292    0.122951    0.0264731    0.0788269    0.13292    0.122951    0.0264731    
0.0788231    0.132911    0.122952    0.0264739    0.0788231    0.132911    0.122952    0.0264739    
0.0788196    0.132903    0.122953    0.0264745    0.0788196    0.132903    0.122953    0.0264745    
0.0788163    0.132895    0.122954    0.0264747    0.0788163    0.132895    0.122954    0.0264747    
0.0788133    0.132888    0.122956    0.0264747    0.0788133    0.132888    0.122956    0.0264747    
0.0788106    0.132882    0.122958    0.0264744    0.0788106    0.132882    0.122958    0.0264744    
0.0788082    0.132876    0.12296    0.0264739    0.0788082    0.132876    0.12296    0.0264739    
0.0788061    0.132871    0.122962    0.0264732    0.0788061    0.132871    0.122962    0.0264732    
0.0788042    0.132867    0.122964    0.0264722    0.0788042    0.132867    0.122964    0.0264722    
0.0788027    0.132864    0.122966    0.026471    0.0788027    0.132864    0.122966    0.026471    
0.0788015    0.132862    0.122968    0.0264697    0.0788015    0.132862    0.122968    0.0264697    
0.0788007    0.13286    0.122971    0.0264682    0.0788007    0.13286    0.122971    0.0264682    
0.0788001    0.132859    0.122973    0.0264665    0.0788001    0.132859    0.122973    0.0264665    
0.0787998    0.132859    0.122975    0.0264647    0.0787998    0.132859    0.122975    0.0264647    
0.0787998    0.132859    0.122977    0.0264629    0.0787998    0.132859    0.122977    0.0264629    
0.0788    0.13286    0.122979    0.0264609    0.0788    0.13286    0.122979    0.0264609    
0.0788005    0.132862    0.122982    0.0264589    0.0788005    0.132862    0.122982    0.0264589    
0.0788013    0.132864    0.122984    0.0264568    0.0788013    0.132864    0.122984    0.0264568    
0.0788023    0.132867    0.122986    0.0264547    0.0788023    0.132867    0.122986    0.0264547    
0.0788035    0.13287    0.122987    0.0264526    0.0788035    0.13287    0.122987    0.0264526    
0.0788049    0.132874    0.122989    0.0264505    0.0788049    0.132874    0.122989    0.0264505    
0.0788065    0.132878    0.122991    0.0264484    0.0788065    0.132878    0.122991    0.0264484    
0.0788082    0.132882    0.122992    0.0264463    0.0788082    0.132882    0.122992    0.0264463    
0.07881    0.132887    0.122993    0.0264444    0.07881    0.132887    0.122993    0.0264444    
0.078812    0.132892    0.122995    0.0264425    0.078812    0.132892    0.122995    0.0264425    
0.078814    0.132897    0.122996    0.0264407    0.078814    0.132897    0.122996    0.0264407    
0.0788161    0.132903    0.122997    0.0264389    0.0788161    0.132903    0.122997    0.0264389    
0.0788183    0.132908    0.122997    0.0264373    0.0788183    0.132908    0.122997    0.0264373    
0.0788205    0.132914    0.122998    0.0264358    0.0788205    0.132914    0.122998    0.0264358    
0.0788227    0.132919    0.122998    0.0264345    0.0788227    0.132919    0.122998    0.0264345    
0.0788249    0.132925    0.122999    0.0264332    0.0788249    0.132925    0.122999    0.0264332    
0.0788271    0.13293    0.122999    0.0264321    0.0788271    0.13293    0.122999    0.0264321    
0.0788292    0.132935    0.122999    0.0264311    0.0788292    0.132935    0.122999    0.0264311    
0.0788312    0.13294    0.122999    0.0264303    0.0788312    0.13294    0.122999    0.0264303    
0.0788332    0.132945    0.122998    0.0264296    0.0788332    0.132945    0.122998    0.0264296    
0.0788351    0.132949    0.122998    0.0264291    0.0788351    0.132949    0.122998    0.0264291    
0.0788369    0.132954    0.122997    0.0264287    0.0788369    0.132954    0.122997    0.0264287    
0.0788386    0.132958    0.122997    0.0264284    0.0788386    0.132958    0.122997    0.0264284    
0.0788402    0.132962    0.122996    0.0264282    0.0788402    0.132962    0.122996    0.0264282    
0.0788416    0.132965    0.122995    0.0264282    0.0788416    0.132965    0.122995    0.0264282    
0.0788429    0.132968    0.122994    0.0264284    0.0788429    0.132968    0.122994    0.0264284    
0.0788441    0.132971    0.122993    0.0264286    0.0788441    0.132971    0.122993    0.0264286    
0.0788451    0.132973    0.122993    0.026429    0.0788451    0.132973    0.122993    0.026429    
0.078846    0.132975    0.122991    0.0264294    0.078846    0.132975    0.122991    0.0264294    
0.0788467    0.132977    0.12299    0.02643    0.0788467    0.132977    0.12299    0.02643    
0.0788473    0.132978    0.122989    0.0264306    0.0788473    0.132978    0.122989    0.0264306    
0.0788477    0.132979    0.122988    0.0264313    0.0788477    0.132979    0.122988    0.0264313    
0.078848    0.132979    0.122987    0.0264321    0.078848    0.132979    0.122987    0.0264321    
0.0788481    0.132979    0.122986    0.026433    0.0788481    0.132979    0.122986    0.026433    
0.0788482    0.132979    0.122985    0.0264339    0.0788482    0.132979    0.122985    0.0264339    
0.078848    0.132979    0.122984    0.0264348    0.078848    0.132979    0.122984    0.0264348    
0.0788478    0.132978    0.122983    0.0264358    0.0788478    0.132978    0.122983    0.0264358    
0.0788474    0.132977    0.122982    0.0264368    0.0788474    0.132977    0.122982    0.0264368    
0.0788469    0.132975    0.122981    0.0264378    0.0788469    0.132975    0.122981    0.0264378    
0.0788464    0.132974    0.12298    0.0264388    0.0788464    0.132974    0.12298    0.0264388    
0.0788457    0.132972    0.122979    0.0264398    0.0788457    0.132972    0.122979    0.0264398    
0.078845    0.13297    0.122979    0.0264408    0.078845    0.13297    0.122979    0.0264408    
0.0788441    0.132968    0.122978    0.0264417    0.0788441    0.132968    0.122978    0.0264417    
0.0788433    0.132966    0.122977    0.0264427    0.0788433    0.132966    0.122977    0.0264427    
0.0788423    0.132963    0.122977    0.0264436    0.0788423    0.132963    0.122977    0.0264436    
0.0788413    0.132961    0.122976    0.0264445    0.0788413    0.132961    0.122976    0.0264445    
0.0788403    0.132958    0.122976    0.0264453    0.0788403    0.132958    0.122976    0.0264453    
0.0788393    0.132956    0.122975    0.0264461    0.0788393    0.132956    0.122975    0.0264461    
0.0788382    0.132953    0.122975    0.0264468    0.0788382    0.132953    0.122975    0.0264468    
0.0788372    0.132951    0.122975    0.0264474    0.0788372    0.132951    0.122975    0.0264474    
0.0788361    0.132948    0.122975    0.026448    0.0788361    0.132948    0.122975    0.026448    
0.0788351    0.132946    0.122975    0.0264486    0.0788351    0.132946    0.122975    0.0264486    
0.0788341    0.132943    0.122975    0.026449    0.0788341    0.132943    0.122975    0.026449    
0.0788331    0.132941    0.122975    0.0264494    0.0788331    0.132941    0.122975    0.0264494    
0.0788321    0.132938    0.122975    0.0264498    0.0788321    0.132938    0.122975    0.0264498    
0.0788312    0.132936    0.122975    0.02645    0.0788312    0.132936    0.122975    0.02645    
0.0788303    0.132934    0.122975    0.0264502    0.0788303    0.132934    0.122975    0.0264502    
0.0788295    0.132932    0.122976    0.0264504    0.0788295    0.132932    0.122976    0.0264504    
0.0788288    0.13293    0.122976    0.0264504    0.0788288    0.13293    0.122976    0.0264504    
0.0788281    0.132929    0.122976    0.0264504    0.0788281    0.132929    0.122976    0.0264504    
0.0788275    0.132927    0.122977    0.0264504    0.0788275    0.132927    0.122977    0.0264504    
0.0788269    0.132926    0.122977    0.0264503    0.0788269    0.132926    0.122977    0.0264503    
0.0788264    0.132925    0.122978    0.0264501    0.0788264    0.132925    0.122978    0.0264501    
0.078826    0.132924    0.122978    0.0264499    0.078826    0.132924    0.122978    0.0264499    
0.0788256    0.132923    0.122979    0.0264496    0.0788256    0.132923    0.122979    0.0264496    
0.0788253    0.132923    0.122979    0.0264493    0.0788253    0.132923    0.122979    0.0264493    
0.0788251    0.132922    0.12298    0.026449    0.0788251    0.132922    0.12298    0.026449    
0.078825    0.132922    0.12298    0.0264486    0.078825    0.132922    0.12298    0.0264486    
0.0788249    0.132922    0.122981    0.0264482    0.0788249    0.132922    0.122981    0.0264482    
0.0788249    0.132922    0.122981    0.0264478    0.0788249    0.132922    0.122981    0.0264478    
0.078825    0.132922    0.122982    0.0264473    0.078825    0.132922    0.122982    0.0264473    
0.0788251    0.132922    0.122982    0.0264469    0.0788251    0.132922    0.122982    0.0264469    
0.0788252    0.132923    0.122983    0.0264464    0.0788252    0.132923    0.122983    0.0264464    
0.0788255    0.132924    0.122983    0.0264459    0.0788255    0.132924    0.122983    0.0264459    
0.0788257    0.132924    0.122984    0.0264454    0.0788257    0.132924    0.122984    0.0264454    
0.078826    0.132925    0.122984    0.026445    0.078826    0.132925    0.122984    0.026445    
0.0788264    0.132926    0.122984    0.0264445    0.0788264    0.132926    0.122984    0.0264445    
0.0788268    0.132927    0.122985    0.026444    0.0788268    0.132927    0.122985    0.026444    
0.0788272    0.132928    0.122985    0.0264436    0.0788272    0.132928    0.122985    0.0264436    
0.0788276    0.132929    0.122985    0.0264431    0.0788276    0.132929    0.122985    0.0264431    
0.0788281    0.132931    0.122985    0.0264427    0.0788281    0.132931    0.122985    0.0264427    
0.0788286    0.132932    0.122986    0.0264423    0.0788286    0.132932    0.122986    0.0264423    
0.0788291    0.132933    0.122986    0.026442    0.0788291    0.132933    0.122986    0.026442    
0.0788296    0.132934    0.122986    0.0264416    0.0788296    0.132934    0.122986    0.0264416    
0.0788301    0.132935    0.122986    0.0264413    0.0788301    0.132935    0.122986    0.0264413    
0.0788306    0.132937    0.122986    0.026441    0.0788306    0.132937    0.122986    0.026441    
0.0788311    0.132938    0.122986    0.0264407    0.0788311    0.132938    0.122986    0.0264407    
0.0788316    0.132939    0.122986    0.0264405    0.0788316    0.132939    0.122986    0.0264405    
0.0788321    0.13294    0.122986    0.0264403    0.0788321    0.13294    0.122986    0.0264403    
0.0788325    0.132941    0.122986    0.0264402    0.0788325    0.132941    0.122986    0.0264402    
0.0788329    0.132942    0.122986    0.02644    0.0788329    0.132942    0.122986    0.02644    
0.0788334    0.132943    0.122986    0.0264399    0.0788334    0.132943    0.122986    0.0264399    
0.0788337    0.132944    0.122986    0.0264399    0.0788337    0.132944    0.122986    0.0264399    
0.0788341    0.132945    0.122986    0.0264398    0.0788341    0.132945    0.122986    0.0264398    
0.0788344    0.132946    0.122985    0.0264398    0.0788344    0.132946    0.122985    0.0264398    
0.0788347    0.132947    0.122985    0.0264399    0.0788347    0.132947    0.122985    0.0264399    
0.078835    0.132947    0.122985    0.0264399    0.078835    0.132947    0.122985    0.0264399    
0.0788353    0.132948    0.122985    0.02644    0.0788353    0.132948    0.122985    0.02644    
0.0788355    0.132948    0.122985    0.0264401    0.0788355    0.132948    0.122985    0.0264401    
0.0788356    0.132949    0.122984    0.0264402    0.0788356    0.132949    0.122984    0.0264402    
0.0788358    0.132949    0.122984    0.0264404    0.0788358    0.132949    0.122984    0.0264404    
0.0788359    0.132949    0.122984    0.0264405    0.0788359    0.132949    0.122984    0.0264405    
0.0788359    0.132949    0.122984    0.0264407    0.0788359    0.132949    0.122984    0.0264407    
0.078836    0.132949    0.122983    0.0264409    0.078836    0.132949    0.122983    0.0264409    
0.078836    0.132949    0.122983    0.0264411    0.078836    0.132949    0.122983    0.0264411    
0.078836    0.132949    0.122983    0.0264413    0.078836    0.132949    0.122983    0.0264413    
0.0788359    0.132949    0.122983    0.0264415    0.0788359    0.132949    0.122983    0.0264415    
0.0788358    0.132949    0.122982    0.0264417    0.0788358    0.132949    0.122982    0.0264417    
0.0788357    0.132948    0.122982    0.026442    0.0788357    0.132948    0.122982    0.026442    
0.0788356    0.132948    0.122982    0.0264422    0.0788356    0.132948    0.122982    0.0264422    
0.0788354    0.132948    0.122982    0.0264424    0.0788354    0.132948    0.122982    0.0264424    
0.0788353    0.132947    0.122982    0.0264427    0.0788353    0.132947    0.122982    0.0264427    
0.0788351    0.132947    0.122981    0.0264429    0.0788351    0.132947    0.122981    0.0264429    
0.0788349    0.132946    0.122981    0.0264431    0.0788349    0.132946    0.122981    0.0264431    
0.0788347    0.132946    0.122981    0.0264433    0.0788347    0.132946    0.122981    0.0264433    
0.0788345    0.132945    0.122981    0.0264435    0.0788345    0.132945    0.122981    0.0264435    
0.0788342    0.132945    0.122981    0.0264437    0.0788342    0.132945    0.122981    0.0264437    
0.078834    0.132944    0.122981    0.0264439    0.078834    0.132944    0.122981    0.0264439    
0.0788338    0.132943    0.122981    0.026444    0.0788338    0.132943    0.122981    0.026444    
0.0788335    0.132943    0.122981    0.0264442    0.0788335    0.132943    0.122981    0.0264442    
0.0788333    0.132942    0.122981    0.0264443    0.0788333    0.132942    0.122981    0.0264443    
0.078833    0.132942    0.122981    0.0264445    0.078833    0.132942    0.122981    0.0264445    
0.0788328    0.132941    0.122981    0.0264446    0.0788328    0.132941    0.122981    0.0264446    
0.0788326    0.132941    0.122981    0.0264447    0.0788326    0.132941    0.122981    0.0264447    
0.0788324    0.13294    0.122981    0.0264447    0.0788324    0.13294    0.122981    0.0264447    
0.0788321    0.13294    0.122981    0.0264448    0.0788321    0.13294    0.122981    0.0264448    
0.0788319    0.132939    0.122981    0.0264448    0.0788319    0.132939    0.122981    0.0264448    
0.0788318    0.132939    0.122981    0.0264449    0.0788318    0.132939    0.122981    0.0264449    
0.0788316    0.132938    0.122981    0.0264449    0.0788316    0.132938    0.122981    0.0264449    
0.0788314    0.132938    0.122981    0.0264449    0.0788314    0.132938    0.122981    0.0264449    
0.0788313    0.132937    0.122981    0.0264449    0.0788313    0.132937    0.122981    0.0264449    
0.0788312    0.132937    0.122981    0.0264449    0.0788312    0.132937    0.122981    0.0264449    
0.078831    0.132937    0.122981    0.0264448    0.078831    0.132937    0.122981    0.0264448    
0.0788309    0.132937    0.122981    0.0264448    0.0788309    0.132937    0.122981    0.0264448    
0.0788309    0.132937    0.122982    0.0264447    0.0788309    0.132937    0.122982    0.0264447    
0.0788308    0.132936    0.122982    0.0264447    0.0788308    0.132936    0.122982    0.0264447    
0.0788307    0.132936    0.122982    0.0264446    0.0788307    0.132936    0.122982    0.0264446    
0.0788307    0.132936    0.122982    0.0264445    0.0788307    0.132936    0.122982    0.0264445    
0.0788307    0.132936    0.122982    0.0264444    0.0788307    0.132936    0.122982    0.0264444    
0.0788307    0.132936    0.122982    0.0264443    0.0788307    0.132936    0.122982    0.0264443    
0.0788307    0.132936    0.122982    0.0264442    0.0788307    0.132936    0.122982    0.0264442    
0.0788307    0.132936    0.122982    0.0264441    0.0788307    0.132936    0.122982    0.0264441    
0.0788308    0.132936    0.122983    0.026444    0.0788308    0.132936    0.122983    0.026444    
0.0788308    0.132937    0.122983    0.0264439    0.0788308    0.132937    0.122983    0.0264439    
0.0788309    0.132937    0.122983    0.0264438    0.0788309    0.132937    0.122983    0.0264438    
0.0788309    0.132937    0.122983    0.0264437    0.0788309    0.132937    0.122983    0.0264437    
0.078831    0.132937    0.122983    0.0264436    0.078831    0.132937    0.122983    0.0264436    
0.0788311    0.132937    0.122983    0.0264435    0.0788311    0.132937    0.122983    0.0264435    
0.0788312    0.132938    0.122983    0.0264433    0.0788312    0.132938    0.122983    0.0264433    
0.0788313    0.132938    0.122983    0.0264432    0.0788313    0.132938    0.122983    0.0264432    
0.0788314    0.132938    0.122983    0.0264432    0.0788314    0.132938    0.122983    0.0264432    
0.0788315    0.132938    0.122983    0.0264431    0.0788315    0.132938    0.122983    0.0264431    
0.0788316    0.132939    0.122983    0.026443    0.0788316    0.132939    0.122983    0.026443    
0.0788317    0.132939    0.122983    0.0264429    0.0788317    0.132939    0.122983    0.0264429    
0.0788319    0.132939    0.122983    0.0264428    0.0788319    0.132939    0.122983    0.0264428    
0.078832    0.13294    0.122983    0.0264428    0.078832    0.13294    0.122983    0.0264428    
0.0788321    0.13294    0.122983    0.0264427    0.0788321    0.13294    0.122983    0.0264427    
0.0788322    0.13294    0.122983    0.0264426    0.0788322    0.13294    0.122983    0.0264426    
0.0788323    0.13294    0.122983    0.0264426    0.0788323    0.13294    0.122983    0.0264426    
0.0788324    0.132941    0.122983    0.0264426    0.0788324    0.132941    0.122983    0.0264426    
0.0788325    0.132941    0.122983    0.0264425    0.0788325    0.132941    0.122983    0.0264425    
0.0788326    0.132941    0.122983    0.0264425    0.0788326    0.132941    0.122983    0.0264425    
0.0788327    0.132941    0.122983    0.0264425    0.0788327    0.132941    0.122983    0.0264425    
0.0788328    0.132941    0.122983    0.0264425    0.0788328    0.132941    0.122983    0.0264425    
0.0788328    0.132942    0.122983    0.0264425    0.0788328    0.132942    0.122983    0.0264425    
0.0788329    0.132942    0.122983    0.0264425    0.0788329    0.132942    0.122983    0.0264425    
0.078833    0.132942    0.122983    0.0264425    0.078833    0.132942    0.122983    0.0264425    
0.078833    0.132942    0.122983    0.0264425    0.078833    0.132942    0.122983    0.0264425    
0.0788331    0.132942    0.122983    0.0264425    0.0788331    0.132942    0.122983    0.0264425    
0.0788331    0.132942    0.122983    0.0264426    0.0788331    0.132942    0.122983    0.0264426    
0.0788332    0.132942    0.122983    0.0264426    0.0788332    0.132942    0.122983    0.0264426    
0.0788332    0.132942    0.122983    0.0264426    0.0788332    0.132942    0.122983    0.0264426    
0.0788332    0.132942    0.122983    0.0264427    0.0788332    0.132942    0.122983    0.0264427    
0.0788332    0.132942    0.122983    0.0264427    0.0788332    0.132942    0.122983    0.0264427    
0.0788332    0.132942    0.122983    0.0264428    0.0788332    0.132942    0.122983    0.0264428    
0.0788332    0.132942    0.122983    0.0264428    0.0788332    0.132942    0.122983    0.0264428    
0.0788332    0.132942    0.122983    0.0264429    0.0788332    0.132942    0.122983    0.0264429    
0.0788332    0.132942    0.122982    0.0264429    0.0788332    0.132942    0.122982    0.0264429    
0.0788332    0.132942    0.122982    0.026443    0.0788332    0.132942    0.122982    0.026443    
0.0788331    0.132942    0.122982    0.026443    0.0788331    0.132942    0.122982    0.026443    
0.0788331    0.132942    0.122982    0.0264431    0.0788331    0.132942    0.122982    0.0264431    
0.0788331    0.132942    0.122982    0.0264431    0.0788331    0.132942    0.122982    0.0264431    
0.078833    0.132942    0.122982    0.0264432    0.078833    0.132942    0.122982    0.0264432    
0.078833    0.132942    0.122982    0.0264432    0.078833    0.132942    0.122982    0.0264432    
0.0788329    0.132942    0.122982    0.0264433    0.0788329    0.132942    0.122982    0.0264433    
0.0788329    0.132942    0.122982    0.0264433    0.0788329    0.132942    0.122982    0.0264433    
0.0788328    0.132941    0.122982    0.0264434    0.0788328    0.132941    0.122982    0.0264434    
0.0788328    0.132941    0.122982    0.0264434    0.0788328    0.132941    0.122982    0.0264434    
0.0788327    0.132941    0.122982    0.0264434    0.0788327    0.132941    0.122982    0.0264434    
0.0788327    0.132941    0.122982    0.0264435    0.0788327    0.132941    0.122982    0.0264435    
0.0788326    0.132941    0.122982    0.0264435    0.0788326    0.132941    0.122982    0.0264435    
0.0788325    0.132941    0.122982    0.0264435    0.0788325    0.132941    0.122982    0.0264435    
0.0788325    0.132941    0.122982    0.0264436    0.0788325    0.132941    0.122982    0.0264436    
0.0788324    0.13294    0.122982    0.0264436    0.0788324    0.13294    0.122982    0.0264436    
0.0788324    0.13294    0.122982    0.0264436    0.0788324    0.13294    0.122982    0.0264436    
0.0788323    0.13294    0.122982    0.0264436    0.0788323    0.13294    0.122982    0.0264436    
0.0788323    0.13294    0.122982    0.0264436    0.0788323    0.13294    0.122982    0.0264436    
0.0788323    0.13294    0.122982    0.0264436    0.0788323    0.13294    0.122982    0.0264436    
0.0788322    0.13294    0.122982    0.0264436    0.0788322    0.13294    0.122982    0.0264436    
0.0788322    0.13294    0.122982    0.0264436    0.0788322    0.13294    0.122982    0.0264436    
0.0788321    0.13294    0.122982    0.0264436    0.0788321    0.13294    0.122982    0.0264436    
0.0788321    0.13294    0.122982    0.0264436    0.0788321    0.13294    0.122982    0.0264436    
0.0788321    0.13294    0.122982    0.0264436    0.0788321    0.13294    0.122982    0.0264436    
0.0788321    0.13294    0.122982    0.0264436    0.0788321    0.13294    0.122982    0.0264436    
0.078832    0.13294    0.122982    0.0264436    0.078832    0.13294    0.122982    0.0264436    
0.078832    0.13294    0.122982    0.0264436    0.078832    0.13294    0.122982    0.0264436    
0.078832    0.132939    0.122982    0.0264436    0.078832    0.132939    0.122982    0.0264436    
0.078832    0.132939    0.122982    0.0264435    0.078832    0.132939    0.122982    0.0264435    
0.078832    0.132939    0.122982    0.0264435    0.078832    0.132939    0.122982    0.0264435    
0.078832    0.132939    0.122982    0.0264435    0.078832    0.132939    0.122982    0.0264435    
0.078832    0.132939    0.122982    0.0264435    0.078832    0.132939    0.122982    0.0264435    
0.078832    0.132939    0.122982    0.0264435    0.078832    0.132939    0.122982    0.0264435    
0.078832    0.13294    0.122982    0.0264434    0.078832    0.13294    0.122982    0.0264434    
0.078832    0.13294    0.122982    0.0264434    0.078832    0.13294    0.122982    0.0264434    
0.078832    0.13294    0.122983    0.0264434    0.078832    0.13294    0.122983    0.0264434    
0.0788321    0.13294    0.122983    0.0264434    0.0788321    0.13294    0.122983    0.0264434    
0.0788321    0.13294    0.122983    0.0264433    0.0788321    0.13294    0.122983    0.0264433    
0.0788321    0.13294    0.122983    0.0264433    0.0788321    0.13294    0.122983    0.0264433    
0.0788321    0.13294    0.122983    0.0264433    0.0788321    0.13294    0.122983    0.0264433    
0.0788321    0.13294    0.122983    0.0264433    0.0788321    0.13294    0.122983    0.0264433    
0.0788322    0.13294    0.122983    0.0264432    0.0788322    0.13294    0.122983    0.0264432    
0.0788322    0.13294    0.122983    0.0264432    0.0788322    0.13294    0.122983    0.0264432    
0.0788322    0.13294    0.122983    0.0264432    0.0788322    0.13294    0.122983    0.0264432    
0.0788322    0.13294    0.122983    0.0264432    0.0788322    0.13294    0.122983    0.0264432    
0.0788323    0.13294    0.122983    0.0264432    0.0788323    0.13294    0.122983    0.0264432    
0.0788323    0.13294    0.122983    0.0264431    0.0788323    0.13294    0.122983    0.0264431    
0.0788323    0.13294    0.122983    0.0264431    0.0788323    0.13294    0.122983    0.0264431    
0.0788323    0.13294    0.122983    0.0264431    0.0788323    0.13294    0.122983    0.0264431    
0.0788324    0.13294    0.122983    0.0264431    0.0788324    0.13294    0.122983    0.0264431    
0.0788324    0.13294    0.122983    0.0264431    0.0788324    0.13294    0.122983    0.0264431    
0.0788324    0.132941    0.122983    0.0264431    0.0788324    0.132941    0.122983    0.0264431    
0.0788324    0.132941    0.122983    0.0264431    0.0788324    0.132941    0.122983    0.0264431    
0.0788325    0.132941    0.122983    0.0264431    0.0788325    0.132941    0.122983    0.0264431    
0.0788325    0.132941    0.122983    0.0264431    0.0788325    0.132941    0.122983    0.0264431    
0.0788325    0.132941    0.122983    0.0264431    0.0788325    0.132941    0.122983    0.0264431    
0.0788325    0.132941    0.122983    0.0264431    0.0788325    0.132941    0.122983    0.0264431    
0.0788325    0.132941    0.122983    0.0264431    0.0788325    0.132941    0.122983    0.0264431    
0.0788325    0.132941    0.122983    0.0264431    0.0788325    0.132941    0.122983    0.0264431    
0.0788325    0.132941    0.122983    0.0264431    0.0788325    0.132941    0.122983    0.0264431    
0.0788326    0.132941    0.122983    0.0264431    0.0788326    0.132941    0.122983    0.0264431    
0.0788326    0.132941    0.122983    0.0264431    0.0788326    0.132941    0.122983    0.0264431    
0.0788326    0.132941    0.122983    0.0264431    0.0788326    0.132941    0.122983    0.0264431    
0.0788326    0.132941    0.122983    0.0264431    0.0788326    0.132941    0.122983    0.0264431    
0.0788326    0.132941    0.122983    0.0264431    0.0788326    0.132941    0.122983    0.0264431    
0.0788326    0.132941    0.122983    0.0264431    0.0788326    0.132941    0.122983    0.0264431    
0.0788326    0.132941    0.122982    0.0264432    0.0788326    0.132941    0.122982    0.0264432    
0.0788326    0.132941    0.122982    0.0264432    0.0788326    0.132941    0.122982    0.0264432    
0.0788326    0.132941    0.122982    0.0264432    0.0788326    0.132941    0.122982    0.0264432    
0.0788326    0.132941    0.122982    0.0264432    0.0788326    0.132941    0.122982    0.0264432    
0.0788326    0.132941    0.122982    0.0264432    0.0788326    0.132941    0.122982    0.0264432    
0.0788326    0.132941    0.122982    0.0264432    0.0788326    0.132941    0.122982    0.0264432    
0.0788325    0.132941    0.122982    0.0264432    0.0788325    0.132941    0.122982    0.0264432    
0.0788325    0.132941    0.122982    0.0264432    0.0788325    0.132941    0.122982    0.0264432    
0.0788325    0.132941    0.122982    0.0264433    0.0788325    0.132941    0.122982    0.0264433    
0.0788325    0.132941    0.122982    0.0264433    0.0788325    0.132941    0.122982    0.0264433    
0.0788325    0.132941    0.122982    0.0264433    0.0788325    0.132941    0.122982    0.0264433    
0.0788325    0.132941    0.122982    0.0264433    0.0788325    0.132941    0.122982    0.0264433    
0.0788325    0.132941    0.122982    0.0264433    0.0788325    0.132941    0.122982    0.0264433    
0.0788325    0.132941    0.122982    0.0264433    0.0788325    0.132941    0.122982    0.0264433    
0.0788325    0.132941    0.122982    0.0264433    0.0788325    0.132941    0.122982    0.0264433    
0.0788324    0.132941    0.122982    0.0264433    0.0788324    0.132941    0.122982    0.0264433    
0.0788324    0.132941    0.122982    0.0264433    0.0788324    0.132941    0.122982    0.0264433    
0.0788324    0.13294    0.122982    0.0264433    0.0788324    0.13294    0.122982    0.0264433    
0.0788324    0.13294    0.122982    0.0264433    0.0788324    0.13294    0.122982    0.0264433    
0.0788324    0.13294    0.122982    0.0264433    0.0788324    0.13294    0.122982    0.0264433    
0.0788324    0.13294    0.122982    0.0264433    0.0788324    0.13294    0.122982    0.0264433    
0.0788324    0.13294    0.122982    0.0264433    0.0788324    0.13294    0.122982    0.0264433    
0.0788324    0.13294    0.122982    0.0264433    0.0788324    0.13294    0.122982    0.0264433    
0.0788324    0.13294    0.122982    0.0264433    0.0788324    0.13294    0.122982    0.0264433    
0.0788323    0.13294    0.122982    0.0264433    0.0788323    0.13294    0.122982    0.0264433    
0.0788323    0.13294    0.122982    0.0264433    0.0788323    0.13294    0.122982    0.0264433    
0.0788323    0.13294    0.122982    0.0264433    0.0788323    0.13294    0.122982    0.0264433    
0.0788323    0.13294    0.122982    0.0264433    0.0788323    0.13294    0.122982    0.0264433    
0.0788323    0.13294    0.122982    0.0264433    0.0788323    0.13294    0.122982    0.0264433    
0.0788323    0.13294    0.122982    0.0264433    0.0788323    0.13294    0.122982    0.0264433    
0.0788323    0.13294    0.122982    0.0264433    0.0788323    0.13294    0.122982    0.0264433    
0.0788323    0.13294    0.122982    0.0264433    0.0788323    0.13294    0.122982    0.0264433    
0.0788323    0.13294    0.122982    0.0264433    0.0788323    0.13294    0.122982    0.0264433    
0.0788323    0.13294    0.122982    0.0264433    0.0788323    0.13294    0.122982    0.0264433    
0.0788323    0.13294    0.122982    0.0264433    0.0788323    0.13294    0.122982    0.0264433    
0.0788323    0.13294    0.122982    0.0264433    0.0788323    0.13294    0.122982    0.0264433    
0.0788323    0.13294    0.122982    0.0264433    0.0788323    0.13294    0.122982    0.0264433    
0.0788323    0.13294    0.122982    0.0264433    0.0788323    0.13294    0.122982    0.0264433    
0.0788323    0.13294    0.122982    0.0264433    0.0788323    0.13294    0.122982    0.0264433    
0.0788323    0.13294    0.122982    0.0264433    0.0788323    0.13294    0.122982    0.0264433    
0.0788323    0.13294    0.122982    0.0264433    0.0788323    0.13294    0.122982    0.0264433    
0.0788323    0.13294    0.122982    0.0264433    0.0788323    0.13294    0.122982    0.0264433    
0.0788323    0.13294    0.122982    0.0264433    0.0788323    0.13294    0.122982    0.0264433    
0.0788323    0.13294    0.122982    0.0264433    0.0788323    0.13294    0.122982    0.0264433    
0.0788323    0.13294    0.122983    0.0264433    0.0788323    0.13294    0.122983    0.0264433    
0.0788323    0.13294    0.122983    0.0264433    0.0788323    0.13294    0.122983    0.0264433    
0.0788323    0.13294    0.122983    0.0264433    0.0788323    0.13294    0.122983    0.0264433    
0.0788323    0.13294    0.122983    0.0264432    0.0788323    0.13294    0.122983    0.0264432    
0.0788324    0.13294    0.122983    0.0264432    0.0788324    0.13294    0.122983    0.0264432    
0.0788324    0.13294    0.122983    0.0264432    0.0788324    0.13294    0.122983    0.0264432    
0.0788324    0.13294    0.122983    0.0264432    0.0788324    0.13294    0.122983    0.0264432    
0.0788324    0.13294    0.122983    0.0264432    0.0788324    0.13294    0.122983    0.0264432    
0.0788324    0.13294    0.122983    0.0264432    0.0788324    0.13294    0.122983    0.0264432    
0.0788324    0.13294    0.122983    0.0264432    0.0788324    0.13294    0.122983    0.0264432    
0.0788324    0.13294    0.122983    0.0264432    0.0788324    0.13294    0.122983    0.0264432    
0.0788324    0.13294    0.122983    0.0264432    0.0788324    0.13294    0.122983    0.0264432    
0.0788324    0.13294    0.122983    0.0264432    0.0788324    0.13294    0.122983    0.0264432    
0.0788324    0.13294    0.122983    0.0264432    0.0788324    0.13294    0.122983    0.0264432    
0.0788324    0.13294    0.122983    0.0264432    0.0788324    0.13294    0.122983    0.0264432    
0.0788324    0.13294    0.122983    0.0264432    0.0788324    0.13294    0.122983    0.0264432    
0.0788324    0.132941    0.122983    0.0264432    0.0788324    0.132941    0.122983    0.0264432    
0.0788324    0.132941    0.122983    0.0264432    0.0788324    0.132941    0.122983    0.0264432    
0.0788324    0.132941    0.122983    0.0264432    0.0788324    0.132941    0.122983    0.0264432    
0.0788324    0.132941    0.122982    0.0264432    0.0788324    0.132941    0.122982    0.0264432    
0.0788324    0.132941    0.122982    0.0264432    0.0788324    0.132941    0.122982    0.0264432    
0.0788324    0.132941    0.122982    0.0264432    0.0788324    0.132941    0.122982    0.0264432    
0.0788324    0.132941    0.122982    0.0264432    0.0788324    0.132941    0.122982    0.0264432    
0.0788324    0.132941    0.122982    0.0264432    0.0788324    0.132941    0.122982    0.0264432    
0.0788324    0.132941    0.122982    0.0264432    0.0788324    0.132941    0.122982    0.0264432    
0.0788324    0.132941    0.122982    0.0264432    0.0788324    0.132941    0.122982    0.0264432    
0.0788324    0.132941    0.122982    0.0264432    0.0788324    0.132941    0.122982    0.0264432    
0.0788324    0.132941    0.122982    0.0264432    0.0788324    0.132941    0.122982    0.0264432    
0.0788324    0.132941    0.122982    0.0264432    0.0788324    0.132941    0.122982    0.0264432    
0.0788324    0.132941    0.122982    0.0264432    0.0788324    0.132941    0.122982    0.0264432    
0.0788324    0.132941    0.122982    0.0264433    0.0788324    0.132941    0.122982    0.0264433    
0.0788324    0.132941    0.122982    0.0264433    0.0788324    0.132941    0.122982    0.0264433    
0.0788324    0.132941    0.122982    0.0264433    0.0788324    0.132941    0.122982    0.0264433    
0.0788324    0.132941    0.122982    0.0264433    0.0788324    0.132941    0.122982    0.0264433    
0.0788324    0.132941    0.122982    0.0264433    0.0788324    0.132941    0.122982    0.0264433    
0.0788324    0.132941    0.122982    0.0264433    0.0788324    0.132941    0.122982    0.0264433    
0.0788324    0.13294    0.122982    0.0264433    0.0788324    0.13294    0.122982    0.0264433    
0.0788324    0.13294    0.122982    0.0264433    0.0788324    0.13294    0.122982    0.0264433    
0.0788324    0.13294    0.122982    0.0264433    0.0788324    0.13294    0.122982    0.0264433    
0.0788324    0.13294    0.122982    0.0264433    0.0788324    0.13294    0.122982    0.0264433    
0.0788324    0.13294    0.122982    0.0264433    0.0788324    0.13294    0.122982    0.0264433    
0.0788324    0.13294    0.122982    0.0264433    0.0788324    0.13294    0.122982    0.0264433    
0.0788324    0.13294    0.122982    0.0264433    0.0788324    0.13294    0.122982    0.0264433    
0.0788324    0.13294    0.122982    0.0264433    0.0788324    0.13294    0.122982    0.0264433    
0.0788324    0.13294    0.122982    0.0264433    0.0788324    0.13294    0.122982    0.0264433    
0.0788324    0.13294    0.122982    0.0264433    0.0788324    0.13294    0.122982    0.0264433    
0.0788324    0.13294    0.122982    0.0264433    0.0788324    0.13294    0.122982    0.0264433    
0.0788324    0.13294    0.122982    0.0264433    0.0788324    0.13294    0.122982    0.0264433    
0.0788324    0.13294    0.122982    0.0264433    0.0788324    0.13294    0.122982    0.0264433    
0.0788324    0.13294    0.122982    0.0264433    0.0788324    0.13294    0.122982    0.0264433    
0.0788324    0.13294    0.122982    0.0264433    0.0788324    0.13294    0.122982    0.0264433    
0.0788324    0.13294    0.122982    0.0264433    0.0788324    0.13294    0.122982    0.0264433    
0.0788324    0.13294    0.122982    0.0264433    0.0788324    0.13294    0.122982    0.0264433    
0.0788324    0.13294    0.122982    0.0264433    0.0788324    0.13294    0.122982    0.0264433    
0.0788324    0.13294    0.122982    0.0264433    0.0788324    0.13294    0.122982    0.0264433    
0.0788324    0.13294    0.122982    0.0264433    0.0788324    0.13294    0.122982    0.0264433    
0.0788324    0.13294    0.122982    0.0264433    0.0788324    0.13294    0.122982    0.0264433    
0.0788324    0.13294    0.122982    0.0264433    0.0788324    0.13294    0.122982    0.0264433    
0.0788324    0.13294    0.122982    0.0264433    0.0788324    0.13294    0.122982    0.0264433    
0.0788324    0.13294    0.122982    0.0264433    0.0788324    0.13294    0.122982    0.0264433    
0.0788324    0.13294    0.122982    0.0264433    0.0788324    0.13294    0.122982    0.0264433    
0.0788324    0.13294    0.122982    0.0264433    0.0788324    0.13294    0.122982    0.0264433    
0.0788324    0.13294    0.122982    0.0264433    0.0788324    0.13294    0.122982    0.0264433    
0.0788324    0.13294    0.122982    0.0264433    0.0788324    0.13294    0.122982    0.0264433    
0.0788324    0.13294    0.122982    0.0264433    0.0788324    0.13294    0.122982    0.0264433    
0.0788324    0.13294    0.122982    0.0264433    0.0788324    0.13294    0.122982    0.0264433    
0.0788324    0.13294    0.122982    0.0264433    0.0788324    0.13294    0.122982    0.0264433    
0.0788324    0.13294    0.122982    0.0264433    0.0788324    0.13294    0.122982    0.0264433    
0.0788324    0.13294    0.122982    0.0264433    0.0788324    0.13294    0.122982    0.0264433    
0.0788324    0.13294    0.122982    0.0264433    0.0788324    0.13294    0.122982    0.0264433    
0.0788324    0.13294    0.122982    0.0264433    0.0788324    0.13294    0.122982    0.0264433    
0.0788324    0.13294    0.122982    0.0264433    0.0788324    0.13294    0.122982    0.0264433    
0.0788324    0.13294    0.122982    0.0264433    0.0788324    0.13294    0.122982    0.0264433    
0.0788324    0.13294    0.122982    0.0264433    0.0788324    0.13294    0.122982    0.0264433    
0.0788324    0.13294    0.122982    0.0264433    0.0788324    0.13294    0.122982    0.0264433    
0.0788324    0.13294    0.122982    0.0264433    0.0788324    0.13294    0.122982    0.0264433    
0.0788324    0.13294    0.122982    0.0264433    0.0788324    0.13294    0.122982    0.0264433    
0.0788324    0.13294    0.122982    0.0264433    0.0788324    0.13294    0.122982    0.0264433    
0.0788324    0.13294    0.122982    0.0264433    0.0788324    0.13294    0.122982    0.0264433    
0.0788324    0.13294    0.122982    0.0264433    0.0788324    0.13294    0.122982    0.0264433    
0.0788324    0.13294    0.122982    0.0264433    0.0788324    0.13294    0.122982    0.0264433    
0.0788324    0.13294    0.122982    0.0264433    0.0788324    0.13294    0.122982    0.0264433    
0.0788324    0.13294    0.122982    0.0264433    0.0788324    0.13294    0.122982    0.0264433    
0.0788324    0.13294    0.122982    0.0264433    0.0788324    0.13294    0.122982    0.0264433    
0.0788324    0.13294    0.122982    0.0264433    0.0788324    0.13294    0.122982    0.0264433    
0.0788324    0.13294    0.122982    0.0264433    0.0788324    0.13294    0.122982    0.0264433    
0.0788324    0.13294    0.122982    0.0264433    0.0788324    0.13294    0.122982    0.0264433    
0.0788324    0.13294    0.122982    0.0264433    0.0788324    0.13294    0.122982    0.0264433    
0.0788324    0.13294    0.122982    0.0264433    0.0788324    0.13294    0.122982    0.0264433    
0.0788324    0.13294    0.122982    0.0264433    0.0788324    0.13294    0.122982    0.0264433    
0.0788324    0.13294    0.122982    0.0264433    0.0788324    0.13294    0.122982    0.0264433    
0.0788324    0.13294    0.122982    0.0264433    0.0788324    0.13294    0.122982    0.0264433    
0.0788324    0.13294    0.122982    0.0264433    0.0788324    0.13294    0.122982    0.0264433    
0.0788324    0.13294    0.122982    0.0264433    0.0788324    0.13294    0.122982    0.0264433    
0.0788324    0.13294    0.122982    0.0264433    0.0788324    0.13294    0.122982    0.0264433    
0.0788324    0.13294    0.122982    0.0264433    0.0788324    0.13294    0.122982    0.0264433    
0.0788324    0.13294    0.122982    0.0264433    0.0788324    0.13294    0.122982    0.0264433    
0.0788324    0.13294    0.122982    0.0264433    0.0788324    0.13294    0.122982    0.0264433    
0.0788324    0.13294    0.122982    0.0264433    0.0788324    0.13294    0.122982    0.0264433    
0.0788324    0.13294    0.122982    0.0264433    0.0788324    0.13294    0.122982    0.0264433    
0.0788324    0.13294    0.122982    0.0264433    0.0788324    0.13294    0.122982    0.0264433    
0.0788324    0.13294    0.122982    0.0264433    0.0788324    0.13294    0.122982    0.0264433    
0.0788324    0.13294    0.122982    0.0264433    0.0788324    0.13294    0.122982    0.0264433    
0.0788324    0.13294    0.122982    0.0264433    0.0788324    0.13294    0.122982    0.0264433    
0.0788324    0.13294    0.122982    0.0264433    0.0788324    0.13294    0.122982    0.0264433    
0.0788324    0.13294    0.122982    0.0264433    0.0788324    0.13294    0.122982    0.0264433    
0.0788324    0.13294    0.122982    0.0264433    0.0788324    0.13294    0.122982    0.0264433    
0.0788324    0.13294    0.122982    0.0264433    0.0788324    0.13294    0.122982    0.0264433    
0.0788324    0.13294    0.122982    0.0264433    0.0788324    0.13294    0.122982    0.0264433    
0.0788324    0.13294    0.122982    0.0264433    0.0788324    0.13294    0.122982    0.0264433    
0.0788324    0.13294    0.122982    0.0264433    0.0788324    0.13294    0.122982    0.0264433    
0.0788324    0.13294    0.122982    0.0264433    0.0788324    0.13294    0.122982    0.0264433    
0.0788324    0.13294    0.122982    0.0264433    0.0788324    0.13294    0.122982    0.0264433    
0.0788324    0.13294    0.122982    0.0264433    0.0788324    0.13294    0.122982    0.0264433    
0.0788324    0.13294    0.122982    0.0264433    0.0788324    0.13294    0.122982    0.0264433    
0.0788324    0.13294    0.122982    0.0264433    0.0788324    0.13294    0.122982    0.0264433    
0.0788324    0.13294    0.122982    0.0264433    0.0788324    0.13294    0.122982    0.0264433    
0.0788324    0.13294    0.122982    0.0264433    0.0788324    0.13294    0.122982    0.0264433    
0.0788324    0.13294    0.122982    0.0264433    0.0788324    0.13294    0.122982    0.0264433    
0.0788324    0.13294    0.122982    0.0264433    0.0788324    0.13294    0.122982    0.0264433    
0.0788324    0.13294    0.122982    0.0264433    0.0788324    0.13294    0.122982    0.0264433    
0.0788324    0.13294    0.122982    0.0264433    0.0788324    0.13294    0.122982    0.0264433    
0.0788324    0.13294    0.122982    0.0264433    0.0788324    0.13294    0.122982    0.0264433    
0.0788324    0.13294    0.122982    0.0264433    0.0788324    0.13294    0.122982    0.0264433    
0.0788324    0.13294    0.122982    0.0264433    0.0788324    0.13294    0.122982    0.0264433    
0.0788324    0.13294    0.122982    0.0264433    0.0788324    0.13294    0.122982    0.0264433    
0.0788324    0.13294    0.122982    0.0264433    0.0788324    0.13294    0.122982    0.0264433    
0.0788324    0.13294    0.122982    0.0264433    0.0788324    0.13294    0.122982    0.0264433    
0.0788324    0.13294    0.122982    0.0264433    0.0788324    0.13294    0.122982    0.0264433    
0.0788324    0.13294    0.122982    0.0264433    0.0788324    0.13294    0.122982    0.0264433    
0.0788324    0.13294    0.122982    0.0264433    0.0788324    0.13294    0.122982    0.0264433    
0.0788324    0.13294    0.122982    0.0264433    0.0788324    0.13294    0.122982    0.0264433    
0.0788324    0.13294    0.122982    0.0264433    0.0788324    0.13294    0.122982    0.0264433    
0.0788324    0.13294    0.122982    0.0264433    0.0788324    0.13294    0.122982    0.0264433    
0.0788324    0.13294    0.122982    0.0264433    0.0788324    0.13294    0.122982    0.0264433    
0.0788324    0.13294    0.122982    0.0264433    0.0788324    0.13294    0.122982    0.0264433    
0.0788324    0.13294    0.122982    0.0264433    0.0788324    0.13294    0.122982    0.0264433    
0.0788324    0.13294    0.122982    0.0264433    0.0788324    0.13294    0.122982    0.0264433    
0.0788324    0.13294    0.122982    0.0264433    0.0788324    0.13294    0.122982    0.0264433    
0.0788324    0.13294    0.122982    0.0264433    0.0788324    0.13294    0.122982    0.0264433    
0.0788324    0.13294    0.122982    0.0264433    0.0788324    0.13294    0.122982    0.0264433    
0.0788324    0.13294    0.122982    0.0264433    0.0788324    0.13294    0.122982    0.0264433    
0.0788324    0.13294    0.122982    0.0264433    0.0788324    0.13294    0.122982    0.0264433    
0.0788324    0.13294    0.122982    0.0264433    0.0788324    0.13294    0.122982    0.0264433    
0.0788324    0.13294    0.122982    0.0264433    0.0788324    0.13294    0.122982    0.0264433    
0.0788324    0.13294    0.122982    0.0264433    0.0788324    0.13294    0.122982    0.0264433    
0.0788324    0.13294    0.122982    0.0264433    0.0788324    0.13294    0.122982    0.0264433    
0.0788324    0.13294    0.122982    0.0264433    0.0788324    0.13294    0.122982    0.0264433    
0.0788324    0.13294    0.122982    0.0264433    0.0788324    0.13294    0.122982    0.0264433    
0.0788324    0.13294    0.122982    0.0264433    0.0788324    0.13294    0.122982    0.0264433    
0.0788324    0.13294    0.122982    0.0264433    0.0788324    0.13294    0.122982    0.0264433    
0.0788324    0.13294    0.122982    0.0264433    0.0788324    0.13294    0.122982    0.0264433    
0.0788324    0.13294    0.122982    0.0264433    0.0788324    0.13294    0.122982    0.0264433    
0.0788324    0.13294    0.122982    0.0264433    0.0788324    0.13294    0.122982    0.0264433    
0.0788324    0.13294    0.122982    0.0264433    0.0788324    0.13294    0.122982    0.0264433    
0.0788324    0.13294    0.122982    0.0264433    0.0788324    0.13294    0.122982    0.0264433    
0.0788324    0.13294    0.122982    0.0264433    0.0788324    0.13294    0.122982    0.0264433    
0.0788324    0.13294    0.122982    0.0264433    0.0788324    0.13294    0.122982    0.0264433    
0.0788324    0.13294    0.122982    0.0264433    0.0788324    0.13294    0.122982    0.0264433    
0.0788324    0.13294    0.122982    0.0264433    0.0788324    0.13294    0.122982    0.0264433    
0.0788324    0.13294    0.122982    0.0264433    0.0788324    0.13294    0.122982    0.0264433    
0.0788324    0.13294    0.122982    0.0264433    0.0788324    0.13294    0.122982    0.0264433    
0.0788324    0.13294    0.122982    0.0264433    0.0788324    0.13294    0.122982    0.0264433    
0.0788324    0.13294    0.122982    0.0264433    0.0788324    0.13294    0.122982    0.0264433    
0.0788324    0.13294    0.122982    0.0264433    0.0788324    0.13294    0.122982    0.0264433    
0.0788324    0.13294    0.122982    0.0264433    0.0788324    0.13294    0.122982    0.0264433    
0.0788324    0.13294    0.122982    0.0264433    0.0788324    0.13294    0.122982    0.0264433    
0.0788324    0.13294    0.122982    0.0264433    0.0788324    0.13294    0.122982    0.0264433    
0.0788324    0.13294    0.122982    0.0264433    0.0788324    0.13294    0.122982    0.0264433    
0.0788324    0.13294    0.122982    0.0264433    0.0788324    0.13294    0.122982    0.0264433    
0.0788324    0.13294    0.122982    0.0264433    0.0788324    0.13294    0.122982    0.0264433    
0.0788324    0.13294    0.122982    0.0264433    0.0788324    0.13294    0.122982    0.0264433    
0.0788324    0.13294    0.122982    0.0264433    0.0788324    0.13294    0.122982    0.0264433    
0.0788324    0.13294    0.122982    0.0264433    0.0788324    0.13294    0.122982    0.0264433    
0.0788324    0.13294    0.122982    0.0264433    0.0788324    0.13294    0.122982    0.0264433    
0.0788324    0.13294    0.122982    0.0264433    0.0788324    0.13294    0.122982    0.0264433    
0.0788324    0.13294    0.122982    0.0264433    0.0788324    0.13294    0.122982    0.0264433    
0.0788324    0.13294    0.122982    0.0264433    0.0788324    0.13294    0.122982    0.0264433    
0.0788324    0.13294    0.122982    0.0264433    0.0788324    0.13294    0.122982    0.0264433    
0.0788324    0.13294    0.122982    0.0264433    0.0788324    0.13294    0.122982    0.0264433    
0.0788324    0.13294    0.122982    0.0264433    0.0788324    0.13294    0.122982    0.0264433    
0.0788324    0.13294    0.122982    0.0264433    0.0788324    0.13294    0.122982    0.0264433    
0.0788324    0.13294    0.122982    0.0264433    0.0788324    0.13294    0.122982    0.0264433    
0.0788324    0.13294    0.122982    0.0264433    0.0788324    0.13294    0.122982    0.0264433    
0.0788324    0.13294    0.122982    0.0264433    0.0788324    0.13294    0.122982    0.0264433    
0.0788324    0.13294    0.122982    0.0264433    0.0788324    0.13294    0.122982    0.0264433    
0.0788324    0.13294    0.122982    0.0264433    0.0788324    0.13294    0.122982    0.0264433    
0.0788324    0.13294    0.122982    0.0264433    0.0788324    0.13294    0.122982    0.0264433    
0.0788324    0.13294    0.122982    0.0264433    0.0788324    0.13294    0.122982    0.0264433    
0.0788324    0.13294    0.122982    0.0264433    0.0788324    0.13294    0.122982    0.0264433    
0.0788324    0.13294    0.122982    0.0264433    0.0788324    0.13294    0.122982    0.0264433    
0.0788324    0.13294    0.122982    0.0264433    0.0788324    0.13294    0.122982    0.0264433    
0.0788324    0.13294    0.122982    0.0264433    0.0788324    0.13294    0.122982    0.0264433    
0.0788324    0.13294    0.122982    0.0264433    0.0788324    0.13294    0.122982    0.0264433    
0.0788324    0.13294    0.122982    0.0264433    0.0788324    0.13294    0.122982    0.0264433    
0.0788324    0.13294    0.122982    0.0264433    0.0788324    0.13294    0.122982    0.0264433    
0.0788324    0.13294    0.122982    0.0264433    0.0788324    0.13294    0.122982    0.0264433    
0.0788324    0.13294    0.122982    0.0264433    0.0788324    0.13294    0.122982    0.0264433    
0.0788324    0.13294    0.122982    0.0264433    0.0788324    0.13294    0.122982    0.0264433    
0.0788324    0.13294    0.122982    0.0264433    0.0788324    0.13294    0.122982    0.0264433    
0.0788324    0.13294    0.122982    0.0264433    0.0788324    0.13294    0.122982    0.0264433    
0.0788324    0.13294    0.122982    0.0264433    0.0788324    0.13294    0.122982    0.0264433    
0.0788324    0.13294    0.122982    0.0264433    0.0788324    0.13294    0.122982    0.0264433    
0.0788324    0.13294    0.122982    0.0264433    0.0788324    0.13294    0.122982    0.0264433    
0.0788324    0.13294    0.122982    0.0264433    0.0788324    0.13294    0.122982    0.0264433    
0.0788324    0.13294    0.122982    0.0264433    0.0788324    0.13294    0.122982    0.0264433    
0.0788324    0.13294    0.122982    0.0264433    0.0788324    0.13294    0.122982    0.0264433    
0.0788324    0.13294    0.122982    0.0264433    0.0788324    0.13294    0.122982    0.0264433    
0.0788324    0.13294    0.122982    0.0264433    0.0788324    0.13294    0.122982    0.0264433    
0.0788324    0.13294    0.122982    0.0264433    0.0788324    0.13294    0.122982    0.0264433    
0.0788324    0.13294    0.122982    0.0264433    0.0788324    0.13294    0.122982    0.0264433    
0.0788324    0.13294    0.122982    0.0264433    0.0788324    0.13294    0.122982    0.0264433    
0.0788324    0.13294    0.122982    0.0264433    0.0788324    0.13294    0.122982    0.0264433    
0.0788324    0.13294    0.122982    0.0264433    0.0788324    0.13294    0.122982    0.0264433    
0.0788324    0.13294    0.122982    0.0264433    0.0788324    0.13294    0.122982    0.0264433    
0.0788324    0.13294    0.122982    0.0264433    0.0788324    0.13294    0.122982    0.0264433    
0.0788324    0.13294    0.122982    0.0264433    0.0788324    0.13294    0.122982    0.0264433    
0.0788324    0.13294    0.122982    0.0264433    0.0788324    0.13294    0.122982    0.0264433    
0.0788324    0.13294    0.122982    0.0264433    0.0788324    0.13294    0.122982    0.0264433    
0.0788324    0.13294    0.122982    0.0264433    0.0788324    0.13294    0.122982    0.0264433    
0.0788324    0.13294    0.122982    0.0264433    0.0788324    0.13294    0.122982    0.0264433    
0.0788324    0.13294    0.122982    0.0264433    0.0788324    0.13294    0.122982    0.0264433    
0.0788324    0.13294    0.122982    0.0264433    0.0788324    0.13294    0.122982    0.0264433    
0.0788324    0.13294    0.122982    0.0264433    0.0788324    0.13294    0.122982    0.0264433    
0.0788324    0.13294    0.122982    0.0264433    0.0788324    0.13294    0.122982    0.0264433    
0.0788324    0.13294    0.122982    0.0264433    0.0788324    0.13294    0.122982    0.0264433    
0.0788324    0.13294    0.122982    0.0264433    0.0788324    0.13294    0.122982    0.0264433    
0.0788324    0.13294    0.122982    0.0264433    0.0788324    0.13294    0.122982    0.0264433    
0.0788324    0.13294    0.122982    0.0264433    0.0788324    0.13294    0.122982    0.0264433    
0.0788324    0.13294    0.122982    0.0264433    0.0788324    0.13294    0.122982    0.0264433    
0.0788324    0.13294    0.122982    0.0264433    0.0788324    0.13294    0.122982    0.0264433    
0.0788324    0.13294    0.122982    0.0264433    0.0788324    0.13294    0.122982    0.0264433    
0.0788324    0.13294    0.122982    0.0264433    0.0788324    0.13294    0.122982    0.0264433    
0.0788324    0.13294    0.122982    0.0264433    0.0788324    0.13294    0.122982    0.0264433    
0.0788324    0.13294    0.122982    0.0264433    0.0788324    0.13294    0.122982    0.0264433    
0.0788324    0.13294    0.122982    0.0264433    0.0788324    0.13294    0.122982    0.0264433    
0.0788324    0.13294    0.122982    0.0264433    0.0788324    0.13294    0.122982    0.0264433    
0.0788324    0.13294    0.122982    0.0264433    0.0788324    0.13294    0.122982    0.0264433    
0.0788324    0.13294    0.122982    0.0264433    0.0788324    0.13294    0.122982    0.0264433    
0.0788324    0.13294    0.122982    0.0264433    0.0788324    0.13294    0.122982    0.0264433    
0.0788324    0.13294    0.122982    0.0264433    0.0788324    0.13294    0.122982    0.0264433    
0.0788324    0.13294    0.122982    0.0264433    0.0788324    0.13294    0.122982    0.0264433    
0.0788324    0.13294    0.122982    0.0264433    0.0788324    0.13294    0.122982    0.0264433    
0.0788324    0.13294    0.122982    0.0264433    0.0788324    0.13294    0.122982    0.0264433    
0.0788324    0.13294    0.122982    0.0264433    0.0788324    0.13294    0.122982    0.0264433    
0.0788324    0.13294    0.122982    0.0264433    0.0788324    0.13294    0.122982    0.0264433    
0.0788324    0.13294    0.122982    0.0264433    0.0788324    0.13294    0.122982    0.0264433    
0.0788324    0.13294    0.122982    0.0264433    0.0788324    0.13294    0.122982    0.0264433    
0.0788324    0.13294    0.122982    0.0264433    0.0788324    0.13294    0.122982    0.0264433    
0.0788324    0.13294    0.122982    0.0264433    0.0788324    0.13294    0.122982    0.0264433    
0.0788324    0.13294    0.122982    0.0264433    0.0788324    0.13294    0.122982    0.0264433    
0.0788324    0.13294    0.122982    0.0264433    0.0788324    0.13294    0.122982    0.0264433    
0.0788324    0.13294    0.122982    0.0264433    0.0788324    0.13294    0.122982    0.0264433    
0.0788324    0.13294    0.122982    0.0264433    0.0788324    0.13294    0.122982    0.0264433    
0.0788324    0.13294    0.122982    0.0264433    0.0788324    0.13294    0.122982    0.0264433    
0.0788324    0.13294    0.122982    0.0264433    0.0788324    0.13294    0.122982    0.0264433    
