0.0658465    0.118475    0.156486    0.0118696    0.0658465    0.118475    0.156486    0.0118696    
0.0724202    0.120506    0.124046    0.025555    0.0724202    0.120506    0.124046    0.025555    
0.0769236    0.133235    0.130626    0.0216928    0.0769236    0.133235    0.130626    0.0216928    
0.0795467    0.136903    0.124833    0.0238265    0.0795467    0.136903    0.124833    0.0238265    
0.0811371    0.140463    0.124655    0.023643    0.0811371    0.140463    0.124655    0.023643    
0.0819858    0.141883    0.123288    0.0241655    0.0819858    0.141883    0.123288    0.0241655    
0.0823769    0.142631    0.122865    0.0243704    0.0823769    0.142631    0.122865    0.0243704    
0.0824599    0.142673    0.122454    0.0246447    0.0824599    0.142673    0.122454    0.0246447    
0.082345    0.142333    0.122259    0.0248722    0.082345    0.142333    0.122259    0.0248722    
0.0821006    0.141708    0.122134    0.0251021    0.0821006    0.141708    0.122134    0.0251021    
0.0817743    0.140902    0.122079    0.0253231    0.0817743    0.140902    0.122079    0.0253231    
0.0813978    0.139976    0.122063    0.0255412    0.0813978    0.139976    0.122063    0.0255412    
0.0809935    0.138977    0.122073    0.0257551    0.0809935    0.138977    0.122073    0.0257551    
0.0805771    0.137937    0.122101    0.0259649    0.0805771    0.137937    0.122101    0.0259649    
0.08016    0.136881    0.122139    0.0261698    0.08016    0.136881    0.122139    0.0261698    
0.0797504    0.135828    0.122184    0.0263687    0.0797504    0.135828    0.122184    0.0263687    
0.0793542    0.134794    0.122231    0.0265608    0.0793542    0.134794    0.122231    0.0265608    
0.0789757    0.133789    0.12228    0.0267451    0.0789757    0.133789    0.12228    0.0267451    
0.0786179    0.132823    0.122328    0.0269207    0.0786179    0.132823    0.122328    0.0269207    
0.0782829    0.131902    0.122374    0.0270869    0.0782829    0.131902    0.122374    0.0270869    
0.0779718    0.131033    0.122419    0.0272429    0.0779718    0.131033    0.122419    0.0272429    
0.0776855    0.130218    0.122462    0.027388    0.0776855    0.130218    0.122462    0.027388    
0.0774242    0.129461    0.122503    0.0275219    0.0774242    0.129461    0.122503    0.0275219    
0.0771877    0.128763    0.122542    0.0276439    0.0771877    0.128763    0.122542    0.0276439    
0.0769757    0.128126    0.12258    0.0277539    0.0769757    0.128126    0.12258    0.0277539    
0.0767875    0.12755    0.122616    0.0278516    0.0767875    0.12755    0.122616    0.0278516    
0.0766226    0.127036    0.122652    0.0279368    0.0766226    0.127036    0.122652    0.0279368    
0.0764802    0.126582    0.122686    0.0280094    0.0764802    0.126582    0.122686    0.0280094    
0.0763595    0.126187    0.122721    0.0280694    0.0763595    0.126187    0.122721    0.0280694    
0.0762596    0.125852    0.122756    0.0281169    0.0762596    0.125852    0.122756    0.0281169    
0.0761798    0.125573    0.12279    0.0281521    0.0761798    0.125573    0.12279    0.0281521    
0.0761192    0.125351    0.122826    0.0281751    0.0761192    0.125351    0.122826    0.0281751    
0.076077    0.125183    0.122861    0.0281863    0.076077    0.125183    0.122861    0.0281863    
0.0760526    0.125068    0.122898    0.0281858    0.0760526    0.125068    0.122898    0.0281858    
0.0760452    0.125004    0.122935    0.0281743    0.0760452    0.125004    0.122935    0.0281743    
0.0760541    0.124989    0.122972    0.0281519    0.0760541    0.124989    0.122972    0.0281519    
0.0760787    0.125022    0.12301    0.0281193    0.0760787    0.125022    0.12301    0.0281193    
0.0761182    0.125101    0.123047    0.0280769    0.0761182    0.125101    0.123047    0.0280769    
0.076172    0.125223    0.123085    0.0280254    0.076172    0.125223    0.123085    0.0280254    
0.0762396    0.125388    0.123122    0.0279652    0.0762396    0.125388    0.123122    0.0279652    
0.0763202    0.125593    0.123158    0.0278972    0.0763202    0.125593    0.123158    0.0278972    
0.0764132    0.125836    0.123192    0.0278218    0.0764132    0.125836    0.123192    0.0278218    
0.0765179    0.126115    0.123225    0.0277398    0.0765179    0.126115    0.123225    0.0277398    
0.0766337    0.126428    0.123256    0.027652    0.0766337    0.126428    0.123256    0.027652    
0.0767598    0.126772    0.123285    0.0275591    0.0767598    0.126772    0.123285    0.0275591    
0.0768954    0.127146    0.123311    0.0274618    0.0768954    0.127146    0.123311    0.0274618    
0.0770397    0.127546    0.123334    0.0273609    0.0770397    0.127546    0.123334    0.0273609    
0.0771918    0.12797    0.123353    0.0272571    0.0771918    0.12797    0.123353    0.0272571    
0.077351    0.128415    0.123368    0.0271514    0.077351    0.128415    0.123368    0.0271514    
0.0775161    0.128878    0.123379    0.0270444    0.0775161    0.128878    0.123379    0.0270444    
0.0776862    0.129357    0.123386    0.0269369    0.0776862    0.129357    0.123386    0.0269369    
0.0778601    0.129847    0.123389    0.0268298    0.0778601    0.129847    0.123389    0.0268298    
0.0780368    0.130345    0.123387    0.0267237    0.0780368    0.130345    0.123387    0.0267237    
0.0782151    0.130849    0.123381    0.0266194    0.0782151    0.130849    0.123381    0.0266194    
0.0783937    0.131354    0.123371    0.0265177    0.0783937    0.131354    0.123371    0.0265177    
0.0785714    0.131856    0.123356    0.0264192    0.0785714    0.131856    0.123356    0.0264192    
0.0787469    0.132353    0.123338    0.0263245    0.0787469    0.132353    0.123338    0.0263245    
0.0789188    0.13284    0.123316    0.0262344    0.0789188    0.13284    0.123316    0.0262344    
0.079086    0.133314    0.12329    0.0261492    0.079086    0.133314    0.12329    0.0261492    
0.0792471    0.133771    0.123262    0.0260696    0.0792471    0.133771    0.123262    0.0260696    
0.0794009    0.134209    0.123231    0.025996    0.0794009    0.134209    0.123231    0.025996    
0.0795461    0.134622    0.123198    0.0259289    0.0795461    0.134622    0.123198    0.0259289    
0.0796818    0.13501    0.123163    0.0258684    0.0796818    0.13501    0.123163    0.0258684    
0.0798067    0.135368    0.123127    0.025815    0.0798067    0.135368    0.123127    0.025815    
0.0799201    0.135695    0.123091    0.0257689    0.0799201    0.135695    0.123091    0.0257689    
0.080021    0.135989    0.123055    0.0257301    0.080021    0.135989    0.123055    0.0257301    
0.0801089    0.136246    0.123019    0.0256988    0.0801089    0.136246    0.123019    0.0256988    
0.0801831    0.136467    0.122984    0.0256749    0.0801831    0.136467    0.122984    0.0256749    
0.0802433    0.136651    0.12295    0.0256584    0.0802433    0.136651    0.12295    0.0256584    
0.0802894    0.136796    0.122918    0.0256492    0.0802894    0.136796    0.122918    0.0256492    
0.0803211    0.136902    0.122887    0.025647    0.0803211    0.136902    0.122887    0.025647    
0.0803387    0.136971    0.122859    0.0256517    0.0803387    0.136971    0.122859    0.0256517    
0.0803425    0.137001    0.122833    0.0256629    0.0803425    0.137001    0.122833    0.0256629    
0.0803327    0.136996    0.12281    0.0256803    0.0803327    0.136996    0.12281    0.0256803    
0.08031    0.136955    0.122789    0.0257035    0.08031    0.136955    0.122789    0.0257035    
0.0802751    0.136881    0.122772    0.025732    0.0802751    0.136881    0.122772    0.025732    
0.0802288    0.136775    0.122757    0.0257655    0.0802288    0.136775    0.122757    0.0257655    
0.080172    0.136641    0.122745    0.0258034    0.080172    0.136641    0.122745    0.0258034    
0.0801056    0.136479    0.122735    0.0258453    0.0801056    0.136479    0.122735    0.0258453    
0.0800308    0.136293    0.122729    0.0258905    0.0800308    0.136293    0.122729    0.0258905    
0.0799485    0.136086    0.122724    0.0259387    0.0799485    0.136086    0.122724    0.0259387    
0.0798599    0.135861    0.122722    0.0259892    0.0798599    0.135861    0.122722    0.0259892    
0.0797661    0.135619    0.122723    0.0260417    0.0797661    0.135619    0.122723    0.0260417    
0.0796683    0.135365    0.122725    0.0260954    0.0796683    0.135365    0.122725    0.0260954    
0.0795674    0.135101    0.122729    0.0261501    0.0795674    0.135101    0.122729    0.0261501    
0.0794647    0.134829    0.122735    0.0262051    0.0794647    0.134829    0.122735    0.0262051    
0.079361    0.134552    0.122743    0.0262601    0.079361    0.134552    0.122743    0.0262601    
0.0792574    0.134274    0.122751    0.0263145    0.0792574    0.134274    0.122751    0.0263145    
0.0791547    0.133996    0.122761    0.0263681    0.0791547    0.133996    0.122761    0.0263681    
0.0790538    0.13372    0.122772    0.0264203    0.0790538    0.13372    0.122772    0.0264203    
0.0789554    0.133449    0.122784    0.0264708    0.0789554    0.133449    0.122784    0.0264708    
0.0788602    0.133185    0.122796    0.0265194    0.0788602    0.133185    0.122796    0.0265194    
0.0787688    0.13293    0.122809    0.0265657    0.0787688    0.13293    0.122809    0.0265657    
0.0786817    0.132684    0.122822    0.0266094    0.0786817    0.132684    0.122822    0.0266094    
0.0785995    0.132451    0.122836    0.0266503    0.0785995    0.132451    0.122836    0.0266503    
0.0785225    0.13223    0.12285    0.0266883    0.0785225    0.13223    0.12285    0.0266883    
0.078451    0.132023    0.122865    0.026723    0.078451    0.132023    0.122865    0.026723    
0.0783854    0.131831    0.122879    0.0267545    0.0783854    0.131831    0.122879    0.0267545    
0.0783257    0.131655    0.122893    0.0267825    0.0783257    0.131655    0.122893    0.0267825    
0.0782722    0.131495    0.122908    0.0268071    0.0782722    0.131495    0.122908    0.0268071    
0.078225    0.131351    0.122922    0.0268281    0.078225    0.131351    0.122922    0.0268281    
0.0781841    0.131225    0.122936    0.0268455    0.0781841    0.131225    0.122936    0.0268455    
0.0781496    0.131116    0.12295    0.0268593    0.0781496    0.131116    0.12295    0.0268593    
0.0781213    0.131025    0.122964    0.0268696    0.0781213    0.131025    0.122964    0.0268696    
0.0780993    0.130951    0.122977    0.0268763    0.0780993    0.130951    0.122977    0.0268763    
0.0780834    0.130894    0.12299    0.0268797    0.0780834    0.130894    0.12299    0.0268797    
0.0780734    0.130854    0.123002    0.0268797    0.0780734    0.130854    0.123002    0.0268797    
0.0780693    0.13083    0.123014    0.0268765    0.0780693    0.13083    0.123014    0.0268765    
0.0780709    0.130823    0.123026    0.0268702    0.0780709    0.130823    0.123026    0.0268702    
0.0780778    0.130831    0.123036    0.026861    0.0780778    0.130831    0.123036    0.026861    
0.0780899    0.130855    0.123047    0.0268491    0.0780899    0.130855    0.123047    0.0268491    
0.0781069    0.130892    0.123056    0.0268345    0.0781069    0.130892    0.123056    0.0268345    
0.0781285    0.130943    0.123065    0.0268176    0.0781285    0.130943    0.123065    0.0268176    
0.0781544    0.131007    0.123072    0.0267985    0.0781544    0.131007    0.123072    0.0267985    
0.0781844    0.131082    0.123079    0.0267775    0.0781844    0.131082    0.123079    0.0267775    
0.078218    0.131169    0.123085    0.0267547    0.078218    0.131169    0.123085    0.0267547    
0.0782549    0.131265    0.12309    0.0267304    0.0782549    0.131265    0.12309    0.0267304    
0.0782948    0.131371    0.123094    0.0267048    0.0782948    0.131371    0.123094    0.0267048    
0.0783373    0.131484    0.123098    0.0266782    0.0783373    0.131484    0.123098    0.0266782    
0.078382    0.131605    0.1231    0.0266507    0.078382    0.131605    0.1231    0.0266507    
0.0784286    0.131731    0.123101    0.0266227    0.0784286    0.131731    0.123101    0.0266227    
0.0784767    0.131862    0.123101    0.0265943    0.0784767    0.131862    0.123101    0.0265943    
0.0785258    0.131997    0.1231    0.0265658    0.0785258    0.131997    0.1231    0.0265658    
0.0785756    0.132134    0.123099    0.0265374    0.0785756    0.132134    0.123099    0.0265374    
0.0786257    0.132272    0.123096    0.0265093    0.0786257    0.132272    0.123096    0.0265093    
0.0786758    0.132411    0.123092    0.0264816    0.0786758    0.132411    0.123092    0.0264816    
0.0787254    0.13255    0.123088    0.0264547    0.0787254    0.13255    0.123088    0.0264547    
0.0787742    0.132686    0.123083    0.0264287    0.0787742    0.132686    0.123083    0.0264287    
0.0788219    0.13282    0.123077    0.0264038    0.0788219    0.13282    0.123077    0.0264038    
0.0788681    0.132951    0.123071    0.02638    0.0788681    0.132951    0.123071    0.02638    
0.0789125    0.133076    0.123064    0.0263576    0.0789125    0.133076    0.123064    0.0263576    
0.0789549    0.133197    0.123056    0.0263367    0.0789549    0.133197    0.123056    0.0263367    
0.0789949    0.133311    0.123048    0.0263174    0.0789949    0.133311    0.123048    0.0263174    
0.0790323    0.133419    0.12304    0.0262998    0.0790323    0.133419    0.12304    0.0262998    
0.0790669    0.133519    0.123032    0.0262839    0.0790669    0.133519    0.123032    0.0262839    
0.0790985    0.133611    0.123023    0.0262699    0.0790985    0.133611    0.123023    0.0262699    
0.0791269    0.133695    0.123014    0.0262577    0.0791269    0.133695    0.123014    0.0262577    
0.079152    0.133769    0.123006    0.0262475    0.079152    0.133769    0.123006    0.0262475    
0.0791737    0.133835    0.122997    0.0262392    0.0791737    0.133835    0.122997    0.0262392    
0.079192    0.133891    0.122989    0.0262328    0.079192    0.133891    0.122989    0.0262328    
0.0792068    0.133938    0.122981    0.0262283    0.0792068    0.133938    0.122981    0.0262283    
0.0792181    0.133975    0.122973    0.0262256    0.0792181    0.133975    0.122973    0.0262256    
0.0792259    0.134002    0.122966    0.0262248    0.0792259    0.134002    0.122966    0.0262248    
0.0792302    0.13402    0.122959    0.0262257    0.0792302    0.13402    0.122959    0.0262257    
0.0792313    0.134029    0.122952    0.0262283    0.0792313    0.134029    0.122952    0.0262283    
0.0792291    0.134028    0.122946    0.0262326    0.0792291    0.134028    0.122946    0.0262326    
0.0792237    0.134019    0.122941    0.0262383    0.0792237    0.134019    0.122941    0.0262383    
0.0792155    0.134002    0.122936    0.0262455    0.0792155    0.134002    0.122936    0.0262455    
0.0792045    0.133977    0.122931    0.0262539    0.0792045    0.133977    0.122931    0.0262539    
0.0791909    0.133945    0.122928    0.0262636    0.0791909    0.133945    0.122928    0.0262636    
0.0791749    0.133905    0.122925    0.0262743    0.0791749    0.133905    0.122925    0.0262743    
0.0791568    0.13386    0.122922    0.026286    0.0791568    0.13386    0.122922    0.026286    
0.0791367    0.133809    0.12292    0.0262985    0.0791367    0.133809    0.12292    0.0262985    
0.079115    0.133753    0.122918    0.0263116    0.079115    0.133753    0.122918    0.0263116    
0.0790918    0.133692    0.122918    0.0263254    0.0790918    0.133692    0.122918    0.0263254    
0.0790675    0.133628    0.122917    0.0263395    0.0790675    0.133628    0.122917    0.0263395    
0.0790421    0.133561    0.122917    0.026354    0.0790421    0.133561    0.122917    0.026354    
0.0790161    0.133491    0.122918    0.0263686    0.0790161    0.133491    0.122918    0.0263686    
0.0789896    0.133419    0.122919    0.0263833    0.0789896    0.133419    0.122919    0.0263833    
0.0789629    0.133347    0.122921    0.026398    0.0789629    0.133347    0.122921    0.026398    
0.0789362    0.133274    0.122923    0.0264124    0.0789362    0.133274    0.122923    0.0264124    
0.0789096    0.133201    0.122925    0.0264266    0.0789096    0.133201    0.122925    0.0264266    
0.0788834    0.133129    0.122928    0.0264404    0.0788834    0.133129    0.122928    0.0264404    
0.0788579    0.133058    0.122931    0.0264538    0.0788579    0.133058    0.122931    0.0264538    
0.0788331    0.132988    0.122934    0.0264665    0.0788331    0.132988    0.122934    0.0264665    
0.0788092    0.132921    0.122937    0.0264787    0.0788092    0.132921    0.122937    0.0264787    
0.0787864    0.132856    0.122941    0.0264901    0.0787864    0.132856    0.122941    0.0264901    
0.0787648    0.132795    0.122945    0.0265008    0.0787648    0.132795    0.122945    0.0265008    
0.0787445    0.132737    0.122949    0.0265106    0.0787445    0.132737    0.122949    0.0265106    
0.0787257    0.132682    0.122953    0.0265196    0.0787257    0.132682    0.122953    0.0265196    
0.0787084    0.132632    0.122957    0.0265277    0.0787084    0.132632    0.122957    0.0265277    
0.0786926    0.132586    0.122961    0.0265349    0.0786926    0.132586    0.122961    0.0265349    
0.0786786    0.132544    0.122965    0.026541    0.0786786    0.132544    0.122965    0.026541    
0.0786662    0.132506    0.122969    0.0265463    0.0786662    0.132506    0.122969    0.0265463    
0.0786555    0.132474    0.122973    0.0265505    0.0786555    0.132474    0.122973    0.0265505    
0.0786466    0.132446    0.122977    0.0265538    0.0786466    0.132446    0.122977    0.0265538    
0.0786394    0.132423    0.122981    0.0265561    0.0786394    0.132423    0.122981    0.0265561    
0.078634    0.132404    0.122985    0.0265575    0.078634    0.132404    0.122985    0.0265575    
0.0786302    0.132391    0.122989    0.0265579    0.0786302    0.132391    0.122989    0.0265579    
0.0786281    0.132382    0.122992    0.0265575    0.0786281    0.132382    0.122992    0.0265575    
0.0786277    0.132377    0.122995    0.0265562    0.0786277    0.132377    0.122995    0.0265562    
0.0786288    0.132377    0.122998    0.0265541    0.0786288    0.132377    0.122998    0.0265541    
0.0786314    0.132382    0.123001    0.0265512    0.0786314    0.132382    0.123001    0.0265512    
0.0786354    0.13239    0.123004    0.0265476    0.0786354    0.13239    0.123004    0.0265476    
0.0786408    0.132402    0.123006    0.0265434    0.0786408    0.132402    0.123006    0.0265434    
0.0786475    0.132418    0.123008    0.0265385    0.0786475    0.132418    0.123008    0.0265385    
0.0786553    0.132438    0.12301    0.026533    0.0786553    0.132438    0.12301    0.026533    
0.0786642    0.13246    0.123011    0.0265271    0.0786642    0.13246    0.123011    0.0265271    
0.078674    0.132485    0.123013    0.0265208    0.078674    0.132485    0.123013    0.0265208    
0.0786847    0.132513    0.123014    0.026514    0.0786847    0.132513    0.123014    0.026514    
0.0786962    0.132544    0.123014    0.026507    0.0786962    0.132544    0.123014    0.026507    
0.0787083    0.132576    0.123015    0.0264998    0.0787083    0.132576    0.123015    0.0264998    
0.0787209    0.132609    0.123015    0.0264923    0.0787209    0.132609    0.123015    0.0264923    
0.0787339    0.132645    0.123015    0.0264848    0.0787339    0.132645    0.123015    0.0264848    
0.0787472    0.132681    0.123015    0.0264772    0.0787472    0.132681    0.123015    0.0264772    
0.0787607    0.132718    0.123014    0.0264696    0.0787607    0.132718    0.123014    0.0264696    
0.0787743    0.132755    0.123013    0.0264621    0.0787743    0.132755    0.123013    0.0264621    
0.0787878    0.132792    0.123012    0.0264547    0.0787878    0.132792    0.123012    0.0264547    
0.0788013    0.132829    0.123011    0.0264475    0.0788013    0.132829    0.123011    0.0264475    
0.0788145    0.132866    0.12301    0.0264405    0.0788145    0.132866    0.12301    0.0264405    
0.0788273    0.132902    0.123008    0.0264338    0.0788273    0.132902    0.123008    0.0264338    
0.0788398    0.132937    0.123006    0.0264274    0.0788398    0.132937    0.123006    0.0264274    
0.0788517    0.132971    0.123005    0.0264214    0.0788517    0.132971    0.123005    0.0264214    
0.0788631    0.133004    0.123003    0.0264157    0.0788631    0.133004    0.123003    0.0264157    
0.0788739    0.133034    0.123001    0.0264105    0.0788739    0.133034    0.123001    0.0264105    
0.0788839    0.133063    0.122998    0.0264057    0.0788839    0.133063    0.122998    0.0264057    
0.0788933    0.13309    0.122996    0.0264013    0.0788933    0.13309    0.122996    0.0264013    
0.0789018    0.133115    0.122994    0.0263975    0.0789018    0.133115    0.122994    0.0263975    
0.0789094    0.133138    0.122992    0.0263941    0.0789094    0.133138    0.122992    0.0263941    
0.0789162    0.133158    0.12299    0.0263913    0.0789162    0.133158    0.12299    0.0263913    
0.0789221    0.133176    0.122987    0.0263889    0.0789221    0.133176    0.122987    0.0263889    
0.0789271    0.133191    0.122985    0.0263871    0.0789271    0.133191    0.122985    0.0263871    
0.0789312    0.133204    0.122983    0.0263858    0.0789312    0.133204    0.122983    0.0263858    
0.0789344    0.133214    0.122981    0.0263849    0.0789344    0.133214    0.122981    0.0263849    
0.0789366    0.133222    0.122979    0.0263846    0.0789366    0.133222    0.122979    0.0263846    
0.078938    0.133228    0.122977    0.0263847    0.078938    0.133228    0.122977    0.0263847    
0.0789385    0.133231    0.122976    0.0263852    0.0789385    0.133231    0.122976    0.0263852    
0.0789381    0.133231    0.122974    0.0263862    0.0789381    0.133231    0.122974    0.0263862    
0.0789369    0.133229    0.122972    0.0263876    0.0789369    0.133229    0.122972    0.0263876    
0.078935    0.133226    0.122971    0.0263894    0.078935    0.133226    0.122971    0.0263894    
0.0789323    0.13322    0.12297    0.0263916    0.0789323    0.13322    0.12297    0.0263916    
0.078929    0.133212    0.122969    0.026394    0.078929    0.133212    0.122969    0.026394    
0.078925    0.133202    0.122968    0.0263968    0.078925    0.133202    0.122968    0.0263968    
0.0789204    0.13319    0.122967    0.0263998    0.0789204    0.13319    0.122967    0.0263998    
0.0789153    0.133177    0.122966    0.0264031    0.0789153    0.133177    0.122966    0.0264031    
0.0789098    0.133163    0.122966    0.0264065    0.0789098    0.133163    0.122966    0.0264065    
0.0789038    0.133148    0.122966    0.0264101    0.0789038    0.133148    0.122966    0.0264101    
0.0788975    0.133131    0.122965    0.0264138    0.0788975    0.133131    0.122965    0.0264138    
0.078891    0.133113    0.122965    0.0264177    0.078891    0.133113    0.122965    0.0264177    
0.0788842    0.133095    0.122965    0.0264216    0.0788842    0.133095    0.122965    0.0264216    
0.0788772    0.133076    0.122966    0.0264255    0.0788772    0.133076    0.122966    0.0264255    
0.0788702    0.133057    0.122966    0.0264294    0.0788702    0.133057    0.122966    0.0264294    
0.0788631    0.133038    0.122966    0.0264333    0.0788631    0.133038    0.122966    0.0264333    
0.0788561    0.133019    0.122967    0.0264371    0.0788561    0.133019    0.122967    0.0264371    
0.0788491    0.132999    0.122968    0.0264408    0.0788491    0.132999    0.122968    0.0264408    
0.0788422    0.13298    0.122968    0.0264444    0.0788422    0.13298    0.122968    0.0264444    
0.0788355    0.132962    0.122969    0.0264479    0.0788355    0.132962    0.122969    0.0264479    
0.0788291    0.132943    0.12297    0.0264512    0.0788291    0.132943    0.12297    0.0264512    
0.0788229    0.132926    0.122971    0.0264544    0.0788229    0.132926    0.122971    0.0264544    
0.0788169    0.132909    0.122972    0.0264573    0.0788169    0.132909    0.122972    0.0264573    
0.0788114    0.132893    0.122973    0.02646    0.0788114    0.132893    0.122973    0.02646    
0.0788062    0.132878    0.122974    0.0264625    0.0788062    0.132878    0.122974    0.0264625    
0.0788013    0.132864    0.122975    0.0264648    0.0788013    0.132864    0.122975    0.0264648    
0.0787969    0.132851    0.122976    0.0264668    0.0787969    0.132851    0.122976    0.0264668    
0.078793    0.13284    0.122977    0.0264686    0.078793    0.13284    0.122977    0.0264686    
0.0787894    0.132829    0.122979    0.0264701    0.0787894    0.132829    0.122979    0.0264701    
0.0787864    0.13282    0.12298    0.0264713    0.0787864    0.13282    0.12298    0.0264713    
0.0787838    0.132812    0.122981    0.0264723    0.0787838    0.132812    0.122981    0.0264723    
0.0787816    0.132805    0.122982    0.026473    0.0787816    0.132805    0.122982    0.026473    
0.07878    0.132799    0.122983    0.0264735    0.07878    0.132799    0.122983    0.0264735    
0.0787788    0.132795    0.122984    0.0264737    0.0787788    0.132795    0.122984    0.0264737    
0.078778    0.132792    0.122985    0.0264737    0.078778    0.132792    0.122985    0.0264737    
0.0787777    0.132791    0.122986    0.0264734    0.0787777    0.132791    0.122986    0.0264734    
0.0787778    0.13279    0.122987    0.0264729    0.0787778    0.13279    0.122987    0.0264729    
0.0787784    0.132791    0.122987    0.0264722    0.0787784    0.132791    0.122987    0.0264722    
0.0787793    0.132793    0.122988    0.0264714    0.0787793    0.132793    0.122988    0.0264714    
0.0787806    0.132796    0.122989    0.0264703    0.0787806    0.132796    0.122989    0.0264703    
0.0787823    0.1328    0.122989    0.026469    0.0787823    0.1328    0.122989    0.026469    
0.0787843    0.132804    0.12299    0.0264676    0.0787843    0.132804    0.12299    0.0264676    
0.0787866    0.13281    0.12299    0.0264661    0.0787866    0.13281    0.12299    0.0264661    
0.0787891    0.132817    0.122991    0.0264644    0.0787891    0.132817    0.122991    0.0264644    
0.0787919    0.132824    0.122991    0.0264627    0.0787919    0.132824    0.122991    0.0264627    
0.0787949    0.132832    0.122991    0.0264608    0.0787949    0.132832    0.122991    0.0264608    
0.0787981    0.13284    0.122991    0.0264589    0.0787981    0.13284    0.122991    0.0264589    
0.0788015    0.132849    0.122991    0.026457    0.0788015    0.132849    0.122991    0.026457    
0.0788049    0.132858    0.122991    0.0264549    0.0788049    0.132858    0.122991    0.0264549    
0.0788085    0.132868    0.122991    0.0264529    0.0788085    0.132868    0.122991    0.0264529    
0.0788121    0.132878    0.122991    0.0264509    0.0788121    0.132878    0.122991    0.0264509    
0.0788157    0.132888    0.122991    0.0264489    0.0788157    0.132888    0.122991    0.0264489    
0.0788194    0.132898    0.122991    0.0264469    0.0788194    0.132898    0.122991    0.0264469    
0.078823    0.132908    0.12299    0.026445    0.078823    0.132908    0.12299    0.026445    
0.0788265    0.132918    0.12299    0.0264431    0.0788265    0.132918    0.12299    0.0264431    
0.07883    0.132927    0.122989    0.0264413    0.07883    0.132927    0.122989    0.0264413    
0.0788334    0.132937    0.122989    0.0264395    0.0788334    0.132937    0.122989    0.0264395    
0.0788366    0.132946    0.122989    0.0264379    0.0788366    0.132946    0.122989    0.0264379    
0.0788397    0.132955    0.122988    0.0264364    0.0788397    0.132955    0.122988    0.0264364    
0.0788426    0.132963    0.122987    0.0264349    0.0788426    0.132963    0.122987    0.0264349    
0.0788453    0.132971    0.122987    0.0264336    0.0788453    0.132971    0.122987    0.0264336    
0.0788479    0.132978    0.122986    0.0264324    0.0788479    0.132978    0.122986    0.0264324    
0.0788502    0.132985    0.122986    0.0264313    0.0788502    0.132985    0.122986    0.0264313    
0.0788523    0.132991    0.122985    0.0264304    0.0788523    0.132991    0.122985    0.0264304    
0.0788542    0.132997    0.122985    0.0264296    0.0788542    0.132997    0.122985    0.0264296    
0.0788558    0.133002    0.122984    0.0264289    0.0788558    0.133002    0.122984    0.0264289    
0.0788572    0.133006    0.122983    0.0264284    0.0788572    0.133006    0.122983    0.0264284    
0.0788584    0.13301    0.122983    0.026428    0.0788584    0.13301    0.122983    0.026428    
0.0788593    0.133013    0.122982    0.0264277    0.0788593    0.133013    0.122982    0.0264277    
0.07886    0.133015    0.122982    0.0264276    0.07886    0.133015    0.122982    0.0264276    
0.0788604    0.133017    0.122981    0.0264276    0.0788604    0.133017    0.122981    0.0264276    
0.0788606    0.133018    0.122981    0.0264277    0.0788606    0.133018    0.122981    0.0264277    
0.0788606    0.133018    0.12298    0.0264279    0.0788606    0.133018    0.12298    0.0264279    
0.0788604    0.133018    0.12298    0.0264283    0.0788604    0.133018    0.12298    0.0264283    
0.0788599    0.133017    0.12298    0.0264287    0.0788599    0.133017    0.12298    0.0264287    
0.0788593    0.133016    0.122979    0.0264292    0.0788593    0.133016    0.122979    0.0264292    
0.0788585    0.133014    0.122979    0.0264299    0.0788585    0.133014    0.122979    0.0264299    
0.0788575    0.133011    0.122979    0.0264306    0.0788575    0.133011    0.122979    0.0264306    
0.0788563    0.133008    0.122978    0.0264314    0.0788563    0.133008    0.122978    0.0264314    
0.078855    0.133005    0.122978    0.0264322    0.078855    0.133005    0.122978    0.0264322    
0.0788536    0.133001    0.122978    0.0264331    0.0788536    0.133001    0.122978    0.0264331    
0.078852    0.132997    0.122978    0.026434    0.078852    0.132997    0.122978    0.026434    
0.0788504    0.132993    0.122978    0.026435    0.0788504    0.132993    0.122978    0.026435    
0.0788487    0.132988    0.122978    0.026436    0.0788487    0.132988    0.122978    0.026436    
0.0788469    0.132984    0.122978    0.0264371    0.0788469    0.132984    0.122978    0.0264371    
0.078845    0.132979    0.122978    0.0264381    0.078845    0.132979    0.122978    0.0264381    
0.0788432    0.132974    0.122978    0.0264392    0.0788432    0.132974    0.122978    0.0264392    
0.0788413    0.132968    0.122978    0.0264402    0.0788413    0.132968    0.122978    0.0264402    
0.0788394    0.132963    0.122978    0.0264412    0.0788394    0.132963    0.122978    0.0264412    
0.0788375    0.132958    0.122978    0.0264422    0.0788375    0.132958    0.122978    0.0264422    
0.0788357    0.132953    0.122979    0.0264432    0.0788357    0.132953    0.122979    0.0264432    
0.0788339    0.132948    0.122979    0.0264442    0.0788339    0.132948    0.122979    0.0264442    
0.0788322    0.132943    0.122979    0.0264451    0.0788322    0.132943    0.122979    0.0264451    
0.0788305    0.132938    0.122979    0.0264459    0.0788305    0.132938    0.122979    0.0264459    
0.0788289    0.132934    0.12298    0.0264467    0.0788289    0.132934    0.12298    0.0264467    
0.0788273    0.132929    0.12298    0.0264475    0.0788273    0.132929    0.12298    0.0264475    
0.0788259    0.132925    0.12298    0.0264482    0.0788259    0.132925    0.12298    0.0264482    
0.0788246    0.132921    0.12298    0.0264488    0.0788246    0.132921    0.12298    0.0264488    
0.0788234    0.132918    0.122981    0.0264493    0.0788234    0.132918    0.122981    0.0264493    
0.0788223    0.132915    0.122981    0.0264498    0.0788223    0.132915    0.122981    0.0264498    
0.0788213    0.132912    0.122981    0.0264503    0.0788213    0.132912    0.122981    0.0264503    
0.0788204    0.132909    0.122982    0.0264506    0.0788204    0.132909    0.122982    0.0264506    
0.0788197    0.132907    0.122982    0.0264509    0.0788197    0.132907    0.122982    0.0264509    
0.0788191    0.132905    0.122982    0.0264511    0.0788191    0.132905    0.122982    0.0264511    
0.0788186    0.132903    0.122982    0.0264513    0.0788186    0.132903    0.122982    0.0264513    
0.0788182    0.132902    0.122983    0.0264514    0.0788182    0.132902    0.122983    0.0264514    
0.0788179    0.132901    0.122983    0.0264514    0.0788179    0.132901    0.122983    0.0264514    
0.0788178    0.132901    0.122983    0.0264513    0.0788178    0.132901    0.122983    0.0264513    
0.0788178    0.1329    0.122983    0.0264512    0.0788178    0.1329    0.122983    0.0264512    
0.0788179    0.1329    0.122984    0.0264511    0.0788179    0.1329    0.122984    0.0264511    
0.0788181    0.132901    0.122984    0.0264508    0.0788181    0.132901    0.122984    0.0264508    
0.0788184    0.132902    0.122984    0.0264506    0.0788184    0.132902    0.122984    0.0264506    
0.0788189    0.132902    0.122984    0.0264503    0.0788189    0.132902    0.122984    0.0264503    
0.0788194    0.132904    0.122984    0.0264499    0.0788194    0.132904    0.122984    0.0264499    
0.0788199    0.132905    0.122985    0.0264495    0.0788199    0.132905    0.122985    0.0264495    
0.0788206    0.132907    0.122985    0.0264491    0.0788206    0.132907    0.122985    0.0264491    
0.0788213    0.132909    0.122985    0.0264486    0.0788213    0.132909    0.122985    0.0264486    
0.0788221    0.132911    0.122985    0.0264481    0.0788221    0.132911    0.122985    0.0264481    
0.078823    0.132913    0.122985    0.0264476    0.078823    0.132913    0.122985    0.0264476    
0.0788238    0.132915    0.122985    0.0264471    0.0788238    0.132915    0.122985    0.0264471    
0.0788247    0.132918    0.122985    0.0264466    0.0788247    0.132918    0.122985    0.0264466    
0.0788257    0.13292    0.122985    0.026446    0.0788257    0.13292    0.122985    0.026446    
0.0788266    0.132923    0.122985    0.0264455    0.0788266    0.132923    0.122985    0.0264455    
0.0788276    0.132925    0.122985    0.0264449    0.0788276    0.132925    0.122985    0.0264449    
0.0788286    0.132928    0.122985    0.0264444    0.0788286    0.132928    0.122985    0.0264444    
0.0788295    0.132931    0.122985    0.0264439    0.0788295    0.132931    0.122985    0.0264439    
0.0788305    0.132933    0.122984    0.0264434    0.0788305    0.132933    0.122984    0.0264434    
0.0788314    0.132936    0.122984    0.0264429    0.0788314    0.132936    0.122984    0.0264429    
0.0788323    0.132939    0.122984    0.0264424    0.0788323    0.132939    0.122984    0.0264424    
0.0788332    0.132941    0.122984    0.026442    0.0788332    0.132941    0.122984    0.026442    
0.0788341    0.132943    0.122984    0.0264416    0.0788341    0.132943    0.122984    0.0264416    
0.0788348    0.132946    0.122984    0.0264412    0.0788348    0.132946    0.122984    0.0264412    
0.0788356    0.132948    0.122984    0.0264408    0.0788356    0.132948    0.122984    0.0264408    
0.0788363    0.13295    0.122984    0.0264405    0.0788363    0.13295    0.122984    0.0264405    
0.0788369    0.132952    0.122983    0.0264402    0.0788369    0.132952    0.122983    0.0264402    
0.0788375    0.132953    0.122983    0.0264399    0.0788375    0.132953    0.122983    0.0264399    
0.078838    0.132955    0.122983    0.0264397    0.078838    0.132955    0.122983    0.0264397    
0.0788385    0.132956    0.122983    0.0264395    0.0788385    0.132956    0.122983    0.0264395    
0.0788389    0.132958    0.122983    0.0264393    0.0788389    0.132958    0.122983    0.0264393    
0.0788392    0.132959    0.122983    0.0264392    0.0788392    0.132959    0.122983    0.0264392    
0.0788395    0.132959    0.122982    0.0264391    0.0788395    0.132959    0.122982    0.0264391    
0.0788397    0.13296    0.122982    0.0264391    0.0788397    0.13296    0.122982    0.0264391    
0.0788398    0.132961    0.122982    0.0264391    0.0788398    0.132961    0.122982    0.0264391    
0.0788399    0.132961    0.122982    0.0264391    0.0788399    0.132961    0.122982    0.0264391    
0.0788399    0.132961    0.122982    0.0264391    0.0788399    0.132961    0.122982    0.0264391    
0.0788399    0.132961    0.122982    0.0264392    0.0788399    0.132961    0.122982    0.0264392    
0.0788398    0.132961    0.122982    0.0264393    0.0788398    0.132961    0.122982    0.0264393    
0.0788396    0.132961    0.122982    0.0264395    0.0788396    0.132961    0.122982    0.0264395    
0.0788394    0.13296    0.122982    0.0264396    0.0788394    0.13296    0.122982    0.0264396    
0.0788392    0.13296    0.122981    0.0264398    0.0788392    0.13296    0.122981    0.0264398    
0.0788389    0.132959    0.122981    0.02644    0.0788389    0.132959    0.122981    0.02644    
0.0788385    0.132958    0.122981    0.0264402    0.0788385    0.132958    0.122981    0.0264402    
0.0788382    0.132957    0.122981    0.0264405    0.0788382    0.132957    0.122981    0.0264405    
0.0788378    0.132956    0.122981    0.0264407    0.0788378    0.132956    0.122981    0.0264407    
0.0788373    0.132955    0.122981    0.026441    0.0788373    0.132955    0.122981    0.026441    
0.0788369    0.132954    0.122981    0.0264412    0.0788369    0.132954    0.122981    0.0264412    
0.0788364    0.132952    0.122981    0.0264415    0.0788364    0.132952    0.122981    0.0264415    
0.0788359    0.132951    0.122981    0.0264418    0.0788359    0.132951    0.122981    0.0264418    
0.0788354    0.13295    0.122981    0.0264421    0.0788354    0.13295    0.122981    0.0264421    
0.0788349    0.132948    0.122981    0.0264423    0.0788349    0.132948    0.122981    0.0264423    
0.0788344    0.132947    0.122981    0.0264426    0.0788344    0.132947    0.122981    0.0264426    
0.0788339    0.132946    0.122981    0.0264429    0.0788339    0.132946    0.122981    0.0264429    
0.0788335    0.132944    0.122981    0.0264432    0.0788335    0.132944    0.122981    0.0264432    
0.078833    0.132943    0.122981    0.0264434    0.078833    0.132943    0.122981    0.0264434    
0.0788325    0.132942    0.122982    0.0264437    0.0788325    0.132942    0.122982    0.0264437    
0.078832    0.13294    0.122982    0.0264439    0.078832    0.13294    0.122982    0.0264439    
0.0788316    0.132939    0.122982    0.0264441    0.0788316    0.132939    0.122982    0.0264441    
0.0788312    0.132938    0.122982    0.0264443    0.0788312    0.132938    0.122982    0.0264443    
0.0788308    0.132937    0.122982    0.0264445    0.0788308    0.132937    0.122982    0.0264445    
0.0788304    0.132936    0.122982    0.0264447    0.0788304    0.132936    0.122982    0.0264447    
0.0788301    0.132935    0.122982    0.0264448    0.0788301    0.132935    0.122982    0.0264448    
0.0788298    0.132934    0.122982    0.026445    0.0788298    0.132934    0.122982    0.026445    
0.0788295    0.132933    0.122982    0.0264451    0.0788295    0.132933    0.122982    0.0264451    
0.0788293    0.132932    0.122982    0.0264452    0.0788293    0.132932    0.122982    0.0264452    
0.0788291    0.132932    0.122982    0.0264453    0.0788291    0.132932    0.122982    0.0264453    
0.0788289    0.132931    0.122982    0.0264453    0.0788289    0.132931    0.122982    0.0264453    
0.0788287    0.132931    0.122982    0.0264454    0.0788287    0.132931    0.122982    0.0264454    
0.0788286    0.13293    0.122983    0.0264454    0.0788286    0.13293    0.122983    0.0264454    
0.0788286    0.13293    0.122983    0.0264454    0.0788286    0.13293    0.122983    0.0264454    
0.0788285    0.13293    0.122983    0.0264454    0.0788285    0.13293    0.122983    0.0264454    
0.0788285    0.13293    0.122983    0.0264454    0.0788285    0.13293    0.122983    0.0264454    
0.0788285    0.13293    0.122983    0.0264454    0.0788285    0.13293    0.122983    0.0264454    
0.0788286    0.13293    0.122983    0.0264453    0.0788286    0.13293    0.122983    0.0264453    
0.0788286    0.13293    0.122983    0.0264452    0.0788286    0.13293    0.122983    0.0264452    
0.0788287    0.13293    0.122983    0.0264452    0.0788287    0.13293    0.122983    0.0264452    
0.0788289    0.132931    0.122983    0.0264451    0.0788289    0.132931    0.122983    0.0264451    
0.078829    0.132931    0.122983    0.026445    0.078829    0.132931    0.122983    0.026445    
0.0788292    0.132931    0.122983    0.0264449    0.0788292    0.132931    0.122983    0.0264449    
0.0788294    0.132932    0.122983    0.0264447    0.0788294    0.132932    0.122983    0.0264447    
0.0788296    0.132932    0.122983    0.0264446    0.0788296    0.132932    0.122983    0.0264446    
0.0788298    0.132933    0.122983    0.0264445    0.0788298    0.132933    0.122983    0.0264445    
0.07883    0.132933    0.122983    0.0264443    0.07883    0.132933    0.122983    0.0264443    
0.0788303    0.132934    0.122983    0.0264442    0.0788303    0.132934    0.122983    0.0264442    
0.0788305    0.132935    0.122983    0.0264441    0.0788305    0.132935    0.122983    0.0264441    
0.0788308    0.132935    0.122983    0.0264439    0.0788308    0.132935    0.122983    0.0264439    
0.078831    0.132936    0.122983    0.0264438    0.078831    0.132936    0.122983    0.0264438    
0.0788313    0.132937    0.122983    0.0264436    0.0788313    0.132937    0.122983    0.0264436    
0.0788315    0.132938    0.122983    0.0264435    0.0788315    0.132938    0.122983    0.0264435    
0.0788318    0.132938    0.122983    0.0264433    0.0788318    0.132938    0.122983    0.0264433    
0.078832    0.132939    0.122983    0.0264432    0.078832    0.132939    0.122983    0.0264432    
0.0788323    0.13294    0.122983    0.0264431    0.0788323    0.13294    0.122983    0.0264431    
0.0788325    0.13294    0.122983    0.026443    0.0788325    0.13294    0.122983    0.026443    
0.0788328    0.132941    0.122983    0.0264428    0.0788328    0.132941    0.122983    0.0264428    
0.078833    0.132942    0.122983    0.0264427    0.078833    0.132942    0.122983    0.0264427    
0.0788332    0.132942    0.122983    0.0264426    0.0788332    0.132942    0.122983    0.0264426    
0.0788334    0.132943    0.122983    0.0264426    0.0788334    0.132943    0.122983    0.0264426    
0.0788335    0.132943    0.122983    0.0264425    0.0788335    0.132943    0.122983    0.0264425    
0.0788337    0.132944    0.122983    0.0264424    0.0788337    0.132944    0.122983    0.0264424    
0.0788338    0.132944    0.122983    0.0264423    0.0788338    0.132944    0.122983    0.0264423    
0.078834    0.132945    0.122983    0.0264423    0.078834    0.132945    0.122983    0.0264423    
0.0788341    0.132945    0.122983    0.0264422    0.0788341    0.132945    0.122983    0.0264422    
0.0788342    0.132945    0.122983    0.0264422    0.0788342    0.132945    0.122983    0.0264422    
0.0788343    0.132945    0.122982    0.0264422    0.0788343    0.132945    0.122982    0.0264422    
0.0788343    0.132946    0.122982    0.0264422    0.0788343    0.132946    0.122982    0.0264422    
0.0788344    0.132946    0.122982    0.0264421    0.0788344    0.132946    0.122982    0.0264421    
0.0788344    0.132946    0.122982    0.0264421    0.0788344    0.132946    0.122982    0.0264421    
0.0788344    0.132946    0.122982    0.0264422    0.0788344    0.132946    0.122982    0.0264422    
0.0788344    0.132946    0.122982    0.0264422    0.0788344    0.132946    0.122982    0.0264422    
0.0788344    0.132946    0.122982    0.0264422    0.0788344    0.132946    0.122982    0.0264422    
0.0788343    0.132946    0.122982    0.0264422    0.0788343    0.132946    0.122982    0.0264422    
0.0788343    0.132946    0.122982    0.0264423    0.0788343    0.132946    0.122982    0.0264423    
0.0788342    0.132946    0.122982    0.0264423    0.0788342    0.132946    0.122982    0.0264423    
0.0788342    0.132945    0.122982    0.0264424    0.0788342    0.132945    0.122982    0.0264424    
0.0788341    0.132945    0.122982    0.0264424    0.0788341    0.132945    0.122982    0.0264424    
0.078834    0.132945    0.122982    0.0264425    0.078834    0.132945    0.122982    0.0264425    
0.0788339    0.132945    0.122982    0.0264426    0.0788339    0.132945    0.122982    0.0264426    
0.0788338    0.132944    0.122982    0.0264426    0.0788338    0.132944    0.122982    0.0264426    
0.0788336    0.132944    0.122982    0.0264427    0.0788336    0.132944    0.122982    0.0264427    
0.0788335    0.132944    0.122982    0.0264428    0.0788335    0.132944    0.122982    0.0264428    
0.0788334    0.132943    0.122982    0.0264428    0.0788334    0.132943    0.122982    0.0264428    
0.0788333    0.132943    0.122982    0.0264429    0.0788333    0.132943    0.122982    0.0264429    
0.0788331    0.132943    0.122982    0.026443    0.0788331    0.132943    0.122982    0.026443    
0.078833    0.132942    0.122982    0.0264431    0.078833    0.132942    0.122982    0.0264431    
0.0788329    0.132942    0.122982    0.0264431    0.0788329    0.132942    0.122982    0.0264431    
0.0788327    0.132942    0.122982    0.0264432    0.0788327    0.132942    0.122982    0.0264432    
0.0788326    0.132941    0.122982    0.0264433    0.0788326    0.132941    0.122982    0.0264433    
0.0788325    0.132941    0.122982    0.0264433    0.0788325    0.132941    0.122982    0.0264433    
0.0788323    0.132941    0.122982    0.0264434    0.0788323    0.132941    0.122982    0.0264434    
0.0788322    0.13294    0.122982    0.0264435    0.0788322    0.13294    0.122982    0.0264435    
0.0788321    0.13294    0.122982    0.0264435    0.0788321    0.13294    0.122982    0.0264435    
0.078832    0.13294    0.122982    0.0264436    0.078832    0.13294    0.122982    0.0264436    
0.0788319    0.132939    0.122982    0.0264436    0.0788319    0.132939    0.122982    0.0264436    
0.0788318    0.132939    0.122982    0.0264437    0.0788318    0.132939    0.122982    0.0264437    
0.0788317    0.132939    0.122982    0.0264437    0.0788317    0.132939    0.122982    0.0264437    
0.0788317    0.132939    0.122982    0.0264437    0.0788317    0.132939    0.122982    0.0264437    
0.0788316    0.132938    0.122982    0.0264438    0.0788316    0.132938    0.122982    0.0264438    
0.0788315    0.132938    0.122982    0.0264438    0.0788315    0.132938    0.122982    0.0264438    
0.0788315    0.132938    0.122982    0.0264438    0.0788315    0.132938    0.122982    0.0264438    
0.0788314    0.132938    0.122982    0.0264438    0.0788314    0.132938    0.122982    0.0264438    
0.0788314    0.132938    0.122982    0.0264438    0.0788314    0.132938    0.122982    0.0264438    
0.0788314    0.132938    0.122982    0.0264438    0.0788314    0.132938    0.122982    0.0264438    
0.0788314    0.132938    0.122983    0.0264438    0.0788314    0.132938    0.122983    0.0264438    
0.0788314    0.132938    0.122983    0.0264438    0.0788314    0.132938    0.122983    0.0264438    
0.0788314    0.132938    0.122983    0.0264438    0.0788314    0.132938    0.122983    0.0264438    
0.0788314    0.132938    0.122983    0.0264438    0.0788314    0.132938    0.122983    0.0264438    
0.0788314    0.132938    0.122983    0.0264438    0.0788314    0.132938    0.122983    0.0264438    
0.0788314    0.132938    0.122983    0.0264438    0.0788314    0.132938    0.122983    0.0264438    
0.0788314    0.132938    0.122983    0.0264438    0.0788314    0.132938    0.122983    0.0264438    
0.0788315    0.132938    0.122983    0.0264437    0.0788315    0.132938    0.122983    0.0264437    
0.0788315    0.132938    0.122983    0.0264437    0.0788315    0.132938    0.122983    0.0264437    
0.0788316    0.132938    0.122983    0.0264437    0.0788316    0.132938    0.122983    0.0264437    
0.0788316    0.132938    0.122983    0.0264436    0.0788316    0.132938    0.122983    0.0264436    
0.0788317    0.132938    0.122983    0.0264436    0.0788317    0.132938    0.122983    0.0264436    
0.0788317    0.132939    0.122983    0.0264436    0.0788317    0.132939    0.122983    0.0264436    
0.0788318    0.132939    0.122983    0.0264435    0.0788318    0.132939    0.122983    0.0264435    
0.0788319    0.132939    0.122983    0.0264435    0.0788319    0.132939    0.122983    0.0264435    
0.0788319    0.132939    0.122983    0.0264434    0.0788319    0.132939    0.122983    0.0264434    
0.078832    0.132939    0.122983    0.0264434    0.078832    0.132939    0.122983    0.0264434    
0.0788321    0.132939    0.122983    0.0264434    0.0788321    0.132939    0.122983    0.0264434    
0.0788321    0.13294    0.122983    0.0264433    0.0788321    0.13294    0.122983    0.0264433    
0.0788322    0.13294    0.122983    0.0264433    0.0788322    0.13294    0.122983    0.0264433    
0.0788323    0.13294    0.122983    0.0264433    0.0788323    0.13294    0.122983    0.0264433    
0.0788323    0.13294    0.122983    0.0264432    0.0788323    0.13294    0.122983    0.0264432    
0.0788324    0.13294    0.122983    0.0264432    0.0788324    0.13294    0.122983    0.0264432    
0.0788325    0.132941    0.122983    0.0264432    0.0788325    0.132941    0.122983    0.0264432    
0.0788325    0.132941    0.122983    0.0264431    0.0788325    0.132941    0.122983    0.0264431    
0.0788326    0.132941    0.122983    0.0264431    0.0788326    0.132941    0.122983    0.0264431    
0.0788326    0.132941    0.122983    0.0264431    0.0788326    0.132941    0.122983    0.0264431    
0.0788327    0.132941    0.122983    0.0264431    0.0788327    0.132941    0.122983    0.0264431    
0.0788327    0.132941    0.122983    0.026443    0.0788327    0.132941    0.122983    0.026443    
0.0788328    0.132941    0.122983    0.026443    0.0788328    0.132941    0.122983    0.026443    
0.0788328    0.132942    0.122983    0.026443    0.0788328    0.132942    0.122983    0.026443    
0.0788328    0.132942    0.122983    0.026443    0.0788328    0.132942    0.122983    0.026443    
0.0788329    0.132942    0.122982    0.026443    0.0788329    0.132942    0.122982    0.026443    
0.0788329    0.132942    0.122982    0.026443    0.0788329    0.132942    0.122982    0.026443    
0.0788329    0.132942    0.122982    0.026443    0.0788329    0.132942    0.122982    0.026443    
0.0788329    0.132942    0.122982    0.026443    0.0788329    0.132942    0.122982    0.026443    
0.0788329    0.132942    0.122982    0.026443    0.0788329    0.132942    0.122982    0.026443    
0.0788329    0.132942    0.122982    0.026443    0.0788329    0.132942    0.122982    0.026443    
0.0788329    0.132942    0.122982    0.026443    0.0788329    0.132942    0.122982    0.026443    
0.0788329    0.132942    0.122982    0.026443    0.0788329    0.132942    0.122982    0.026443    
0.0788329    0.132942    0.122982    0.026443    0.0788329    0.132942    0.122982    0.026443    
0.0788329    0.132942    0.122982    0.026443    0.0788329    0.132942    0.122982    0.026443    
0.0788329    0.132942    0.122982    0.026443    0.0788329    0.132942    0.122982    0.026443    
0.0788329    0.132942    0.122982    0.026443    0.0788329    0.132942    0.122982    0.026443    
0.0788328    0.132942    0.122982    0.026443    0.0788328    0.132942    0.122982    0.026443    
0.0788328    0.132942    0.122982    0.0264431    0.0788328    0.132942    0.122982    0.0264431    
0.0788328    0.132942    0.122982    0.0264431    0.0788328    0.132942    0.122982    0.0264431    
0.0788328    0.132942    0.122982    0.0264431    0.0788328    0.132942    0.122982    0.0264431    
0.0788327    0.132941    0.122982    0.0264431    0.0788327    0.132941    0.122982    0.0264431    
0.0788327    0.132941    0.122982    0.0264431    0.0788327    0.132941    0.122982    0.0264431    
0.0788327    0.132941    0.122982    0.0264431    0.0788327    0.132941    0.122982    0.0264431    
0.0788326    0.132941    0.122982    0.0264432    0.0788326    0.132941    0.122982    0.0264432    
0.0788326    0.132941    0.122982    0.0264432    0.0788326    0.132941    0.122982    0.0264432    
0.0788326    0.132941    0.122982    0.0264432    0.0788326    0.132941    0.122982    0.0264432    
0.0788325    0.132941    0.122982    0.0264432    0.0788325    0.132941    0.122982    0.0264432    
0.0788325    0.132941    0.122982    0.0264432    0.0788325    0.132941    0.122982    0.0264432    
0.0788325    0.132941    0.122982    0.0264433    0.0788325    0.132941    0.122982    0.0264433    
0.0788324    0.132941    0.122982    0.0264433    0.0788324    0.132941    0.122982    0.0264433    
0.0788324    0.13294    0.122982    0.0264433    0.0788324    0.13294    0.122982    0.0264433    
0.0788324    0.13294    0.122982    0.0264433    0.0788324    0.13294    0.122982    0.0264433    
0.0788323    0.13294    0.122982    0.0264433    0.0788323    0.13294    0.122982    0.0264433    
0.0788323    0.13294    0.122982    0.0264433    0.0788323    0.13294    0.122982    0.0264433    
0.0788323    0.13294    0.122982    0.0264434    0.0788323    0.13294    0.122982    0.0264434    
0.0788322    0.13294    0.122982    0.0264434    0.0788322    0.13294    0.122982    0.0264434    
0.0788322    0.13294    0.122982    0.0264434    0.0788322    0.13294    0.122982    0.0264434    
0.0788322    0.13294    0.122982    0.0264434    0.0788322    0.13294    0.122982    0.0264434    
0.0788322    0.13294    0.122982    0.0264434    0.0788322    0.13294    0.122982    0.0264434    
0.0788322    0.13294    0.122982    0.0264434    0.0788322    0.13294    0.122982    0.0264434    
0.0788322    0.13294    0.122982    0.0264434    0.0788322    0.13294    0.122982    0.0264434    
0.0788321    0.13294    0.122982    0.0264434    0.0788321    0.13294    0.122982    0.0264434    
0.0788321    0.13294    0.122982    0.0264434    0.0788321    0.13294    0.122982    0.0264434    
0.0788321    0.13294    0.122982    0.0264434    0.0788321    0.13294    0.122982    0.0264434    
0.0788321    0.13294    0.122982    0.0264434    0.0788321    0.13294    0.122982    0.0264434    
0.0788321    0.13294    0.122982    0.0264434    0.0788321    0.13294    0.122982    0.0264434    
0.0788321    0.13294    0.122982    0.0264434    0.0788321    0.13294    0.122982    0.0264434    
0.0788321    0.13294    0.122982    0.0264434    0.0788321    0.13294    0.122982    0.0264434    
0.0788321    0.13294    0.122982    0.0264434    0.0788321    0.13294    0.122982    0.0264434    
0.0788321    0.13294    0.122983    0.0264434    0.0788321    0.13294    0.122983    0.0264434    
0.0788321    0.13294    0.122983    0.0264434    0.0788321    0.13294    0.122983    0.0264434    
0.0788321    0.13294    0.122983    0.0264434    0.0788321    0.13294    0.122983    0.0264434    
0.0788322    0.13294    0.122983    0.0264434    0.0788322    0.13294    0.122983    0.0264434    
0.0788322    0.13294    0.122983    0.0264434    0.0788322    0.13294    0.122983    0.0264434    
0.0788322    0.13294    0.122983    0.0264434    0.0788322    0.13294    0.122983    0.0264434    
0.0788322    0.13294    0.122983    0.0264434    0.0788322    0.13294    0.122983    0.0264434    
0.0788322    0.13294    0.122983    0.0264433    0.0788322    0.13294    0.122983    0.0264433    
0.0788322    0.13294    0.122983    0.0264433    0.0788322    0.13294    0.122983    0.0264433    
0.0788322    0.13294    0.122983    0.0264433    0.0788322    0.13294    0.122983    0.0264433    
0.0788323    0.13294    0.122983    0.0264433    0.0788323    0.13294    0.122983    0.0264433    
0.0788323    0.13294    0.122983    0.0264433    0.0788323    0.13294    0.122983    0.0264433    
0.0788323    0.13294    0.122983    0.0264433    0.0788323    0.13294    0.122983    0.0264433    
0.0788323    0.13294    0.122983    0.0264433    0.0788323    0.13294    0.122983    0.0264433    
0.0788323    0.13294    0.122983    0.0264433    0.0788323    0.13294    0.122983    0.0264433    
0.0788324    0.13294    0.122983    0.0264433    0.0788324    0.13294    0.122983    0.0264433    
0.0788324    0.13294    0.122983    0.0264433    0.0788324    0.13294    0.122983    0.0264433    
0.0788324    0.13294    0.122983    0.0264432    0.0788324    0.13294    0.122983    0.0264432    
0.0788324    0.13294    0.122983    0.0264432    0.0788324    0.13294    0.122983    0.0264432    
0.0788324    0.13294    0.122983    0.0264432    0.0788324    0.13294    0.122983    0.0264432    
0.0788324    0.132941    0.122982    0.0264432    0.0788324    0.132941    0.122982    0.0264432    
0.0788325    0.132941    0.122982    0.0264432    0.0788325    0.132941    0.122982    0.0264432    
0.0788325    0.132941    0.122982    0.0264432    0.0788325    0.132941    0.122982    0.0264432    
0.0788325    0.132941    0.122982    0.0264432    0.0788325    0.132941    0.122982    0.0264432    
0.0788325    0.132941    0.122982    0.0264432    0.0788325    0.132941    0.122982    0.0264432    
0.0788325    0.132941    0.122982    0.0264432    0.0788325    0.132941    0.122982    0.0264432    
0.0788325    0.132941    0.122982    0.0264432    0.0788325    0.132941    0.122982    0.0264432    
0.0788325    0.132941    0.122982    0.0264432    0.0788325    0.132941    0.122982    0.0264432    
0.0788325    0.132941    0.122982    0.0264432    0.0788325    0.132941    0.122982    0.0264432    
0.0788325    0.132941    0.122982    0.0264432    0.0788325    0.132941    0.122982    0.0264432    
0.0788325    0.132941    0.122982    0.0264432    0.0788325    0.132941    0.122982    0.0264432    
0.0788325    0.132941    0.122982    0.0264432    0.0788325    0.132941    0.122982    0.0264432    
0.0788325    0.132941    0.122982    0.0264432    0.0788325    0.132941    0.122982    0.0264432    
0.0788325    0.132941    0.122982    0.0264432    0.0788325    0.132941    0.122982    0.0264432    
0.0788325    0.132941    0.122982    0.0264432    0.0788325    0.132941    0.122982    0.0264432    
0.0788325    0.132941    0.122982    0.0264432    0.0788325    0.132941    0.122982    0.0264432    
0.0788325    0.132941    0.122982    0.0264432    0.0788325    0.132941    0.122982    0.0264432    
0.0788325    0.132941    0.122982    0.0264432    0.0788325    0.132941    0.122982    0.0264432    
0.0788325    0.132941    0.122982    0.0264432    0.0788325    0.132941    0.122982    0.0264432    
0.0788325    0.132941    0.122982    0.0264432    0.0788325    0.132941    0.122982    0.0264432    
0.0788325    0.132941    0.122982    0.0264432    0.0788325    0.132941    0.122982    0.0264432    
0.0788325    0.132941    0.122982    0.0264432    0.0788325    0.132941    0.122982    0.0264432    
0.0788325    0.132941    0.122982    0.0264432    0.0788325    0.132941    0.122982    0.0264432    
0.0788325    0.132941    0.122982    0.0264432    0.0788325    0.132941    0.122982    0.0264432    
0.0788325    0.132941    0.122982    0.0264432    0.0788325    0.132941    0.122982    0.0264432    
0.0788325    0.132941    0.122982    0.0264432    0.0788325    0.132941    0.122982    0.0264432    
0.0788325    0.132941    0.122982    0.0264432    0.0788325    0.132941    0.122982    0.0264432    
0.0788325    0.132941    0.122982    0.0264432    0.0788325    0.132941    0.122982    0.0264432    
0.0788324    0.132941    0.122982    0.0264432    0.0788324    0.132941    0.122982    0.0264432    
0.0788324    0.132941    0.122982    0.0264433    0.0788324    0.132941    0.122982    0.0264433    
0.0788324    0.132941    0.122982    0.0264433    0.0788324    0.132941    0.122982    0.0264433    
0.0788324    0.132941    0.122982    0.0264433    0.0788324    0.132941    0.122982    0.0264433    
0.0788324    0.13294    0.122982    0.0264433    0.0788324    0.13294    0.122982    0.0264433    
0.0788324    0.13294    0.122982    0.0264433    0.0788324    0.13294    0.122982    0.0264433    
0.0788324    0.13294    0.122982    0.0264433    0.0788324    0.13294    0.122982    0.0264433    
0.0788324    0.13294    0.122982    0.0264433    0.0788324    0.13294    0.122982    0.0264433    
0.0788324    0.13294    0.122982    0.0264433    0.0788324    0.13294    0.122982    0.0264433    
0.0788324    0.13294    0.122982    0.0264433    0.0788324    0.13294    0.122982    0.0264433    
0.0788324    0.13294    0.122982    0.0264433    0.0788324    0.13294    0.122982    0.0264433    
0.0788323    0.13294    0.122982    0.0264433    0.0788323    0.13294    0.122982    0.0264433    
0.0788323    0.13294    0.122982    0.0264433    0.0788323    0.13294    0.122982    0.0264433    
0.0788323    0.13294    0.122982    0.0264433    0.0788323    0.13294    0.122982    0.0264433    
0.0788323    0.13294    0.122982    0.0264433    0.0788323    0.13294    0.122982    0.0264433    
0.0788323    0.13294    0.122982    0.0264433    0.0788323    0.13294    0.122982    0.0264433    
0.0788323    0.13294    0.122982    0.0264433    0.0788323    0.13294    0.122982    0.0264433    
0.0788323    0.13294    0.122982    0.0264433    0.0788323    0.13294    0.122982    0.0264433    
0.0788323    0.13294    0.122982    0.0264433    0.0788323    0.13294    0.122982    0.0264433    
0.0788323    0.13294    0.122982    0.0264433    0.0788323    0.13294    0.122982    0.0264433    
0.0788323    0.13294    0.122982    0.0264433    0.0788323    0.13294    0.122982    0.0264433    
0.0788323    0.13294    0.122982    0.0264433    0.0788323    0.13294    0.122982    0.0264433    
0.0788323    0.13294    0.122982    0.0264433    0.0788323    0.13294    0.122982    0.0264433    
0.0788323    0.13294    0.122982    0.0264433    0.0788323    0.13294    0.122982    0.0264433    
0.0788323    0.13294    0.122982    0.0264433    0.0788323    0.13294    0.122982    0.0264433    
0.0788323    0.13294    0.122982    0.0264433    0.0788323    0.13294    0.122982    0.0264433    
0.0788323    0.13294    0.122982    0.0264433    0.0788323    0.13294    0.122982    0.0264433    
0.0788323    0.13294    0.122982    0.0264433    0.0788323    0.13294    0.122982    0.0264433    
0.0788323    0.13294    0.122982    0.0264433    0.0788323    0.13294    0.122982    0.0264433    
0.0788323    0.13294    0.122982    0.0264433    0.0788323    0.13294    0.122982    0.0264433    
0.0788323    0.13294    0.122982    0.0264433    0.0788323    0.13294    0.122982    0.0264433    
0.0788323    0.13294    0.122982    0.0264433    0.0788323    0.13294    0.122982    0.0264433    
0.0788323    0.13294    0.122982    0.0264433    0.0788323    0.13294    0.122982    0.0264433    
0.0788324    0.13294    0.122982    0.0264433    0.0788324    0.13294    0.122982    0.0264433    
0.0788324    0.13294    0.122982    0.0264433    0.0788324    0.13294    0.122982    0.0264433    
0.0788324    0.13294    0.122982    0.0264433    0.0788324    0.13294    0.122982    0.0264433    
0.0788324    0.13294    0.122982    0.0264433    0.0788324    0.13294    0.122982    0.0264433    
0.0788324    0.13294    0.122982    0.0264433    0.0788324    0.13294    0.122982    0.0264433    
0.0788324    0.13294    0.122982    0.0264433    0.0788324    0.13294    0.122982    0.0264433    
0.0788324    0.13294    0.122982    0.0264433    0.0788324    0.13294    0.122982    0.0264433    
0.0788324    0.13294    0.122982    0.0264433    0.0788324    0.13294    0.122982    0.0264433    
0.0788324    0.13294    0.122982    0.0264433    0.0788324    0.13294    0.122982    0.0264433    
0.0788324    0.13294    0.122982    0.0264433    0.0788324    0.13294    0.122982    0.0264433    
0.0788324    0.13294    0.122982    0.0264433    0.0788324    0.13294    0.122982    0.0264433    
0.0788324    0.13294    0.122982    0.0264433    0.0788324    0.13294    0.122982    0.0264433    
0.0788324    0.13294    0.122982    0.0264433    0.0788324    0.13294    0.122982    0.0264433    
0.0788324    0.13294    0.122982    0.0264433    0.0788324    0.13294    0.122982    0.0264433    
0.0788324    0.13294    0.122982    0.0264432    0.0788324    0.13294    0.122982    0.0264432    
0.0788324    0.13294    0.122982    0.0264432    0.0788324    0.13294    0.122982    0.0264432    
0.0788324    0.132941    0.122982    0.0264432    0.0788324    0.132941    0.122982    0.0264432    
0.0788324    0.132941    0.122982    0.0264432    0.0788324    0.132941    0.122982    0.0264432    
0.0788324    0.132941    0.122982    0.0264432    0.0788324    0.132941    0.122982    0.0264432    
0.0788324    0.132941    0.122982    0.0264432    0.0788324    0.132941    0.122982    0.0264432    
0.0788324    0.132941    0.122982    0.0264432    0.0788324    0.132941    0.122982    0.0264432    
0.0788324    0.132941    0.122982    0.0264432    0.0788324    0.132941    0.122982    0.0264432    
0.0788324    0.132941    0.122982    0.0264432    0.0788324    0.132941    0.122982    0.0264432    
0.0788324    0.132941    0.122982    0.0264432    0.0788324    0.132941    0.122982    0.0264432    
0.0788324    0.132941    0.122982    0.0264432    0.0788324    0.132941    0.122982    0.0264432    
0.0788324    0.132941    0.122982    0.0264432    0.0788324    0.132941    0.122982    0.0264432    
0.0788324    0.132941    0.122982    0.0264432    0.0788324    0.132941    0.122982    0.0264432    
0.0788324    0.132941    0.122982    0.0264432    0.0788324    0.132941    0.122982    0.0264432    
0.0788324    0.132941    0.122982    0.0264432    0.0788324    0.132941    0.122982    0.0264432    
0.0788324    0.132941    0.122982    0.0264432    0.0788324    0.132941    0.122982    0.0264432    
0.0788324    0.132941    0.122982    0.0264432    0.0788324    0.132941    0.122982    0.0264432    
0.0788324    0.132941    0.122982    0.0264432    0.0788324    0.132941    0.122982    0.0264432    
0.0788324    0.132941    0.122982    0.0264432    0.0788324    0.132941    0.122982    0.0264432    
0.0788324    0.132941    0.122982    0.0264433    0.0788324    0.132941    0.122982    0.0264433    
0.0788324    0.132941    0.122982    0.0264433    0.0788324    0.132941    0.122982    0.0264433    
0.0788324    0.132941    0.122982    0.0264433    0.0788324    0.132941    0.122982    0.0264433    
0.0788324    0.132941    0.122982    0.0264433    0.0788324    0.132941    0.122982    0.0264433    
0.0788324    0.13294    0.122982    0.0264433    0.0788324    0.13294    0.122982    0.0264433    
0.0788324    0.13294    0.122982    0.0264433    0.0788324    0.13294    0.122982    0.0264433    
0.0788324    0.13294    0.122982    0.0264433    0.0788324    0.13294    0.122982    0.0264433    
0.0788324    0.13294    0.122982    0.0264433    0.0788324    0.13294    0.122982    0.0264433    
0.0788324    0.13294    0.122982    0.0264433    0.0788324    0.13294    0.122982    0.0264433    
0.0788324    0.13294    0.122982    0.0264433    0.0788324    0.13294    0.122982    0.0264433    
0.0788324    0.13294    0.122982    0.0264433    0.0788324    0.13294    0.122982    0.0264433    
0.0788324    0.13294    0.122982    0.0264433    0.0788324    0.13294    0.122982    0.0264433    
0.0788324    0.13294    0.122982    0.0264433    0.0788324    0.13294    0.122982    0.0264433    
0.0788324    0.13294    0.122982    0.0264433    0.0788324    0.13294    0.122982    0.0264433    
0.0788324    0.13294    0.122982    0.0264433    0.0788324    0.13294    0.122982    0.0264433    
0.0788324    0.13294    0.122982    0.0264433    0.0788324    0.13294    0.122982    0.0264433    
0.0788324    0.13294    0.122982    0.0264433    0.0788324    0.13294    0.122982    0.0264433    
0.0788324    0.13294    0.122982    0.0264433    0.0788324    0.13294    0.122982    0.0264433    
0.0788324    0.13294    0.122982    0.0264433    0.0788324    0.13294    0.122982    0.0264433    
0.0788324    0.13294    0.122982    0.0264433    0.0788324    0.13294    0.122982    0.0264433    
0.0788324    0.13294    0.122982    0.0264433    0.0788324    0.13294    0.122982    0.0264433    
0.0788324    0.13294    0.122982    0.0264433    0.0788324    0.13294    0.122982    0.0264433    
0.0788324    0.13294    0.122982    0.0264433    0.0788324    0.13294    0.122982    0.0264433    
0.0788324    0.13294    0.122982    0.0264433    0.0788324    0.13294    0.122982    0.0264433    
0.0788324    0.13294    0.122982    0.0264433    0.0788324    0.13294    0.122982    0.0264433    
0.0788324    0.13294    0.122982    0.0264433    0.0788324    0.13294    0.122982    0.0264433    
0.0788324    0.13294    0.122982    0.0264433    0.0788324    0.13294    0.122982    0.0264433    
0.0788324    0.13294    0.122982    0.0264433    0.0788324    0.13294    0.122982    0.0264433    
0.0788324    0.13294    0.122982    0.0264433    0.0788324    0.13294    0.122982    0.0264433    
0.0788324    0.13294    0.122982    0.0264433    0.0788324    0.13294    0.122982    0.0264433    
0.0788324    0.13294    0.122982    0.0264433    0.0788324    0.13294    0.122982    0.0264433    
0.0788324    0.13294    0.122982    0.0264433    0.0788324    0.13294    0.122982    0.0264433    
0.0788324    0.13294    0.122982    0.0264433    0.0788324    0.13294    0.122982    0.0264433    
0.0788324    0.13294    0.122982    0.0264433    0.0788324    0.13294    0.122982    0.0264433    
0.0788324    0.13294    0.122982    0.0264433    0.0788324    0.13294    0.122982    0.0264433    
0.0788324    0.13294    0.122982    0.0264433    0.0788324    0.13294    0.122982    0.0264433    
0.0788324    0.13294    0.122982    0.0264433    0.0788324    0.13294    0.122982    0.0264433    
0.0788324    0.13294    0.122982    0.0264433    0.0788324    0.13294    0.122982    0.0264433    
0.0788324    0.13294    0.122982    0.0264433    0.0788324    0.13294    0.122982    0.0264433    
0.0788324    0.13294    0.122982    0.0264433    0.0788324    0.13294    0.122982    0.0264433    
0.0788324    0.13294    0.122982    0.0264433    0.0788324    0.13294    0.122982    0.0264433    
0.0788324    0.13294    0.122982    0.0264433    0.0788324    0.13294    0.122982    0.0264433    
0.0788324    0.13294    0.122982    0.0264433    0.0788324    0.13294    0.122982    0.0264433    
0.0788324    0.13294    0.122982    0.0264433    0.0788324    0.13294    0.122982    0.0264433    
0.0788324    0.13294    0.122982    0.0264433    0.0788324    0.13294    0.122982    0.0264433    
0.0788324    0.13294    0.122982    0.0264433    0.0788324    0.13294    0.122982    0.0264433    
0.0788324    0.13294    0.122982    0.0264433    0.0788324    0.13294    0.122982    0.0264433    
0.0788324    0.13294    0.122982    0.0264433    0.0788324    0.13294    0.122982    0.0264433    
0.0788324    0.13294    0.122982    0.0264433    0.0788324    0.13294    0.122982    0.0264433    
0.0788324    0.13294    0.122982    0.0264433    0.0788324    0.13294    0.122982    0.0264433    
0.0788324    0.13294    0.122982    0.0264433    0.0788324    0.13294    0.122982    0.0264433    
0.0788324    0.13294    0.122982    0.0264433    0.0788324    0.13294    0.122982    0.0264433    
0.0788324    0.13294    0.122982    0.0264433    0.0788324    0.13294    0.122982    0.0264433    
0.0788324    0.13294    0.122982    0.0264433    0.0788324    0.13294    0.122982    0.0264433    
0.0788324    0.13294    0.122982    0.0264433    0.0788324    0.13294    0.122982    0.0264433    
0.0788324    0.13294    0.122982    0.0264433    0.0788324    0.13294    0.122982    0.0264433    
0.0788324    0.13294    0.122982    0.0264433    0.0788324    0.13294    0.122982    0.0264433    
0.0788324    0.13294    0.122982    0.0264433    0.0788324    0.13294    0.122982    0.0264433    
0.0788324    0.13294    0.122982    0.0264433    0.0788324    0.13294    0.122982    0.0264433    
0.0788324    0.13294    0.122982    0.0264433    0.0788324    0.13294    0.122982    0.0264433    
0.0788324    0.13294    0.122982    0.0264433    0.0788324    0.13294    0.122982    0.0264433    
0.0788324    0.13294    0.122982    0.0264433    0.0788324    0.13294    0.122982    0.0264433    
0.0788324    0.13294    0.122982    0.0264433    0.0788324    0.13294    0.122982    0.0264433    
0.0788324    0.13294    0.122982    0.0264433    0.0788324    0.13294    0.122982    0.0264433    
0.0788324    0.13294    0.122982    0.0264433    0.0788324    0.13294    0.122982    0.0264433    
0.0788324    0.13294    0.122982    0.0264433    0.0788324    0.13294    0.122982    0.0264433    
0.0788324    0.13294    0.122982    0.0264433    0.0788324    0.13294    0.122982    0.0264433    
0.0788324    0.13294    0.122982    0.0264433    0.0788324    0.13294    0.122982    0.0264433    
0.0788324    0.13294    0.122982    0.0264433    0.0788324    0.13294    0.122982    0.0264433    
0.0788324    0.13294    0.122982    0.0264433    0.0788324    0.13294    0.122982    0.0264433    
0.0788324    0.13294    0.122982    0.0264433    0.0788324    0.13294    0.122982    0.0264433    
0.0788324    0.13294    0.122982    0.0264433    0.0788324    0.13294    0.122982    0.0264433    
0.0788324    0.13294    0.122982    0.0264433    0.0788324    0.13294    0.122982    0.0264433    
0.0788324    0.13294    0.122982    0.0264433    0.0788324    0.13294    0.122982    0.0264433    
0.0788324    0.13294    0.122982    0.0264433    0.0788324    0.13294    0.122982    0.0264433    
0.0788324    0.13294    0.122982    0.0264433    0.0788324    0.13294    0.122982    0.0264433    
0.0788324    0.13294    0.122982    0.0264433    0.0788324    0.13294    0.122982    0.0264433    
0.0788324    0.13294    0.122982    0.0264433    0.0788324    0.13294    0.122982    0.0264433    
0.0788324    0.13294    0.122982    0.0264433    0.0788324    0.13294    0.122982    0.0264433    
0.0788324    0.13294    0.122982    0.0264433    0.0788324    0.13294    0.122982    0.0264433    
0.0788324    0.13294    0.122982    0.0264433    0.0788324    0.13294    0.122982    0.0264433    
0.0788324    0.13294    0.122982    0.0264433    0.0788324    0.13294    0.122982    0.0264433    
0.0788324    0.13294    0.122982    0.0264433    0.0788324    0.13294    0.122982    0.0264433    
0.0788324    0.13294    0.122982    0.0264433    0.0788324    0.13294    0.122982    0.0264433    
0.0788324    0.13294    0.122982    0.0264433    0.0788324    0.13294    0.122982    0.0264433    
0.0788324    0.13294    0.122982    0.0264433    0.0788324    0.13294    0.122982    0.0264433    
0.0788324    0.13294    0.122982    0.0264433    0.0788324    0.13294    0.122982    0.0264433    
0.0788324    0.13294    0.122982    0.0264433    0.0788324    0.13294    0.122982    0.0264433    
0.0788324    0.13294    0.122982    0.0264433    0.0788324    0.13294    0.122982    0.0264433    
0.0788324    0.13294    0.122982    0.0264433    0.0788324    0.13294    0.122982    0.0264433    
0.0788324    0.13294    0.122982    0.0264433    0.0788324    0.13294    0.122982    0.0264433    
0.0788324    0.13294    0.122982    0.0264433    0.0788324    0.13294    0.122982    0.0264433    
0.0788324    0.13294    0.122982    0.0264433    0.0788324    0.13294    0.122982    0.0264433    
0.0788324    0.13294    0.122982    0.0264433    0.0788324    0.13294    0.122982    0.0264433    
0.0788324    0.13294    0.122982    0.0264433    0.0788324    0.13294    0.122982    0.0264433    
0.0788324    0.13294    0.122982    0.0264433    0.0788324    0.13294    0.122982    0.0264433    
0.0788324    0.13294    0.122982    0.0264433    0.0788324    0.13294    0.122982    0.0264433    
0.0788324    0.13294    0.122982    0.0264433    0.0788324    0.13294    0.122982    0.0264433    
0.0788324    0.13294    0.122982    0.0264433    0.0788324    0.13294    0.122982    0.0264433    
0.0788324    0.13294    0.122982    0.0264433    0.0788324    0.13294    0.122982    0.0264433    
0.0788324    0.13294    0.122982    0.0264433    0.0788324    0.13294    0.122982    0.0264433    
0.0788324    0.13294    0.122982    0.0264433    0.0788324    0.13294    0.122982    0.0264433    
0.0788324    0.13294    0.122982    0.0264433    0.0788324    0.13294    0.122982    0.0264433    
0.0788324    0.13294    0.122982    0.0264433    0.0788324    0.13294    0.122982    0.0264433    
0.0788324    0.13294    0.122982    0.0264433    0.0788324    0.13294    0.122982    0.0264433    
0.0788324    0.13294    0.122982    0.0264433    0.0788324    0.13294    0.122982    0.0264433    
0.0788324    0.13294    0.122982    0.0264433    0.0788324    0.13294    0.122982    0.0264433    
0.0788324    0.13294    0.122982    0.0264433    0.0788324    0.13294    0.122982    0.0264433    
0.0788324    0.13294    0.122982    0.0264433    0.0788324    0.13294    0.122982    0.0264433    
0.0788324    0.13294    0.122982    0.0264433    0.0788324    0.13294    0.122982    0.0264433    
0.0788324    0.13294    0.122982    0.0264433    0.0788324    0.13294    0.122982    0.0264433    
0.0788324    0.13294    0.122982    0.0264433    0.0788324    0.13294    0.122982    0.0264433    
0.0788324    0.13294    0.122982    0.0264433    0.0788324    0.13294    0.122982    0.0264433    
0.0788324    0.13294    0.122982    0.0264433    0.0788324    0.13294    0.122982    0.0264433    
0.0788324    0.13294    0.122982    0.0264433    0.0788324    0.13294    0.122982    0.0264433    
0.0788324    0.13294    0.122982    0.0264433    0.0788324    0.13294    0.122982    0.0264433    
0.0788324    0.13294    0.122982    0.0264433    0.0788324    0.13294    0.122982    0.0264433    
0.0788324    0.13294    0.122982    0.0264433    0.0788324    0.13294    0.122982    0.0264433    
0.0788324    0.13294    0.122982    0.0264433    0.0788324    0.13294    0.122982    0.0264433    
0.0788324    0.13294    0.122982    0.0264433    0.0788324    0.13294    0.122982    0.0264433    
0.0788324    0.13294    0.122982    0.0264433    0.0788324    0.13294    0.122982    0.0264433    
0.0788324    0.13294    0.122982    0.0264433    0.0788324    0.13294    0.122982    0.0264433    
0.0788324    0.13294    0.122982    0.0264433    0.0788324    0.13294    0.122982    0.0264433    
0.0788324    0.13294    0.122982    0.0264433    0.0788324    0.13294    0.122982    0.0264433    
0.0788324    0.13294    0.122982    0.0264433    0.0788324    0.13294    0.122982    0.0264433    
0.0788324    0.13294    0.122982    0.0264433    0.0788324    0.13294    0.122982    0.0264433    
0.0788324    0.13294    0.122982    0.0264433    0.0788324    0.13294    0.122982    0.0264433    
0.0788324    0.13294    0.122982    0.0264433    0.0788324    0.13294    0.122982    0.0264433    
0.0788324    0.13294    0.122982    0.0264433    0.0788324    0.13294    0.122982    0.0264433    
0.0788324    0.13294    0.122982    0.0264433    0.0788324    0.13294    0.122982    0.0264433    
0.0788324    0.13294    0.122982    0.0264433    0.0788324    0.13294    0.122982    0.0264433    
0.0788324    0.13294    0.122982    0.0264433    0.0788324    0.13294    0.122982    0.0264433    
0.0788324    0.13294    0.122982    0.0264433    0.0788324    0.13294    0.122982    0.0264433    
0.0788324    0.13294    0.122982    0.0264433    0.0788324    0.13294    0.122982    0.0264433    
0.0788324    0.13294    0.122982    0.0264433    0.0788324    0.13294    0.122982    0.0264433    
0.0788324    0.13294    0.122982    0.0264433    0.0788324    0.13294    0.122982    0.0264433    
0.0788324    0.13294    0.122982    0.0264433    0.0788324    0.13294    0.122982    0.0264433    
0.0788324    0.13294    0.122982    0.0264433    0.0788324    0.13294    0.122982    0.0264433    
0.0788324    0.13294    0.122982    0.0264433    0.0788324    0.13294    0.122982    0.0264433    
