1.2    -1.00793    0.00151433    -0.651987    -2.37856    0.000209986    -0.126656
1.20552    -1.06069    0.00467143    -0.65476    -2.4709    0.00026663    -0.0425168
1.21522    -1.08831    0.0082523    -0.649529    -2.52336    0.000382958    0.0200014
1.22811    -1.10278    0.0116811    -0.641868    -2.55034    0.000517393    0.0666616
1.24345    -1.11076    0.0146754    -0.63418    -2.5616    0.000641318    0.102313
1.26064    -1.11559    0.0170961    -0.627236    -2.56321    0.000739249    0.130388
1.27919    -1.1188    0.018885    -0.621127    -2.55884    0.000805252    0.153148
1.29869    -1.1211    0.0200364    -0.615728    -2.55075    0.000839283    0.172046
1.31878    -1.12279    0.0205816    -0.610883    -2.54036    0.00084451    0.188013
1.33914    -1.12402    0.0205765    -0.606466    -2.52861    0.000825592    0.201657
1.35949    -1.12489    0.0200934    -0.602392    -2.51613    0.000787646    0.213393
1.37961    -1.12545    0.0192129    -0.598605    -2.50337    0.000735647    0.22352
1.39928    -1.12574    0.0180184    -0.595076    -2.49064    0.000674101    0.232261
1.41832    -1.12582    0.0165909    -0.591785    -2.47819    0.000606898    0.239797
1.4366    -1.12573    0.0150067    -0.588725    -2.46618    0.000537266    0.246278
1.45398    -1.1255    0.0133343    -0.585892    -2.45474    0.000467791    0.251832
1.47037    -1.12516    0.0116342    -0.583283    -2.44397    0.000400474    0.256574
1.48568    -1.12476    0.00995775    -0.580897    -2.43391    0.000336807    0.260602
1.49984    -1.12431    0.00834725    -0.578732    -2.42464    0.000277847    0.264003
1.5128    -1.12384    0.00683662    -0.576786    -2.41616    0.000224299    0.266856
1.52453    -1.12337    0.00545182    -0.575056    -2.40851    0.000176581    0.269228
1.53501    -1.12292    0.00421165    -0.573538    -2.40169    0.000134886    0.271179
1.54422    -1.1225    0.00312855    -0.572227    -2.39569    9.92347e-05    0.272759
1.55216    -1.12211    0.00220941    -0.571119    -2.39052    6.95169e-05    0.274013
1.55883    -1.12178    0.00145636    -0.570208    -2.38616    4.55258e-05    0.274979
1.56424    -1.1215    0.000867514    -0.569489    -2.3826    2.69844e-05    0.275688
1.56842    -1.12128    0.000437617    -0.568954    -2.37982    1.3566e-05    0.276165
1.57139    -1.12113    0.000158657    -0.5686    -2.37781    4.91017e-06    0.276434
1.57318    -1.12103    2.03943e-05    -0.568418    -2.37654    6.33198e-07    0.276511
1.57382    -1.121    1.08317e-05    -0.568403    -2.37598    3.36593e-07    0.276409
1.57335    -1.12102    0.000116622    -0.568547    -2.37612    3.61224e-06    0.27614
1.57182    -1.12111    0.000323425    -0.568845    -2.37693    1.0046e-05    0.27571
1.56927    -1.12124    0.00061622    -0.56929    -2.37839    1.92197e-05    0.275126
1.56575    -1.12143    0.00097958    -0.569875    -2.38046    3.07126e-05    0.27439
1.5613    -1.12166    0.00139792    -0.570592    -2.38312    4.4102e-05    0.273504
1.556    -1.12193    0.00185569    -0.571435    -2.38634    5.89639e-05    0.272468
1.54989    -1.12223    0.00233763    -0.572397    -2.39009    7.48739e-05    0.271281
1.54302    -1.12256    0.00282891    -0.57347    -2.39434    9.1408e-05    0.269943
1.53548    -1.12291    0.0033153    -0.574646    -2.39905    0.000108144    0.268451
1.52731    -1.12327    0.00378341    -0.575916    -2.4042    0.000124667    0.266805
1.51858    -1.12364    0.00422079    -0.577274    -2.40974    0.000140567    0.265002
1.50936    -1.124    0.00461613    -0.57871    -2.41565    0.00015545    0.263043
1.49972    -1.12436    0.0049594    -0.580214    -2.42187    0.00016894    0.260929
1.48973    -1.1247    0.00524205    -0.581777    -2.42837    0.000180685    0.258662
1.47945    -1.12502    0.00545713    -0.583391    -2.43511    0.00019037    0.256247
1.46897    -1.12532    0.00559943    -0.585043    -2.44204    0.00019772    0.253689
1.45835    -1.12558    0.00566561    -0.586723    -2.44913    0.00020251    0.250999
1.44767    -1.12581    0.00565429    -0.588421    -2.45631    0.000204577    0.248188
1.437    -1.12601    0.00556613    -0.590125    -2.46355    0.000203826    0.245271
1.42641    -1.12616    0.00540381    -0.591824    -2.4708    0.000200239    0.242267
1.41598    -1.12628    0.00517204    -0.593504    -2.478    0.00019388    0.239197
1.40578    -1.12636    0.00487744    -0.595156    -2.4851    0.000184898    0.236086
1.39587    -1.12639    0.0045284    -0.596766    -2.49206    0.000173528    0.232963
1.38632    -1.1264    0.00413486    -0.598322    -2.49882    0.000160085    0.229858
1.37719    -1.12637    0.00370801    -0.599814    -2.50534    0.000144961    0.226804
1.36855    -1.12631    0.00325992    -0.60123    -2.51156    0.000128607    0.223837
1.36045    -1.12623    0.00280319    -0.602559    -2.51744    0.000111522    0.220992
1.35294    -1.12613    0.00235042    -0.603792    -2.52294    9.4229e-05    0.218306
1.34606    -1.12602    0.00191382    -0.60492    -2.52802    7.72562e-05    0.215813
1.33985    -1.12591    0.0015047    -0.605935    -2.53265    6.11113e-05    0.213547
1.33434    -1.12579    0.00113304    -0.60683    -2.53679    4.62587e-05    0.211538
1.32957    -1.12568    0.000807125    -0.607599    -2.54042    3.30977e-05    0.209812
1.32554    -1.12559    0.000533238    -0.60824    -2.54352    2.19441e-05    0.208391
1.32226    -1.12551    0.000315443    -0.60875    -2.54608    1.30168e-05    0.20729
1.31974    -1.12544    0.000155499    -0.609128    -2.54808    6.42982e-06    0.206521
1.31797    -1.1254    5.28826e-05    -0.609375    -2.54954    2.19098e-06    0.206085
1.31694    -1.12538    4.91577e-06    -0.609492    -2.55046    2.06593e-07    0.205979
1.31662    -1.12539    7.01008e-06    -0.609485    -2.55084    2.92184e-07    0.206196
1.317    -1.12541    5.29861e-05    -0.609358    -2.55071    2.18788e-06    0.206719
1.31803    -1.12546    0.000135457    -0.609118    -2.55009    5.57721e-06    0.207528
1.31968    -1.12552    0.000246247    -0.608772    -2.54901    1.01077e-05    0.208599
1.32191    -1.12559    0.000376816    -0.608328    -2.54749    1.54119e-05    0.209903
1.32466    -1.12568    0.000518664    -0.607796    -2.54558    2.11269e-05    0.211411
1.3279    -1.12577    0.000663703    -0.607186    -2.54332    2.69117e-05    0.21309
1.33155    -1.12587    0.000804563    -0.606508    -2.54073    3.24614e-05    0.214908
1.33558    -1.12597    0.000934835    -0.605771    -2.53788    3.75172e-05    0.216833
1.33992    -1.12606    0.00104924    -0.604987    -2.53479    4.18734e-05    0.218833
1.34451    -1.12615    0.00114373    -0.604166    -2.53151    4.53794e-05    0.22088
1.34931    -1.12624    0.00121549    -0.603317    -2.52808    4.794e-05    0.222945
1.35426    -1.12631    0.00126296    -0.602451    -2.52454    4.95116e-05    0.225005
1.3593    -1.12638    0.00128568    -0.601577    -2.52094    5.00971e-05    0.227036
1.36439    -1.12643    0.00128425    -0.600702    -2.51731    4.97392e-05    0.229019
1.36947    -1.12647    0.00126009    -0.599836    -2.51368    4.85133e-05    0.230937
1.37451    -1.1265    0.00121536    -0.598986    -2.51009    4.65194e-05    0.232777
1.37946    -1.12652    0.00115277    -0.598158    -2.50656    4.38746e-05    0.234526
1.38428    -1.12653    0.00107536    -0.597359    -2.50313    4.07066e-05    0.236177
1.38893    -1.12653    0.000986422    -0.596593    -2.49982    3.71471e-05    0.23772
1.39339    -1.12652    0.000889312    -0.595866    -2.49666    3.33266e-05    0.239153
1.39762    -1.1265    0.000787329    -0.595182    -2.49365    2.93701e-05    0.24047
1.4016    -1.12649    0.000683616    -0.594544    -2.49082    2.53934e-05    0.241671
1.40531    -1.12646    0.000581075    -0.593955    -2.48819    2.15009e-05    0.242754
1.40873    -1.12644    0.000482295    -0.593417    -2.48576    1.77834e-05    0.243719
1.41185    -1.12641    0.000389508    -0.592932    -2.48354    1.43174e-05    0.244568
1.41465    -1.12639    0.000304559    -0.592501    -2.48155    1.11644e-05    0.245303
1.41712    -1.12636    0.000228891    -0.592125    -2.47978    8.37116e-06    0.245925
1.41927    -1.12634    0.000163545    -0.591805    -2.47824    5.96987e-06    0.246438
1.42109    -1.12632    0.000109171    -0.591539    -2.47693    3.97912e-06    0.246846
1.42257    -1.1263    6.60471e-05    -0.591328    -2.47586    2.40481e-06    0.24715
1.42372    -1.12629    3.41116e-05    -0.59117    -2.47501    1.24138e-06    0.247356
1.42455    -1.12628    1.29941e-05    -0.591065    -2.47438    4.73064e-07    0.247466
1.42506    -1.12627    2.05633e-06    -0.591011    -2.47397    7.53149e-08    0.247486
1.42527    -1.12627    4.33591e-07    -0.591006    -2.47378    1.61959e-08    0.247418
1.42517    -1.12628    7.07857e-06    -0.591049    -2.4738    2.57821e-07    0.247267
1.42479    -1.12628    2.08053e-05    -0.591136    -2.47401    7.57774e-07    0.247038
1.42415    -1.12629    4.03329e-05    -0.591266    -2.47441    1.47049e-06    0.246735
1.42325    -1.12631    6.43275e-05    -0.591436    -2.47498    2.34862e-06    0.246362
1.42211    -1.12632    9.14427e-05    -0.591643    -2.47572    3.34426e-06    0.245924
1.42075    -1.12634    0.000120356    -0.591884    -2.47662    4.4102e-06    0.245426
1.41919    -1.12636    0.000149805    -0.592156    -2.47766    5.50101e-06    0.244873
1.41746    -1.12638    0.000178614    -0.592456    -2.47883    6.57409e-06    0.244269
1.41556    -1.1264    0.000205722    -0.592781    -2.48011    7.59051e-06    0.243621
1.41353    -1.12642    0.000230204    -0.593127    -2.48149    8.51585e-06    0.242933
1.41137    -1.12644    0.000251286    -0.593491    -2.48296    9.3208e-06    0.242212
1.40912    -1.12646    0.000268359    -0.593869    -2.4845    9.98167e-06    0.241463
1.4068    -1.12648    0.000280982    -0.594258    -2.48611    1.04807e-05    0.240692
1.40442    -1.12649    0.000288888    -0.594656    -2.48775    1.08064e-05    0.239904
1.40201    -1.12651    0.000291976    -0.595057    -2.48942    1.09531e-05    0.239107
1.39958    -1.12652    0.000290308    -0.595459    -2.49111    1.09214e-05    0.238307
1.39717    -1.12653    0.000284094    -0.59586    -2.4928    1.07176e-05    0.237508
1.39477    -1.12653    0.000273677    -0.596255    -2.49448    1.03529e-05    0.236719
1.39243    -1.12654    0.000259515    -0.596641    -2.49613    9.84325e-06    0.235945
1.39014    -1.12654    0.00024216    -0.597017    -2.49775    9.20848e-06    0.235191
1.38793    -1.12654    0.000222233    -0.597379    -2.49931    8.47138e-06    0.234464
1.38582    -1.12654    0.000200401    -0.597724    -2.50082    7.65686e-06    0.233769
1.38381    -1.12654    0.000177356    -0.598051    -2.50226    6.79103e-06    0.233111
1.38192    -1.12653    0.000153783    -0.598358    -2.50361    5.90027e-06    0.232495
1.38016    -1.12653    0.000130346    -0.598642    -2.50488    5.01029e-06    0.231926
1.37854    -1.12652    0.000107664    -0.598902    -2.50605    4.14533e-06    0.231407
1.37707    -1.12651    8.62906e-05    -0.599137    -2.50712    3.32736e-06    0.230941
1.37575    -1.12651    6.67042e-05    -0.599345    -2.50808    2.57548e-06    0.230531
1.37459    -1.1265    4.92938e-05    -0.599527    -2.50893    1.9054e-06    0.230179
1.37359    -1.1265    3.4352e-05    -0.59968    -2.50967    1.3291e-06    0.229886
1.37276    -1.12649    2.20718e-05    -0.599806    -2.51029    8.5465e-07    0.229654
1.37209    -1.12649    1.25469e-05    -0.599904    -2.51079    4.86163e-07    0.229482
1.37159    -1.12649    5.77485e-06    -0.599975    -2.51118    2.23927e-07    0.22937
1.37125    -1.12648    1.66438e-06    -0.600018    -2.51146    6.46559e-08    0.229316
1.37107    -1.12648    4.48953e-08    -0.600035    -2.51162    1.87096e-09    0.229319
1.37104    -1.12648    6.78244e-07    -0.600026    -2.51166    2.63694e-08    0.229377
1.37115    -1.12649    3.27211e-06    -0.599993    -2.51161    1.26766e-07    0.229487
1.37141    -1.12649    7.49433e-06    -0.599937    -2.51145    2.90076e-07    0.229645
1.3718    -1.12649    1.29876e-05    -0.599859    -2.5112    5.0231e-07    0.229848
1.37231    -1.12649    1.93837e-05    -0.599762    -2.51086    7.49066e-07    0.230092
1.37294    -1.1265    2.63174e-05    -0.599646    -2.51044    1.01607e-06    0.230373
1.37366    -1.1265    3.34386e-05    -0.599513    -2.50994    1.2897e-06    0.230687
1.37448    -1.12651    4.04234e-05    -0.599366    -2.50937    1.55737e-06    0.231029
1.37539    -1.12651    4.69826e-05    -0.599206    -2.50875    1.80793e-06    0.231395
1.37636    -1.12652    5.2869e-05    -0.599036    -2.50807    2.03191e-06    0.23178
1.37739    -1.12652    5.78819e-05    -0.598856    -2.50735    2.2217e-06    0.23218
1.37847    -1.12653    6.18702e-05    -0.59867    -2.5066    2.37161e-06    0.23259
1.37959    -1.12653    6.47324e-05    -0.598479    -2.50581    2.47796e-06    0.233007
1.38073    -1.12653    6.64163e-05    -0.598284    -2.50501    2.53895e-06    0.233426
1.38188    -1.12654    6.69157e-05    -0.598088    -2.5042    2.55454e-06    0.233843
1.38305    -1.12654    6.62667e-05    -0.597893    -2.50338    2.52634e-06    0.234255
1.3842    -1.12654    6.45426e-05    -0.597699    -2.50256    2.45733e-06    0.234659
1.38534    -1.12654    6.18475e-05    -0.59751    -2.50175    2.35167e-06    0.235052
1.38646    -1.12654    5.83108e-05    -0.597325    -2.50096    2.21441e-06    0.23543
1.38754    -1.12654    5.40796e-05    -0.597146    -2.50019    2.05126e-06    0.235791
1.38858    -1.12654    4.9313e-05    -0.596975    -2.49945    1.86832e-06    0.236134
1.38958    -1.12654    4.41752e-05    -0.596813    -2.49874    1.67186e-06    0.236456
1.39052    -1.12654    3.88297e-05    -0.59666    -2.49807    1.46809e-06    0.236755
1.39141    -1.12654    3.34343e-05    -0.596518    -2.49744    1.26293e-06    0.237031
1.39223    -1.12654    2.81358e-05    -0.596387    -2.49685    1.0619e-06    0.237282
1.39298    -1.12654    2.3067e-05    -0.596268    -2.49631    8.6994e-07    0.237508
1.39366    -1.12654    1.8343e-05    -0.596161    -2.49582    6.91327e-07    0.237707
1.39427    -1.12654    1.40592e-05    -0.596066    -2.49538    5.2958e-07    0.237879
1.3948    -1.12653    1.02901e-05    -0.595985    -2.495    3.8743e-07    0.238025
1.39526    -1.12653    7.08852e-06    -0.595916    -2.49466    2.66796e-07    0.238144
1.39564    -1.12653    4.48584e-06    -0.59586    -2.49438    1.68802e-07    0.238237
1.39594    -1.12653    2.4928e-06    -0.595817    -2.49416    9.38012e-08    0.238304
1.39616    -1.12653    1.10083e-06    -0.595787    -2.49399    4.14382e-08    0.238345
1.39631    -1.12653    2.83994e-07    -0.595769    -2.49387    1.07138e-08    0.238362
1.39638    -1.12653    1.12802e-09    -0.595763    -2.49381    6.97315e-11    0.238356
1.39639    -1.12653    1.98419e-07    -0.595769    -2.49379    7.48176e-09    0.238326
1.39633    -1.12653    8.12069e-07    -0.595786    -2.49382    3.0558e-08    0.238276
1.3962    -1.12653    1.77108e-06    -0.595813    -2.4939    6.66407e-08    0.238205
1.39601    -1.12653    3e-06    -0.59585    -2.49402    1.12908e-07    0.238115
1.39576    -1.12653    4.42165e-06    -0.595896    -2.49418    1.66471e-07    0.238008
1.39546    -1.12653    5.95959e-06    -0.59595    -2.49438    2.24468e-07    0.237886
1.39512    -1.12654    7.54045e-06    -0.596012    -2.49462    2.84147e-07    0.237749
1.39473    -1.12654    9.09595e-06    -0.596081    -2.49488    3.42943e-07    0.237599
1.3943    -1.12654    1.05646e-05    -0.596155    -2.49517    3.98539e-07    0.237438
1.39384    -1.12654    1.18931e-05    -0.596235    -2.49549    4.48921e-07    0.237268
1.39335    -1.12654    1.30372e-05    -0.596319    -2.49583    4.92413e-07    0.237091
1.39284    -1.12654    1.39627e-05    -0.596407    -2.49618    5.27705e-07    0.236907
1.39231    -1.12654    1.46454e-05    -0.596497    -2.49655    5.53868e-07    0.23672
1.39176    -1.12654    1.50712e-05    -0.596588    -2.49693    5.70346e-07    0.23653
1.39121    -1.12654    1.52358e-05    -0.596681    -2.49732    5.76955e-07    0.236339
1.39066    -1.12654    1.51441e-05    -0.596774    -2.49771    5.73855e-07    0.236148
1.39011    -1.12654    1.48089e-05    -0.596866    -2.49809    5.61517e-07    0.23596
1.38956    -1.12654    1.42507e-05    -0.596956    -2.49848    5.40691e-07    0.235775
1.38903    -1.12654    1.34956e-05    -0.597045    -2.49886    5.12355e-07    0.235595
1.3885    -1.12654    1.25745e-05    -0.597131    -2.49923    4.77669e-07    0.235422
1.388    -1.12654    1.15217e-05    -0.597213    -2.49958    4.37923e-07    0.235256
1.38752    -1.12654    1.03733e-05    -0.597292    -2.49993    3.94484e-07    0.235099
1.38706    -1.12654    9.16612e-06    -0.597366    -2.50025    3.4875e-07    0.234951
1.38663    -1.12654    7.93619e-06    -0.597435    -2.50056    3.02095e-07    0.234814
1.38623    -1.12654    6.7179e-06    -0.5975    -2.50085    2.5583e-07    0.234688
1.38587    -1.12654    5.54284e-06    -0.597558    -2.50111    2.11164e-07    0.234574
1.38553    -1.12654    4.43897e-06    -0.597611    -2.50135    1.6917e-07    0.234472
1.38523    -1.12654    3.43005e-06    -0.597658    -2.50157    1.30761e-07    0.234383
1.38497    -1.12654    2.53513e-06    -0.597699    -2.50176    9.66722e-08    0.234307
1.38474    -1.12654    1.76826e-06    -0.597734    -2.50193    6.74468e-08    0.234244
1.38456    -1.12654    1.13849e-06    -0.597762    -2.50207    4.34361e-08    0.234195
1.3844    -1.12654    6.49851e-07    -0.597784    -2.50218    2.48005e-08    0.234158
1.38429    -1.12654    3.01699e-07    -0.5978    -2.50227    1.15194e-08    0.234134
1.38421    -1.12654    8.90451e-08    -0.597809    -2.50233    3.40548e-09    0.234123
1.38417    -1.12654    3.06797e-09    -0.597813    -2.50237    1.23743e-10    0.234124
1.38416    -1.12654    3.17042e-08    -0.597812    -2.50238    1.21434e-09    0.234136
1.38419    -1.12654    1.60295e-07    -0.597804    -2.50237    6.11745e-09    0.23416
1.38424    -1.12654    3.72268e-07    -0.597792    -2.50233    1.41997e-08    0.234194
1.38433    -1.12654    6.49836e-07    -0.597775    -2.50228    2.47807e-08    0.234237
1.38444    -1.12654    9.74669e-07    -0.597753    -2.5022    3.71599e-08    0.23429
1.38458    -1.12654    1.32854e-06    -0.597727    -2.50211    5.06403e-08    0.23435
1.38475    -1.12654    1.6939e-06    -0.597698    -2.502    6.45519e-08    0.234418
1.38493    -1.12654    2.05442e-06    -0.597665    -2.50187    7.82712e-08    0.234492
1.38514    -1.12654    2.39539e-06    -0.597629    -2.50173    9.12377e-08    0.234571
1.38536    -1.12654    2.70409e-06    -0.597591    -2.50158    1.02967e-07    0.234655
1.38559    -1.12654    2.97003e-06    -0.59755    -2.50142    1.13061e-07    0.234743
1.38583    -1.12654    3.1851e-06    -0.597508    -2.50125    1.21212e-07    0.234833
1.38609    -1.12654    3.34365e-06    -0.597465    -2.50107    1.27207e-07    0.234925
1.38635    -1.12654    3.44245e-06    -0.597421    -2.50089    1.30925e-07    0.235018
1.38661    -1.12654    3.48059e-06    -0.597377    -2.5007    1.32335e-07    0.235112
1.38687    -1.12654    3.45933e-06    -0.597332    -2.50052    1.31486e-07    0.235204
1.38714    -1.12654    3.38187e-06    -0.597288    -2.50033    1.28504e-07    0.235295
1.3874    -1.12654    3.25306e-06    -0.597245    -2.50015    1.23573e-07    0.235385
1.38765    -1.12654    3.07914e-06    -0.597202    -2.49997    1.16933e-07    0.235471
1.3879    -1.12654    2.86736e-06    -0.597161    -2.49979    1.08861e-07    0.235554
1.38814    -1.12654    2.62571e-06    -0.597122    -2.49962    9.96608e-08    0.235633
1.38837    -1.12654    2.36258e-06    -0.597084    -2.49945    8.96517e-08    0.235708
1.38859    -1.12654    2.08643e-06    -0.597049    -2.4993    7.9155e-08    0.235778
1.3888    -1.12654    1.80553e-06    -0.597016    -2.49915    6.84842e-08    0.235843
1.38899    -1.12654    1.52771e-06    -0.596985    -2.49902    5.79354e-08    0.235902
1.38916    -1.12654    1.26009e-06    -0.596957    -2.49889    4.7779e-08    0.235956
1.38932    -1.12654    1.009e-06    -0.596932    -2.49877    3.82528e-08    0.236004
1.38947    -1.12654    7.79719e-07    -0.59691    -2.49867    2.95572e-08    0.236045
1.38959    -1.12654    5.76495e-07    -0.596891    -2.49858    2.18517e-08    0.236081
1.3897    -1.12654    4.02429e-07    -0.596874    -2.4985    1.52532e-08    0.23611
1.38979    -1.12654    2.59484e-07    -0.596861    -2.49844    9.83535e-09    0.236133
1.38986    -1.12654    1.48515e-07    -0.59685    -2.49838    5.62988e-09    0.23615
1.38992    -1.12654    6.93253e-08    -0.596843    -2.49834    2.62894e-09    0.236161
1.38995    -1.12654    2.07601e-08    -0.596838    -2.49831    7.88478e-10    0.236166
1.38997    -1.12654    8.17992e-10    -0.596836    -2.49829    3.251e-11    0.236166
1.38998    -1.12654    6.78239e-09    -0.596837    -2.49829    2.58093e-10    0.23616
1.38997    -1.12654    3.53653e-08    -0.59684    -2.49829    1.34073e-09    0.236149
1.38994    -1.12654    8.28574e-08    -0.596846    -2.49831    3.14004e-09    0.236133
1.3899    -1.12654    1.4528e-07    -0.596854    -2.49833    5.50543e-09    0.236113
1.38984    -1.12654    2.18531e-07    -0.596865    -2.49837    8.28171e-09    0.236089
1.38978    -1.12654    2.98529e-07    -0.596877    -2.49841    1.13144e-08    0.236061
1.3897    -1.12654    3.81337e-07    -0.596891    -2.49847    1.44543e-08    0.236029
1.38961    -1.12654    4.63279e-07    -0.596906    -2.49853    1.75624e-08    0.235995
1.38952    -1.12654    5.41034e-07    -0.596923    -2.49859    2.05126e-08    0.235958
1.38941    -1.12654    6.11713e-07    -0.596941    -2.49866    2.31955e-08    0.235918
1.3893    -1.12654    6.72918e-07    -0.596961    -2.49874    2.552e-08    0.235877
1.38918    -1.12654    7.22775e-07    -0.59698    -2.49882    2.74149e-08    0.235835
1.38906    -1.12654    7.59957e-07    -0.597001    -2.49891    2.88296e-08    0.235792
1.38894    -1.12654    7.83674e-07    -0.597022    -2.49899    2.97339e-08    0.235748
1.38881    -1.12654    7.93663e-07    -0.597043    -2.49908    3.01175e-08    0.235704
1.38869    -1.12654    7.90146e-07    -0.597064    -2.49917    2.99887e-08    0.23566
1.38856    -1.12654    7.73789e-07    -0.597085    -2.49926    2.93723e-08    0.235616
1.38844    -1.12654    7.4564e-07    -0.597106    -2.49935    2.8308e-08    0.235574
1.38831    -1.12654    7.07066e-07    -0.597126    -2.49943    2.68475e-08    0.235533
1.38819    -1.12654    6.59681e-07    -0.597146    -2.49952    2.50518e-08    0.235493
1.38808    -1.12654    6.05276e-07    -0.597165    -2.4996    2.29888e-08    0.235455
1.38797    -1.12654    5.45742e-07    -0.597183    -2.49968    2.07303e-08    0.235419
1.38786    -1.12654    4.83004e-07    -0.5972    -2.49975    1.83494e-08    0.235385
1.38777    -1.12654    4.18954e-07    -0.597216    -2.49982    1.5918e-08    0.235353
1.38767    -1.12654    3.55389e-07    -0.597231    -2.49989    1.35043e-08    0.235325
1.38759    -1.12654    2.93964e-07    -0.597244    -2.49995    1.11714e-08    0.235299
1.38751    -1.12654    2.36145e-07    -0.597256    -2.50001    8.97501e-09    0.235275
1.38744    -1.12654    1.83181e-07    -0.597267    -2.50006    6.96266e-09    0.235255
1.38738    -1.12654    1.36072e-07    -0.597277    -2.5001    5.17257e-09    0.235238
1.38733    -1.12654    9.55665e-08    -0.597285    -2.50014    3.63317e-09    0.235223
1.38729    -1.12654    6.2147e-08    -0.597291    -2.50017    2.36294e-09    0.235212
1.38725    -1.12654    3.60411e-08    -0.597296    -2.5002    1.37061e-09    0.235203
1.38722    -1.12654    1.72324e-08    -0.5973    -2.50022    6.55584e-10    0.235197
1.38721    -1.12654    5.47975e-09    -0.597302    -2.50023    2.08749e-10    0.235195
1.38719    -1.12654    3.43189e-10    -0.597303    -2.50024    1.34024e-11    0.235195
1.38719    -1.12654    1.21371e-09    -0.597303    -2.50024    4.64005e-11    0.235197
1.3872    -1.12654    7.34626e-09    -0.597302    -2.50024    2.79418e-10    0.235202
1.38721    -1.12654    1.78945e-08    -0.597299    -2.50023    6.80273e-10    0.23521
1.38723    -1.12654    3.19463e-08    -0.597295    -2.50022    1.21427e-09    0.235219
1.38725    -1.12654    4.85581e-08    -0.59729    -2.50021    1.84554e-09    0.235231
1.38728    -1.12654    6.6788e-08    -0.597285    -2.50019    2.53824e-09    0.235244
1.38732    -1.12654    8.57257e-08    -0.597278    -2.50016    3.25777e-09    0.235259
1.38736    -1.12654    1.04519e-07    -0.597271    -2.50013    3.97176e-09    0.235276
1.38741    -1.12654    1.22399e-07    -0.597263    -2.5001    4.6509e-09    0.235294
1.38746    -1.12654    1.38692e-07    -0.597254    -2.50007    5.26969e-09    0.235312
1.38751    -1.12654    1.52841e-07    -0.597245    -2.50003    5.80691e-09    0.235332
1.38757    -1.12654    1.64407e-07    -0.597235    -2.49999    6.24597e-09    0.235353
1.38762    -1.12654    1.73081e-07    -0.597225    -2.49995    6.57504e-09    0.235373
1.38768    -1.12654    1.78674e-07    -0.597215    -2.49991    6.78708e-09    0.235394
1.38774    -1.12654    1.81122e-07    -0.597205    -2.49987    6.87962e-09    0.235416
1.3878    -1.12654    1.80472e-07    -0.597195    -2.49983    6.85448e-09    0.235437
1.38786    -1.12654    1.76874e-07    -0.597185    -2.49978    6.71737e-09    0.235458
1.38792    -1.12654    1.70565e-07    -0.597175    -2.49974    6.47735e-09    0.235478
1.38798    -1.12654    1.61856e-07    -0.597165    -2.4997    6.14626e-09    0.235498
1.38804    -1.12654    1.51117e-07    -0.597156    -2.49966    5.73811e-09    0.235517
1.38809    -1.12654    1.38755e-07    -0.597147    -2.49962    5.26846e-09    0.235535
1.38815    -1.12654    1.25205e-07    -0.597138    -2.49958    4.75374e-09    0.235552
1.3882    -1.12654    1.10906e-07    -0.59713    -2.49955    4.21065e-09    0.235568
1.38825    -1.12654    9.62915e-08    -0.597123    -2.49951    3.65564e-09    0.235583
1.38829    -1.12654    8.17719e-08    -0.597115    -2.49948    3.10431e-09    0.235597
1.38833    -1.12654    6.77267e-08    -0.597109    -2.49945    2.57104e-09    0.23561
1.38837    -1.12654    5.44918e-08    -0.597103    -2.49942    2.06859e-09    0.235621
1.3884    -1.12654    4.23534e-08    -0.597098    -2.4994    1.60778e-09    0.235631
1.38843    -1.12654    3.15418e-08    -0.597093    -2.49938    1.19737e-09    0.235639
1.38845    -1.12654    2.2229e-08    -0.59709    -2.49936    8.4387e-10    0.235646
1.38848    -1.12654    1.45274e-08    -0.597086    -2.49935    5.51534e-10    0.235651
1.38849    -1.12654    8.49094e-09    -0.597084    -2.49933    3.22404e-10    0.235655
1.38851    -1.12654    4.11793e-09    -0.597082    -2.49932    1.56413e-10    0.235658
1.38851    -1.12654    1.35563e-09    -0.597081    -2.49932    5.15539e-11    0.23566
1.38852    -1.12654    1.05893e-10    -0.59708    -2.49931    4.10133e-12    0.23566
1.38852    -1.12654    2.31916e-10    -0.597081    -2.49931    8.86332e-12    0.235659
1.38852    -1.12654    1.56572e-09    -0.597081    -2.49931    5.94657e-11    0.235656
1.38851    -1.12654    3.916e-09    -0.597082    -2.49931    1.4865e-10    0.235653
1.3885    -1.12654    7.07609e-09    -0.597084    -2.49932    2.68575e-10    0.235648
1.38849    -1.12654    1.08318e-08    -0.597087    -2.49933    4.11115e-10    0.235643
1.38848    -1.12654    1.4969e-08    -0.597089    -2.49934    5.68142e-10    0.235636
1.38846    -1.12654    1.92802e-08    -0.597092    -2.49935    7.31786e-10    0.235629
1.38844    -1.12654    2.35708e-08    -0.597096    -2.49936    8.94662e-10    0.235622
1.38842    -1.12654    2.76644e-08    -0.5971    -2.49938    1.05007e-09    0.235613
1.3884    -1.12654    3.14068e-08    -0.597104    -2.49939    1.19216e-09    0.235604
1.38837    -1.12654    3.46689e-08    -0.597108    -2.49941    1.31604e-09    0.235595
1.38834    -1.12654    3.73495e-08    -0.597113    -2.49943    1.41784e-09    0.235585
1.38832    -1.12654    3.93754e-08    -0.597117    -2.49945    1.49481e-09    0.235575
1.38829    -1.12654    4.07021e-08    -0.597122    -2.49947    1.54523e-09    0.235565
1.38826    -1.12654    4.13126e-08    -0.597127    -2.49949    1.56847e-09    0.235555
1.38823    -1.12654    4.12157e-08    -0.597132    -2.49951    1.56485e-09    0.235545
1.3882    -1.12654    4.04435e-08    -0.597137    -2.49953    1.5356e-09    0.235535
1.38817    -1.12654    3.90488e-08    -0.597141    -2.49955    1.4827e-09    0.235525
1.38815    -1.12654    3.7101e-08    -0.597146    -2.49957    1.40879e-09    0.235516
1.38812    -1.12654    3.46833e-08    -0.597151    -2.49959    1.31704e-09    0.235507
1.38809    -1.12654    3.18882e-08    -0.597155    -2.49961    1.21094e-09    0.235498
1.38807    -1.12654    2.8814e-08    -0.597159    -2.49962    1.09424e-09    0.23549
1.38804    -1.12654    2.5561e-08    -0.597163    -2.49964    9.70737e-10    0.235482
1.38802    -1.12654    2.22281e-08    -0.597167    -2.49966    8.44193e-10    0.235475
1.388    -1.12654    1.89098e-08    -0.59717    -2.49967    7.18193e-10    0.235468
1.38798    -1.12654    1.56932e-08    -0.597173    -2.49969    5.96047e-10    0.235462
1.38796    -1.12654    1.26559e-08    -0.597176    -2.4997    4.80703e-10    0.235457
1.38795    -1.12654    9.86413e-09    -0.597178    -2.49971    3.74681e-10    0.235452
1.38793    -1.12654    7.37169e-09    -0.597181    -2.49972    2.80021e-10    0.235448
1.38792    -1.12654    5.21892e-09    -0.597182    -2.49973    1.98258e-10    0.235445
1.38791    -1.12654    3.43259e-09    -0.597184    -2.49974    1.3041e-10    0.235442
1.3879    -1.12654    2.02608e-09    -0.597185    -2.49974    7.69861e-11    0.23544
1.38789    -1.12654    9.99985e-10    -0.597186    -2.49975    3.80095e-11    0.235439
1.38789    -1.12654    3.43111e-10    -0.597187    -2.49975    1.30559e-11    0.235438
1.38789    -1.12654    3.37656e-11    -0.597187    -2.49976    1.30164e-12    0.235438
1.38789    -1.12654    4.12844e-11    -0.597187    -2.49976    1.5824e-12    0.235438
1.38789    -1.12654    3.27727e-10    -0.597187    -2.49976    1.24572e-11    0.235439
1.38789    -1.12654    8.49676e-10    -0.597186    -2.49975    3.22769e-11    0.235441
1.38789    -1.12654    1.56006e-09    -0.597185    -2.49975    5.92538e-11    0.235443
1.3879    -1.12654    2.40998e-09    -0.597184    -2.49975    9.15298e-11    0.235446
1.38791    -1.12654    3.35037e-09    -0.597183    -2.49974    1.27242e-10    0.235449
1.38791    -1.12654    4.33366e-09    -0.597181    -2.49974    1.64583e-10    0.235452
1.38792    -1.12654    5.31511e-09    -0.59718    -2.49973    2.01854e-10    0.235456
1.38793    -1.12654    6.25405e-09    -0.597178    -2.49972    2.3751e-10    0.23546
1.38795    -1.12654    7.11486e-09    -0.597176    -2.49972    2.70197e-10    0.235464
1.38796    -1.12654    7.86768e-09    -0.597174    -2.49971    2.98784e-10    0.235468
1.38797    -1.12654    8.48891e-09    -0.597172    -2.4997    3.22372e-10    0.235473
1.38798    -1.12654    8.96145e-09    -0.597169    -2.49969    3.40313e-10    0.235478
1.388    -1.12654    9.27471e-09    -0.597167    -2.49968    3.52205e-10    0.235483
1.38801    -1.12654    9.42444e-09    -0.597165    -2.49967    3.57887e-10    0.235487
1.38802    -1.12654    9.41231e-09    -0.597163    -2.49966    3.57422e-10    0.235492
1.38804    -1.12654    9.24537e-09    -0.59716    -2.49965    3.51079e-10    0.235497
1.38805    -1.12654    8.9354e-09    -0.597158    -2.49964    3.39305e-10    0.235502
1.38806    -1.12654    8.4981e-09    -0.597156    -2.49963    3.22696e-10    0.235506
1.38808    -1.12654    7.95228e-09    -0.597154    -2.49962    3.01968e-10    0.235511
1.38809    -1.12654    7.31898e-09    -0.597152    -2.49961    2.77918e-10    0.235515
1.3881    -1.12654    6.62058e-09    -0.59715    -2.49961    2.51397e-10    0.235519
1.38811    -1.12654    5.88e-09    -0.597148    -2.4996    2.23275e-10    0.235522
1.38812    -1.12654    5.11986e-09    -0.597146    -2.49959    1.94411e-10    0.235526
1.38814    -1.12654    4.36179e-09    -0.597144    -2.49958    1.65625e-10    0.235529
1.38814    -1.12654    3.62579e-09    -0.597143    -2.49958    1.37679e-10    0.235532
1.38815    -1.12654    2.9297e-09    -0.597141    -2.49957    1.11248e-10    0.235535
1.38816    -1.12654    2.28881e-09    -0.59714    -2.49956    8.69132e-11    0.235537
1.38817    -1.12654    1.71555e-09    -0.597139    -2.49956    6.51466e-11    0.235539
1.38817    -1.12654    1.21931e-09    -0.597138    -2.49956    4.63045e-11    0.23554
1.38818    -1.12654    8.06391e-10    -0.597138    -2.49955    3.06256e-11    0.235542
1.38818    -1.12654    4.8001e-10    -0.597137    -2.49955    1.82326e-11    0.235543
1.38819    -1.12654    2.40479e-10    -0.597137    -2.49955    9.13711e-12    0.235543
1.38819    -1.12654    8.54015e-11    -0.597136    -2.49954    3.24805e-12    0.235544
1.38819    -1.12654    9.96756e-12    -0.597136    -2.49954    3.8289e-13    0.235544
1.38819    -1.12654    7.30158e-12    -0.597136    -2.49954    2.80571e-13    0.235544
1.38819    -1.12654    6.88452e-11    -0.597136    -2.49954    2.61619e-12    0.235543
1.38819    -1.12654    1.84766e-10    -0.597137    -2.49954    7.01649e-12    0.235542
1.38819    -1.12654    3.44374e-10    -0.597137    -2.49954    1.30756e-11    0.235541
1.38818    -1.12654    5.36533e-10    -0.597137    -2.49955    2.03709e-11    0.23554
1.38818    -1.12654    7.50054e-10    -0.597138    -2.49955    2.84773e-11    0.235539
1.38818    -1.12654    9.74053e-10    -0.597139    -2.49955    3.69819e-11    0.235537
1.38817    -1.12654    1.19828e-09    -0.59714    -2.49955    4.54955e-11    0.235535
1.38817    -1.12654    1.4134e-09    -0.59714    -2.49956    5.36635e-11    0.235533
1.38816    -1.12654    1.61121e-09    -0.597141    -2.49956    6.11742e-11    0.235531
1.38816    -1.12654    1.78479e-09    -0.597142    -2.49957    6.77657e-11    0.235529
1.38815    -1.12654    1.92868e-09    -0.597143    -2.49957    7.32298e-11    0.235527
1.38814    -1.12654    2.03888e-09    -0.597144    -2.49957    7.74147e-11    0.235525
1.38814    -1.12654    2.11286e-09    -0.597145    -2.49958    8.02246e-11    0.235523
1.38813    -1.12654    2.14956e-09    -0.597147    -2.49958    8.16191e-11    0.23552
1.38812    -1.12654    2.14926e-09    -0.597148    -2.49959    8.16091e-11    0.235518
1.38812    -1.12654    2.11351e-09    -0.597149    -2.49959    8.02525e-11    0.235516
1.38811    -1.12654    2.04491e-09    -0.59715    -2.4996    7.76487e-11    0.235513
1.3881    -1.12654    1.94699e-09    -0.597151    -2.4996    7.39314e-11    0.235511
1.3881    -1.12654    1.82399e-09    -0.597152    -2.49961    6.92618e-11    0.235509
1.38809    -1.12654    1.68068e-09    -0.597153    -2.49961    6.3821e-11    0.235507
1.38809    -1.12654    1.52217e-09    -0.597154    -2.49961    5.78024e-11    0.235505
1.38808    -1.12654    1.35366e-09    -0.597155    -2.49962    5.14044e-11    0.235503
1.38808    -1.12654    1.18034e-09    -0.597156    -2.49962    4.48233e-11    0.235502
1.38807    -1.12654    1.00716e-09    -0.597156    -2.49963    3.82474e-11    0.2355
1.38807    -1.12654    8.38708e-10    -0.597157    -2.49963    3.18511e-11    0.235499
1.38806    -1.12654    6.79104e-10    -0.597158    -2.49963    2.57905e-11    0.235498
1.38806    -1.12654    5.31878e-10    -0.597158    -2.49963    2.01998e-11    0.235497
1.38806    -1.12654    3.99912e-10    -0.597159    -2.49964    1.51885e-11    0.235496
1.38805    -1.12654    2.85401e-10    -0.597159    -2.49964    1.084e-11    0.235495
1.38805    -1.12654    1.89829e-10    -0.59716    -2.49964    7.21057e-12    0.235494
1.38805    -1.12654    1.13982e-10    -0.59716    -2.49964    4.33014e-12    0.235494
1.38805    -1.12654    5.79745e-11    -0.59716    -2.49964    2.20307e-12    0.235493
1.38805    -1.12654    2.12999e-11    -0.59716    -2.49964    8.1013e-13    0.235493
1.38804    -1.12654    2.89588e-12    -0.59716    -2.49964    1.11001e-13    0.235493
1.38804    -1.12654    1.22239e-12    -0.59716    -2.49964    4.71999e-14    0.235493
1.38804    -1.12654    1.43487e-11    -0.59716    -2.49964    5.45419e-13    0.235493
1.38805    -1.12654    4.00467e-11    -0.59716    -2.49964    1.52105e-12    0.235494
1.38805    -1.12654    7.58861e-11    -0.59716    -2.49964    2.88181e-12    0.235494
1.38805    -1.12654    1.19328e-10    -0.59716    -2.49964    4.53129e-12    0.235495
1.38805    -1.12654    1.67816e-10    -0.59716    -2.49964    6.37241e-12    0.235496
1.38805    -1.12654    2.18858e-10    -0.597159    -2.49964    8.31053e-12    0.235496
1.38805    -1.12654    2.70103e-10    -0.597159    -2.49964    1.02564e-11    0.235497
1.38806    -1.12654    3.19401e-10    -0.597158    -2.49964    1.21283e-11    0.235498
1.38806    -1.12654    3.64863e-10    -0.597158    -2.49964    1.38546e-11    0.235499
1.38806    -1.12654    4.0489e-10    -0.597157    -2.49963    1.53745e-11    0.2355
1.38806    -1.12654    4.38211e-10    -0.597157    -2.49963    1.66398e-11    0.235501
1.38807    -1.12654    4.63889e-10    -0.597156    -2.49963    1.76149e-11    0.235502
1.38807    -1.12654    4.81329e-10    -0.597156    -2.49963    1.82771e-11    0.235503
1.38807    -1.12654    4.90266e-10    -0.597155    -2.49963    1.86165e-11    0.235504
1.38808    -1.12654    4.90745e-10    -0.597155    -2.49962    1.86347e-11    0.235505
1.38808    -1.12654    4.831e-10    -0.597154    -2.49962    1.83444e-11    0.235507
1.38808    -1.12654    4.67912e-10    -0.597154    -2.49962    1.77677e-11    0.235508
1.38808    -1.12654    4.45973e-10    -0.597153    -2.49962    1.69347e-11    0.235509
1.38809    -1.12654    4.18244e-10    -0.597153    -2.49961    1.58818e-11    0.23551
1.38809    -1.12654    3.85808e-10    -0.597152    -2.49961    1.46502e-11    0.235511
1.38809    -1.12654    3.49822e-10    -0.597152    -2.49961    1.32838e-11    0.235512
1.3881    -1.12654    3.11479e-10    -0.597152    -2.49961    1.18278e-11    0.235512
1.3881    -1.12654    2.71962e-10    -0.597151    -2.49961    1.03273e-11    0.235513
1.3881    -1.12654    2.32405e-10    -0.597151    -2.49961    8.82529e-12    0.235514
1.3881    -1.12654    1.93863e-10    -0.59715    -2.4996    7.3618e-12    0.235515
1.38811    -1.12654    1.57282e-10    -0.59715    -2.4996    5.97278e-12    0.235515
1.38811    -1.12654    1.23478e-10    -0.59715    -2.4996    4.68917e-12    0.235516
1.38811    -1.12654    9.31184e-11    -0.59715    -2.4996    3.53635e-12    0.235516
1.38811    -1.12654    6.67139e-11    -0.597149    -2.4996    2.5337e-12    0.235517
1.38811    -1.12654    4.46142e-11    -0.597149    -2.4996    1.69451e-12    0.235517
1.38811    -1.12654    2.70084e-11    -0.597149    -2.4996    1.02595e-12    0.235517
1.38811    -1.12654    1.39325e-11    -0.597149    -2.4996    5.29387e-13    0.235517
1.38811    -1.12654    5.27979e-12    -0.597149    -2.4996    2.00776e-13    0.235517
1.38811    -1.12654    8.15564e-13    -0.597149    -2.4996    3.12071e-14    0.235517
1.38811    -1.12654    1.94966e-13    -0.597149    -2.4996    7.5849e-15    0.235517
1.38811    -1.12654    2.98269e-12    -0.597149    -2.4996    1.13383e-13    0.235517
1.38811    -1.12654    8.67416e-12    -0.597149    -2.4996    3.29443e-13    0.235517
1.38811    -1.12654    1.67172e-11    -0.597149    -2.4996    6.34801e-13    0.235517
1.38811    -1.12654    2.65337e-11    -0.597149    -2.4996    1.0075e-12    0.235517
1.38811    -1.12654    3.75398e-11    -0.597149    -2.4996    1.42539e-12    0.235516
1.38811    -1.12654    4.91657e-11    -0.597149    -2.4996    1.86681e-12    0.235516
1.38811    -1.12654    6.0872e-11    -0.59715    -2.4996    2.3113e-12    0.235515
1.38811    -1.12654    7.21652e-11    -0.59715    -2.4996    2.74011e-12    0.235515
1.38811    -1.12654    8.26095e-11    -0.59715    -2.4996    3.13669e-12    0.235515
1.38811    -1.12654    9.18359e-11    -0.59715    -2.4996    3.48704e-12    0.235514
1.3881    -1.12654    9.9549e-11    -0.59715    -2.4996    3.77993e-12    0.235514
1.3881    -1.12654    1.0553e-10    -0.597151    -2.4996    4.00705e-12    0.235513
1.3881    -1.12654    1.09638e-10    -0.597151    -2.4996    4.16306e-12    0.235513
1.3881    -1.12654    1.11807e-10    -0.597151    -2.49961    4.24546e-12    0.235512
1.3881    -1.12654    1.12044e-10    -0.597151    -2.49961    4.25447e-12    0.235512
1.3881    -1.12654    1.1042e-10    -0.597152    -2.49961    4.19282e-12    0.235511
1.3881    -1.12654    1.07064e-10    -0.597152    -2.49961    4.06542e-12    0.23551
1.38809    -1.12654    1.02154e-10    -0.597152    -2.49961    3.87901e-12    0.23551
1.38809    -1.12654    9.59068e-11    -0.597152    -2.49961    3.64183e-12    0.23551
1.38809    -1.12654    8.85683e-11    -0.597153    -2.49961    3.3632e-12    0.235509
1.38809    -1.12654    8.04019e-11    -0.597153    -2.49961    3.05313e-12    0.235509
1.38809    -1.12654    7.16793e-11    -0.597153    -2.49961    2.72193e-12    0.235508
1.38809    -1.12654    6.26708e-11    -0.597153    -2.49961    2.37987e-12    0.235508
1.38809    -1.12654    5.36364e-11    -0.597153    -2.49961    2.03682e-12    0.235507
1.38809    -1.12654    4.48182e-11    -0.597154    -2.49962    1.70198e-12    0.235507
1.38808    -1.12654    3.64339e-11    -0.597154    -2.49962    1.38361e-12    0.235507
1.38808    -1.12654    2.86719e-11    -0.597154    -2.49962    1.08887e-12    0.235507
1.38808    -1.12654    2.16868e-11    -0.597154    -2.49962    8.23621e-13    0.235506
1.38808    -1.12654    1.55976e-11    -0.597154    -2.49962    5.92395e-13    0.235506
1.38808    -1.12654    1.04867e-11    -0.597154    -2.49962    3.98312e-13    0.235506
1.38808    -1.12654    6.39966e-12    -0.597154    -2.49962    2.43105e-13    0.235506
1.38808    -1.12654    3.34691e-12    -0.597154    -2.49962    1.27172e-13    0.235506
1.38808    -1.12654    1.30619e-12    -0.597154    -2.49962    4.96679e-14    0.235506
1.38808    -1.12654    2.25786e-13    -0.597154    -2.49962    8.62915e-15    0.235506
1.38808    -1.12654    2.85395e-14    -0.597154    -2.49962    1.12608e-15    0.235506
1.38808    -1.12654    6.16329e-13    -0.597154    -2.49962    2.34333e-14    0.235506
1.38808    -1.12654    1.8749e-12    -0.597154    -2.49962    7.12124e-14    0.235506
1.38808    -1.12654    3.67879e-12    -0.597154    -2.49962    1.397e-13    0.235506
1.38808    -1.12654    5.89629e-12    -0.597154    -2.49962    2.23895e-13    0.235506
1.38808    -1.12654    8.39413e-12    -0.597154    -2.49962    3.18736e-13    0.235506
1.38808    -1.12654    1.10419e-11    -0.597154    -2.49962    4.1927e-13    0.235506
1.38808    -1.12654    1.37159e-11    -0.597154    -2.49962    5.20803e-13    0.235507
1.38808    -1.12654    1.63027e-11    -0.597154    -2.49962    6.19027e-13    0.235507
1.38808    -1.12654    1.87019e-11    -0.597154    -2.49962    7.10129e-13    0.235507
1.38808    -1.12654    2.08282e-11    -0.597154    -2.49962    7.90871e-13    0.235507
1.38808    -1.12654    2.26131e-11    -0.597154    -2.49962    8.58649e-13    0.235508
1.38809    -1.12654    2.40055e-11    -0.597153    -2.49962    9.11522e-13    0.235508
1.38809    -1.12654    2.4972e-11    -0.597153    -2.49962    9.48224e-13    0.235508
1.38809    -1.12654    2.54965e-11    -0.597153    -2.49962    9.68143e-13    0.235508
1.38809    -1.12654    2.55793e-11    -0.597153    -2.49961    9.71295e-13    0.235509
1.38809    -1.12654    2.5236e-11    -0.597153    -2.49961    9.58262e-13    0.235509
1.38809    -1.12654    2.44951e-11    -0.597153    -2.49961    9.30134e-13    0.235509
1.38809    -1.12654    2.33967e-11    -0.597153    -2.49961    8.88427e-13    0.235509
1.38809    -1.12654    2.19896e-11    -0.597153    -2.49961    8.35001e-13    0.23551
1.38809    -1.12654    2.03295e-11    -0.597153    -2.49961    7.71969e-13    0.23551
1.38809    -1.12654    1.84765e-11    -0.597152    -2.49961    7.01608e-13    0.23551
1.38809    -1.12654    1.64923e-11    -0.597152    -2.49961    6.2627e-13    0.23551
1.38809    -1.12654    1.44389e-11    -0.597152    -2.49961    5.48301e-13    0.23551
1.38809    -1.12654    1.23758e-11    -0.597152    -2.49961    4.69962e-13    0.235511
1.38809    -1.12654    1.03586e-11    -0.597152    -2.49961    3.93364e-13    0.235511
1.38809    -1.12654    8.43726e-12    -0.597152    -2.49961    3.20408e-13    0.235511
1.38809    -1.12654    6.65532e-12    -0.597152    -2.49961    2.52744e-13    0.235511
1.3881    -1.12654    5.04859e-12    -0.597152    -2.49961    1.91732e-13    0.235511
1.3881    -1.12654    3.6448e-12    -0.597152    -2.49961    1.38426e-13    0.235511
1.3881    -1.12654    2.46326e-12    -0.597152    -2.49961    9.35585e-14    0.235511
1.3881    -1.12654    1.51493e-12    -0.597152    -2.49961    5.75462e-14    0.235511
1.3881    -1.12654    8.02713e-13    -0.597152    -2.49961    3.04993e-14    0.235511
1.3881    -1.12654    3.22002e-13    -0.597152    -2.49961    1.22429e-14    0.235511
1.3881    -1.12654    6.14103e-14    -0.597152    -2.49961    2.34473e-15    0.235511
1.3881    -1.12654    3.68397e-15    -0.597152    -2.49961    1.49751e-16    0.235511
1.3881    -1.12654    1.26715e-13    -0.597152    -2.49961    4.81858e-15    0.235511
1.3881    -1.12654    4.0464e-13    -0.597152    -2.49961    1.53692e-14    0.235511
1.3881    -1.12654    8.08964e-13    -0.597152    -2.49961    3.07197e-14    0.235511
1.3881    -1.12654    1.30969e-12    -0.597152    -2.49961    4.9731e-14    0.235511
1.3881    -1.12654    1.8764e-12    -0.597152    -2.49961    7.12482e-14    0.235511
1.3881    -1.12654    2.47925e-12    -0.597152    -2.49961    9.41382e-14    0.235511
1.3881    -1.12654    3.08991e-12    -0.597152    -2.49961    1.17325e-13    0.235511
1.3881    -1.12654    3.6823e-12    -0.597152    -2.49961    1.39818e-13    0.235511
1.3881    -1.12654    4.2333e-12    -0.597152    -2.49961    1.60741e-13    0.235511
1.38809    -1.12654    4.72321e-12    -0.597152    -2.49961    1.79344e-13    0.235511
1.38809    -1.12654    5.13612e-12    -0.597152    -2.49961    1.95023e-13    0.23551
1.38809    -1.12654    5.46011e-12    -0.597152    -2.49961    2.07326e-13    0.23551
1.38809    -1.12654    5.68728e-12    -0.597152    -2.49961    2.15953e-13    0.23551
1.38809    -1.12654    5.81372e-12    -0.597152    -2.49961    2.20755e-13    0.23551
1.38809    -1.12654    5.83926e-12    -0.597152    -2.49961    2.21726e-13    0.23551
1.38809    -1.12654    5.7672e-12    -0.597152    -2.49961    2.18992e-13    0.23551
1.38809    -1.12654    5.60391e-12    -0.597152    -2.49961    2.12792e-13    0.23551
1.38809    -1.12654    5.35833e-12    -0.597152    -2.49961    2.03468e-13    0.23551
1.38809    -1.12654    5.04153e-12    -0.597153    -2.49961    1.9144e-13    0.23551
1.38809    -1.12654    4.66611e-12    -0.597153    -2.49961    1.77186e-13    0.235509
1.38809    -1.12654    4.24572e-12    -0.597153    -2.49961    1.61223e-13    0.235509
1.38809    -1.12654    3.79448e-12    -0.597153    -2.49961    1.4409e-13    0.235509
1.38809    -1.12654    3.3265e-12    -0.597153    -2.49961    1.2632e-13    0.235509
1.38809    -1.12654    2.85542e-12    -0.597153    -2.49961    1.08433e-13    0.235509
1.38809    -1.12654    2.39399e-12    -0.597153    -2.49961    9.09116e-14    0.235509
1.38809    -1.12654    1.95375e-12    -0.597153    -2.49961    7.41946e-14    0.235509
1.38809    -1.12654    1.5447e-12    -0.597153    -2.49961    5.86621e-14    0.235509
1.38809    -1.12654    1.17515e-12    -0.597153    -2.49961    4.46294e-14    0.235509
1.38809    -1.12654    8.51552e-13    -0.597153    -2.49961    3.23413e-14    0.235509
1.38809    -1.12654    5.78439e-13    -0.597153    -2.49961    2.19701e-14    0.235509
1.38809    -1.12654    3.5844e-13    -0.597153    -2.49961    1.36157e-14    0.235509
1.38809    -1.12654    1.92336e-13    -0.597153    -2.49961    7.30774e-15    0.235509
1.38809    -1.12654    7.91832e-14    -0.597153    -2.49961    3.01043e-15    0.235509
1.38809    -1.12654    1.64818e-14    -0.597153    -2.49961    6.28832e-16    0.235509
1.38809    -1.12654    3.75699e-16    -0.597153    -2.49961    1.65622e-17    0.235509
1.38809    -1.12654    2.58857e-14    -0.597153    -2.49961    9.84568e-16    0.235509
1.38809    -1.12654    8.71581e-14    -0.597153    -2.49961    3.31059e-15    0.235509
1.38809    -1.12654    1.77722e-13    -0.597153    -2.49961    6.74895e-15    0.235509
1.38809    -1.12654    2.90748e-13    -0.597153    -2.49961    1.10403e-14    0.235509
1.38809    -1.12654    4.1929e-13    -0.597153    -2.49961    1.59209e-14    0.235509
1.38809    -1.12654    5.56525e-13    -0.597153    -2.49961    2.11316e-14    0.235509
1.38809    -1.12654    6.95956e-13    -0.597153    -2.49961    2.64259e-14    0.235509
1.38809    -1.12654    8.31596e-13    -0.597153    -2.49961    3.15762e-14    0.235509
1.38809    -1.12654    9.58116e-13    -0.597153    -2.49961    3.63804e-14    0.235509
1.38809    -1.12654    1.07097e-12    -0.597153    -2.49961    4.06656e-14    0.235509
1.38809    -1.12654    1.16646e-12    -0.597153    -2.49961    4.42917e-14    0.235509
1.38809    -1.12654    1.24181e-12    -0.597153    -2.49961    4.7153e-14    0.235509
1.38809    -1.12654    1.29516e-12    -0.597153    -2.49961    4.91789e-14    0.235509
1.38809    -1.12654    1.32555e-12    -0.597153    -2.49961    5.03331e-14    0.235509
1.38809    -1.12654    1.33289e-12    -0.597153    -2.49961    5.06122e-14    0.235509
1.38809    -1.12654    1.31789e-12    -0.597153    -2.49961    5.00427e-14    0.235509
1.38809    -1.12654    1.28195e-12    -0.597153    -2.49961    4.86782e-14    0.235509
1.38809    -1.12654    1.22708e-12    -0.597153    -2.49961    4.65949e-14    0.235509
1.38809    -1.12654    1.15577e-12    -0.597153    -2.49961    4.38876e-14    0.23551
1.38809    -1.12654    1.07089e-12    -0.597153    -2.49961    4.06647e-14    0.23551
1.38809    -1.12654    9.75535e-13    -0.597153    -2.49961    3.70441e-14    0.23551
1.38809    -1.12654    8.72924e-13    -0.597153    -2.49961    3.31479e-14    0.23551
1.38809    -1.12654    7.66282e-13    -0.597152    -2.49961    2.90986e-14    0.23551
1.38809    -1.12654    6.58731e-13    -0.597152    -2.49961    2.50148e-14    0.23551
1.38809    -1.12654    5.53198e-13    -0.597152    -2.49961    2.10075e-14    0.23551
1.38809    -1.12654    4.52334e-13    -0.597152    -2.49961    1.71776e-14    0.23551
1.38809    -1.12654    3.5845e-13    -0.597152    -2.49961    1.36126e-14    0.23551
1.38809    -1.12654    2.73467e-13    -0.597152    -2.49961    1.03855e-14    0.23551
1.38809    -1.12654    1.98886e-13    -0.597152    -2.49961    7.55347e-15    0.23551
1.38809    -1.12654    1.35771e-13    -0.597152    -2.49961    5.15677e-15    0.23551
1.38809    -1.12654    8.47507e-14    -0.597152    -2.49961    3.21929e-15    0.23551
1.38809    -1.12654    4.60303e-14    -0.597152    -2.49961    1.74886e-15    0.23551
1.38809    -1.12654    1.94197e-14    -0.597152    -2.49961    7.38254e-16    0.23551
1.38809    -1.12654    4.37053e-15    -0.597152    -2.49961    1.66649e-16    0.23551
1.38809    -1.12654    2.1721e-17    -0.597152    -2.49961    1.35905e-18    0.23551
1.38809    -1.12654    5.25228e-15    -0.597152    -2.49961    1.99822e-16    0.23551
1.38809    -1.12654    1.87378e-14    -0.597152    -2.49961    7.11753e-16    0.23551
1.38809    -1.12654    3.90092e-14    -0.597152    -2.49961    1.48137e-15    0.23551
1.38809    -1.12654    6.45113e-14    -0.597152    -2.49961    2.44962e-15    0.23551
1.38809    -1.12654    9.36595e-14    -0.597152    -2.49961    3.55634e-15    0.23551
1.38809    -1.12654    1.24893e-13    -0.597152    -2.49961    4.74226e-15    0.23551
1.38809    -1.12654    1.56723e-13    -0.597152    -2.49961    5.95085e-15    0.23551
1.38809    -1.12654    1.87774e-13    -0.597152    -2.49961    7.12988e-15    0.23551
1.38809    -1.12654    2.1682e-13    -0.597152    -2.49961    8.23278e-15    0.23551
1.38809    -1.12654    2.42809e-13    -0.597152    -2.49961    9.21965e-15    0.23551
1.38809    -1.12654    2.64886e-13    -0.597152    -2.49961    1.0058e-14    0.23551
1.38809    -1.12654    2.82403e-13    -0.597152    -2.49961    1.07231e-14    0.23551
1.38809    -1.12654    2.94919e-13    -0.597152    -2.49961    1.11985e-14    0.23551
1.38809    -1.12654    3.02206e-13    -0.597152    -2.49961    1.14752e-14    0.23551
1.38809    -1.12654    3.04228e-13    -0.597152    -2.49961    1.1552e-14    0.23551
1.38809    -1.12654    3.01134e-13    -0.597153    -2.49961    1.14346e-14    0.23551
1.38809    -1.12654    2.93237e-13    -0.597153    -2.49961    1.11348e-14    0.23551
1.38809    -1.12654    2.80986e-13    -0.597153    -2.49961    1.06697e-14    0.23551
1.38809    -1.12654    2.64943e-13    -0.597153    -2.49961    1.00606e-14    0.23551
1.38809    -1.12654    2.45757e-13    -0.597153    -2.49961    9.33207e-15    0.23551
1.38809    -1.12654    2.24132e-13    -0.597153    -2.49961    8.51098e-15    0.235509
1.38809    -1.12654    2.00802e-13    -0.597153    -2.49961    7.62514e-15    0.235509
1.38809    -1.12654    1.76504e-13    -0.597153    -2.49961    6.70252e-15    0.235509
1.38809    -1.12654    1.51952e-13    -0.597153    -2.49961    5.77027e-15    0.235509
1.38809    -1.12654    1.27818e-13    -0.597153    -2.49961    4.85387e-15    0.235509
1.38809    -1.12654    1.04712e-13    -0.597153    -2.49961    3.97649e-15    0.235509
1.38809    -1.12654    8.31666e-14    -0.597153    -2.49961    3.15835e-15    0.235509
1.38809    -1.12654    6.3626e-14    -0.597153    -2.49961    2.41634e-15    0.235509
1.38809    -1.12654    4.64395e-14    -0.597153    -2.49961    1.76372e-15    0.235509
1.38809    -1.12654    3.18567e-14    -0.597153    -2.49961    1.20996e-15    0.235509
1.38809    -1.12654    2.00275e-14    -0.597153    -2.49961    7.60747e-16    0.235509
1.38809    -1.12654    1.1005e-14    -0.597153    -2.49961    4.18113e-16    0.235509
1.38809    -1.12654    4.75162e-15    -0.597153    -2.49961    1.80625e-16    0.235509
1.38809    -1.12654    1.14733e-15    -0.597153    -2.49961    4.37264e-17    0.235509
1.38809    -1.12654    4.75124e-22    -0.597153    -2.49961    1.24294e-19    0.235509
1.38809    -1.12654    1.05737e-15    -0.597153    -2.49961    4.024e-17    0.235509
1.38809    -1.12654    4.01986e-15    -0.597153    -2.49961    1.52699e-16    0.235509
1.38809    -1.12654    8.55398e-15    -0.597153    -2.49961    3.24839e-16    0.235509
1.38809    -1.12654    1.43057e-14    -0.597153    -2.49961    5.43218e-16    0.235509
1.38809    -1.12654    2.09135e-14    -0.597153    -2.49961    7.94108e-16    0.235509
1.38809    -1.12654    2.80205e-14    -0.597153    -2.49961    1.06396e-15    0.235509
1.38809    -1.12654    3.52854e-14    -0.597153    -2.49961    1.33981e-15    0.235509
1.38809    -1.12654    4.23925e-14    -0.597153    -2.49961    1.60967e-15    0.235509
1.38809    -1.12654    4.90593e-14    -0.597153    -2.49961    1.86281e-15    0.235509
1.38809    -1.12654    5.50432e-14    -0.597153    -2.49961    2.09003e-15    0.235509
1.38809    -1.12654    6.01458e-14    -0.597153    -2.49961    2.2838e-15    0.235509
1.38809    -1.12654    6.4216e-14    -0.597153    -2.49961    2.43835e-15    0.235509
1.38809    -1.12654    6.71504e-14    -0.597153    -2.49961    2.54979e-15    0.235509
1.38809    -1.12654    6.88932e-14    -0.597153    -2.49961    2.61598e-15    0.235509
1.38809    -1.12654    6.94338e-14    -0.597153    -2.49961    2.63652e-15    0.235509
1.38809    -1.12654    6.88036e-14    -0.597153    -2.49961    2.6126e-15    0.235509
1.38809    -1.12654    6.70712e-14    -0.597153    -2.49961    2.54683e-15    0.23551
1.38809    -1.12654    6.43376e-14    -0.597153    -2.49961    2.44305e-15    0.23551
1.38809    -1.12654    6.07295e-14    -0.597153    -2.49961    2.30605e-15    0.23551
1.38809    -1.12654    5.63939e-14    -0.597153    -2.49961    2.14143e-15    0.23551
1.38809    -1.12654    5.14907e-14    -0.597153    -2.49961    1.95526e-15    0.23551
1.38809    -1.12654    4.61872e-14    -0.597153    -2.49961    1.75388e-15    0.23551
1.38809    -1.12654    4.06517e-14    -0.597153    -2.49961    1.5437e-15    0.23551
1.38809    -1.12654    3.50477e-14    -0.597153    -2.49961    1.33091e-15    0.23551
1.38809    -1.12654    2.95293e-14    -0.597153    -2.49961    1.12137e-15    0.23551
1.38809    -1.12654    2.42367e-14    -0.597153    -2.49961    9.20397e-16    0.23551
1.38809    -1.12654    1.92928e-14    -0.597153    -2.49961    7.32664e-16    0.23551
1.38809    -1.12654    1.48003e-14    -0.597153    -2.49961    5.62074e-16    0.23551
1.38809    -1.12654    1.08405e-14    -0.597153    -2.49961    4.11708e-16    0.23551
1.38809    -1.12654    7.47179e-15    -0.597153    -2.49961    2.83786e-16    0.23551
1.38809    -1.12654    4.7299e-15    -0.597153    -2.49961    1.79664e-16    0.23551
1.38809    -1.12654    2.62839e-15    -0.597153    -2.49961    9.98586e-17    0.23551
1.38809    -1.12654    1.16e-15    -0.597153    -2.49961    4.4093e-17    0.23551
1.38809    -1.12654    2.98513e-16    -0.597153    -2.49961    1.13722e-17    0.23551
1.38809    -1.12654    1.09288e-18    -0.597153    -2.49961    7.03972e-20    0.23551
1.38809    -1.12654    2.10995e-16    -0.597153    -2.49961    8.03287e-18    0.23551
1.38809    -1.12654    8.60478e-16    -0.597153    -2.49961    3.26876e-17    0.23551
1.38809    -1.12654    1.87386e-15    -0.597153    -2.49961    7.11607e-17    0.23551
1.38809    -1.12654    3.17055e-15    -0.597153    -2.49961    1.20393e-16    0.23551
1.38809    -1.12654    4.66809e-15    -0.597153    -2.49961    1.77252e-16    0.23551
1.38809    -1.12654    6.28486e-15    -0.597153    -2.49961    2.3864e-16    0.23551
1.38809    -1.12654    7.9427e-15    -0.597153    -2.49961    3.01589e-16    0.23551
1.38809    -1.12654    9.56908e-15    -0.597153    -2.49961    3.63343e-16    0.23551
1.38809    -1.12654    1.1099e-14    -0.597153    -2.49961    4.21437e-16    0.23551
1.38809    -1.12654    1.24765e-14    -0.597153    -2.49961    4.73741e-16    0.23551
1.38809    -1.12654    1.36555e-14    -0.597153    -2.49961    5.18512e-16    0.23551
1.38809    -1.12654    1.46008e-14    -0.597153    -2.49961    5.5441e-16    0.23551
1.38809    -1.12654    1.52882e-14    -0.597153    -2.49961    5.80514e-16    0.23551
1.38809    -1.12654    1.57042e-14    -0.597153    -2.49961    5.96311e-16    0.23551
1.38809    -1.12654    1.58457e-14    -0.597153    -2.49961    6.01686e-16    0.23551
1.38809    -1.12654    1.57192e-14    -0.597153    -2.49961    5.96887e-16    0.23551
1.38809    -1.12654    1.53399e-14    -0.597153    -2.49961    5.82489e-16    0.23551
1.38809    -1.12654    1.47304e-14    -0.597153    -2.49961    5.59348e-16    0.23551
1.38809    -1.12654    1.39193e-14    -0.597153    -2.49961    5.28551e-16    0.23551
1.38809    -1.12654    1.29398e-14    -0.597153    -2.49961    4.91359e-16    0.23551
1.38809    -1.12654    1.18282e-14    -0.597153    -2.49961    4.49155e-16    0.23551
1.38809    -1.12654    1.06228e-14    -0.597153    -2.49961    4.03384e-16    0.23551
1.38809    -1.12654    9.3619e-15    -0.597153    -2.49961    3.55506e-16    0.23551
1.38809    -1.12654    8.08294e-15    -0.597153    -2.49961    3.06943e-16    0.23551
1.38809    -1.12654    6.82126e-15    -0.597153    -2.49961    2.59035e-16    0.23551
1.38809    -1.12654    5.6091e-15    -0.597153    -2.49961    2.13007e-16    0.23551
1.38809    -1.12654    4.47478e-15    -0.597153    -2.49961    1.69934e-16    0.235509
1.38809    -1.12654    3.44208e-15    -0.597153    -2.49961    1.3072e-16    0.235509
1.38809    -1.12654    2.52987e-15    -0.597153    -2.49961    9.60808e-17    0.235509
1.38809    -1.12654    1.75183e-15    -0.597153    -2.49961    6.65358e-17    0.235509
1.38809    -1.12654    1.11645e-15    -0.597153    -2.49961    4.24078e-17    0.235509
1.38809    -1.12654    6.27159e-16    -0.597153    -2.49961    2.38267e-17    0.235509
1.38809    -1.12654    2.82601e-16    -0.597153    -2.49961    1.07414e-17    0.235509
1.38809    -1.12654    7.70651e-17    -0.597153    -2.49961    2.93491e-18    0.235509
1.38809    -1.12654    1.0105e-18    -0.597153    -2.49961    4.50886e-20    0.235509
1.38809    -1.12654    4.16774e-17    -0.597153    -2.49961    1.58748e-18    0.235509
1.38809    -1.12654    1.83752e-16    -0.597153    -2.49961    6.98061e-18    0.235509
1.38809    -1.12654    4.1006e-16    -0.597153    -2.49961    1.55724e-17    0.235509
1.38809    -1.12654    7.02267e-16    -0.597153    -2.49961    2.66667e-17    0.235509
1.38809    -1.12654    1.04156e-15    -0.597153    -2.49961    3.95491e-17    0.235509
1.38809    -1.12654    1.40928e-15    -0.597153    -2.49961    5.35112e-17    0.235509
1.38809    -1.12654    1.78752e-15    -0.597153    -2.49961    6.78731e-17    0.235509
1.38809    -1.12654    2.15963e-15    -0.597153    -2.49961    8.20025e-17    0.235509
1.38809    -1.12654    2.51066e-15    -0.597153    -2.49961    9.53314e-17    0.23551
1.38809    -1.12654    2.82767e-15    -0.597153    -2.49961    1.07369e-16    0.23551
1.38809    -1.12654    3.10002e-15    -0.597153    -2.49961    1.17711e-16    0.23551
1.38809    -1.12654    3.3195e-15    -0.597153    -2.49961    1.26045e-16    0.23551
1.38809    -1.12654    3.4804e-15    -0.597153    -2.49961    1.32155e-16    0.23551
1.38809    -1.12654    3.57949e-15    -0.597153    -2.49961    1.35918e-16    0.23551
1.38809    -1.12654    3.61591e-15    -0.597153    -2.49961    1.37302e-16    0.23551
1.38809    -1.12654    3.59102e-15    -0.597153    -2.49961    1.36358e-16    0.23551
1.38809    -1.12654    3.50816e-15    -0.597153    -2.49961    1.33212e-16    0.23551
1.38809    -1.12654    3.37237e-15    -0.597153    -2.49961    1.28056e-16    0.23551
1.38809    -1.12654    3.19009e-15    -0.597153    -2.49961    1.21136e-16    0.23551
1.38809    -1.12654    2.96885e-15    -0.597153    -2.49961    1.12736e-16    0.23551
1.38809    -1.12654    2.71693e-15    -0.597153    -2.49961    1.0317e-16    0.23551
1.38809    -1.12654    2.44299e-15    -0.597153    -2.49961    9.27684e-17    0.23551
1.38809    -1.12654    2.15581e-15    -0.597153    -2.49961    8.18639e-17    0.23551
1.38809    -1.12654    1.86395e-15    -0.597153    -2.49961    7.07819e-17    0.23551
1.38809    -1.12654    1.57553e-15    -0.597153    -2.49961    5.983e-17    0.23551
1.38809    -1.12654    1.29794e-15    -0.597153    -2.49961    4.92895e-17    0.23551
1.38809    -1.12654    1.03771e-15    -0.597153    -2.49961    3.94082e-17    0.23551
1.38809    -1.12654    8.00356e-16    -0.597153    -2.49961    3.03952e-17    0.23551
1.38809    -1.12654    5.90244e-16    -0.597153    -2.49961    2.24166e-17    0.23551
1.38809    -1.12654    4.10581e-16    -0.597153    -2.49961    1.55941e-17    0.23551
1.38809    -1.12654    2.63383e-16    -0.597153    -2.49961    1.00044e-17    0.23551
1.38809    -1.12654    1.49506e-16    -0.597153    -2.49961    5.67989e-18    0.23551
1.38809    -1.12654    6.87116e-17    -0.597153    -2.49961    2.61153e-18    0.23551
1.38809    -1.12654    1.97578e-17    -0.597153    -2.49961    7.52234e-19    0.23551
1.38809    -1.12654    5.2199e-19    -0.597153    -2.49961    2.13822e-20    0.23551
1.38809    -1.12654    8.13624e-18    -0.597153    -2.49961    3.10094e-19    0.23551
1.38809    -1.12654    3.91397e-17    -0.597153    -2.49961    1.48697e-18    0.23551
1.38809    -1.12654    8.96363e-17    -0.597153    -2.49961    3.40406e-18    0.23551
1.38809    -1.12654    1.55455e-16    -0.597153    -2.49961    5.903e-18    0.23551
1.38809    -1.12654    2.32304e-16    -0.597153    -2.49961    8.82083e-18    0.23551
1.38809    -1.12654    3.15919e-16    -0.597153    -2.49961    1.19957e-17    0.23551
1.38809    -1.12654    4.022e-16    -0.597153    -2.49961    1.52717e-17    0.23551
1.38809    -1.12654    4.87323e-16    -0.597153    -2.49961    1.85039e-17    0.23551
1.38809    -1.12654    5.67847e-16    -0.597153    -2.49961    2.15615e-17    0.23551
1.38809    -1.12654    6.40789e-16    -0.597153    -2.49961    2.43312e-17    0.23551
1.38809    -1.12654    7.03683e-16    -0.597153    -2.49961    2.67195e-17    0.23551
1.38809    -1.12654    7.54618e-16    -0.597153    -2.49961    2.86537e-17    0.23551
1.38809    -1.12654    7.92254e-16    -0.597153    -2.49961    3.00829e-17    0.23551
1.38809    -1.12654    8.15816e-16    -0.597153    -2.49961    3.09777e-17    0.23551
1.38809    -1.12654    8.25074e-16    -0.597153    -2.49961    3.13294e-17    0.23551
1.38809    -1.12654    8.20304e-16    -0.597153    -2.49961    3.11485e-17    0.23551
1.38809    -1.12654    8.02241e-16    -0.597153    -2.49961    3.04627e-17    0.23551
1.38809    -1.12654    7.72012e-16    -0.597153    -2.49961    2.9315e-17    0.23551
1.38809    -1.12654    7.31068e-16    -0.597153    -2.49961    2.77605e-17    0.23551
1.38809    -1.12654    6.81113e-16    -0.597153    -2.49961    2.58637e-17    0.23551
1.38809    -1.12654    6.24026e-16    -0.597153    -2.49961    2.36961e-17    0.23551
1.38809    -1.12654    5.61781e-16    -0.597153    -2.49961    2.13327e-17    0.23551
1.38809    -1.12654    4.96383e-16    -0.597153    -2.49961    1.88495e-17    0.23551
1.38809    -1.12654    4.29791e-16    -0.597153    -2.49961    1.63209e-17    0.23551
1.38809    -1.12654    3.63863e-16    -0.597153    -2.49961    1.38176e-17    0.23551
1.38809    -1.12654    3.00302e-16    -0.597153    -2.49961    1.1404e-17    0.23551
1.38809    -1.12654    2.40611e-16    -0.597153    -2.49961    9.13745e-18    0.23551
1.38809    -1.12654    1.86064e-16    -0.597153    -2.49961    7.06613e-18    0.23551
1.38809    -1.12654    1.37675e-16    -0.597153    -2.49961    5.22869e-18    0.23551
1.38809    -1.12654    9.61957e-17    -0.597153    -2.49961    3.65356e-18    0.23551
1.38809    -1.12654    6.21027e-17    -0.597153    -2.49961    2.3589e-18    0.23551
1.38809    -1.12654    3.56089e-17    -0.597153    -2.49961    1.35279e-18    0.23551
1.38809    -1.12654    1.66757e-17    -0.597153    -2.49961    6.33768e-19    0.23551
1.38809    -1.12654    5.03434e-18    -0.597153    -2.49961    1.91624e-19    0.23551
1.38809    -1.12654    2.12702e-19    -0.597153    -2.49961    8.43944e-21    0.23551
1.38809    -1.12654    1.56655e-18    -0.597153    -2.49961    5.97527e-20    0.23551
1.38809    -1.12654    8.314e-18    -0.597153    -2.49961    3.15877e-19    0.23551
1.38809    -1.12654    1.95714e-17    -0.597153    -2.49961    7.43259e-19    0.23551
1.38809    -1.12654    3.43898e-17    -0.597153    -2.49961    1.30587e-18    0.23551
1.38809    -1.12654    5.17907e-17    -0.597153    -2.49961    1.96656e-18    0.23551
1.38809    -1.12654    7.07997e-17    -0.597153    -2.49961    2.68831e-18    0.23551
1.38809    -1.12654    9.04772e-17    -0.597153    -2.49961    3.43547e-18    0.23551
1.38809    -1.12654    1.09946e-16    -0.597153    -2.49961    4.17472e-18    0.23551
1.38809    -1.12654    1.28415e-16    -0.597153    -2.49961    4.87599e-18    0.23551
1.38809    -1.12654    1.45194e-16    -0.597153    -2.49961    5.51314e-18    0.23551
1.38809    -1.12654    1.59715e-16    -0.597153    -2.49961    6.06451e-18    0.23551
1.38809    -1.12654    1.71531e-16    -0.597153    -2.49961    6.51321e-18    0.23551
1.38809    -1.12654    1.80328e-16    -0.597153    -2.49961    6.84728e-18    0.23551
1.38809    -1.12654    1.85921e-16    -0.597153    -2.49961    7.0597e-18    0.23551
1.38809    -1.12654    1.8825e-16    -0.597153    -2.49961    7.14816e-18    0.23551
1.38809    -1.12654    1.8737e-16    -0.597153    -2.49961    7.11478e-18    0.23551
1.38809    -1.12654    1.83442e-16    -0.597153    -2.49961    6.96568e-18    0.23551
1.38809    -1.12654    1.76718e-16    -0.597153    -2.49961    6.7104e-18    0.23551
1.38809    -1.12654    1.67526e-16    -0.597153    -2.49961    6.36136e-18    0.23551
1.38809    -1.12654    1.56249e-16    -0.597153    -2.49961    5.9332e-18    0.23551
1.38809    -1.12654    1.43315e-16    -0.597153    -2.49961    5.44211e-18    0.23551
1.38809    -1.12654    1.29175e-16    -0.597153    -2.49961    4.90519e-18    0.23551
1.38809    -1.12654    1.14284e-16    -0.597153    -2.49961    4.33977e-18    0.23551
1.38809    -1.12654    9.90915e-17    -0.597153    -2.49961    3.76291e-18    0.23551
1.38809    -1.12654    8.40236e-17    -0.597153    -2.49961    3.19076e-18    0.23551
1.38809    -1.12654    6.94713e-17    -0.597153    -2.49961    2.63818e-18    0.23551
1.38809    -1.12654    5.5781e-17    -0.597153    -2.49961    2.11834e-18    0.23551
1.38809    -1.12654    4.32469e-17    -0.597153    -2.49961    1.64238e-18    0.23551
1.38809    -1.12654    3.21049e-17    -0.597153    -2.49961    1.21929e-18    0.23551
1.38809    -1.12654    2.25301e-17    -0.597153    -2.49961    8.557e-19    0.23551
