1.2    -0.988064    0.00102629    -0.649491    -2.34381    6.06829e-06    -0.0789447
1.20455    -1.03593    0.00413605    -0.657578    -2.41707    5.31453e-06    -0.0776911
1.21367    -1.06782    0.00715858    -0.655818    -2.47189    7.42385e-06    0.0207249
1.22568    -1.08824    0.0108392    -0.653458    -2.50131    9.87553e-06    0.0301228
1.24045    -1.10207    0.0134971    -0.646143    -2.52417    1.16517e-05    0.0918464
1.25694    -1.11094    0.0161014    -0.64047    -2.53211    1.37499e-05    0.104951
1.27494    -1.11698    0.0176454    -0.632518    -2.53763    1.45322e-05    0.144458
1.29379    -1.1208    0.0188553    -0.626312    -2.53481    1.54252e-05    0.157703
1.31328    -1.12335    0.0192258    -0.61927    -2.53107    1.5251e-05    0.183453
1.33295    -1.12487    0.0192321    -0.613622    -2.52293    1.50798e-05    0.194907
1.35263    -1.12582    0.0186641    -0.607857    -2.51452    1.42519e-05    0.21184
1.37202    -1.12628    0.0178191    -0.603123    -2.50402    1.3413e-05    0.220853
1.39096    -1.12647    0.016635    -0.598573    -2.49366    1.22443e-05    0.232006
1.40926    -1.12643    0.0152946    -0.59476    -2.48253    1.10916e-05    0.238687
1.42681    -1.12626    0.0137982    -0.591215    -2.47182    9.8187e-06    0.246037
1.44348    -1.12598    0.0122568    -0.588188    -2.46112    8.59835e-06    0.250824
1.45919    -1.12563    0.0106898    -0.585422    -2.45104    7.37934e-06    0.255696
1.47386    -1.12523    0.0091634    -0.583024    -2.44139    6.24362e-06    0.259075
1.48745    -1.12481    0.00769745    -0.580856    -2.43249    5.17412e-06    0.262339
1.4999    -1.12437    0.00632956    -0.578965    -2.42424    4.20671e-06    0.264713
1.51119    -1.12395    0.0050738    -0.577277    -2.4168    3.33512e-06    0.266918
1.52129    -1.12353    0.00394934    -0.575814    -2.41011    2.57226e-06    0.268569
1.53021    -1.12315    0.00296306    -0.574538    -2.40424    1.91379e-06    0.270048
1.53794    -1.1228    0.00212207    -0.573457    -2.39914    1.36147e-06    0.271161
1.54447    -1.1225    0.0014268    -0.572551    -2.39483    9.10355e-07    0.272111
1.54983    -1.12224    0.000876313    -0.571824    -2.39129    5.57016e-07    0.2728
1.55403    -1.12203    0.00046587    -0.571263    -2.38851    2.95542e-07    0.273336
1.5571    -1.12188    0.000189156    -0.570869    -2.38646    1.20193e-07    0.27367
1.55905    -1.12178    3.76552e-05    -0.570632    -2.38513    2.43585e-08    0.273862
1.55992    -1.12173    1.5339e-06    -0.570552    -2.38448    1.29277e-09    0.273884
1.55974    -1.12174    6.97057e-05    -0.57062    -2.38451    4.39617e-08    0.273769
1.55856    -1.1218    0.000230181    -0.570835    -2.38518    1.45187e-07    0.273501
1.5564    -1.12191    0.000470332    -0.571188    -2.38646    2.97686e-07    0.273098
1.55333    -1.12207    0.000777045    -0.571676    -2.38834    4.94076e-07    0.27255
1.54937    -1.12226    0.00113701    -0.572292    -2.39079    7.26921e-07    0.271866
1.54459    -1.12249    0.00153681    -0.573031    -2.39377    9.88725e-07    0.271037
1.53902    -1.12275    0.00196317    -0.573887    -2.39726    1.27196e-06    0.270068
1.53274    -1.12304    0.00240307    -0.574853    -2.40123    1.5691e-06    0.268953
1.52578    -1.12335    0.00284395    -0.575922    -2.40566    1.87261e-06    0.267692
1.51821    -1.12367    0.00327378    -0.577087    -2.4105    2.17506e-06    0.266282
1.51009    -1.12399    0.0036813    -0.578342    -2.41573    2.46912e-06    0.264722
1.50148    -1.12432    0.00405611    -0.579677    -2.4213    2.74767e-06    0.263011
1.49245    -1.12464    0.00438886    -0.581085    -2.4272    3.00388e-06    0.261149
1.48305    -1.12495    0.00467133    -0.582556    -2.43337    3.23135e-06    0.259137
1.47335    -1.12525    0.00489663    -0.584083    -2.43978    3.42417e-06    0.256979
1.46342    -1.12552    0.0050593    -0.585654    -2.4464    3.57714e-06    0.254678
1.45332    -1.12577    0.00515545    -0.587261    -2.45317    3.68587e-06    0.252243
1.44314    -1.12598    0.00518283    -0.588892    -2.46005    3.74695e-06    0.249683
1.43292    -1.12616    0.00514092    -0.590536    -2.46701    3.75812e-06    0.247008
1.42275    -1.12631    0.00503098    -0.592183    -2.47399    3.71835e-06    0.244236
1.41268    -1.12642    0.00485607    -0.593821    -2.48095    3.62801e-06    0.241382
1.40279    -1.12649    0.00462097    -0.595438    -2.48784    3.48894e-06    0.238468
1.39315    -1.12653    0.00433212    -0.597023    -2.49462    3.30445e-06    0.235518
1.38381    -1.12653    0.00399747    -0.598563    -2.50123    3.07933e-06    0.232559
1.37483    -1.1265    0.00362627    -0.600047    -2.50763    2.81977e-06    0.229618
1.36629    -1.12644    0.00322881    -0.601464    -2.51377    2.53316e-06    0.226728
1.35823    -1.12636    0.00281608    -0.602803    -2.51961    2.22789e-06    0.223921
1.3507    -1.12625    0.00239943    -0.604054    -2.52511    1.91306e-06    0.22123
1.34374    -1.12613    0.00199017    -0.605208    -2.53023    1.59812e-06    0.218688
1.33741    -1.12601    0.00159916    -0.606255    -2.53493    1.29248e-06    0.216327
1.33174    -1.12588    0.00123638    -0.607188    -2.53918    1.00509e-06    0.214179
1.32675    -1.12575    0.000910596    -0.608003    -2.54295    7.44073e-07    0.212271
1.32247    -1.12564    0.000628992    -0.608692    -2.54621    5.16306e-07    0.210627
1.31891    -1.12553    0.000396927    -0.609254    -2.54896    3.27147e-07    0.209267
1.31608    -1.12545    0.000217752    -0.609687    -2.55118    1.802e-07    0.208205
1.31399    -1.12538    9.27383e-05    -0.60999    -2.55286    7.71834e-08    0.207452
1.31262    -1.12534    2.10946e-05    -0.610164    -2.55401    1.79181e-08    0.207009
1.31197    -1.12531    9.49622e-08    -0.610213    -2.55463    4.13538e-10    0.206875
1.31201    -1.12532    2.52894e-05    -0.61014    -2.55473    2.10587e-08    0.207042
1.31273    -1.12534    9.07917e-05    -0.609951    -2.55433    7.4894e-08    0.207497
1.31408    -1.12539    0.000189621    -0.609652    -2.55345    1.55943e-07    0.20822
1.31603    -1.12545    0.000314077    -0.60925    -2.55212    2.57576e-07    0.209191
1.31855    -1.12553    0.000456115    -0.608755    -2.55036    3.72883e-07    0.210385
1.32158    -1.12562    0.000607723    -0.608176    -2.54822    4.95027e-07    0.211773
1.32508    -1.12571    0.000761244    -0.607521    -2.54573    6.17555e-07    0.213328
1.32899    -1.12582    0.000909669    -0.606801    -2.54293    7.34658e-07    0.215018
1.33327    -1.12592    0.00104686    -0.606027    -2.53986    8.41366e-07    0.216816
1.33786    -1.12602    0.0011677    -0.605207    -2.53656    9.33674e-07    0.218693
1.34271    -1.12612    0.00126823    -0.604351    -2.53306    1.00861e-06    0.220622
1.34777    -1.12621    0.00134562    -0.60347    -2.52942    1.06421e-06    0.222577
1.35297    -1.12629    0.00139821    -0.602573    -2.52567    1.09953e-06    0.224535
1.35828    -1.12636    0.00142543    -0.601667    -2.52184    1.1145e-06    0.226476
1.36363    -1.12642    0.00142766    -0.600763    -2.51799    1.10981e-06    0.228382
1.369    -1.12647    0.00140617    -0.599866    -2.51413    1.08684e-06    0.230237
1.37432    -1.1265    0.00136292    -0.598984    -2.51031    1.04746e-06    0.232027
1.37956    -1.12653    0.00130043    -0.598123    -2.50655    9.93921e-07    0.233742
1.38467    -1.12654    0.00122164    -0.59729    -2.50288    9.28701e-07    0.235373
1.38963    -1.12654    0.00112974    -0.596489    -2.49933    8.54415e-07    0.236912
1.3944    -1.12653    0.00102805    -0.595725    -2.49592    7.73692e-07    0.238354
1.39895    -1.12652    0.000919909    -0.595002    -2.49268    6.89093e-07    0.239695
1.40326    -1.1265    0.000808532    -0.594323    -2.48961    6.03035e-07    0.240933
1.40729    -1.12647    0.000696963    -0.593692    -2.48673    5.17739e-07    0.242067
1.41104    -1.12644    0.000587982    -0.59311    -2.48406    4.35185e-07    0.243096
1.41448    -1.12641    0.000484055    -0.59258    -2.48161    3.5709e-07    0.244019
1.4176    -1.12638    0.000387294    -0.592103    -2.47939    2.84888e-07    0.244839
1.42039    -1.12635    0.000299438    -0.591681    -2.4774    2.19725e-07    0.245555
1.42285    -1.12632    0.000221838    -0.591313    -2.47564    1.62463e-07    0.246171
1.42496    -1.12629    0.000155456    -0.591    -2.47413    1.13688e-07    0.246688
1.42673    -1.12627    0.000100881    -0.590743    -2.47285    7.37242e-08    0.247107
1.42816    -1.12625    5.83427e-05    -0.590541    -2.47182    4.26529e-08    0.247433
1.42924    -1.12623    2.77405e-05    -0.590392    -2.47102    2.0334e-08    0.247667
1.42999    -1.12622    8.67227e-06    -0.590297    -2.47046    6.42932e-09    0.247811
1.43041    -1.12621    4.70584e-07    -0.590254    -2.47012    4.27342e-10    0.24787
1.4305    -1.12621    2.24038e-06    -0.590261    -2.47001    1.66894e-09    0.247846
1.43029    -1.12621    1.2899e-05    -0.590317    -2.47011    9.37346e-09    0.247741
1.42978    -1.12622    3.12171e-05    -0.590419    -2.47042    2.26648e-08    0.24756
1.42899    -1.12623    5.58594e-05    -0.590565    -2.47093    4.05969e-08    0.247304
1.42793    -1.12625    8.54254e-05    -0.590754    -2.47162    6.21796e-08    0.246979
1.42662    -1.12627    0.000118488    -0.590981    -2.47249    8.64022e-08    0.246587
1.42507    -1.12629    0.00015363    -0.591245    -2.47353    1.12258e-07    0.246133
1.42331    -1.12631    0.00018948    -0.591543    -2.47471    1.38765e-07    0.245619
1.42136    -1.12634    0.000224743    -0.591871    -2.47604    1.64988e-07    0.245051
1.41923    -1.12636    0.000258227    -0.592226    -2.47748    1.90059e-07    0.244433
1.41695    -1.12639    0.00028887    -0.592606    -2.47904    2.1319e-07    0.243769
1.41454    -1.12641    0.000315758    -0.593006    -2.4807    2.33694e-07    0.243064
1.41202    -1.12644    0.000338143    -0.593423    -2.48244    2.50992e-07    0.242324
1.40941    -1.12646    0.000355449    -0.593854    -2.48424    2.64627e-07    0.241554
1.40673    -1.12648    0.000367283    -0.594295    -2.4861    2.74268e-07    0.240759
1.40401    -1.1265    0.000373436    -0.594743    -2.48799    2.79718e-07    0.239946
1.40127    -1.12651    0.000373875    -0.595193    -2.48991    2.80906e-07    0.239119
1.39853    -1.12652    0.000368742    -0.595644    -2.49183    2.77895e-07    0.238286
1.3958    -1.12653    0.000358337    -0.596091    -2.49375    2.70867e-07    0.237453
1.39312    -1.12654    0.000343101    -0.596531    -2.49565    2.60117e-07    0.236625
1.39049    -1.12654    0.0003236    -0.596961    -2.49751    2.4604e-07    0.235809
1.38794    -1.12654    0.000300502    -0.597378    -2.49932    2.29115e-07    0.235012
1.38548    -1.12654    0.000274549    -0.597779    -2.50107    2.09889e-07    0.234239
1.38312    -1.12654    0.000246535    -0.598162    -2.50276    1.88955e-07    0.233496
1.3809    -1.12653    0.000217275    -0.598523    -2.50436    1.66933e-07    0.232789
1.3788    -1.12653    0.000187584    -0.598861    -2.50586    1.44451e-07    0.232122
1.37686    -1.12652    0.000158247    -0.599174    -2.50727    1.2212e-07    0.231502
1.37508    -1.12651    0.000129999    -0.59946    -2.50857    1.00521e-07    0.230932
1.37346    -1.1265    0.000103501    -0.599717    -2.50975    8.01804e-08    0.230416
1.37201    -1.12649    7.93263e-05    -0.599945    -2.51081    6.15595e-08    0.229957
1.37075    -1.12648    5.79437e-05    -0.600143    -2.51174    4.50408e-08    0.229559
1.36967    -1.12648    3.97094e-05    -0.600309    -2.51254    3.09186e-08    0.229222
1.36878    -1.12647    2.48614e-05    -0.600444    -2.51321    1.93944e-08    0.228948
1.36807    -1.12646    1.35186e-05    -0.600548    -2.51375    1.05741e-08    0.228739
1.36755    -1.12646    5.6836e-06    -0.60062    -2.51415    4.47076e-09    0.228593
1.36721    -1.12646    1.24995e-06    -0.600661    -2.51443    1.00892e-09    0.22851
1.36705    -1.12646    1.24869e-08    -0.600673    -2.51457    3.30976e-11    0.228489
1.36707    -1.12646    1.68044e-06    -0.600656    -2.51459    1.31821e-09    0.228527
1.36725    -1.12646    5.89271e-06    -0.600611    -2.51449    4.58202e-09    0.228623
1.36759    -1.12646    1.22347e-05    -0.600539    -2.51427    9.49889e-09    0.228773
1.36809    -1.12647    2.02556e-05    -0.600443    -2.51394    1.57142e-08    0.228973
1.36873    -1.12647    2.94863e-05    -0.600324    -2.5135    2.28585e-08    0.229221
1.3695    -1.12648    3.94559e-05    -0.600183    -2.51297    3.05619e-08    0.229511
1.37039    -1.12648    4.97073e-05    -0.600023    -2.51236    3.84662e-08    0.229839
1.37139    -1.12649    5.98119e-05    -0.599847    -2.51166    4.62368e-08    0.230201
1.37249    -1.1265    6.93807e-05    -0.599655    -2.51089    5.35716e-08    0.230592
1.37367    -1.1265    7.80746e-05    -0.59945    -2.51006    6.02093e-08    0.231008
1.37493    -1.12651    8.5611e-05    -0.599235    -2.50918    6.59339e-08    0.231443
1.37624    -1.12652    9.1769e-05    -0.599011    -2.50825    7.05789e-08    0.231893
1.3776    -1.12652    9.63909e-05    -0.598781    -2.50729    7.4028e-08    0.232353
1.37899    -1.12653    9.93827e-05    -0.598547    -2.5063    7.62149e-08    0.23282
1.38041    -1.12653    0.000100712    -0.59831    -2.5053    7.71208e-08    0.233289
1.38183    -1.12654    0.000100402    -0.598073    -2.50428    7.67708e-08    0.233756
1.38325    -1.12654    9.85299e-05    -0.597837    -2.50327    7.52297e-08    0.234217
1.38466    -1.12654    9.52159e-05    -0.597606    -2.50227    7.25954e-08    0.234668
1.38604    -1.12654    9.06182e-05    -0.597379    -2.50129    6.89939e-08    0.235108
1.3874    -1.12654    8.49243e-05    -0.597158    -2.50032    6.45719e-08    0.235533
1.3887    -1.12654    7.83423e-05    -0.596946    -2.49939    5.9491e-08    0.235939
1.38996    -1.12654    7.10934e-05    -0.596744    -2.49849    5.3921e-08    0.236326
1.39116    -1.12654    6.34033e-05    -0.596551    -2.49764    4.80341e-08    0.236691
1.39229    -1.12654    5.54954e-05    -0.596371    -2.49683    4.19996e-08    0.237031
1.39334    -1.12654    4.75838e-05    -0.596203    -2.49607    3.59784e-08    0.237347
1.39432    -1.12654    3.9868e-05    -0.596049    -2.49537    3.01199e-08    0.237636
1.39522    -1.12653    3.25277e-05    -0.595908    -2.49472    2.45575e-08    0.237897
1.39603    -1.12653    2.57188e-05    -0.595783    -2.49414    1.94066e-08    0.23813
1.39675    -1.12653    1.95712e-05    -0.595672    -2.49362    1.47627e-08    0.238335
1.39737    -1.12653    1.41866e-05    -0.595576    -2.49316    1.06998e-08    0.238511
1.39791    -1.12653    9.63744e-06    -0.595496    -2.49277    7.27037e-09    0.238657
1.39835    -1.12652    5.96752e-06    -0.595431    -2.49245    4.50539e-09    0.238775
1.3987    -1.12652    3.19246e-06    -0.595382    -2.49219    2.41508e-09    0.238863
1.39895    -1.12652    1.30149e-06    -0.595347    -2.49199    9.90228e-10    0.238924
1.39911    -1.12652    2.59651e-07    -0.595328    -2.49187    2.03861e-10    0.238957
1.39918    -1.12652    1.05828e-08    -0.595323    -2.4918    1.33127e-11    0.238964
1.39917    -1.12652    4.79662e-07    -0.595332    -2.4918    3.62545e-10    0.238944
1.39907    -1.12652    1.57745e-06    -0.595355    -2.49185    1.18466e-09    0.2389
1.39889    -1.12652    3.20329e-06    -0.59539    -2.49197    2.40451e-09    0.238832
1.39864    -1.12652    5.249e-06    -0.595438    -2.49213    3.94139e-09    0.238742
1.39831    -1.12652    7.60244e-06    -0.595496    -2.49235    5.71164e-09    0.238631
1.39792    -1.12653    1.0151e-05    -0.595566    -2.49262    7.63117e-09    0.2385
1.39747    -1.12653    1.2785e-05    -0.595644    -2.49292    9.61788e-09    0.238352
1.39696    -1.12653    1.54003e-05    -0.595732    -2.49327    1.15938e-08    0.238187
1.39641    -1.12653    1.79014e-05    -0.595827    -2.49366    1.34869e-08    0.238008
1.39581    -1.12653    2.0203e-05    -0.595929    -2.49407    1.52331e-08    0.237816
1.39517    -1.12654    2.22324e-05    -0.596037    -2.49452    1.67771e-08    0.237613
1.3945    -1.12654    2.39303e-05    -0.596149    -2.49498    1.80736e-08    0.2374
1.3938    -1.12654    2.52519e-05    -0.596265    -2.49547    1.90882e-08    0.237181
1.39309    -1.12654    2.61672e-05    -0.596384    -2.49597    1.97973e-08    0.236956
1.39237    -1.12654    2.66606e-05    -0.596505    -2.49648    2.01884e-08    0.236727
1.39163    -1.12654    2.67309e-05    -0.596626    -2.49699    2.02595e-08    0.236497
1.3909    -1.12654    2.63901e-05    -0.596747    -2.49751    2.00187e-08    0.236267
1.39017    -1.12654    2.56622e-05    -0.596867    -2.49803    1.94834e-08    0.236038
1.38945    -1.12654    2.45816e-05    -0.596985    -2.49854    1.8679e-08    0.235813
1.38875    -1.12654    2.31918e-05    -0.5971    -2.49904    1.76376e-08    0.235593
1.38806    -1.12654    2.15428e-05    -0.597211    -2.49952    1.63969e-08    0.235379
1.38741    -1.12654    1.96898e-05    -0.597318    -2.49999    1.49985e-08    0.235174
1.38678    -1.12654    1.7691e-05    -0.59742    -2.50044    1.34862e-08    0.234978
1.38618    -1.12654    1.56053e-05    -0.597516    -2.50087    1.19051e-08    0.234793
1.38562    -1.12654    1.3491e-05    -0.597606    -2.50127    1.02995e-08    0.234619
1.3851    -1.12654    1.14035e-05    -0.59769    -2.50165    8.71191e-09    0.234459
1.38462    -1.12654    9.39426e-06    -0.597766    -2.502    7.1818e-09    0.234312
1.38418    -1.12654    7.50907e-06    -0.597834    -2.50231    5.7445e-09    0.234179
1.38379    -1.12654    5.78729e-06    -0.597895    -2.50259    4.43044e-09    0.234062
1.38345    -1.12654    4.2609e-06    -0.597948    -2.50284    3.26441e-09    0.23396
1.38316    -1.12654    2.95404e-06    -0.597993    -2.50306    2.26525e-09    0.233873
1.38292    -1.12654    1.88278e-06    -0.598029    -2.50324    1.44555e-09    0.233803
1.38272    -1.12654    1.05512e-06    -0.598057    -2.50339    8.11746e-10    0.233749
1.38258    -1.12654    4.71319e-07    -0.598078    -2.5035    3.64245e-10    0.23371
1.38248    -1.12654    1.24388e-07    -0.59809    -2.50357    9.7868e-11    0.233687
1.38243    -1.12654    7.87181e-10    -0.598094    -2.50362    2.36236e-12    0.23368
1.38242    -1.12654    8.13001e-08    -0.598091    -2.50363    6.30728e-11    0.233687
1.38246    -1.12654    3.42012e-07    -0.598081    -2.50361    2.61702e-10    0.233708
1.38255    -1.12654    7.55377e-07    -0.598064    -2.50355    5.77138e-10    0.233743
1.38267    -1.12654    1.29132e-06    -0.59804    -2.50347    9.8631e-10    0.23379
1.38283    -1.12654    1.91834e-06    -0.59801    -2.50337    1.46505e-09    0.233849
1.38303    -1.12654    2.60459e-06    -0.597975    -2.50323    1.98893e-09    0.23392
1.38326    -1.12654    3.3189e-06    -0.597934    -2.50307    2.53403e-09    0.234
1.38352    -1.12654    4.03165e-06    -0.597889    -2.5029    3.07768e-09    0.234089
1.3838    -1.12654    4.71562e-06    -0.597839    -2.5027    3.59903e-09    0.234186
1.38411    -1.12654    5.3466e-06    -0.597787    -2.50248    4.0796e-09    0.23429
1.38444    -1.12654    5.90397e-06    -0.597731    -2.50225    4.50366e-09    0.234399
1.38478    -1.12654    6.37105e-06    -0.597672    -2.50201    4.85852e-09    0.234513
1.38514    -1.12654    6.7353e-06    -0.597612    -2.50176    5.1347e-09    0.234631
1.38551    -1.12654    6.98843e-06    -0.59755    -2.5015    5.32596e-09    0.234751
1.38588    -1.12654    7.12632e-06    -0.597487    -2.50124    5.42926e-09    0.234873
1.38626    -1.12654    7.14885e-06    -0.597424    -2.50097    5.44462e-09    0.234995
1.38664    -1.12654    7.05957e-06    -0.597362    -2.5007    5.37486e-09    0.235116
1.38702    -1.12654    6.86536e-06    -0.5973    -2.50043    5.22531e-09    0.235236
1.38739    -1.12654    6.57595e-06    -0.597238    -2.50017    5.00347e-09    0.235353
1.38775    -1.12654    6.20337e-06    -0.597179    -2.49991    4.71858e-09    0.235468
1.38811    -1.12654    5.76148e-06    -0.597121    -2.49966    4.38123e-09    0.235578
1.38845    -1.12654    5.26534e-06    -0.597066    -2.49941    4.00293e-09    0.235684
1.38877    -1.12654    4.73071e-06    -0.597014    -2.49918    3.59566e-09    0.235784
1.38908    -1.12654    4.17349e-06    -0.596964    -2.49896    3.17152e-09    0.235879
1.38937    -1.12654    3.60921e-06    -0.596918    -2.49875    2.74228e-09    0.235967
1.38964    -1.12654    3.05261e-06    -0.596875    -2.49856    2.31913e-09    0.236049
1.38989    -1.12654    2.51724e-06    -0.596836    -2.49838    1.9123e-09    0.236123
1.39012    -1.12654    2.01513e-06    -0.596801    -2.49822    1.53089e-09    0.23619
1.39032    -1.12654    1.55652e-06    -0.596769    -2.49807    1.18262e-09    0.236249
1.39049    -1.12654    1.14971e-06    -0.596742    -2.49794    8.73765e-10    0.2363
1.39065    -1.12654    8.00938e-07    -0.596719    -2.49783    6.08991e-10    0.236344
1.39077    -1.12654    5.14306e-07    -0.5967    -2.49774    3.9139e-10    0.236379
1.39087    -1.12654    2.9185e-07    -0.596685    -2.49766    2.22476e-10    0.236407
1.39095    -1.12654    1.33604e-07    -0.596675    -2.4976    1.02255e-10    0.236426
1.391    -1.12654    3.77423e-08    -0.596668    -2.49756    2.93343e-11    0.236438
1.39103    -1.12654    7.66525e-10    -0.596665    -2.49754    1.05758e-12    0.236442
1.39103    -1.12654    1.77248e-08    -0.596667    -2.49753    1.36749e-11    0.236439
1.39102    -1.12654    8.24619e-08    -0.596672    -2.49754    6.25294e-11    0.236429
1.39098    -1.12654    1.87887e-07    -0.59668    -2.49757    1.42258e-10    0.236413
1.39091    -1.12654    3.26248e-07    -0.596692    -2.49761    2.46999e-10    0.23639
1.39083    -1.12654    4.89409e-07    -0.596707    -2.49766    3.70598e-10    0.236361
1.39073    -1.12654    6.69121e-07    -0.596724    -2.49773    5.06815e-10    0.236327
1.39062    -1.12654    8.5727e-07    -0.596745    -2.49781    6.49508e-10    0.236287
1.39049    -1.12654    1.04611e-06    -0.596768    -2.4979    7.9281e-10    0.236243
1.39034    -1.12654    1.22848e-06    -0.596793    -2.498    9.31286e-10    0.236195
1.39018    -1.12654    1.39794e-06    -0.59682    -2.49811    1.06006e-09    0.236143
1.39002    -1.12654    1.54896e-06    -0.596848    -2.49822    1.17493e-09    0.236089
1.38984    -1.12654    1.677e-06    -0.596878    -2.49835    1.27242e-09    0.236031
1.38966    -1.12654    1.77856e-06    -0.596909    -2.49848    1.34987e-09    0.235972
1.38947    -1.12654    1.85123e-06    -0.596941    -2.49861    1.40544e-09    0.235911
1.38927    -1.12654    1.89368e-06    -0.596973    -2.49875    1.4381e-09    0.23585
1.38908    -1.12654    1.90564e-06    -0.597005    -2.49888    1.44761e-09    0.235787
1.38888    -1.12654    1.8878e-06    -0.597038    -2.49902    1.43448e-09    0.235725
1.38869    -1.12654    1.84176e-06    -0.59707    -2.49916    1.3999e-09    0.235664
1.38849    -1.12654    1.76989e-06    -0.597101    -2.4993    1.34567e-09    0.235603
1.38831    -1.12654    1.6752e-06    -0.597132    -2.49943    1.27404e-09    0.235544
1.38812    -1.12654    1.56124e-06    -0.597162    -2.49956    1.18772e-09    0.235486
1.38794    -1.12654    1.43192e-06    -0.597191    -2.49969    1.08965e-09    0.235431
1.38777    -1.12654    1.29138e-06    -0.597218    -2.49981    9.82978e-10    0.235379
1.38761    -1.12654    1.14382e-06    -0.597244    -2.49992    8.70913e-10    0.235329
1.38746    -1.12654    9.9343e-07    -0.597269    -2.50003    7.56626e-10    0.235282
1.38732    -1.12654    8.44194e-07    -0.597291    -2.50013    6.4316e-10    0.235239
1.38719    -1.12654    6.99823e-07    -0.597312    -2.50023    5.33341e-10    0.235199
1.38707    -1.12654    5.63644e-07    -0.597331    -2.50031    4.2971e-10    0.235164
1.38696    -1.12654    4.38531e-07    -0.597347    -2.50039    3.34463e-10    0.235132
1.38687    -1.12654    3.26844e-07    -0.597362    -2.50046    2.49404e-10    0.235104
1.38679    -1.12654    2.30394e-07    -0.597374    -2.50052    1.75921e-10    0.23508
1.38672    -1.12654    1.50423e-07    -0.597384    -2.50057    1.14968e-10    0.235061
1.38667    -1.12654    8.76082e-08    -0.597392    -2.50061    6.70676e-11    0.235046
1.38662    -1.12654    4.20762e-08    -0.597398    -2.50064    3.23231e-11    0.235035
1.3866    -1.12654    1.34397e-08    -0.597402    -2.50067    1.0444e-11    0.235028
1.38658    -1.12654    8.43042e-10    -0.597404    -2.50068    7.82372e-13    0.235025
1.38657    -1.12654    3.02113e-09    -0.597404    -2.50068    2.3772e-12    0.235025
1.38658    -1.12654    1.83658e-08    -0.597401    -2.50068    1.4005e-11    0.23503
1.3866    -1.12654    4.49987e-08    -0.597397    -2.50067    3.42355e-11    0.235038
1.38663    -1.12654    8.08467e-08    -0.597391    -2.50065    6.14897e-11    0.23505
1.38667    -1.12654    1.23719e-07    -0.597384    -2.50062    9.4098e-11    0.235065
1.38672    -1.12654    1.71381e-07    -0.597375    -2.50059    1.30358e-10    0.235082
1.38678    -1.12654    2.21626e-07    -0.597364    -2.50055    1.68587e-10    0.235103
1.38685    -1.12654    2.7234e-07    -0.597353    -2.5005    2.07175e-10    0.235125
1.38692    -1.12654    3.21558e-07    -0.59734    -2.50045    2.44624e-10    0.23515
1.387    -1.12654    3.67514e-07    -0.597326    -2.5004    2.7959e-10    0.235177
1.38709    -1.12654    4.0868e-07    -0.597311    -2.50034    3.10909e-10    0.235206
1.38718    -1.12654    4.43796e-07    -0.597296    -2.50027    3.37621e-10    0.235235
1.38727    -1.12654    4.71888e-07    -0.59728    -2.50021    3.58986e-10    0.235266
1.38737    -1.12654    4.92276e-07    -0.597264    -2.50014    3.74488e-10    0.235298
1.38747    -1.12654    5.04576e-07    -0.597247    -2.50007    3.83835e-10    0.23533
1.38757    -1.12654    5.08687e-07    -0.59723    -2.5    3.86952e-10    0.235362
1.38767    -1.12654    5.04777e-07    -0.597214    -2.49992    3.83967e-10    0.235395
1.38777    -1.12654    4.93256e-07    -0.597197    -2.49985    3.75193e-10    0.235427
1.38787    -1.12654    4.74744e-07    -0.597181    -2.49978    3.61104e-10    0.235458
1.38797    -1.12654    4.50042e-07    -0.597165    -2.49971    3.4231e-10    0.235489
1.38807    -1.12654    4.20091e-07    -0.597149    -2.49964    3.19526e-10    0.235519
1.38816    -1.12654    3.85931e-07    -0.597134    -2.49958    2.93544e-10    0.235547
1.38825    -1.12654    3.48668e-07    -0.59712    -2.49952    2.65206e-10    0.235574
1.38833    -1.12654    3.0943e-07    -0.597106    -2.49946    2.35368e-10    0.2356
1.38841    -1.12654    2.69334e-07    -0.597094    -2.4994    2.0488e-10    0.235624
1.38848    -1.12654    2.29449e-07    -0.597082    -2.49935    1.74554e-10    0.235647
1.38855    -1.12654    1.90771e-07    -0.597071    -2.4993    1.45148e-10    0.235667
1.38861    -1.12654    1.54198e-07    -0.597062    -2.49925    1.1734e-10    0.235686
1.38867    -1.12654    1.20502e-07    -0.597053    -2.49921    9.17208e-11    0.235703
1.38872    -1.12654    9.03254e-08    -0.597045    -2.49918    6.8775e-11    0.235717
1.38876    -1.12654    6.41609e-08    -0.597039    -2.49915    4.88779e-11    0.235729
1.3888    -1.12654    4.23527e-08    -0.597033    -2.49912    3.22906e-11    0.235739
1.38883    -1.12654    2.50941e-08    -0.597029    -2.4991    1.91597e-11    0.235748
1.38885    -1.12654    1.24328e-08    -0.597026    -2.49908    9.52167e-12    0.235753
1.38886    -1.12654    4.27932e-09    -0.597024    -2.49907    3.30861e-12    0.235757
1.38887    -1.12654    4.19434e-10    -0.597023    -2.49906    3.58029e-13    0.235759
1.38888    -1.12654    5.29056e-10    -0.597023    -2.49906    4.24114e-13    0.235759
1.38887    -1.12654    4.19177e-09    -0.597024    -2.49906    3.19095e-12    0.235757
1.38886    -1.12654    1.09177e-08    -0.597026    -2.49906    8.28685e-12    0.235753
1.38885    -1.12654    2.01635e-08    -0.597029    -2.49907    1.52994e-11    0.235747
1.38883    -1.12654    3.1352e-08    -0.597032    -2.49909    2.37906e-11    0.23574
1.3888    -1.12654    4.38924e-08    -0.597037    -2.4991    3.3312e-11    0.235731
1.38877    -1.12654    5.71986e-08    -0.597042    -2.49912    4.34183e-11    0.235721
1.38874    -1.12654    7.07066e-08    -0.597048    -2.49915    5.36812e-11    0.235709
1.3887    -1.12654    8.38896e-08    -0.597055    -2.49917    6.37006e-11    0.235696
1.38866    -1.12654    9.62718e-08    -0.597062    -2.4992    7.31144e-11    0.235683
1.38862    -1.12654    1.07438e-07    -0.597069    -2.49923    8.16074e-11    0.235668
1.38857    -1.12654    1.17044e-07    -0.597077    -2.49927    8.89167e-11    0.235653
1.38852    -1.12654    1.24818e-07    -0.597085    -2.4993    9.48363e-11    0.235637
1.38847    -1.12654    1.30567e-07    -0.597094    -2.49933    9.92191e-11    0.235621
1.38842    -1.12654    1.34178e-07    -0.597102    -2.49937    1.01977e-10    0.235605
1.38837    -1.12654    1.35611e-07    -0.597111    -2.49941    1.03081e-10    0.235588
1.38832    -1.12654    1.34899e-07    -0.59712    -2.49944    1.02554e-10    0.235572
1.38826    -1.12654    1.3214e-07    -0.597128    -2.49948    1.0047e-10    0.235555
1.38821    -1.12654    1.2749e-07    -0.597137    -2.49952    9.6948e-11    0.235539
1.38816    -1.12654    1.21154e-07    -0.597145    -2.49955    9.2143e-11    0.235523
1.38811    -1.12654    1.13377e-07    -0.597153    -2.49959    8.62403e-11    0.235507
1.38806    -1.12654    1.04431e-07    -0.597161    -2.49962    7.94475e-11    0.235492
1.38802    -1.12654    9.46084e-08    -0.597168    -2.49966    7.1986e-11    0.235478
1.38797    -1.12654    8.42095e-08    -0.597175    -2.49969    6.40842e-11    0.235465
1.38793    -1.12654    7.35328e-08    -0.597182    -2.49972    5.59689e-11    0.235452
1.3879    -1.12654    6.28665e-08    -0.597188    -2.49974    4.78596e-11    0.23544
1.38786    -1.12654    5.24802e-08    -0.597194    -2.49977    3.99613e-11    0.23543
1.38783    -1.12654    4.26179e-08    -0.597199    -2.49979    3.24599e-11    0.23542
1.3878    -1.12654    3.34926e-08    -0.597203    -2.49981    2.55175e-11    0.235411
1.38777    -1.12654    2.52814e-08    -0.597207    -2.49983    1.92691e-11    0.235403
1.38775    -1.12654    1.81231e-08    -0.597211    -2.49985    1.38207e-11    0.235397
1.38773    -1.12654    1.21165e-08    -0.597214    -2.49986    9.24747e-12    0.235391
1.38771    -1.12654    7.31979e-09    -0.597216    -2.49988    5.59408e-12    0.235387
1.3877    -1.12654    3.75201e-09    -0.597218    -2.49989    2.87522e-12    0.235384
1.38769    -1.12654    1.39496e-09    -0.597219    -2.49989    1.07727e-12    0.235382
1.38769    -1.12654    1.96378e-10    -0.59722    -2.4999    1.60634e-13    0.235381
1.38769    -1.12654    7.38389e-11    -0.59722    -2.4999    6.27813e-14    0.23538
1.38769    -1.12654    9.19368e-10    -0.597219    -2.4999    7.01685e-13    0.235381
1.38769    -1.12654    2.60446e-09    -0.597218    -2.4999    1.97968e-12    0.235383
1.3877    -1.12654    4.98541e-09    -0.597217    -2.49989    3.78749e-12    0.235386
1.38771    -1.12654    7.90867e-09    -0.597215    -2.49988    6.00835e-12    0.23539
1.38772    -1.12654    1.12162e-08    -0.597213    -2.49988    8.52206e-12    0.235394
1.38774    -1.12654    1.47506e-08    -0.59721    -2.49987    1.12088e-11    0.2354
1.38775    -1.12654    1.83596e-08    -0.597207    -2.49985    1.39529e-11    0.235405
1.38777    -1.12654    2.19007e-08    -0.597204    -2.49984    1.66457e-11    0.235412
1.38779    -1.12654    2.52443e-08    -0.5972    -2.49983    1.91887e-11    0.235419
1.38782    -1.12654    2.8277e-08    -0.597196    -2.49981    2.14956e-11    0.235426
1.38784    -1.12654    3.09037e-08    -0.597192    -2.49979    2.34941e-11    0.235434
1.38787    -1.12654    3.30494e-08    -0.597188    -2.49978    2.51269e-11    0.235442
1.38789    -1.12654    3.46598e-08    -0.597183    -2.49976    2.63528e-11    0.235451
1.38792    -1.12654    3.57015e-08    -0.597179    -2.49974    2.71463e-11    0.235459
1.38794    -1.12654    3.61616e-08    -0.597175    -2.49972    2.74976e-11    0.235468
1.38797    -1.12654    3.60464e-08    -0.59717    -2.4997    2.74115e-11    0.235476
1.388    -1.12654    3.53802e-08    -0.597166    -2.49968    2.69063e-11    0.235485
1.38803    -1.12654    3.42028e-08    -0.597161    -2.49966    2.60123e-11    0.235493
1.38805    -1.12654    3.25676e-08    -0.597157    -2.49964    2.47701e-11    0.235502
1.38808    -1.12654    3.05387e-08    -0.597153    -2.49963    2.32285e-11    0.23551
1.3881    -1.12654    2.81882e-08    -0.597149    -2.49961    2.14422e-11    0.235517
1.38813    -1.12654    2.55936e-08    -0.597145    -2.49959    1.94701e-11    0.235525
1.38815    -1.12654    2.28349e-08    -0.597141    -2.49958    1.73731e-11    0.235532
1.38817    -1.12654    1.99921e-08    -0.597138    -2.49956    1.52118e-11    0.235538
1.38819    -1.12654    1.71423e-08    -0.597135    -2.49955    1.30452e-11    0.235544
1.38821    -1.12654    1.43584e-08    -0.597132    -2.49953    1.09284e-11    0.23555
1.38823    -1.12654    1.17063e-08    -0.597129    -2.49952    8.91159e-12    0.235555
1.38824    -1.12654    9.24385e-09    -0.597127    -2.49951    7.03882e-12    0.23556
1.38825    -1.12654    7.01957e-09    -0.597124    -2.4995    5.34696e-12    0.235564
1.38827    -1.12654    5.07176e-09    -0.597123    -2.49949    3.86514e-12    0.235567
1.38828    -1.12654    3.42809e-09    -0.597121    -2.49948    2.61442e-12    0.23557
1.38828    -1.12654    2.10545e-09    -0.59712    -2.49948    1.60767e-12    0.235573
1.38829    -1.12654    1.11023e-09    -0.597119    -2.49947    8.49794e-13    0.235574
1.3883    -1.12654    4.38833e-10    -0.597118    -2.49947    3.38074e-13    0.235575
1.3883    -1.12654    7.8477e-11    -0.597118    -2.49947    6.28278e-14    0.235576
1.3883    -1.12654    8.21046e-12    -0.597118    -2.49946    8.16495e-15    0.235576
1.3883    -1.12654    2.0012e-10    -0.597118    -2.49946    1.52897e-13    0.235576
1.3883    -1.12654    6.20653e-10    -0.597119    -2.49947    4.71544e-13    0.235575
1.38829    -1.12654    1.23202e-09    -0.597119    -2.49947    9.35402e-13    0.235573
1.38829    -1.12654    1.99362e-09    -0.59712    -2.49947    1.51363e-12    0.235572
1.38828    -1.12654    2.86348e-09    -0.597121    -2.49948    2.17433e-12    0.235569
1.38828    -1.12654    3.79958e-09    -0.597123    -2.49948    2.88557e-12    0.235567
1.38827    -1.12654    4.76115e-09    -0.597124    -2.49949    3.61637e-12    0.235564
1.38826    -1.12654    5.70981e-09    -0.597126    -2.49949    4.33752e-12    0.23556
1.38825    -1.12654    6.61052e-09    -0.597128    -2.4995    5.02239e-12    0.235557
1.38823    -1.12654    7.43243e-09    -0.59713    -2.49951    5.64752e-12    0.235553
1.38822    -1.12654    8.14951e-09    -0.597132    -2.49952    6.19308e-12    0.235549
1.38821    -1.12654    8.74096e-09    -0.597134    -2.49953    6.64325e-12    0.235545
1.3882    -1.12654    9.19152e-09    -0.597136    -2.49954    6.9864e-12    0.235541
1.38818    -1.12654    9.49148e-09    -0.597139    -2.49954    7.21511e-12    0.235536
1.38817    -1.12654    9.6366e-09    -0.597141    -2.49955    7.32614e-12    0.235532
1.38816    -1.12654    9.62785e-09    -0.597143    -2.49956    7.3202e-12    0.235527
1.38814    -1.12654    9.47099e-09    -0.597145    -2.49957    7.20164e-12    0.235523
1.38813    -1.12654    9.17607e-09    -0.597148    -2.49958    6.97808e-12    0.235519
1.38811    -1.12654    8.75681e-09    -0.59715    -2.49959    6.65992e-12    0.235514
1.3881    -1.12654    8.22991e-09    -0.597152    -2.4996    6.25984e-12    0.23551
1.38809    -1.12654    7.61432e-09    -0.597154    -2.49961    5.79224e-12    0.235506
1.38808    -1.12654    6.93053e-09    -0.597156    -2.49962    5.2727e-12    0.235502
1.38806    -1.12654    6.19981e-09    -0.597158    -2.49963    4.71737e-12    0.235499
1.38805    -1.12654    5.44352e-09    -0.59716    -2.49964    4.1425e-12    0.235495
1.38804    -1.12654    4.68242e-09    -0.597162    -2.49965    3.56387e-12    0.235492
1.38803    -1.12654    3.93611e-09    -0.597163    -2.49965    2.99639e-12    0.235489
1.38802    -1.12654    3.22251e-09    -0.597165    -2.49966    2.45369e-12    0.235486
1.38802    -1.12654    2.55738e-09    -0.597166    -2.49966    1.94777e-12    0.235484
1.38801    -1.12654    1.95406e-09    -0.597167    -2.49967    1.48879e-12    0.235482
1.388    -1.12654    1.42319e-09    -0.597168    -2.49967    1.08483e-12    0.23548
1.388    -1.12654    9.7257e-10    -0.597169    -2.49968    7.41866e-13    0.235478
1.38799    -1.12654    6.07139e-10    -0.597169    -2.49968    4.63646e-13    0.235477
1.38799    -1.12654    3.29005e-10    -0.59717    -2.49968    2.51791e-13    0.235476
1.38799    -1.12654    1.37587e-10    -0.59717    -2.49969    1.05873e-13    0.235476
1.38798    -1.12654    2.98142e-11    -0.59717    -2.49969    2.35677e-14    0.235475
1.38798    -1.12654    3.9244e-13    -0.59717    -2.49969    8.58437e-16    0.235475
1.38798    -1.12654    4.21167e-11    -0.59717    -2.49969    3.22752e-14    0.235475
1.38798    -1.12654    1.46222e-10    -0.59717    -2.49969    1.1116e-13    0.235476
1.38799    -1.12654    3.02758e-10    -0.59717    -2.49969    2.2995e-13    0.235476
1.38799    -1.12654    5.00966e-10    -0.597169    -2.49968    3.80471e-13    0.235477
1.38799    -1.12654    7.29668e-10    -0.597169    -2.49968    5.54221e-13    0.235478
1.388    -1.12654    9.77625e-10    -0.597168    -2.49968    7.42658e-13    0.23548
1.388    -1.12654    1.23388e-09    -0.597167    -2.49968    9.37449e-13    0.235481
1.38801    -1.12654    1.48809e-09    -0.597166    -2.49967    1.13072e-12    0.235483
1.38801    -1.12654    1.73074e-09    -0.597165    -2.49967    1.31524e-12    0.235485
1.38802    -1.12654    1.95345e-09    -0.597164    -2.49967    1.48463e-12    0.235487
1.38802    -1.12654    2.14905e-09    -0.597163    -2.49966    1.63344e-12    0.235489
1.38803    -1.12654    2.31182e-09    -0.597162    -2.49966    1.75731e-12    0.235491
1.38804    -1.12654    2.43747e-09    -0.597161    -2.49965    1.85297e-12    0.235493
1.38804    -1.12654    2.52319e-09    -0.59716    -2.49965    1.91828e-12    0.235495
1.38805    -1.12654    2.56767e-09    -0.597159    -2.49964    1.95224e-12    0.235498
1.38806    -1.12654    2.57097e-09    -0.597158    -2.49964    1.9549e-12    0.2355
1.38806    -1.12654    2.53446e-09    -0.597156    -2.49963    1.92728e-12    0.235502
1.38807    -1.12654    2.46069e-09    -0.597155    -2.49963    1.87132e-12    0.235505
1.38808    -1.12654    2.35318e-09    -0.597154    -2.49962    1.78971e-12    0.235507
1.38809    -1.12654    2.21631e-09    -0.597153    -2.49962    1.68574e-12    0.235509
1.38809    -1.12654    2.05504e-09    -0.597152    -2.49961    1.56322e-12    0.235511
1.3881    -1.12654    1.87482e-09    -0.597151    -2.49961    1.42627e-12    0.235513
1.3881    -1.12654    1.68129e-09    -0.59715    -2.4996    1.27918e-12    0.235515
1.38811    -1.12654    1.48016e-09    -0.597149    -2.4996    1.12629e-12    0.235517
1.38812    -1.12654    1.277e-09    -0.597148    -2.4996    9.71834e-13    0.235518
1.38812    -1.12654    1.07709e-09    -0.597147    -2.49959    8.19832e-13    0.23552
1.38813    -1.12654    8.85279e-10    -0.597146    -2.49959    6.73967e-13    0.235521
1.38813    -1.12654    7.05854e-10    -0.597146    -2.49959    5.37504e-13    0.235523
1.38813    -1.12654    5.42465e-10    -0.597145    -2.49958    4.13219e-13    0.235524
1.38814    -1.12654    3.98051e-10    -0.597145    -2.49958    3.03347e-13    0.235525
1.38814    -1.12654    2.74796e-10    -0.597144    -2.49958    2.09553e-13    0.235526
1.38814    -1.12654    1.74123e-10    -0.597144    -2.49958    1.32922e-13    0.235526
1.38814    -1.12654    9.66964e-11    -0.597144    -2.49957    7.39598e-14    0.235527
1.38815    -1.12654    4.24566e-11    -0.597143    -2.49957    3.26258e-14    0.235527
1.38815    -1.12654    1.06732e-11    -0.597143    -2.49957    8.36666e-15    0.235527
1.38815    -1.12654    1.19815e-14    -0.597143    -2.49957    1.70588e-16    0.235527
1.38815    -1.12654    8.61743e-12    -0.597143    -2.49957    6.62912e-15    0.235527
1.38815    -1.12654    3.42049e-11    -0.597143    -2.49957    2.60072e-14    0.235527
1.38815    -1.12654    7.41595e-11    -0.597144    -2.49957    5.63183e-14    0.235527
1.38814    -1.12654    1.25637e-10    -0.597144    -2.49957    9.54017e-14    0.235526
1.38814    -1.12654    1.85668e-10    -0.597144    -2.49958    1.40999e-13    0.235526
1.38814    -1.12654    2.51252e-10    -0.597144    -2.49958    1.90832e-13    0.235525
1.38814    -1.12654    3.19453e-10    -0.597145    -2.49958    2.42666e-13    0.235524
1.38814    -1.12654    3.87483e-10    -0.597145    -2.49958    2.94383e-13    0.235523
1.38813    -1.12654    4.52775e-10    -0.597146    -2.49958    3.44029e-13    0.235522
1.38813    -1.12654    5.13044e-10    -0.597146    -2.49958    3.89866e-13    0.235521
1.38813    -1.12654    5.66337e-10    -0.597147    -2.49959    4.30407e-13    0.23552
1.38812    -1.12654    6.11065e-10    -0.597147    -2.49959    4.64446e-13    0.235519
1.38812    -1.12654    6.46032e-10    -0.597148    -2.49959    4.91068e-13    0.235518
1.38812    -1.12654    6.70436e-10    -0.597149    -2.49959    5.09664e-13    0.235517
1.38811    -1.12654    6.83866e-10    -0.597149    -2.4996    5.19919e-13    0.235516
1.38811    -1.12654    6.86291e-10    -0.59715    -2.4996    5.21807e-13    0.235515
1.38811    -1.12654    6.7803e-10    -0.59715    -2.4996    5.1557e-13    0.235513
1.3881    -1.12654    6.59715e-10    -0.597151    -2.4996    5.01687e-13    0.235512
1.3881    -1.12654    6.32254e-10    -0.597152    -2.49961    4.80848e-13    0.235511
1.38809    -1.12654    5.96783e-10    -0.597152    -2.49961    4.53912e-13    0.23551
1.38809    -1.12654    5.54609e-10    -0.597153    -2.49961    4.21877e-13    0.235509
1.38809    -1.12654    5.07167e-10    -0.597153    -2.49961    3.85829e-13    0.235508
1.38808    -1.12654    4.55958e-10    -0.597154    -2.49962    3.46912e-13    0.235507
1.38808    -1.12654    4.02507e-10    -0.597154    -2.49962    3.06283e-13    0.235506
1.38808    -1.12654    3.48306e-10    -0.597155    -2.49962    2.65078e-13    0.235505
1.38808    -1.12654    2.94777e-10    -0.597155    -2.49962    2.24377e-13    0.235504
1.38807    -1.12654    2.43232e-10    -0.597156    -2.49962    1.85179e-13    0.235504
1.38807    -1.12654    1.94838e-10    -0.597156    -2.49963    1.48372e-13    0.235503
1.38807    -1.12654    1.50594e-10    -0.597156    -2.49963    1.14716e-13    0.235502
1.38807    -1.12654    1.11312e-10    -0.597157    -2.49963    8.48295e-14    0.235502
1.38807    -1.12654    7.76047e-11    -0.597157    -2.49963    5.9178e-14    0.235501
1.38807    -1.12654    4.98794e-11    -0.597157    -2.49963    3.8073e-14    0.235501
1.38806    -1.12654    2.83423e-11    -0.597157    -2.49963    2.1672e-14    0.235501
1.38806    -1.12654    1.30045e-11    -0.597157    -2.49963    9.98412e-15    0.235501
1.38806    -1.12654    3.69539e-12    -0.597157    -2.49963    2.88055e-15    0.2355
1.38806    -1.12654    8.06987e-14    -0.597157    -2.49963    1.0777e-16    0.2355
1.38806    -1.12654    1.68368e-12    -0.597157    -2.49963    1.3039e-15    0.2355
1.38806    -1.12654    7.90944e-12    -0.597157    -2.49963    6.01715e-15    0.2355
1.38806    -1.12654    1.80711e-11    -0.597157    -2.49963    1.37257e-14    0.235501
1.38806    -1.12654    3.14169e-11    -0.597157    -2.49963    2.38581e-14    0.235501
1.38806    -1.12654    4.71575e-11    -0.597157    -2.49963    3.58145e-14    0.235501
1.38807    -1.12654    6.4492e-11    -0.597157    -2.49963    4.89861e-14    0.235501
1.38807    -1.12654    8.26333e-11    -0.597157    -2.49963    6.27743e-14    0.235502
1.38807    -1.12654    1.00831e-10    -0.597156    -2.49963    7.66082e-14    0.235502
1.38807    -1.12654    1.1839e-10    -0.597156    -2.49963    8.99596e-14    0.235503
1.38807    -1.12654    1.34689e-10    -0.597156    -2.49963    1.02356e-13    0.235503
1.38807    -1.12654    1.49195e-10    -0.597156    -2.49963    1.13391e-13    0.235504
1.38807    -1.12654    1.6147e-10    -0.597155    -2.49962    1.22731e-13    0.235504
1.38808    -1.12654    1.71179e-10    -0.597155    -2.49962    1.30122e-13    0.235505
1.38808    -1.12654    1.78094e-10    -0.597155    -2.49962    1.3539e-13    0.235506
1.38808    -1.12654    1.8209e-10    -0.597154    -2.49962    1.38439e-13    0.235506
1.38808    -1.12654    1.83146e-10    -0.597154    -2.49962    1.39253e-13    0.235507
1.38808    -1.12654    1.81334e-10    -0.597154    -2.49962    1.37887e-13    0.235507
1.38809    -1.12654    1.76812e-10    -0.597153    -2.49962    1.34459e-13    0.235508
1.38809    -1.12654    1.69812e-10    -0.597153    -2.49961    1.29146e-13    0.235509
1.38809    -1.12654    1.6063e-10    -0.597153    -2.49961    1.22174e-13    0.235509
1.38809    -1.12654    1.49609e-10    -0.597152    -2.49961    1.13801e-13    0.23551
1.38809    -1.12654    1.37127e-10    -0.597152    -2.49961    1.04317e-13    0.23551
1.38809    -1.12654    1.23584e-10    -0.597152    -2.49961    9.40247e-14    0.235511
1.3881    -1.12654    1.09386e-10    -0.597152    -2.49961    8.32326e-14    0.235511
1.3881    -1.12654    9.49328e-11    -0.597151    -2.49961    7.22451e-14    0.235512
1.3881    -1.12654    8.06077e-11    -0.597151    -2.49961    6.13534e-14    0.235512
1.3881    -1.12654    6.67647e-11    -0.597151    -2.49961    5.08267e-14    0.235513
1.3881    -1.12654    5.37213e-11    -0.597151    -2.4996    4.09066e-14    0.235513
1.3881    -1.12654    4.17504e-11    -0.597151    -2.4996    3.18009e-14    0.235513
1.3881    -1.12654    3.10758e-11    -0.59715    -2.4996    2.36798e-14    0.235514
1.3881    -1.12654    2.18683e-11    -0.59715    -2.4996    1.66734e-14    0.235514
1.3881    -1.12654    1.42446e-11    -0.59715    -2.4996    1.08706e-14    0.235514
1.38811    -1.12654    8.26681e-12    -0.59715    -2.4996    6.31885e-15    0.235514
1.38811    -1.12654    3.94511e-12    -0.59715    -2.4996    3.02614e-15    0.235514
1.38811    -1.12654    1.24054e-12    -0.59715    -2.4996    9.63013e-16    0.235514
1.38811    -1.12654    6.9728e-14    -0.59715    -2.4996    6.62832e-17    0.235514
1.38811    -1.12654    3.10482e-13    -0.59715    -2.4996    2.43208e-16    0.235514
1.38811    -1.12654    1.80816e-12    -0.59715    -2.4996    1.37635e-15    0.235514
1.38811    -1.12654    4.38258e-12    -0.59715    -2.4996    3.32885e-15    0.235514
1.38811    -1.12654    7.83526e-12    -0.59715    -2.4996    5.94986e-15    0.235514
1.38811    -1.12654    1.19566e-11    -0.59715    -2.4996    9.08011e-15    0.235514
1.3881    -1.12654    1.65331e-11    -0.59715    -2.4996    1.25573e-14    0.235514
1.3881    -1.12654    2.13539e-11    -0.59715    -2.4996    1.62211e-14    0.235514
1.3881    -1.12654    2.62172e-11    -0.597151    -2.4996    1.99179e-14    0.235513
1.3881    -1.12654    3.09351e-11    -0.597151    -2.4996    2.35052e-14    0.235513
1.3881    -1.12654    3.53393e-11    -0.597151    -2.4996    2.68545e-14    0.235513
1.3881    -1.12654    3.92836e-11    -0.597151    -2.4996    2.98549e-14    0.235513
1.3881    -1.12654    4.26476e-11    -0.597151    -2.49961    3.24146e-14    0.235512
1.3881    -1.12654    4.53382e-11    -0.597151    -2.49961    3.44628e-14    0.235512
1.3881    -1.12654    4.72904e-11    -0.597151    -2.49961    3.59498e-14    0.235512
1.3881    -1.12654    4.84673e-11    -0.597152    -2.49961    3.68476e-14    0.235511
1.3881    -1.12654    4.88591e-11    -0.597152    -2.49961    3.71486e-14    0.235511
1.3881    -1.12654    4.84817e-11    -0.597152    -2.49961    3.68647e-14    0.235511
1.38809    -1.12654    4.73743e-11    -0.597152    -2.49961    3.60256e-14    0.23551
1.38809    -1.12654    4.55961e-11    -0.597152    -2.49961    3.46764e-14    0.23551
1.38809    -1.12654    4.32239e-11    -0.597152    -2.49961    3.28752e-14    0.23551
1.38809    -1.12654    4.03475e-11    -0.597153    -2.49961    3.06904e-14    0.235509
1.38809    -1.12654    3.70668e-11    -0.597153    -2.49961    2.81978e-14    0.235509
1.38809    -1.12654    3.34879e-11    -0.597153    -2.49961    2.54779e-14    0.235509
1.38809    -1.12654    2.97188e-11    -0.597153    -2.49961    2.26132e-14    0.235509
1.38809    -1.12654    2.5867e-11    -0.597153    -2.49961    1.9685e-14    0.235508
1.38809    -1.12654    2.20352e-11    -0.597153    -2.49961    1.67716e-14    0.235508
1.38809    -1.12654    1.83192e-11    -0.597153    -2.49961    1.39459e-14    0.235508
1.38809    -1.12654    1.48051e-11    -0.597153    -2.49962    1.12733e-14    0.235508
1.38809    -1.12654    1.15677e-11    -0.597154    -2.49962    8.81074e-15    0.235508
1.38809    -1.12654    8.66838e-12    -0.597154    -2.49962    6.60502e-15    0.235507
1.38808    -1.12654    6.15488e-12    -0.597154    -2.49962    4.69241e-15    0.235507
1.38808    -1.12654    4.06031e-12    -0.597154    -2.49962    3.09815e-15    0.235507
1.38808    -1.12654    2.40332e-12    -0.597154    -2.49962    1.83651e-15    0.235507
1.38808    -1.12654    1.18851e-12    -0.597154    -2.49962    9.11022e-16    0.235507
1.38808    -1.12654    4.07289e-13    -0.597154    -2.49962    3.15213e-16    0.235507
1.38808    -1.12654    3.89993e-14    -0.597154    -2.49962    3.34323e-17    0.235507
1.38808    -1.12654    5.24103e-14    -0.597154    -2.49962    4.19772e-17    0.235507
1.38808    -1.12654    4.07383e-13    -0.597154    -2.49962    3.10368e-16    0.235507
1.38808    -1.12654    1.0567e-12    -0.597154    -2.49962    8.02736e-16    0.235507
1.38808    -1.12654    1.94798e-12    -0.597154    -2.49962    1.47928e-15    0.235507
1.38808    -1.12654    3.02563e-12    -0.597154    -2.49962    2.29774e-15    0.235507
1.38808    -1.12654    4.23271e-12    -0.597154    -2.49962    3.21484e-15    0.235507
1.38808    -1.12654    5.51279e-12    -0.597154    -2.49962    4.18767e-15    0.235507
1.38808    -1.12654    6.81156e-12    -0.597154    -2.49962    5.17495e-15    0.235508
1.38809    -1.12654    8.07836e-12    -0.597154    -2.49962    6.13812e-15    0.235508
1.38809    -1.12654    9.26744e-12    -0.597153    -2.49962    7.04239e-15    0.235508
1.38809    -1.12654    1.03389e-11    -0.597153    -2.49962    7.85744e-15    0.235508
1.38809    -1.12654    1.12598e-11    -0.597153    -2.49962    8.55807e-15    0.235508
1.38809    -1.12654    1.2004e-11    -0.597153    -2.49961    9.12455e-15    0.235508
1.38809    -1.12654    1.25532e-11    -0.597153    -2.49961    9.54286e-15    0.235508
1.38809    -1.12654    1.28966e-11    -0.597153    -2.49961    9.80469e-15    0.235509
1.38809    -1.12654    1.30305e-11    -0.597153    -2.49961    9.9073e-15    0.235509
1.38809    -1.12654    1.29582e-11    -0.597153    -2.49961    9.85315e-15    0.235509
1.38809    -1.12654    1.26894e-11    -0.597153    -2.49961    9.64953e-15    0.235509
1.38809    -1.12654    1.22391e-11    -0.597153    -2.49961    9.30792e-15    0.235509
1.38809    -1.12654    1.16273e-11    -0.597153    -2.49961    8.84337e-15    0.235509
1.38809    -1.12654    1.08774e-11    -0.597153    -2.49961    8.27378e-15    0.23551
1.38809    -1.12654    1.00158e-11    -0.597152    -2.49961    7.61918e-15    0.23551
1.38809    -1.12654    9.07061e-12    -0.597152    -2.49961    6.90089e-15    0.23551
1.38809    -1.12654    8.07066e-12    -0.597152    -2.49961    6.14085e-15    0.23551
1.38809    -1.12654    7.04464e-12    -0.597152    -2.49961    5.36088e-15    0.23551
1.38809    -1.12654    6.0202e-12    -0.597152    -2.49961    4.582e-15    0.23551
1.38809    -1.12654    5.0232e-12    -0.597152    -2.49961    3.82388e-15    0.23551
1.38809    -1.12654    4.07701e-12    -0.597152    -2.49961    3.10429e-15    0.23551
1.38809    -1.12654    3.202e-12    -0.597152    -2.49961    2.43873e-15    0.23551
1.38809    -1.12654    2.4151e-12    -0.597152    -2.49961    1.84009e-15    0.235511
1.38809    -1.12654    1.72954e-12    -0.597152    -2.49961    1.31845e-15    0.235511
1.38809    -1.12654    1.15472e-12    -0.597152    -2.49961    8.80955e-16    0.235511
1.3881    -1.12654    6.96151e-13    -0.597152    -2.49961    5.31818e-16    0.235511
1.3881    -1.12654    3.5557e-13    -0.597152    -2.49961    2.7238e-16    0.235511
1.3881    -1.12654    1.31166e-13    -0.597152    -2.49961    1.01273e-16    0.235511
1.3881    -1.12654    1.78601e-14    -0.597152    -2.49961    1.46522e-17    0.235511
1.3881    -1.12654    7.6939e-15    -0.597152    -2.49961    6.47736e-18    0.235511
1.3881    -1.12654    9.02669e-14    -0.597152    -2.49961    6.88517e-17    0.235511
1.3881    -1.12654    2.5322e-13    -0.597152    -2.49961    1.92387e-16    0.235511
1.3881    -1.12654    4.82746e-13    -0.597152    -2.49961    3.66592e-16    0.235511
1.3881    -1.12654    7.64102e-13    -0.597152    -2.49961    5.80264e-16    0.235511
1.38809    -1.12654    1.08213e-12    -0.597152    -2.49961    8.21876e-16    0.235511
1.38809    -1.12654    1.42172e-12    -0.597152    -2.49961    1.07995e-15    0.235511
1.38809    -1.12654    1.76829e-12    -0.597152    -2.49961    1.34338e-15    0.235511
1.38809    -1.12654    2.10816e-12    -0.597152    -2.49961    1.60179e-15    0.23551
1.38809    -1.12654    2.42893e-12    -0.597152    -2.49961    1.84572e-15    0.23551
1.38809    -1.12654    2.71974e-12    -0.597152    -2.49961    2.06692e-15    0.23551
1.38809    -1.12654    2.97148e-12    -0.597152    -2.49961    2.25845e-15    0.23551
1.38809    -1.12654    3.17698e-12    -0.597152    -2.49961    2.41486e-15    0.23551
1.38809    -1.12654    3.33104e-12    -0.597152    -2.49961    2.53218e-15    0.23551
1.38809    -1.12654    3.43047e-12    -0.597152    -2.49961    2.60799e-15    0.23551
1.38809    -1.12654    3.47405e-12    -0.597152    -2.49961    2.64134e-15    0.23551
1.38809    -1.12654    3.46241e-12    -0.597152    -2.49961    2.63271e-15    0.23551
1.38809    -1.12654    3.39789e-12    -0.597152    -2.49961    2.58386e-15    0.23551
1.38809    -1.12654    3.28432e-12    -0.597152    -2.49961    2.49771e-15    0.23551
1.38809    -1.12654    3.12683e-12    -0.597153    -2.49961    2.37815e-15    0.23551
1.38809    -1.12654    2.93159e-12    -0.597153    -2.49961    2.22986e-15    0.23551
1.38809    -1.12654    2.70553e-12    -0.597153    -2.49961    2.05811e-15    0.235509
1.38809    -1.12654    2.45609e-12    -0.597153    -2.49961    1.86856e-15    0.235509
1.38809    -1.12654    2.19096e-12    -0.597153    -2.49961    1.66705e-15    0.235509
1.38809    -1.12654    1.91781e-12    -0.597153    -2.49961    1.4594e-15    0.235509
1.38809    -1.12654    1.64406e-12    -0.597153    -2.49961    1.25128e-15    0.235509
1.38809    -1.12654    1.3767e-12    -0.597153    -2.49961    1.04798e-15    0.235509
1.38809    -1.12654    1.12205e-12    -0.597153    -2.49961    8.5432e-16    0.235509
1.38809    -1.12654    8.8568e-13    -0.597153    -2.49961    6.74531e-16    0.235509
1.38809    -1.12654    6.72231e-13    -0.597153    -2.49961    5.12153e-16    0.235509
1.38809    -1.12654    4.8538e-13    -0.597153    -2.49961    3.6998e-16    0.235509
1.38809    -1.12654    3.27775e-13    -0.597153    -2.49961    2.50032e-16    0.235509
1.38809    -1.12654    2.01032e-13    -0.597153    -2.49961    1.5354e-16    0.235509
1.38809    -1.12654    1.05756e-13    -0.597153    -2.49961    8.09695e-17    0.235509
1.38809    -1.12654    4.15921e-14    -0.597153    -2.49961    3.20538e-17    0.235509
1.38809    -1.12654    7.30271e-15    -0.597153    -2.49961    5.85601e-18    0.235509
1.38809    -1.12654    8.66544e-16    -0.597153    -2.49961    8.42443e-19    0.235509
1.38809    -1.12654    1.95936e-14    -0.597153    -2.49961    1.49708e-17    0.235509
1.38809    -1.12654    6.02527e-14    -0.597153    -2.49961    4.57867e-17    0.235509
1.38809    -1.12654    1.19207e-13    -0.597153    -2.49961    9.05268e-17    0.235509
1.38809    -1.12654    1.92551e-13    -0.597153    -2.49961    1.46223e-16    0.235509
1.38809    -1.12654    2.76247e-13    -0.597153    -2.49961    2.09807e-16    0.235509
1.38809    -1.12654    3.66259e-13    -0.597153    -2.49961    2.78209e-16    0.235509
1.38809    -1.12654    4.58668e-13    -0.597153    -2.49961    3.48449e-16    0.235509
1.38809    -1.12654    5.49787e-13    -0.597153    -2.49961    4.17724e-16    0.235509
1.38809    -1.12654    6.36253e-13    -0.597153    -2.49961    4.83476e-16    0.235509
1.38809    -1.12654    7.15107e-13    -0.597153    -2.49961    5.43454e-16    0.235509
1.38809    -1.12654    7.83854e-13    -0.597153    -2.49961    5.95757e-16    0.235509
1.38809    -1.12654    8.40502e-13    -0.597153    -2.49961    6.3887e-16    0.235509
1.38809    -1.12654    8.83592e-13    -0.597153    -2.49961    6.71682e-16    0.235509
1.38809    -1.12654    9.12199e-13    -0.597153    -2.49961    6.93486e-16    0.235509
1.38809    -1.12654    9.25924e-13    -0.597153    -2.49961    7.03979e-16    0.235509
1.38809    -1.12654    9.24867e-13    -0.597153    -2.49961    7.03233e-16    0.235509
1.38809    -1.12654    9.0959e-13    -0.597153    -2.49961    6.91673e-16    0.235509
1.38809    -1.12654    8.81065e-13    -0.597153    -2.49961    6.70038e-16    0.235509
1.38809    -1.12654    8.40614e-13    -0.597153    -2.49961    6.39331e-16    0.235509
1.38809    -1.12654    7.89847e-13    -0.597153    -2.49961    6.00774e-16    0.23551
1.38809    -1.12654    7.30589e-13    -0.597153    -2.49961    5.55754e-16    0.23551
1.38809    -1.12654    6.64809e-13    -0.597153    -2.49961    5.05769e-16    0.23551
1.38809    -1.12654    5.94554e-13    -0.597152    -2.49961    4.52372e-16    0.23551
1.38809    -1.12654    5.21873e-13    -0.597152    -2.49961    3.97123e-16    0.23551
1.38809    -1.12654    4.48761e-13    -0.597152    -2.49961    3.41538e-16    0.23551
1.38809    -1.12654    3.77098e-13    -0.597152    -2.49961    2.87048e-16    0.23551
1.38809    -1.12654    3.08601e-13    -0.597152    -2.49961    2.34958e-16    0.23551
1.38809    -1.12654    2.44784e-13    -0.597152    -2.49961    1.86418e-16    0.23551
1.38809    -1.12654    1.86922e-13    -0.597152    -2.49961    1.42402e-16    0.23551
1.38809    -1.12654    1.36033e-13    -0.597152    -2.49961    1.03682e-16    0.23551
1.38809    -1.12654    9.28624e-14    -0.597152    -2.49961    7.08277e-17    0.23551
1.38809    -1.12654    5.78795e-14    -0.597152    -2.49961    4.41961e-17    0.23551
1.38809    -1.12654    3.12832e-14    -0.597152    -2.49961    2.39397e-17    0.23551
1.38809    -1.12654    1.30137e-14    -0.597152    -2.49961    1.00142e-17    0.23551
1.38809    -1.12654    2.77262e-15    -0.597152    -2.49961    2.19373e-18    0.23551
1.38809    -1.12654    4.856e-17    -0.597152    -2.49961    9.02609e-20    0.23551
1.38809    -1.12654    4.1471e-15    -0.597152    -2.49961    3.17664e-18    0.23551
1.38809    -1.12654    1.42246e-14    -0.597152    -2.49961    1.08121e-17    0.23551
1.38809    -1.12654    2.93239e-14    -0.597152    -2.49961    2.22694e-17    0.23551
1.38809    -1.12654    4.84112e-14    -0.597152    -2.49961    3.6763e-17    0.23551
1.38809    -1.12654    7.04126e-14    -0.597152    -2.49961    5.34765e-17    0.23551
1.38809    -1.12654    9.42489e-14    -0.597152    -2.49961    7.15895e-17    0.23551
1.38809    -1.12654    1.18869e-13    -0.597152    -2.49961    9.03026e-17    0.23551
1.38809    -1.12654    1.43279e-13    -0.597152    -2.49961    1.0886e-16    0.23551
1.38809    -1.12654    1.66568e-13    -0.597152    -2.49961    1.26569e-16    0.23551
1.38809    -1.12654    1.87931e-13    -0.597152    -2.49961    1.42818e-16    0.23551
1.38809    -1.12654    2.06683e-13    -0.597152    -2.49961    1.57084e-16    0.23551
1.38809    -1.12654    2.22275e-13    -0.597152    -2.49961    1.6895e-16    0.23551
1.38809    -1.12654    2.34297e-13    -0.597152    -2.49961    1.78104e-16    0.23551
1.38809    -1.12654    2.42482e-13    -0.597152    -2.49961    1.84341e-16    0.23551
1.38809    -1.12654    2.46704e-13    -0.597152    -2.49961    1.87566e-16    0.23551
1.38809    -1.12654    2.46971e-13    -0.597153    -2.49961    1.87785e-16    0.23551
1.38809    -1.12654    2.43418e-13    -0.597153    -2.49961    1.85098e-16    0.23551
1.38809    -1.12654    2.36288e-13    -0.597153    -2.49961    1.79691e-16    0.23551
1.38809    -1.12654    2.25922e-13    -0.597153    -2.49961    1.71823e-16    0.23551
1.38809    -1.12654    2.1274e-13    -0.597153    -2.49961    1.61812e-16    0.23551
1.38809    -1.12654    1.97222e-13    -0.597153    -2.49961    1.50023e-16    0.23551
1.38809    -1.12654    1.79888e-13    -0.597153    -2.49961    1.36852e-16    0.235509
1.38809    -1.12654    1.61283e-13    -0.597153    -2.49961    1.22712e-16    0.235509
1.38809    -1.12654    1.41955e-13    -0.597153    -2.49961    1.0802e-16    0.235509
1.38809    -1.12654    1.22438e-13    -0.597153    -2.49961    9.31822e-17    0.235509
1.38809    -1.12654    1.0324e-13    -0.597153    -2.49961    7.85844e-17    0.235509
1.38809    -1.12654    8.48243e-14    -0.597153    -2.49961    6.45801e-17    0.235509
1.38809    -1.12654    6.76037e-14    -0.597153    -2.49961    5.14824e-17    0.235509
1.38809    -1.12654    5.19278e-14    -0.597153    -2.49961    3.95577e-17    0.235509
1.38809    -1.12654    3.80778e-14    -0.597153    -2.49961    2.90201e-17    0.235509
1.38809    -1.12654    2.6263e-14    -0.597153    -2.49961    2.00289e-17    0.235509
1.38809    -1.12654    1.6619e-14    -0.597153    -2.49961    1.26875e-17    0.235509
1.38809    -1.12654    9.20887e-15    -0.597153    -2.49961    7.04423e-18    0.235509
1.38809    -1.12654    4.02603e-15    -0.597153    -2.49961    3.0943e-18    0.235509
1.38809    -1.12654    9.99515e-16    -0.597153    -2.49961    7.84058e-19    0.235509
1.38809    -1.12654    4.59023e-19    -0.597153    -2.49961    1.5756e-20    0.235509
1.38809    -1.12654    8.49987e-16    -0.597153    -2.49961    6.53612e-19    0.235509
1.38809    -1.12654    3.32811e-15    -0.597153    -2.49961    2.53054e-18    0.235509
1.38809    -1.12654    7.1832e-15    -0.597153    -2.49961    5.45538e-18    0.235509
1.38809    -1.12654    1.21418e-14    -0.597153    -2.49961    9.2203e-18    0.235509
1.38809    -1.12654    1.79183e-14    -0.597153    -2.49961    1.36083e-17    0.235509
1.38809    -1.12654    2.42246e-14    -0.597153    -2.49961    1.84002e-17    0.235509
1.38809    -1.12654    3.07788e-14    -0.597153    -2.49961    2.33817e-17    0.235509
1.38809    -1.12654    3.7313e-14    -0.597153    -2.49961    2.83492e-17    0.235509
1.38809    -1.12654    4.35809e-14    -0.597153    -2.49961    3.31152e-17    0.235509
1.38809    -1.12654    4.93635e-14    -0.597153    -2.49961    3.75132e-17    0.235509
1.38809    -1.12654    5.44734e-14    -0.597153    -2.49961    4.14005e-17    0.235509
1.38809    -1.12654    5.87587e-14    -0.597153    -2.49961    4.46616e-17    0.235509
1.38809    -1.12654    6.21047e-14    -0.597153    -2.49961    4.72091e-17    0.235509
1.38809    -1.12654    6.44351e-14    -0.597153    -2.49961    4.89846e-17    0.235509
1.38809    -1.12654    6.57108e-14    -0.597153    -2.49961    4.99586e-17    0.235509
1.38809    -1.12654    6.59294e-14    -0.597153    -2.49961    5.01289e-17    0.235509
1.38809    -1.12654    6.51219e-14    -0.597153    -2.49961    4.9519e-17    0.235509
1.38809    -1.12654    6.33495e-14    -0.597153    -2.49961    4.81753e-17    0.23551
1.38809    -1.12654    6.06998e-14    -0.597153    -2.49961    4.61642e-17    0.23551
1.38809    -1.12654    5.72821e-14    -0.597153    -2.49961    4.35689e-17    0.23551
1.38809    -1.12654    5.32224e-14    -0.597153    -2.49961    4.04849e-17    0.23551
1.38809    -1.12654    4.86585e-14    -0.597153    -2.49961    3.7017e-17    0.23551
1.38809    -1.12654    4.37348e-14    -0.597153    -2.49961    3.3275e-17    0.23551
1.38809    -1.12654    3.85977e-14    -0.597153    -2.49961    2.93701e-17    0.23551
1.38809    -1.12654    3.33905e-14    -0.597153    -2.49961    2.54114e-17    0.23551
1.38809    -1.12654    2.82498e-14    -0.597153    -2.49961    2.15027e-17    0.23551
1.38809    -1.12654    2.33012e-14    -0.597153    -2.49961    1.77396e-17    0.23551
1.38809    -1.12654    1.86569e-14    -0.597153    -2.49961    1.42072e-17    0.23551
1.38809    -1.12654    1.44124e-14    -0.597153    -2.49961    1.09786e-17    0.23551
1.38809    -1.12654    1.06457e-14    -0.597153    -2.49961    8.11274e-18    0.23551
1.38809    -1.12654    7.41506e-15    -0.597153    -2.49961    5.6543e-18    0.23551
1.38809    -1.12654    4.75959e-15    -0.597153    -2.49961    3.63295e-18    0.23551
1.38809    -1.12654    2.69873e-15    -0.597153    -2.49961    2.06359e-18    0.23551
1.38809    -1.12654    1.2333e-15    -0.597153    -2.49961    9.46917e-19    0.23551
1.38809    -1.12654    3.46703e-16    -0.597153    -2.49961    2.70372e-19    0.23551
1.38809    -1.12654    6.60322e-18    -0.597153    -2.49961    9.44807e-21    0.23551
1.38809    -1.12654    1.67036e-16    -0.597153    -2.49961    1.29251e-19    0.23551
1.38809    -1.12654    7.70715e-16    -0.597153    -2.49961    5.86277e-19    0.23551
1.38809    -1.12654    1.75156e-15    -0.597153    -2.49961    1.33032e-18    0.23551
1.38809    -1.12654    3.03728e-15    -0.597153    -2.49961    2.30645e-18    0.23551
1.38809    -1.12654    4.55201e-15    -0.597153    -2.49961    3.45701e-18    0.23551
1.38809    -1.12654    6.21884e-15    -0.597153    -2.49961    4.72352e-18    0.23551
1.38809    -1.12654    7.96219e-15    -0.597153    -2.49961    6.04851e-18    0.23551
1.38809    -1.12654    9.70999e-15    -0.597153    -2.49961    7.37719e-18    0.23551
1.38809    -1.12654    1.13956e-14    -0.597153    -2.49961    8.65889e-18    0.23551
1.38809    -1.12654    1.29595e-14    -0.597153    -2.49961    9.84828e-18    0.23551
1.38809    -1.12654    1.43505e-14    -0.597153    -2.49961    1.09064e-17    0.23551
1.38809    -1.12654    1.55266e-14    -0.597153    -2.49961    1.18014e-17    0.23551
1.38809    -1.12654    1.64559e-14    -0.597153    -2.49961    1.25089e-17    0.23551
1.38809    -1.12654    1.71166e-14    -0.597153    -2.49961    1.30121e-17    0.23551
1.38809    -1.12654    1.74968e-14    -0.597153    -2.49961    1.33023e-17    0.23551
1.38809    -1.12654    1.75945e-14    -0.597153    -2.49961    1.33777e-17    0.23551
1.38809    -1.12654    1.74169e-14    -0.597153    -2.49961    1.32437e-17    0.23551
1.38809    -1.12654    1.69791e-14    -0.597153    -2.49961    1.29119e-17    0.23551
1.38809    -1.12654    1.63037e-14    -0.597153    -2.49961    1.23993e-17    0.23551
1.38809    -1.12654    1.5419e-14    -0.597153    -2.49961    1.17276e-17    0.23551
1.38809    -1.12654    1.43581e-14    -0.597153    -2.49961    1.09217e-17    0.23551
1.38809    -1.12654    1.31574e-14    -0.597153    -2.49961    1.00093e-17    0.23551
1.38809    -1.12654    1.18552e-14    -0.597153    -2.49961    9.0197e-18    0.23551
1.38809    -1.12654    1.04906e-14    -0.597153    -2.49961    7.98247e-18    0.23551
1.38809    -1.12654    9.10203e-15    -0.597153    -2.49961    6.92684e-18    0.23551
1.38809    -1.12654    7.72619e-15    -0.597153    -2.49961    5.88075e-18    0.23551
1.38809    -1.12654    6.3971e-15    -0.597153    -2.49961    4.87006e-18    0.23551
1.38809    -1.12654    5.14519e-15    -0.597153    -2.49961    3.91792e-18    0.235509
1.38809    -1.12654    3.99663e-15    -0.597153    -2.49961    3.04425e-18    0.235509
1.38809    -1.12654    2.97287e-15    -0.597153    -2.49961    2.26537e-18    0.235509
1.38809    -1.12654    2.09023e-15    -0.597153    -2.49961    1.59373e-18    0.235509
1.38809    -1.12654    1.35986e-15    -0.597153    -2.49961    1.03779e-18    0.235509
1.38809    -1.12654    7.87672e-16    -0.597153    -2.49961    6.02096e-19    0.235509
1.38809    -1.12654    3.74567e-16    -0.597153    -2.49961    2.87341e-19    0.235509
1.38809    -1.12654    1.16746e-16    -0.597153    -2.49961    9.06602e-20    0.235509
1.38809    -1.12654    6.14729e-18    -0.597153    -2.49961    5.94058e-21    0.235509
1.38809    -1.12654    3.09853e-17    -0.597153    -2.49961    2.42378e-20    0.235509
1.38809    -1.12654    1.76366e-16    -0.597153    -2.49961    1.34241e-19    0.235509
1.38809    -1.12654    4.24951e-16    -0.597153    -2.49961    3.22779e-19    0.235509
1.38809    -1.12654    7.5765e-16    -0.597153    -2.49961    5.75345e-19    0.235509
1.38809    -1.12654    1.15432e-15    -0.597153    -2.49961    8.7663e-19    0.235509
1.38809    -1.12654    1.59444e-15    -0.597153    -2.49961    1.21104e-18    0.235509
1.38809    -1.12654    2.05778e-15    -0.597153    -2.49961    1.56317e-18    0.235509
1.38809    -1.12654    2.52493e-15    -0.597153    -2.49961    1.91829e-18    0.235509
