0.100716    0.154596    0.038861    0.0545961    0.100716    0.154596    0.038861    0.0545961    
0.0675493    0.0947915    0.0789246    0.0448804    0.0675493    0.0947915    0.0789246    0.0448804    
0.0932987    0.147693    0.0712815    0.0437355    0.0932987    0.147693    0.0712815    0.0437355    
0.0743171    0.115112    0.0945645    0.0377371    0.0743171    0.115112    0.0945645    0.0377371    
0.0881743    0.143413    0.091602    0.0366674    0.0881743    0.143413    0.091602    0.0366674    
0.0773897    0.125387    0.105336    0.0330023    0.0773897    0.125387    0.105336    0.0330023    
0.0846868    0.140225    0.104622    0.0321595    0.0846868    0.140225    0.104622    0.0321595    
0.0784921    0.130016    0.11278    0.0299768    0.0784921    0.130016    0.11278    0.0299768    
0.0822182    0.137491    0.112955    0.029416    0.0822182    0.137491    0.112955    0.029416    
0.0785964    0.131459    0.117765    0.0281911    0.0785964    0.131459    0.117765    0.0281911    
0.0804041    0.134938    0.118132    0.0279043    0.0804041    0.134938    0.118132    0.0279043    
0.0782331    0.13115    0.120885    0.0273003    0.0782331    0.13115    0.120885    0.0273003    
0.0790315    0.132496    0.121149    0.0272373    0.0790315    0.132496    0.121149    0.0272373    
0.077688    0.129948    0.122635    0.0270224    0.077688    0.129948    0.122635    0.0270224    
0.0779721    0.130199    0.122731    0.0271118    0.0779721    0.130199    0.122731    0.0271118    
0.0771104    0.128382    0.123461    0.027121    0.0771104    0.128382    0.123461    0.027121    
0.0771462    0.128118    0.123423    0.0272921    0.0771462    0.128118    0.123423    0.0272921    
0.0765743    0.126775    0.123728    0.0274114    0.0765743    0.126775    0.123728    0.0274114    
0.0765027    0.126317    0.123619    0.0276085    0.0765027    0.126317    0.123619    0.0276085    
0.0761134    0.125313    0.123704    0.0277656    0.0761134    0.125313    0.123704    0.0277656    
0.0760078    0.12483    0.123572    0.0279532    0.0760078    0.12483    0.123572    0.0279532    
0.0757405    0.124088    0.123556    0.0281073    0.0757405    0.124088    0.123556    0.0281073    
0.0756383    0.123666    0.12343    0.0282668    0.0756383    0.123666    0.12343    0.0282668    
0.0754581    0.123136    0.123375    0.0283974    0.0754581    0.123136    0.123375    0.0283974    
0.0753777    0.122814    0.123267    0.0285212    0.0753777    0.122814    0.123267    0.0285212    
0.075264    0.122463    0.123203    0.02862    0.075264    0.122463    0.123203    0.02862    
0.0752139    0.122255    0.123115    0.0287065    0.0752139    0.122255    0.123115    0.0287065    
0.0751541    0.122058    0.123056    0.0287713    0.0751541    0.122058    0.123056    0.0287713    
0.0751374    0.121966    0.122987    0.0288217    0.0751374    0.121966    0.122987    0.0288217    
0.0751236    0.121906    0.122938    0.0288531    0.0751236    0.121906    0.122938    0.0288531    
0.0751411    0.121927    0.122886    0.02887    0.0751411    0.121927    0.122886    0.02887    
0.0751677    0.121989    0.122846    0.0288702    0.0751677    0.121989    0.122846    0.0288702    
0.0752187    0.122119    0.122808    0.0288565    0.0752187    0.122119    0.122808    0.0288565    
0.0752817    0.122293    0.122777    0.0288282    0.0752817    0.122293    0.122777    0.0288282    
0.075365    0.122525    0.122748    0.0287872    0.075365    0.122525    0.122748    0.0287872    
0.0754613    0.122801    0.122724    0.0287336    0.0754613    0.122801    0.122724    0.0287336    
0.075575    0.123128    0.122701    0.0286688    0.075575    0.123128    0.122701    0.0286688    
0.0757018    0.123498    0.12268    0.0285932    0.0757018    0.123498    0.12268    0.0285932    
0.0758439    0.123913    0.12266    0.0285082    0.0758439    0.123913    0.12266    0.0285082    
0.0759985    0.124367    0.122641    0.0284142    0.0759985    0.124367    0.122641    0.0284142    
0.0761665    0.12486    0.122621    0.0283125    0.0761665    0.12486    0.122621    0.0283125    
0.0763461    0.125388    0.122601    0.0282037    0.0763461    0.125388    0.122601    0.0282037    
0.0765371    0.12595    0.12258    0.0280889    0.0765371    0.12595    0.12258    0.0280889    
0.0767382    0.126541    0.122557    0.0279689    0.0767382    0.126541    0.122557    0.0279689    
0.0769487    0.127159    0.122532    0.0278446    0.0769487    0.127159    0.122532    0.0278446    
0.0771674    0.127799    0.122505    0.0277168    0.0771674    0.127799    0.122505    0.0277168    
0.0773932    0.128458    0.122477    0.0275865    0.0773932    0.128458    0.122477    0.0275865    
0.0776246    0.129132    0.122447    0.0274544    0.0776246    0.129132    0.122447    0.0274544    
0.0778605    0.129816    0.122416    0.0273214    0.0778605    0.129816    0.122416    0.0273214    
0.0780991    0.130506    0.122385    0.0271882    0.0780991    0.130506    0.122385    0.0271882    
0.0783388    0.131197    0.122353    0.0270556    0.0783388    0.131197    0.122353    0.0270556    
0.078578    0.131883    0.122322    0.0269243    0.078578    0.131883    0.122322    0.0269243    
0.0788148    0.132559    0.122293    0.0267951    0.0788148    0.132559    0.122293    0.0267951    
0.0790473    0.133222    0.122266    0.0266685    0.0790473    0.133222    0.122266    0.0266685    
0.0792736    0.133864    0.122242    0.0265453    0.0792736    0.133864    0.122242    0.0265453    
0.0794916    0.134482    0.122222    0.026426    0.0794916    0.134482    0.122222    0.026426    
0.0796995    0.13507    0.122207    0.0263113    0.0796995    0.13507    0.122207    0.0263113    
0.0798955    0.135624    0.122197    0.0262017    0.0798955    0.135624    0.122197    0.0262017    
0.0800776    0.136138    0.122194    0.0260978    0.0800776    0.136138    0.122194    0.0260978    
0.0802444    0.136611    0.122197    0.026    0.0802444    0.136611    0.122197    0.026    
0.0803942    0.137037    0.122208    0.025909    0.0803942    0.137037    0.122208    0.025909    
0.0805258    0.137414    0.122226    0.0258251    0.0805258    0.137414    0.122226    0.0258251    
0.0806382    0.13774    0.122251    0.0257488    0.0806382    0.13774    0.122251    0.0257488    
0.0807306    0.138012    0.122284    0.0256804    0.0807306    0.138012    0.122284    0.0256804    
0.0808024    0.13823    0.122324    0.0256202    0.0808024    0.13823    0.122324    0.0256202    
0.0808534    0.138393    0.122371    0.0255686    0.0808534    0.138393    0.122371    0.0255686    
0.0808836    0.1385    0.122423    0.0255258    0.0808836    0.1385    0.122423    0.0255258    
0.0808935    0.138554    0.122481    0.0254919    0.0808935    0.138554    0.122481    0.0254919    
0.0808835    0.138555    0.122543    0.0254669    0.0808835    0.138555    0.122543    0.0254669    
0.0808545    0.138504    0.122609    0.025451    0.0808545    0.138504    0.122609    0.025451    
0.0808076    0.138405    0.122677    0.025444    0.0808076    0.138405    0.122677    0.025444    
0.080744    0.13826    0.122746    0.0254458    0.080744    0.13826    0.122746    0.0254458    
0.0806652    0.138073    0.122816    0.0254562    0.0806652    0.138073    0.122816    0.0254562    
0.0805727    0.137847    0.122884    0.0254749    0.0805727    0.137847    0.122884    0.0254749    
0.0804682    0.137585    0.122951    0.0255015    0.0804682    0.137585    0.122951    0.0255015    
0.0803533    0.137293    0.123015    0.0255356    0.0803533    0.137293    0.123015    0.0255356    
0.0802297    0.136974    0.123076    0.0255767    0.0802297    0.136974    0.123076    0.0255767    
0.0800992    0.136633    0.123132    0.0256243    0.0800992    0.136633    0.123132    0.0256243    
0.0799634    0.136273    0.123183    0.0256776    0.0799634    0.136273    0.123183    0.0256776    
0.0798239    0.1359    0.123229    0.025736    0.0798239    0.1359    0.123229    0.025736    
0.0796823    0.135516    0.123269    0.025799    0.0796823    0.135516    0.123269    0.025799    
0.07954    0.135126    0.123303    0.0258656    0.07954    0.135126    0.123303    0.0258656    
0.0793983    0.134735    0.123331    0.0259352    0.0793983    0.134735    0.123331    0.0259352    
0.0792585    0.134344    0.123354    0.026007    0.0792585    0.134344    0.123354    0.026007    
0.0791215    0.133958    0.12337    0.0260802    0.0791215    0.133958    0.12337    0.0260802    
0.0789885    0.13358    0.123381    0.0261542    0.0789885    0.13358    0.123381    0.0261542    
0.0788603    0.133212    0.123387    0.0262282    0.0788603    0.133212    0.123387    0.0262282    
0.0787377    0.132857    0.123388    0.0263015    0.0787377    0.132857    0.123388    0.0263015    
0.0786212    0.132517    0.123385    0.0263735    0.0786212    0.132517    0.123385    0.0263735    
0.0785115    0.132194    0.123378    0.0264436    0.0785115    0.132194    0.123378    0.0264436    
0.078409    0.13189    0.123367    0.0265112    0.078409    0.13189    0.123367    0.0265112    
0.078314    0.131606    0.123354    0.0265759    0.078314    0.131606    0.123354    0.0265759    
0.0782269    0.131343    0.123338    0.0266371    0.0782269    0.131343    0.123338    0.0266371    
0.0781479    0.131103    0.12332    0.0266946    0.0781479    0.131103    0.12332    0.0266946    
0.0780771    0.130885    0.123301    0.026748    0.0780771    0.130885    0.123301    0.026748    
0.0780145    0.130691    0.12328    0.026797    0.0780145    0.130691    0.12328    0.026797    
0.0779603    0.130521    0.123258    0.0268414    0.0779603    0.130521    0.123258    0.0268414    
0.0779144    0.130375    0.123235    0.0268811    0.0779144    0.130375    0.123235    0.0268811    
0.0778767    0.130253    0.123212    0.026916    0.0778767    0.130253    0.123212    0.026916    
0.0778471    0.130154    0.123188    0.0269459    0.0778471    0.130154    0.123188    0.0269459    
0.0778256    0.130079    0.123165    0.0269709    0.0778256    0.130079    0.123165    0.0269709    
0.0778118    0.130027    0.123142    0.026991    0.0778118    0.130027    0.123142    0.026991    
0.0778056    0.129998    0.123119    0.0270062    0.0778056    0.129998    0.123119    0.0270062    
0.0778067    0.12999    0.123096    0.0270167    0.0778067    0.12999    0.123096    0.0270167    
0.077815    0.130004    0.123074    0.0270226    0.077815    0.130004    0.123074    0.0270226    
0.07783    0.130038    0.123052    0.027024    0.07783    0.130038    0.123052    0.027024    
0.0778514    0.130091    0.123031    0.0270211    0.0778514    0.130091    0.123031    0.0270211    
0.077879    0.130162    0.12301    0.0270141    0.077879    0.130162    0.12301    0.0270141    
0.0779124    0.130251    0.12299    0.0270032    0.0779124    0.130251    0.12299    0.0270032    
0.0779511    0.130356    0.12297    0.0269887    0.0779511    0.130356    0.12297    0.0269887    
0.0779947    0.130475    0.122952    0.0269708    0.0779947    0.130475    0.122952    0.0269708    
0.0780429    0.130609    0.122934    0.0269498    0.0780429    0.130609    0.122934    0.0269498    
0.0780952    0.130754    0.122916    0.026926    0.0780952    0.130754    0.122916    0.026926    
0.0781511    0.130911    0.1229    0.0268995    0.0781511    0.130911    0.1229    0.0268995    
0.0782102    0.131077    0.122884    0.0268708    0.0782102    0.131077    0.122884    0.0268708    
0.078272    0.131251    0.122869    0.0268401    0.078272    0.131251    0.122869    0.0268401    
0.0783359    0.131432    0.122855    0.0268077    0.0783359    0.131432    0.122855    0.0268077    
0.0784015    0.131618    0.122843    0.0267738    0.0784015    0.131618    0.122843    0.0267738    
0.0784683    0.131808    0.122831    0.0267389    0.0784683    0.131808    0.122831    0.0267389    
0.0785357    0.131999    0.12282    0.0267031    0.0785357    0.131999    0.12282    0.0267031    
0.0786033    0.132192    0.12281    0.0266667    0.0786033    0.132192    0.12281    0.0266667    
0.0786706    0.132384    0.122802    0.0266301    0.0786706    0.132384    0.122802    0.0266301    
0.0787369    0.132574    0.122795    0.0265934    0.0787369    0.132574    0.122795    0.0265934    
0.078802    0.13276    0.122789    0.026557    0.078802    0.13276    0.122789    0.026557    
0.0788653    0.132942    0.122784    0.0265211    0.0788653    0.132942    0.122784    0.0265211    
0.0789263    0.133117    0.122781    0.026486    0.0789263    0.133117    0.122781    0.026486    
0.0789846    0.133285    0.122779    0.0264518    0.0789846    0.133285    0.122779    0.0264518    
0.0790399    0.133445    0.122779    0.0264187    0.0790399    0.133445    0.122779    0.0264187    
0.0790918    0.133596    0.122781    0.0263871    0.0790918    0.133596    0.122781    0.0263871    
0.07914    0.133736    0.122783    0.026357    0.07914    0.133736    0.122783    0.026357    
0.0791841    0.133865    0.122788    0.0263286    0.0791841    0.133865    0.122788    0.0263286    
0.0792239    0.133983    0.122793    0.0263022    0.0792239    0.133983    0.122793    0.0263022    
0.0792592    0.134088    0.1228    0.0262777    0.0792592    0.134088    0.1228    0.0262777    
0.0792899    0.13418    0.122809    0.0262554    0.0792899    0.13418    0.122809    0.0262554    
0.0793159    0.134259    0.122818    0.0262353    0.0793159    0.134259    0.122818    0.0262353    
0.079337    0.134325    0.122829    0.0262176    0.079337    0.134325    0.122829    0.0262176    
0.0793533    0.134377    0.122841    0.0262022    0.0793533    0.134377    0.122841    0.0262022    
0.0793647    0.134416    0.122853    0.0261893    0.0793647    0.134416    0.122853    0.0261893    
0.0793714    0.134441    0.122866    0.0261788    0.0793714    0.134441    0.122866    0.0261788    
0.0793734    0.134453    0.12288    0.0261707    0.0793734    0.134453    0.12288    0.0261707    
0.079371    0.134453    0.122895    0.0261651    0.079371    0.134453    0.122895    0.0261651    
0.0793642    0.134441    0.122909    0.0261619    0.0793642    0.134441    0.122909    0.0261619    
0.0793534    0.134416    0.122924    0.026161    0.0793534    0.134416    0.122924    0.026161    
0.0793386    0.134381    0.122939    0.0261624    0.0793386    0.134381    0.122939    0.0261624    
0.0793203    0.134335    0.122954    0.0261661    0.0793203    0.134335    0.122954    0.0261661    
0.0792988    0.13428    0.122968    0.0261718    0.0792988    0.13428    0.122968    0.0261718    
0.0792742    0.134216    0.122982    0.0261794    0.0792742    0.134216    0.122982    0.0261794    
0.079247    0.134144    0.122996    0.026189    0.079247    0.134144    0.122996    0.026189    
0.0792175    0.134065    0.123008    0.0262002    0.0792175    0.134065    0.123008    0.0262002    
0.079186    0.13398    0.123021    0.026213    0.079186    0.13398    0.123021    0.026213    
0.0791528    0.13389    0.123032    0.0262272    0.0791528    0.13389    0.123032    0.0262272    
0.0791184    0.133796    0.123042    0.0262427    0.0791184    0.133796    0.123042    0.0262427    
0.079083    0.133698    0.123051    0.0262592    0.079083    0.133698    0.123051    0.0262592    
0.079047    0.133598    0.12306    0.0262767    0.079047    0.133598    0.12306    0.0262767    
0.0790107    0.133496    0.123067    0.0262948    0.0790107    0.133496    0.123067    0.0262948    
0.0789744    0.133394    0.123073    0.0263135    0.0789744    0.133394    0.123073    0.0263135    
0.0789383    0.133293    0.123078    0.0263326    0.0789383    0.133293    0.123078    0.0263326    
0.0789029    0.133192    0.123082    0.0263519    0.0789029    0.133192    0.123082    0.0263519    
0.0788682    0.133093    0.123085    0.0263713    0.0788682    0.133093    0.123085    0.0263713    
0.0788346    0.132996    0.123087    0.0263905    0.0788346    0.132996    0.123087    0.0263905    
0.0788022    0.132903    0.123088    0.0264095    0.0788022    0.132903    0.123088    0.0264095    
0.0787713    0.132813    0.123088    0.0264281    0.0787713    0.132813    0.123088    0.0264281    
0.0787421    0.132728    0.123088    0.0264461    0.0787421    0.132728    0.123088    0.0264461    
0.0787147    0.132648    0.123086    0.0264634    0.0787147    0.132648    0.123086    0.0264634    
0.0786892    0.132572    0.123084    0.02648    0.0786892    0.132572    0.123084    0.02648    
0.0786658    0.132503    0.123081    0.0264957    0.0786658    0.132503    0.123081    0.0264957    
0.0786445    0.132439    0.123077    0.0265104    0.0786445    0.132439    0.123077    0.0265104    
0.0786254    0.132381    0.123073    0.0265241    0.0786254    0.132381    0.123073    0.0265241    
0.0786086    0.13233    0.123068    0.0265366    0.0786086    0.13233    0.123068    0.0265366    
0.0785941    0.132285    0.123063    0.026548    0.0785941    0.132285    0.123063    0.026548    
0.078582    0.132247    0.123057    0.0265581    0.078582    0.132247    0.123057    0.0265581    
0.0785722    0.132216    0.123051    0.026567    0.0785722    0.132216    0.123051    0.026567    
0.0785647    0.132191    0.123045    0.0265746    0.0785647    0.132191    0.123045    0.0265746    
0.0785595    0.132173    0.123038    0.026581    0.0785595    0.132173    0.123038    0.026581    
0.0785565    0.132161    0.123032    0.026586    0.0785565    0.132161    0.123032    0.026586    
0.0785557    0.132156    0.123025    0.0265897    0.0785557    0.132156    0.123025    0.0265897    
0.078557    0.132156    0.123018    0.0265922    0.078557    0.132156    0.123018    0.0265922    
0.0785604    0.132163    0.123012    0.0265935    0.0785604    0.132163    0.123012    0.0265935    
0.0785657    0.132175    0.123005    0.0265936    0.0785657    0.132175    0.123005    0.0265936    
0.0785728    0.132193    0.122998    0.0265925    0.0785728    0.132193    0.122998    0.0265925    
0.0785816    0.132215    0.122992    0.0265903    0.0785816    0.132215    0.122992    0.0265903    
0.078592    0.132243    0.122986    0.0265871    0.078592    0.132243    0.122986    0.0265871    
0.0786038    0.132274    0.12298    0.0265829    0.0786038    0.132274    0.12298    0.0265829    
0.078617    0.13231    0.122974    0.0265778    0.078617    0.13231    0.122974    0.0265778    
0.0786313    0.132349    0.122968    0.0265719    0.0786313    0.132349    0.122968    0.0265719    
0.0786467    0.132391    0.122963    0.0265652    0.0786467    0.132391    0.122963    0.0265652    
0.0786629    0.132436    0.122958    0.0265578    0.0786629    0.132436    0.122958    0.0265578    
0.0786799    0.132483    0.122953    0.0265499    0.0786799    0.132483    0.122953    0.0265499    
0.0786974    0.132532    0.122949    0.0265414    0.0786974    0.132532    0.122949    0.0265414    
0.0787154    0.132583    0.122945    0.0265324    0.0787154    0.132583    0.122945    0.0265324    
0.0787336    0.132634    0.122941    0.0265232    0.0787336    0.132634    0.122941    0.0265232    
0.078752    0.132686    0.122938    0.0265136    0.078752    0.132686    0.122938    0.0265136    
0.0787703    0.132738    0.122935    0.0265039    0.0787703    0.132738    0.122935    0.0265039    
0.0787885    0.13279    0.122933    0.026494    0.0787885    0.13279    0.122933    0.026494    
0.0788064    0.132841    0.122931    0.0264841    0.0788064    0.132841    0.122931    0.0264841    
0.0788239    0.132891    0.12293    0.0264743    0.0788239    0.132891    0.12293    0.0264743    
0.0788408    0.13294    0.122929    0.0264646    0.0788408    0.13294    0.122929    0.0264646    
0.0788571    0.132987    0.122928    0.026455    0.0788571    0.132987    0.122928    0.026455    
0.0788726    0.133031    0.122928    0.0264458    0.0788726    0.133031    0.122928    0.0264458    
0.0788873    0.133074    0.122928    0.0264368    0.0788873    0.133074    0.122928    0.0264368    
0.0789011    0.133114    0.122929    0.0264282    0.0789011    0.133114    0.122929    0.0264282    
0.0789138    0.133152    0.12293    0.02642    0.0789138    0.133152    0.12293    0.02642    
0.0789254    0.133186    0.122932    0.0264123    0.0789254    0.133186    0.122932    0.0264123    
0.0789359    0.133217    0.122933    0.0264052    0.0789359    0.133217    0.122933    0.0264052    
0.0789452    0.133245    0.122935    0.0263985    0.0789452    0.133245    0.122935    0.0263985    
0.0789534    0.13327    0.122938    0.0263925    0.0789534    0.13327    0.122938    0.0263925    
0.0789602    0.133291    0.122941    0.026387    0.0789602    0.133291    0.122941    0.026387    
0.0789659    0.133309    0.122943    0.0263822    0.0789659    0.133309    0.122943    0.0263822    
0.0789702    0.133323    0.122947    0.0263781    0.0789702    0.133323    0.122947    0.0263781    
0.0789734    0.133334    0.12295    0.0263746    0.0789734    0.133334    0.12295    0.0263746    
0.0789753    0.133341    0.122953    0.0263717    0.0789753    0.133341    0.122953    0.0263717    
0.078976    0.133345    0.122957    0.0263695    0.078976    0.133345    0.122957    0.0263695    
0.0789756    0.133345    0.122961    0.026368    0.0789756    0.133345    0.122961    0.026368    
0.0789741    0.133342    0.122964    0.0263671    0.0789741    0.133342    0.122964    0.0263671    
0.0789715    0.133337    0.122968    0.0263668    0.0789715    0.133337    0.122968    0.0263668    
0.0789679    0.133328    0.122972    0.0263672    0.0789679    0.133328    0.122972    0.0263672    
0.0789634    0.133317    0.122975    0.0263681    0.0789634    0.133317    0.122975    0.0263681    
0.078958    0.133303    0.122979    0.0263695    0.078958    0.133303    0.122979    0.0263695    
0.0789518    0.133286    0.122982    0.0263715    0.0789518    0.133286    0.122982    0.0263715    
0.0789449    0.133268    0.122986    0.026374    0.0789449    0.133268    0.122986    0.026374    
0.0789374    0.133248    0.122989    0.026377    0.0789374    0.133248    0.122989    0.026377    
0.0789293    0.133226    0.122992    0.0263803    0.0789293    0.133226    0.122992    0.0263803    
0.0789208    0.133202    0.122995    0.026384    0.0789208    0.133202    0.122995    0.026384    
0.0789119    0.133178    0.122997    0.0263881    0.0789119    0.133178    0.122997    0.0263881    
0.0789027    0.133152    0.123    0.0263924    0.0789027    0.133152    0.123    0.0263924    
0.0788933    0.133126    0.123002    0.026397    0.0788933    0.133126    0.123002    0.026397    
0.0788837    0.133099    0.123004    0.0264018    0.0788837    0.133099    0.123004    0.0264018    
0.0788741    0.133072    0.123006    0.0264067    0.0788741    0.133072    0.123006    0.0264067    
0.0788646    0.133045    0.123007    0.0264118    0.0788646    0.133045    0.123007    0.0264118    
0.0788551    0.133018    0.123008    0.0264169    0.0788551    0.133018    0.123008    0.0264169    
0.0788458    0.132992    0.123009    0.026422    0.0788458    0.132992    0.123009    0.026422    
0.0788367    0.132966    0.12301    0.0264271    0.0788367    0.132966    0.12301    0.0264271    
0.078828    0.132941    0.12301    0.0264322    0.078828    0.132941    0.12301    0.0264322    
0.0788196    0.132916    0.123011    0.0264372    0.0788196    0.132916    0.123011    0.0264372    
0.0788116    0.132893    0.123011    0.026442    0.0788116    0.132893    0.123011    0.026442    
0.078804    0.132871    0.12301    0.0264467    0.078804    0.132871    0.12301    0.0264467    
0.0787969    0.132851    0.12301    0.0264511    0.0787969    0.132851    0.12301    0.0264511    
0.0787904    0.132831    0.123009    0.0264554    0.0787904    0.132831    0.123009    0.0264554    
0.0787845    0.132814    0.123008    0.0264594    0.0787845    0.132814    0.123008    0.0264594    
0.0787791    0.132797    0.123007    0.0264631    0.0787791    0.132797    0.123007    0.0264631    
0.0787743    0.132783    0.123006    0.0264666    0.0787743    0.132783    0.123006    0.0264666    
0.0787702    0.13277    0.123005    0.0264697    0.0787702    0.13277    0.123005    0.0264697    
0.0787666    0.132759    0.123004    0.0264726    0.0787666    0.132759    0.123004    0.0264726    
0.0787637    0.13275    0.123002    0.0264751    0.0787637    0.13275    0.123002    0.0264751    
0.0787615    0.132743    0.123    0.0264772    0.0787615    0.132743    0.123    0.0264772    
0.0787598    0.132737    0.122999    0.026479    0.0787598    0.132737    0.122999    0.026479    
0.0787588    0.132734    0.122997    0.0264805    0.0787588    0.132734    0.122997    0.0264805    
0.0787584    0.132732    0.122995    0.0264817    0.0787584    0.132732    0.122995    0.0264817    
0.0787586    0.132731    0.122993    0.0264825    0.0787586    0.132731    0.122993    0.0264825    
0.0787593    0.132732    0.122991    0.0264829    0.0787593    0.132732    0.122991    0.0264829    
0.0787606    0.132735    0.12299    0.0264831    0.0787606    0.132735    0.12299    0.0264831    
0.0787623    0.13274    0.122988    0.0264829    0.0787623    0.13274    0.122988    0.0264829    
0.0787646    0.132745    0.122986    0.0264824    0.0787646    0.132745    0.122986    0.0264824    
0.0787673    0.132752    0.122984    0.0264817    0.0787673    0.132752    0.122984    0.0264817    
0.0787704    0.13276    0.122982    0.0264807    0.0787704    0.13276    0.122982    0.0264807    
0.0787738    0.13277    0.122981    0.0264794    0.0787738    0.13277    0.122981    0.0264794    
0.0787776    0.13278    0.122979    0.0264779    0.0787776    0.13278    0.122979    0.0264779    
0.0787817    0.132791    0.122978    0.0264762    0.0787817    0.132791    0.122978    0.0264762    
0.078786    0.132803    0.122976    0.0264743    0.078786    0.132803    0.122976    0.0264743    
0.0787905    0.132815    0.122975    0.0264722    0.0787905    0.132815    0.122975    0.0264722    
0.0787952    0.132828    0.122974    0.02647    0.0787952    0.132828    0.122974    0.02647    
0.0788    0.132842    0.122973    0.0264676    0.0788    0.132842    0.122973    0.0264676    
0.0788049    0.132856    0.122972    0.0264652    0.0788049    0.132856    0.122972    0.0264652    
0.0788098    0.132869    0.122971    0.0264626    0.0788098    0.132869    0.122971    0.0264626    
0.0788148    0.132883    0.12297    0.02646    0.0788148    0.132883    0.12297    0.02646    
0.0788196    0.132897    0.122969    0.0264574    0.0788196    0.132897    0.122969    0.0264574    
0.0788244    0.132911    0.122969    0.0264548    0.0788244    0.132911    0.122969    0.0264548    
0.0788291    0.132924    0.122968    0.0264521    0.0788291    0.132924    0.122968    0.0264521    
0.0788337    0.132937    0.122968    0.0264495    0.0788337    0.132937    0.122968    0.0264495    
0.0788381    0.13295    0.122968    0.0264469    0.0788381    0.13295    0.122968    0.0264469    
0.0788423    0.132962    0.122968    0.0264444    0.0788423    0.132962    0.122968    0.0264444    
0.0788462    0.132974    0.122968    0.026442    0.0788462    0.132974    0.122968    0.026442    
0.0788499    0.132985    0.122968    0.0264397    0.0788499    0.132985    0.122968    0.0264397    
0.0788534    0.132995    0.122969    0.0264375    0.0788534    0.132995    0.122969    0.0264375    
0.0788565    0.133004    0.122969    0.0264354    0.0788565    0.133004    0.122969    0.0264354    
0.0788594    0.133013    0.122969    0.0264334    0.0788594    0.133013    0.122969    0.0264334    
0.0788619    0.13302    0.12297    0.0264316    0.0788619    0.13302    0.12297    0.0264316    
0.0788642    0.133027    0.122971    0.02643    0.0788642    0.133027    0.122971    0.02643    
0.0788661    0.133033    0.122971    0.0264285    0.0788661    0.133033    0.122971    0.0264285    
0.0788676    0.133038    0.122972    0.0264272    0.0788676    0.133038    0.122972    0.0264272    
0.0788689    0.133042    0.122973    0.026426    0.0788689    0.133042    0.122973    0.026426    
0.0788698    0.133045    0.122974    0.0264251    0.0788698    0.133045    0.122974    0.0264251    
0.0788704    0.133047    0.122975    0.0264243    0.0788704    0.133047    0.122975    0.0264243    
0.0788706    0.133048    0.122976    0.0264236    0.0788706    0.133048    0.122976    0.0264236    
0.0788706    0.133048    0.122977    0.0264232    0.0788706    0.133048    0.122977    0.0264232    
0.0788703    0.133048    0.122978    0.0264229    0.0788703    0.133048    0.122978    0.0264229    
0.0788697    0.133047    0.122978    0.0264228    0.0788697    0.133047    0.122978    0.0264228    
0.0788688    0.133045    0.122979    0.0264228    0.0788688    0.133045    0.122979    0.0264228    
0.0788676    0.133042    0.12298    0.0264231    0.0788676    0.133042    0.12298    0.0264231    
0.0788663    0.133038    0.122981    0.0264234    0.0788663    0.133038    0.122981    0.0264234    
0.0788647    0.133034    0.122982    0.0264239    0.0788647    0.133034    0.122982    0.0264239    
0.0788629    0.133029    0.122983    0.0264245    0.0788629    0.133029    0.122983    0.0264245    
0.078861    0.133024    0.122984    0.0264253    0.078861    0.133024    0.122984    0.0264253    
0.0788589    0.133018    0.122985    0.0264262    0.0788589    0.133018    0.122985    0.0264262    
0.0788566    0.133012    0.122986    0.0264271    0.0788566    0.133012    0.122986    0.0264271    
0.0788543    0.133006    0.122986    0.0264282    0.0788543    0.133006    0.122986    0.0264282    
0.0788519    0.132999    0.122987    0.0264293    0.0788519    0.132999    0.122987    0.0264293    
0.0788494    0.132992    0.122988    0.0264305    0.0788494    0.132992    0.122988    0.0264305    
0.0788469    0.132985    0.122988    0.0264318    0.0788469    0.132985    0.122988    0.0264318    
0.0788443    0.132978    0.122989    0.0264331    0.0788443    0.132978    0.122989    0.0264331    
0.0788418    0.132971    0.122989    0.0264345    0.0788418    0.132971    0.122989    0.0264345    
0.0788392    0.132964    0.122989    0.0264358    0.0788392    0.132964    0.122989    0.0264358    
0.0788367    0.132956    0.12299    0.0264372    0.0788367    0.132956    0.12299    0.0264372    
0.0788343    0.132949    0.12299    0.0264385    0.0788343    0.132949    0.12299    0.0264385    
0.0788319    0.132943    0.12299    0.0264399    0.0788319    0.132943    0.12299    0.0264399    
0.0788297    0.132936    0.12299    0.0264412    0.0788297    0.132936    0.12299    0.0264412    
0.0788275    0.13293    0.12299    0.0264425    0.0788275    0.13293    0.12299    0.0264425    
0.0788254    0.132924    0.12299    0.0264438    0.0788254    0.132924    0.12299    0.0264438    
0.0788235    0.132918    0.12299    0.026445    0.0788235    0.132918    0.12299    0.026445    
0.0788217    0.132913    0.12299    0.0264461    0.0788217    0.132913    0.12299    0.0264461    
0.0788201    0.132908    0.122989    0.0264472    0.0788201    0.132908    0.122989    0.0264472    
0.0788186    0.132904    0.122989    0.0264482    0.0788186    0.132904    0.122989    0.0264482    
0.0788173    0.1329    0.122989    0.0264492    0.0788173    0.1329    0.122989    0.0264492    
0.0788161    0.132896    0.122989    0.0264501    0.0788161    0.132896    0.122989    0.0264501    
0.0788151    0.132893    0.122988    0.0264508    0.0788151    0.132893    0.122988    0.0264508    
0.0788143    0.13289    0.122988    0.0264515    0.0788143    0.13289    0.122988    0.0264515    
0.0788136    0.132888    0.122987    0.0264521    0.0788136    0.132888    0.122987    0.0264521    
0.0788131    0.132887    0.122987    0.0264526    0.0788131    0.132887    0.122987    0.0264526    
0.0788128    0.132886    0.122987    0.0264531    0.0788128    0.132886    0.122987    0.0264531    
0.0788127    0.132885    0.122986    0.0264534    0.0788127    0.132885    0.122986    0.0264534    
0.0788127    0.132885    0.122986    0.0264536    0.0788127    0.132885    0.122986    0.0264536    
0.0788128    0.132885    0.122985    0.0264538    0.0788128    0.132885    0.122985    0.0264538    
0.0788131    0.132885    0.122985    0.0264539    0.0788131    0.132885    0.122985    0.0264539    
0.0788135    0.132887    0.122984    0.0264538    0.0788135    0.132887    0.122984    0.0264538    
0.0788141    0.132888    0.122984    0.0264537    0.0788141    0.132888    0.122984    0.0264537    
0.0788148    0.13289    0.122983    0.0264536    0.0788148    0.13289    0.122983    0.0264536    
0.0788156    0.132892    0.122983    0.0264533    0.0788156    0.132892    0.122983    0.0264533    
0.0788165    0.132894    0.122982    0.026453    0.0788165    0.132894    0.122982    0.026453    
0.0788175    0.132897    0.122982    0.0264526    0.0788175    0.132897    0.122982    0.0264526    
0.0788186    0.1329    0.122981    0.0264522    0.0788186    0.1329    0.122981    0.0264522    
0.0788197    0.132903    0.122981    0.0264517    0.0788197    0.132903    0.122981    0.0264517    
0.0788209    0.132906    0.122981    0.0264511    0.0788209    0.132906    0.122981    0.0264511    
0.0788221    0.13291    0.12298    0.0264505    0.0788221    0.13291    0.12298    0.0264505    
0.0788234    0.132913    0.12298    0.0264499    0.0788234    0.132913    0.12298    0.0264499    
0.0788247    0.132917    0.12298    0.0264493    0.0788247    0.132917    0.12298    0.0264493    
0.078826    0.132921    0.122979    0.0264486    0.078826    0.132921    0.122979    0.0264486    
0.0788273    0.132924    0.122979    0.0264479    0.0788273    0.132924    0.122979    0.0264479    
0.0788286    0.132928    0.122979    0.0264472    0.0788286    0.132928    0.122979    0.0264472    
0.0788299    0.132932    0.122979    0.0264465    0.0788299    0.132932    0.122979    0.0264465    
0.0788312    0.132935    0.122979    0.0264458    0.0788312    0.132935    0.122979    0.0264458    
0.0788324    0.132939    0.122979    0.0264451    0.0788324    0.132939    0.122979    0.0264451    
0.0788336    0.132942    0.122979    0.0264444    0.0788336    0.132942    0.122979    0.0264444    
0.0788347    0.132945    0.122979    0.0264438    0.0788347    0.132945    0.122979    0.0264438    
0.0788358    0.132949    0.122979    0.0264431    0.0788358    0.132949    0.122979    0.0264431    
0.0788368    0.132951    0.122979    0.0264425    0.0788368    0.132951    0.122979    0.0264425    
0.0788378    0.132954    0.122979    0.0264419    0.0788378    0.132954    0.122979    0.0264419    
0.0788386    0.132957    0.122979    0.0264413    0.0788386    0.132957    0.122979    0.0264413    
0.0788394    0.132959    0.122979    0.0264408    0.0788394    0.132959    0.122979    0.0264408    
0.0788401    0.132961    0.122979    0.0264403    0.0788401    0.132961    0.122979    0.0264403    
0.0788407    0.132963    0.122979    0.0264398    0.0788407    0.132963    0.122979    0.0264398    
0.0788412    0.132965    0.122979    0.0264394    0.0788412    0.132965    0.122979    0.0264394    
0.0788417    0.132966    0.12298    0.0264391    0.0788417    0.132966    0.12298    0.0264391    
0.078842    0.132967    0.12298    0.0264387    0.078842    0.132967    0.12298    0.0264387    
0.0788423    0.132968    0.12298    0.0264385    0.0788423    0.132968    0.12298    0.0264385    
0.0788425    0.132969    0.12298    0.0264382    0.0788425    0.132969    0.12298    0.0264382    
0.0788426    0.132969    0.122981    0.0264381    0.0788426    0.132969    0.122981    0.0264381    
0.0788426    0.132969    0.122981    0.0264379    0.0788426    0.132969    0.122981    0.0264379    
0.0788425    0.132969    0.122981    0.0264378    0.0788425    0.132969    0.122981    0.0264378    
0.0788424    0.132969    0.122981    0.0264378    0.0788424    0.132969    0.122981    0.0264378    
0.0788422    0.132968    0.122982    0.0264378    0.0788422    0.132968    0.122982    0.0264378    
0.0788419    0.132968    0.122982    0.0264378    0.0788419    0.132968    0.122982    0.0264378    
0.0788415    0.132967    0.122982    0.0264379    0.0788415    0.132967    0.122982    0.0264379    
0.0788411    0.132966    0.122982    0.0264381    0.0788411    0.132966    0.122982    0.0264381    
0.0788407    0.132965    0.122983    0.0264382    0.0788407    0.132965    0.122983    0.0264382    
0.0788402    0.132963    0.122983    0.0264384    0.0788402    0.132963    0.122983    0.0264384    
0.0788396    0.132962    0.122983    0.0264386    0.0788396    0.132962    0.122983    0.0264386    
0.078839    0.13296    0.122983    0.0264389    0.078839    0.13296    0.122983    0.0264389    
0.0788384    0.132958    0.122983    0.0264392    0.0788384    0.132958    0.122983    0.0264392    
0.0788378    0.132957    0.122984    0.0264395    0.0788378    0.132957    0.122984    0.0264395    
0.0788371    0.132955    0.122984    0.0264398    0.0788371    0.132955    0.122984    0.0264398    
0.0788364    0.132953    0.122984    0.0264401    0.0788364    0.132953    0.122984    0.0264401    
0.0788358    0.132951    0.122984    0.0264405    0.0788358    0.132951    0.122984    0.0264405    
0.0788351    0.132949    0.122984    0.0264408    0.0788351    0.132949    0.122984    0.0264408    
0.0788344    0.132947    0.122984    0.0264412    0.0788344    0.132947    0.122984    0.0264412    
0.0788337    0.132945    0.122984    0.0264415    0.0788337    0.132945    0.122984    0.0264415    
0.0788331    0.132943    0.122984    0.0264419    0.0788331    0.132943    0.122984    0.0264419    
0.0788325    0.132942    0.122984    0.0264423    0.0788325    0.132942    0.122984    0.0264423    
0.0788318    0.13294    0.122984    0.0264426    0.0788318    0.13294    0.122984    0.0264426    
0.0788313    0.132938    0.122984    0.026443    0.0788313    0.132938    0.122984    0.026443    
0.0788307    0.132936    0.122984    0.0264433    0.0788307    0.132936    0.122984    0.0264433    
0.0788302    0.132935    0.122984    0.0264436    0.0788302    0.132935    0.122984    0.0264436    
0.0788297    0.132933    0.122984    0.0264439    0.0788297    0.132933    0.122984    0.0264439    
0.0788292    0.132932    0.122984    0.0264442    0.0788292    0.132932    0.122984    0.0264442    
0.0788288    0.132931    0.122984    0.0264445    0.0788288    0.132931    0.122984    0.0264445    
0.0788285    0.13293    0.122984    0.0264448    0.0788285    0.13293    0.122984    0.0264448    
0.0788281    0.132929    0.122984    0.026445    0.0788281    0.132929    0.122984    0.026445    
0.0788279    0.132928    0.122984    0.0264452    0.0788279    0.132928    0.122984    0.0264452    
0.0788276    0.132927    0.122984    0.0264454    0.0788276    0.132927    0.122984    0.0264454    
0.0788274    0.132927    0.122984    0.0264456    0.0788274    0.132927    0.122984    0.0264456    
0.0788273    0.132926    0.122984    0.0264457    0.0788273    0.132926    0.122984    0.0264457    
0.0788272    0.132926    0.122984    0.0264458    0.0788272    0.132926    0.122984    0.0264458    
0.0788271    0.132926    0.122983    0.0264459    0.0788271    0.132926    0.122983    0.0264459    
0.0788271    0.132926    0.122983    0.026446    0.0788271    0.132926    0.122983    0.026446    
0.0788272    0.132926    0.122983    0.0264461    0.0788272    0.132926    0.122983    0.0264461    
0.0788272    0.132926    0.122983    0.0264461    0.0788272    0.132926    0.122983    0.0264461    
0.0788273    0.132926    0.122983    0.0264461    0.0788273    0.132926    0.122983    0.0264461    
0.0788275    0.132926    0.122983    0.0264461    0.0788275    0.132926    0.122983    0.0264461    
0.0788276    0.132927    0.122983    0.026446    0.0788276    0.132927    0.122983    0.026446    
0.0788278    0.132927    0.122983    0.026446    0.0788278    0.132927    0.122983    0.026446    
0.0788281    0.132928    0.122982    0.0264459    0.0788281    0.132928    0.122982    0.0264459    
0.0788283    0.132929    0.122982    0.0264458    0.0788283    0.132929    0.122982    0.0264458    
0.0788286    0.132929    0.122982    0.0264457    0.0788286    0.132929    0.122982    0.0264457    
0.0788289    0.13293    0.122982    0.0264455    0.0788289    0.13293    0.122982    0.0264455    
0.0788292    0.132931    0.122982    0.0264454    0.0788292    0.132931    0.122982    0.0264454    
0.0788296    0.132932    0.122982    0.0264453    0.0788296    0.132932    0.122982    0.0264453    
0.0788299    0.132933    0.122982    0.0264451    0.0788299    0.132933    0.122982    0.0264451    
0.0788302    0.132934    0.122982    0.0264449    0.0788302    0.132934    0.122982    0.0264449    
0.0788306    0.132935    0.122982    0.0264447    0.0788306    0.132935    0.122982    0.0264447    
0.0788309    0.132936    0.122982    0.0264446    0.0788309    0.132936    0.122982    0.0264446    
0.0788313    0.132937    0.122982    0.0264444    0.0788313    0.132937    0.122982    0.0264444    
0.0788316    0.132938    0.122982    0.0264442    0.0788316    0.132938    0.122982    0.0264442    
0.078832    0.132939    0.122981    0.026444    0.078832    0.132939    0.122981    0.026444    
0.0788323    0.13294    0.122981    0.0264438    0.0788323    0.13294    0.122981    0.0264438    
0.0788326    0.132941    0.122981    0.0264436    0.0788326    0.132941    0.122981    0.0264436    
0.0788329    0.132942    0.122981    0.0264434    0.0788329    0.132942    0.122981    0.0264434    
0.0788332    0.132942    0.122981    0.0264433    0.0788332    0.132942    0.122981    0.0264433    
0.0788335    0.132943    0.122981    0.0264431    0.0788335    0.132943    0.122981    0.0264431    
0.0788338    0.132944    0.122981    0.0264429    0.0788338    0.132944    0.122981    0.0264429    
0.078834    0.132945    0.122981    0.0264428    0.078834    0.132945    0.122981    0.0264428    
0.0788342    0.132945    0.122982    0.0264426    0.0788342    0.132945    0.122982    0.0264426    
0.0788344    0.132946    0.122982    0.0264425    0.0788344    0.132946    0.122982    0.0264425    
0.0788346    0.132946    0.122982    0.0264424    0.0788346    0.132946    0.122982    0.0264424    
0.0788347    0.132947    0.122982    0.0264423    0.0788347    0.132947    0.122982    0.0264423    
0.0788348    0.132947    0.122982    0.0264422    0.0788348    0.132947    0.122982    0.0264422    
0.0788349    0.132947    0.122982    0.0264421    0.0788349    0.132947    0.122982    0.0264421    
0.078835    0.132948    0.122982    0.026442    0.078835    0.132948    0.122982    0.026442    
0.0788351    0.132948    0.122982    0.0264419    0.0788351    0.132948    0.122982    0.0264419    
0.0788351    0.132948    0.122982    0.0264419    0.0788351    0.132948    0.122982    0.0264419    
0.0788351    0.132948    0.122982    0.0264418    0.0788351    0.132948    0.122982    0.0264418    
0.0788351    0.132948    0.122982    0.0264418    0.0788351    0.132948    0.122982    0.0264418    
0.0788351    0.132948    0.122982    0.0264418    0.0788351    0.132948    0.122982    0.0264418    
0.078835    0.132948    0.122982    0.0264418    0.078835    0.132948    0.122982    0.0264418    
0.0788349    0.132948    0.122982    0.0264418    0.0788349    0.132948    0.122982    0.0264418    
0.0788349    0.132948    0.122982    0.0264418    0.0788349    0.132948    0.122982    0.0264418    
0.0788348    0.132947    0.122982    0.0264419    0.0788348    0.132947    0.122982    0.0264419    
0.0788346    0.132947    0.122982    0.0264419    0.0788346    0.132947    0.122982    0.0264419    
0.0788345    0.132947    0.122983    0.026442    0.0788345    0.132947    0.122983    0.026442    
0.0788344    0.132946    0.122983    0.026442    0.0788344    0.132946    0.122983    0.026442    
0.0788342    0.132946    0.122983    0.0264421    0.0788342    0.132946    0.122983    0.0264421    
0.078834    0.132945    0.122983    0.0264421    0.078834    0.132945    0.122983    0.0264421    
0.0788339    0.132945    0.122983    0.0264422    0.0788339    0.132945    0.122983    0.0264422    
0.0788337    0.132944    0.122983    0.0264423    0.0788337    0.132944    0.122983    0.0264423    
0.0788335    0.132944    0.122983    0.0264424    0.0788335    0.132944    0.122983    0.0264424    
0.0788333    0.132943    0.122983    0.0264425    0.0788333    0.132943    0.122983    0.0264425    
0.0788332    0.132943    0.122983    0.0264426    0.0788332    0.132943    0.122983    0.0264426    
0.078833    0.132942    0.122983    0.0264427    0.078833    0.132942    0.122983    0.0264427    
0.0788328    0.132942    0.122983    0.0264428    0.0788328    0.132942    0.122983    0.0264428    
0.0788326    0.132941    0.122983    0.0264429    0.0788326    0.132941    0.122983    0.0264429    
0.0788325    0.132941    0.122983    0.026443    0.0788325    0.132941    0.122983    0.026443    
0.0788323    0.13294    0.122983    0.0264431    0.0788323    0.13294    0.122983    0.0264431    
0.0788321    0.13294    0.122983    0.0264432    0.0788321    0.13294    0.122983    0.0264432    
0.078832    0.132939    0.122983    0.0264432    0.078832    0.132939    0.122983    0.0264432    
0.0788318    0.132939    0.122983    0.0264433    0.0788318    0.132939    0.122983    0.0264433    
0.0788317    0.132939    0.122983    0.0264434    0.0788317    0.132939    0.122983    0.0264434    
0.0788316    0.132938    0.122983    0.0264435    0.0788316    0.132938    0.122983    0.0264435    
0.0788315    0.132938    0.122983    0.0264436    0.0788315    0.132938    0.122983    0.0264436    
0.0788314    0.132938    0.122983    0.0264436    0.0788314    0.132938    0.122983    0.0264436    
0.0788313    0.132937    0.122983    0.0264437    0.0788313    0.132937    0.122983    0.0264437    
0.0788312    0.132937    0.122983    0.0264438    0.0788312    0.132937    0.122983    0.0264438    
0.0788311    0.132937    0.122983    0.0264438    0.0788311    0.132937    0.122983    0.0264438    
0.0788311    0.132937    0.122983    0.0264439    0.0788311    0.132937    0.122983    0.0264439    
0.078831    0.132937    0.122983    0.0264439    0.078831    0.132937    0.122983    0.0264439    
0.078831    0.132937    0.122983    0.0264439    0.078831    0.132937    0.122983    0.0264439    
0.078831    0.132937    0.122983    0.026444    0.078831    0.132937    0.122983    0.026444    
0.078831    0.132936    0.122983    0.026444    0.078831    0.132936    0.122983    0.026444    
0.078831    0.132936    0.122983    0.026444    0.078831    0.132936    0.122983    0.026444    
0.078831    0.132936    0.122983    0.026444    0.078831    0.132936    0.122983    0.026444    
0.078831    0.132937    0.122983    0.026444    0.078831    0.132937    0.122983    0.026444    
0.0788311    0.132937    0.122983    0.026444    0.0788311    0.132937    0.122983    0.026444    
0.0788311    0.132937    0.122983    0.026444    0.0788311    0.132937    0.122983    0.026444    
0.0788312    0.132937    0.122983    0.026444    0.0788312    0.132937    0.122983    0.026444    
0.0788312    0.132937    0.122982    0.026444    0.0788312    0.132937    0.122982    0.026444    
0.0788313    0.132937    0.122982    0.0264439    0.0788313    0.132937    0.122982    0.0264439    
0.0788314    0.132937    0.122982    0.0264439    0.0788314    0.132937    0.122982    0.0264439    
0.0788314    0.132938    0.122982    0.0264439    0.0788314    0.132938    0.122982    0.0264439    
0.0788315    0.132938    0.122982    0.0264438    0.0788315    0.132938    0.122982    0.0264438    
0.0788316    0.132938    0.122982    0.0264438    0.0788316    0.132938    0.122982    0.0264438    
0.0788317    0.132938    0.122982    0.0264438    0.0788317    0.132938    0.122982    0.0264438    
0.0788318    0.132939    0.122982    0.0264437    0.0788318    0.132939    0.122982    0.0264437    
0.0788319    0.132939    0.122982    0.0264437    0.0788319    0.132939    0.122982    0.0264437    
0.078832    0.132939    0.122982    0.0264436    0.078832    0.132939    0.122982    0.0264436    
0.0788321    0.132939    0.122982    0.0264436    0.0788321    0.132939    0.122982    0.0264436    
0.0788322    0.13294    0.122982    0.0264435    0.0788322    0.13294    0.122982    0.0264435    
0.0788323    0.13294    0.122982    0.0264435    0.0788323    0.13294    0.122982    0.0264435    
0.0788323    0.13294    0.122982    0.0264434    0.0788323    0.13294    0.122982    0.0264434    
0.0788324    0.13294    0.122982    0.0264434    0.0788324    0.13294    0.122982    0.0264434    
0.0788325    0.132941    0.122982    0.0264433    0.0788325    0.132941    0.122982    0.0264433    
0.0788326    0.132941    0.122982    0.0264433    0.0788326    0.132941    0.122982    0.0264433    
0.0788327    0.132941    0.122982    0.0264432    0.0788327    0.132941    0.122982    0.0264432    
0.0788327    0.132941    0.122982    0.0264432    0.0788327    0.132941    0.122982    0.0264432    
0.0788328    0.132942    0.122982    0.0264431    0.0788328    0.132942    0.122982    0.0264431    
0.0788329    0.132942    0.122982    0.0264431    0.0788329    0.132942    0.122982    0.0264431    
0.0788329    0.132942    0.122982    0.0264431    0.0788329    0.132942    0.122982    0.0264431    
0.078833    0.132942    0.122982    0.026443    0.078833    0.132942    0.122982    0.026443    
0.078833    0.132942    0.122982    0.026443    0.078833    0.132942    0.122982    0.026443    
0.078833    0.132942    0.122982    0.026443    0.078833    0.132942    0.122982    0.026443    
0.0788331    0.132942    0.122982    0.026443    0.0788331    0.132942    0.122982    0.026443    
0.0788331    0.132942    0.122982    0.0264429    0.0788331    0.132942    0.122982    0.0264429    
0.0788331    0.132942    0.122982    0.0264429    0.0788331    0.132942    0.122982    0.0264429    
0.0788331    0.132942    0.122982    0.0264429    0.0788331    0.132942    0.122982    0.0264429    
0.0788331    0.132942    0.122982    0.0264429    0.0788331    0.132942    0.122982    0.0264429    
0.0788331    0.132942    0.122982    0.0264429    0.0788331    0.132942    0.122982    0.0264429    
0.0788331    0.132942    0.122982    0.0264429    0.0788331    0.132942    0.122982    0.0264429    
0.0788331    0.132942    0.122982    0.0264429    0.0788331    0.132942    0.122982    0.0264429    
0.0788331    0.132942    0.122982    0.0264429    0.0788331    0.132942    0.122982    0.0264429    
0.0788331    0.132942    0.122982    0.0264429    0.0788331    0.132942    0.122982    0.0264429    
0.078833    0.132942    0.122982    0.0264429    0.078833    0.132942    0.122982    0.0264429    
0.078833    0.132942    0.122982    0.0264429    0.078833    0.132942    0.122982    0.0264429    
0.078833    0.132942    0.122982    0.0264429    0.078833    0.132942    0.122982    0.0264429    
0.0788329    0.132942    0.122983    0.0264429    0.0788329    0.132942    0.122983    0.0264429    
0.0788329    0.132942    0.122983    0.0264429    0.0788329    0.132942    0.122983    0.0264429    
0.0788328    0.132942    0.122983    0.026443    0.0788328    0.132942    0.122983    0.026443    
0.0788328    0.132942    0.122983    0.026443    0.0788328    0.132942    0.122983    0.026443    
0.0788328    0.132942    0.122983    0.026443    0.0788328    0.132942    0.122983    0.026443    
0.0788327    0.132941    0.122983    0.026443    0.0788327    0.132941    0.122983    0.026443    
0.0788327    0.132941    0.122983    0.026443    0.0788327    0.132941    0.122983    0.026443    
0.0788326    0.132941    0.122983    0.0264431    0.0788326    0.132941    0.122983    0.0264431    
0.0788326    0.132941    0.122983    0.0264431    0.0788326    0.132941    0.122983    0.0264431    
0.0788325    0.132941    0.122983    0.0264431    0.0788325    0.132941    0.122983    0.0264431    
0.0788325    0.132941    0.122983    0.0264432    0.0788325    0.132941    0.122983    0.0264432    
0.0788324    0.132941    0.122983    0.0264432    0.0788324    0.132941    0.122983    0.0264432    
0.0788324    0.13294    0.122983    0.0264432    0.0788324    0.13294    0.122983    0.0264432    
0.0788323    0.13294    0.122983    0.0264432    0.0788323    0.13294    0.122983    0.0264432    
0.0788323    0.13294    0.122983    0.0264433    0.0788323    0.13294    0.122983    0.0264433    
0.0788323    0.13294    0.122983    0.0264433    0.0788323    0.13294    0.122983    0.0264433    
0.0788322    0.13294    0.122983    0.0264433    0.0788322    0.13294    0.122983    0.0264433    
0.0788322    0.13294    0.122983    0.0264433    0.0788322    0.13294    0.122983    0.0264433    
0.0788322    0.13294    0.122983    0.0264433    0.0788322    0.13294    0.122983    0.0264433    
0.0788321    0.13294    0.122983    0.0264434    0.0788321    0.13294    0.122983    0.0264434    
0.0788321    0.13294    0.122983    0.0264434    0.0788321    0.13294    0.122983    0.0264434    
0.0788321    0.13294    0.122983    0.0264434    0.0788321    0.13294    0.122983    0.0264434    
0.0788321    0.13294    0.122983    0.0264434    0.0788321    0.13294    0.122983    0.0264434    
0.078832    0.132939    0.122983    0.0264434    0.078832    0.132939    0.122983    0.0264434    
0.078832    0.132939    0.122983    0.0264434    0.078832    0.132939    0.122983    0.0264434    
0.078832    0.132939    0.122983    0.0264434    0.078832    0.132939    0.122983    0.0264434    
0.078832    0.132939    0.122983    0.0264435    0.078832    0.132939    0.122983    0.0264435    
0.078832    0.132939    0.122983    0.0264435    0.078832    0.132939    0.122983    0.0264435    
0.078832    0.132939    0.122983    0.0264435    0.078832    0.132939    0.122983    0.0264435    
0.078832    0.132939    0.122983    0.0264435    0.078832    0.132939    0.122983    0.0264435    
0.078832    0.132939    0.122983    0.0264435    0.078832    0.132939    0.122983    0.0264435    
0.078832    0.132939    0.122983    0.0264435    0.078832    0.132939    0.122983    0.0264435    
0.078832    0.132939    0.122982    0.0264435    0.078832    0.132939    0.122982    0.0264435    
0.0788321    0.132939    0.122982    0.0264435    0.0788321    0.132939    0.122982    0.0264435    
0.0788321    0.13294    0.122982    0.0264435    0.0788321    0.13294    0.122982    0.0264435    
0.0788321    0.13294    0.122982    0.0264434    0.0788321    0.13294    0.122982    0.0264434    
0.0788321    0.13294    0.122982    0.0264434    0.0788321    0.13294    0.122982    0.0264434    
0.0788321    0.13294    0.122982    0.0264434    0.0788321    0.13294    0.122982    0.0264434    
0.0788322    0.13294    0.122982    0.0264434    0.0788322    0.13294    0.122982    0.0264434    
0.0788322    0.13294    0.122982    0.0264434    0.0788322    0.13294    0.122982    0.0264434    
0.0788322    0.13294    0.122982    0.0264434    0.0788322    0.13294    0.122982    0.0264434    
0.0788322    0.13294    0.122982    0.0264434    0.0788322    0.13294    0.122982    0.0264434    
0.0788322    0.13294    0.122982    0.0264434    0.0788322    0.13294    0.122982    0.0264434    
0.0788323    0.13294    0.122982    0.0264434    0.0788323    0.13294    0.122982    0.0264434    
0.0788323    0.13294    0.122982    0.0264434    0.0788323    0.13294    0.122982    0.0264434    
0.0788323    0.13294    0.122982    0.0264433    0.0788323    0.13294    0.122982    0.0264433    
0.0788323    0.13294    0.122982    0.0264433    0.0788323    0.13294    0.122982    0.0264433    
0.0788324    0.13294    0.122982    0.0264433    0.0788324    0.13294    0.122982    0.0264433    
0.0788324    0.13294    0.122982    0.0264433    0.0788324    0.13294    0.122982    0.0264433    
0.0788324    0.13294    0.122982    0.0264433    0.0788324    0.13294    0.122982    0.0264433    
0.0788324    0.132941    0.122982    0.0264433    0.0788324    0.132941    0.122982    0.0264433    
0.0788325    0.132941    0.122982    0.0264433    0.0788325    0.132941    0.122982    0.0264433    
0.0788325    0.132941    0.122982    0.0264432    0.0788325    0.132941    0.122982    0.0264432    
0.0788325    0.132941    0.122982    0.0264432    0.0788325    0.132941    0.122982    0.0264432    
0.0788325    0.132941    0.122982    0.0264432    0.0788325    0.132941    0.122982    0.0264432    
0.0788325    0.132941    0.122982    0.0264432    0.0788325    0.132941    0.122982    0.0264432    
0.0788325    0.132941    0.122982    0.0264432    0.0788325    0.132941    0.122982    0.0264432    
0.0788326    0.132941    0.122982    0.0264432    0.0788326    0.132941    0.122982    0.0264432    
0.0788326    0.132941    0.122982    0.0264432    0.0788326    0.132941    0.122982    0.0264432    
0.0788326    0.132941    0.122982    0.0264432    0.0788326    0.132941    0.122982    0.0264432    
0.0788326    0.132941    0.122982    0.0264432    0.0788326    0.132941    0.122982    0.0264432    
0.0788326    0.132941    0.122982    0.0264432    0.0788326    0.132941    0.122982    0.0264432    
0.0788326    0.132941    0.122982    0.0264432    0.0788326    0.132941    0.122982    0.0264432    
0.0788326    0.132941    0.122982    0.0264432    0.0788326    0.132941    0.122982    0.0264432    
0.0788326    0.132941    0.122982    0.0264432    0.0788326    0.132941    0.122982    0.0264432    
0.0788326    0.132941    0.122982    0.0264432    0.0788326    0.132941    0.122982    0.0264432    
0.0788326    0.132941    0.122982    0.0264432    0.0788326    0.132941    0.122982    0.0264432    
0.0788326    0.132941    0.122982    0.0264432    0.0788326    0.132941    0.122982    0.0264432    
0.0788326    0.132941    0.122982    0.0264432    0.0788326    0.132941    0.122982    0.0264432    
0.0788326    0.132941    0.122982    0.0264432    0.0788326    0.132941    0.122982    0.0264432    
0.0788326    0.132941    0.122982    0.0264432    0.0788326    0.132941    0.122982    0.0264432    
0.0788325    0.132941    0.122982    0.0264432    0.0788325    0.132941    0.122982    0.0264432    
0.0788325    0.132941    0.122982    0.0264432    0.0788325    0.132941    0.122982    0.0264432    
0.0788325    0.132941    0.122982    0.0264432    0.0788325    0.132941    0.122982    0.0264432    
0.0788325    0.132941    0.122982    0.0264432    0.0788325    0.132941    0.122982    0.0264432    
0.0788325    0.132941    0.122982    0.0264432    0.0788325    0.132941    0.122982    0.0264432    
0.0788325    0.132941    0.122982    0.0264432    0.0788325    0.132941    0.122982    0.0264432    
0.0788325    0.132941    0.122982    0.0264432    0.0788325    0.132941    0.122982    0.0264432    
0.0788325    0.132941    0.122982    0.0264432    0.0788325    0.132941    0.122982    0.0264432    
0.0788325    0.132941    0.122983    0.0264432    0.0788325    0.132941    0.122983    0.0264432    
0.0788324    0.132941    0.122983    0.0264432    0.0788324    0.132941    0.122983    0.0264432    
0.0788324    0.132941    0.122983    0.0264432    0.0788324    0.132941    0.122983    0.0264432    
0.0788324    0.132941    0.122983    0.0264432    0.0788324    0.132941    0.122983    0.0264432    
0.0788324    0.13294    0.122983    0.0264432    0.0788324    0.13294    0.122983    0.0264432    
0.0788324    0.13294    0.122983    0.0264432    0.0788324    0.13294    0.122983    0.0264432    
0.0788324    0.13294    0.122983    0.0264433    0.0788324    0.13294    0.122983    0.0264433    
0.0788324    0.13294    0.122983    0.0264433    0.0788324    0.13294    0.122983    0.0264433    
0.0788324    0.13294    0.122983    0.0264433    0.0788324    0.13294    0.122983    0.0264433    
0.0788323    0.13294    0.122983    0.0264433    0.0788323    0.13294    0.122983    0.0264433    
0.0788323    0.13294    0.122983    0.0264433    0.0788323    0.13294    0.122983    0.0264433    
0.0788323    0.13294    0.122983    0.0264433    0.0788323    0.13294    0.122983    0.0264433    
0.0788323    0.13294    0.122983    0.0264433    0.0788323    0.13294    0.122983    0.0264433    
0.0788323    0.13294    0.122983    0.0264433    0.0788323    0.13294    0.122983    0.0264433    
0.0788323    0.13294    0.122983    0.0264433    0.0788323    0.13294    0.122983    0.0264433    
0.0788323    0.13294    0.122983    0.0264433    0.0788323    0.13294    0.122983    0.0264433    
0.0788323    0.13294    0.122982    0.0264433    0.0788323    0.13294    0.122982    0.0264433    
0.0788323    0.13294    0.122982    0.0264433    0.0788323    0.13294    0.122982    0.0264433    
0.0788323    0.13294    0.122982    0.0264433    0.0788323    0.13294    0.122982    0.0264433    
0.0788323    0.13294    0.122982    0.0264433    0.0788323    0.13294    0.122982    0.0264433    
0.0788323    0.13294    0.122982    0.0264433    0.0788323    0.13294    0.122982    0.0264433    
0.0788323    0.13294    0.122982    0.0264433    0.0788323    0.13294    0.122982    0.0264433    
0.0788323    0.13294    0.122982    0.0264433    0.0788323    0.13294    0.122982    0.0264433    
0.0788323    0.13294    0.122982    0.0264433    0.0788323    0.13294    0.122982    0.0264433    
0.0788323    0.13294    0.122982    0.0264433    0.0788323    0.13294    0.122982    0.0264433    
0.0788323    0.13294    0.122982    0.0264433    0.0788323    0.13294    0.122982    0.0264433    
0.0788323    0.13294    0.122982    0.0264433    0.0788323    0.13294    0.122982    0.0264433    
0.0788323    0.13294    0.122982    0.0264433    0.0788323    0.13294    0.122982    0.0264433    
0.0788323    0.13294    0.122982    0.0264433    0.0788323    0.13294    0.122982    0.0264433    
0.0788323    0.13294    0.122982    0.0264433    0.0788323    0.13294    0.122982    0.0264433    
0.0788323    0.13294    0.122982    0.0264433    0.0788323    0.13294    0.122982    0.0264433    
0.0788323    0.13294    0.122982    0.0264433    0.0788323    0.13294    0.122982    0.0264433    
0.0788323    0.13294    0.122982    0.0264433    0.0788323    0.13294    0.122982    0.0264433    
0.0788323    0.13294    0.122982    0.0264433    0.0788323    0.13294    0.122982    0.0264433    
0.0788323    0.13294    0.122982    0.0264433    0.0788323    0.13294    0.122982    0.0264433    
0.0788324    0.13294    0.122982    0.0264433    0.0788324    0.13294    0.122982    0.0264433    
0.0788324    0.13294    0.122982    0.0264433    0.0788324    0.13294    0.122982    0.0264433    
0.0788324    0.13294    0.122982    0.0264433    0.0788324    0.13294    0.122982    0.0264433    
0.0788324    0.13294    0.122982    0.0264433    0.0788324    0.13294    0.122982    0.0264433    
0.0788324    0.13294    0.122982    0.0264433    0.0788324    0.13294    0.122982    0.0264433    
0.0788324    0.13294    0.122982    0.0264433    0.0788324    0.13294    0.122982    0.0264433    
0.0788324    0.13294    0.122982    0.0264433    0.0788324    0.13294    0.122982    0.0264433    
0.0788324    0.13294    0.122982    0.0264433    0.0788324    0.13294    0.122982    0.0264433    
0.0788324    0.13294    0.122982    0.0264433    0.0788324    0.13294    0.122982    0.0264433    
0.0788324    0.13294    0.122982    0.0264433    0.0788324    0.13294    0.122982    0.0264433    
0.0788324    0.13294    0.122982    0.0264433    0.0788324    0.13294    0.122982    0.0264433    
0.0788324    0.132941    0.122982    0.0264433    0.0788324    0.132941    0.122982    0.0264433    
0.0788324    0.132941    0.122982    0.0264433    0.0788324    0.132941    0.122982    0.0264433    
0.0788324    0.132941    0.122982    0.0264433    0.0788324    0.132941    0.122982    0.0264433    
0.0788324    0.132941    0.122982    0.0264432    0.0788324    0.132941    0.122982    0.0264432    
0.0788324    0.132941    0.122982    0.0264432    0.0788324    0.132941    0.122982    0.0264432    
0.0788324    0.132941    0.122982    0.0264432    0.0788324    0.132941    0.122982    0.0264432    
0.0788324    0.132941    0.122982    0.0264432    0.0788324    0.132941    0.122982    0.0264432    
0.0788324    0.132941    0.122982    0.0264432    0.0788324    0.132941    0.122982    0.0264432    
0.0788324    0.132941    0.122982    0.0264432    0.0788324    0.132941    0.122982    0.0264432    
0.0788324    0.132941    0.122982    0.0264432    0.0788324    0.132941    0.122982    0.0264432    
0.0788324    0.132941    0.122982    0.0264432    0.0788324    0.132941    0.122982    0.0264432    
0.0788324    0.132941    0.122982    0.0264432    0.0788324    0.132941    0.122982    0.0264432    
0.0788324    0.132941    0.122982    0.0264432    0.0788324    0.132941    0.122982    0.0264432    
0.0788324    0.132941    0.122982    0.0264432    0.0788324    0.132941    0.122982    0.0264432    
0.0788324    0.132941    0.122982    0.0264432    0.0788324    0.132941    0.122982    0.0264432    
0.0788324    0.132941    0.122982    0.0264432    0.0788324    0.132941    0.122982    0.0264432    
0.0788324    0.132941    0.122982    0.0264432    0.0788324    0.132941    0.122982    0.0264432    
0.0788324    0.132941    0.122982    0.0264432    0.0788324    0.132941    0.122982    0.0264432    
0.0788324    0.132941    0.122982    0.0264432    0.0788324    0.132941    0.122982    0.0264432    
0.0788324    0.132941    0.122982    0.0264432    0.0788324    0.132941    0.122982    0.0264432    
0.0788324    0.132941    0.122982    0.0264432    0.0788324    0.132941    0.122982    0.0264432    
0.0788324    0.132941    0.122982    0.0264432    0.0788324    0.132941    0.122982    0.0264432    
0.0788324    0.132941    0.122982    0.0264432    0.0788324    0.132941    0.122982    0.0264432    
0.0788324    0.132941    0.122982    0.0264432    0.0788324    0.132941    0.122982    0.0264432    
0.0788324    0.132941    0.122982    0.0264432    0.0788324    0.132941    0.122982    0.0264432    
0.0788324    0.132941    0.122982    0.0264432    0.0788324    0.132941    0.122982    0.0264432    
0.0788324    0.13294    0.122982    0.0264432    0.0788324    0.13294    0.122982    0.0264432    
0.0788324    0.13294    0.122982    0.0264433    0.0788324    0.13294    0.122982    0.0264433    
0.0788324    0.13294    0.122982    0.0264433    0.0788324    0.13294    0.122982    0.0264433    
0.0788324    0.13294    0.122982    0.0264433    0.0788324    0.13294    0.122982    0.0264433    
0.0788324    0.13294    0.122982    0.0264433    0.0788324    0.13294    0.122982    0.0264433    
0.0788324    0.13294    0.122982    0.0264433    0.0788324    0.13294    0.122982    0.0264433    
0.0788324    0.13294    0.122982    0.0264433    0.0788324    0.13294    0.122982    0.0264433    
0.0788324    0.13294    0.122982    0.0264433    0.0788324    0.13294    0.122982    0.0264433    
0.0788324    0.13294    0.122982    0.0264433    0.0788324    0.13294    0.122982    0.0264433    
0.0788324    0.13294    0.122982    0.0264433    0.0788324    0.13294    0.122982    0.0264433    
0.0788324    0.13294    0.122982    0.0264433    0.0788324    0.13294    0.122982    0.0264433    
0.0788324    0.13294    0.122982    0.0264433    0.0788324    0.13294    0.122982    0.0264433    
0.0788324    0.13294    0.122982    0.0264433    0.0788324    0.13294    0.122982    0.0264433    
0.0788324    0.13294    0.122982    0.0264433    0.0788324    0.13294    0.122982    0.0264433    
0.0788324    0.13294    0.122982    0.0264433    0.0788324    0.13294    0.122982    0.0264433    
0.0788324    0.13294    0.122982    0.0264433    0.0788324    0.13294    0.122982    0.0264433    
0.0788324    0.13294    0.122982    0.0264433    0.0788324    0.13294    0.122982    0.0264433    
0.0788324    0.13294    0.122982    0.0264433    0.0788324    0.13294    0.122982    0.0264433    
0.0788324    0.13294    0.122982    0.0264433    0.0788324    0.13294    0.122982    0.0264433    
0.0788324    0.13294    0.122982    0.0264433    0.0788324    0.13294    0.122982    0.0264433    
0.0788324    0.13294    0.122982    0.0264433    0.0788324    0.13294    0.122982    0.0264433    
0.0788324    0.13294    0.122982    0.0264433    0.0788324    0.13294    0.122982    0.0264433    
0.0788324    0.13294    0.122982    0.0264433    0.0788324    0.13294    0.122982    0.0264433    
0.0788324    0.13294    0.122982    0.0264433    0.0788324    0.13294    0.122982    0.0264433    
0.0788324    0.13294    0.122982    0.0264433    0.0788324    0.13294    0.122982    0.0264433    
0.0788324    0.13294    0.122982    0.0264433    0.0788324    0.13294    0.122982    0.0264433    
0.0788324    0.13294    0.122982    0.0264433    0.0788324    0.13294    0.122982    0.0264433    
0.0788324    0.13294    0.122982    0.0264433    0.0788324    0.13294    0.122982    0.0264433    
0.0788324    0.13294    0.122982    0.0264433    0.0788324    0.13294    0.122982    0.0264433    
0.0788324    0.13294    0.122982    0.0264433    0.0788324    0.13294    0.122982    0.0264433    
0.0788324    0.13294    0.122982    0.0264433    0.0788324    0.13294    0.122982    0.0264433    
0.0788324    0.13294    0.122982    0.0264433    0.0788324    0.13294    0.122982    0.0264433    
0.0788324    0.13294    0.122982    0.0264433    0.0788324    0.13294    0.122982    0.0264433    
0.0788324    0.13294    0.122982    0.0264433    0.0788324    0.13294    0.122982    0.0264433    
0.0788324    0.13294    0.122982    0.0264433    0.0788324    0.13294    0.122982    0.0264433    
0.0788324    0.13294    0.122982    0.0264433    0.0788324    0.13294    0.122982    0.0264433    
0.0788324    0.13294    0.122982    0.0264433    0.0788324    0.13294    0.122982    0.0264433    
0.0788324    0.13294    0.122982    0.0264433    0.0788324    0.13294    0.122982    0.0264433    
0.0788324    0.13294    0.122982    0.0264433    0.0788324    0.13294    0.122982    0.0264433    
0.0788324    0.13294    0.122982    0.0264433    0.0788324    0.13294    0.122982    0.0264433    
0.0788324    0.13294    0.122982    0.0264433    0.0788324    0.13294    0.122982    0.0264433    
0.0788324    0.13294    0.122982    0.0264433    0.0788324    0.13294    0.122982    0.0264433    
0.0788324    0.13294    0.122982    0.0264433    0.0788324    0.13294    0.122982    0.0264433    
0.0788324    0.13294    0.122982    0.0264433    0.0788324    0.13294    0.122982    0.0264433    
0.0788324    0.13294    0.122982    0.0264433    0.0788324    0.13294    0.122982    0.0264433    
0.0788324    0.13294    0.122982    0.0264433    0.0788324    0.13294    0.122982    0.0264433    
0.0788324    0.13294    0.122982    0.0264433    0.0788324    0.13294    0.122982    0.0264433    
0.0788324    0.13294    0.122982    0.0264433    0.0788324    0.13294    0.122982    0.0264433    
0.0788324    0.13294    0.122982    0.0264433    0.0788324    0.13294    0.122982    0.0264433    
0.0788324    0.13294    0.122982    0.0264433    0.0788324    0.13294    0.122982    0.0264433    
0.0788324    0.13294    0.122982    0.0264433    0.0788324    0.13294    0.122982    0.0264433    
0.0788324    0.13294    0.122982    0.0264433    0.0788324    0.13294    0.122982    0.0264433    
0.0788324    0.13294    0.122982    0.0264433    0.0788324    0.13294    0.122982    0.0264433    
0.0788324    0.13294    0.122982    0.0264433    0.0788324    0.13294    0.122982    0.0264433    
0.0788324    0.13294    0.122982    0.0264433    0.0788324    0.13294    0.122982    0.0264433    
0.0788324    0.13294    0.122982    0.0264433    0.0788324    0.13294    0.122982    0.0264433    
0.0788324    0.13294    0.122982    0.0264433    0.0788324    0.13294    0.122982    0.0264433    
0.0788324    0.13294    0.122982    0.0264433    0.0788324    0.13294    0.122982    0.0264433    
0.0788324    0.13294    0.122982    0.0264433    0.0788324    0.13294    0.122982    0.0264433    
0.0788324    0.13294    0.122982    0.0264433    0.0788324    0.13294    0.122982    0.0264433    
0.0788324    0.13294    0.122982    0.0264433    0.0788324    0.13294    0.122982    0.0264433    
0.0788324    0.13294    0.122982    0.0264433    0.0788324    0.13294    0.122982    0.0264433    
0.0788324    0.13294    0.122982    0.0264433    0.0788324    0.13294    0.122982    0.0264433    
0.0788324    0.13294    0.122982    0.0264433    0.0788324    0.13294    0.122982    0.0264433    
0.0788324    0.13294    0.122982    0.0264433    0.0788324    0.13294    0.122982    0.0264433    
0.0788324    0.13294    0.122982    0.0264433    0.0788324    0.13294    0.122982    0.0264433    
0.0788324    0.13294    0.122982    0.0264433    0.0788324    0.13294    0.122982    0.0264433    
0.0788324    0.13294    0.122982    0.0264433    0.0788324    0.13294    0.122982    0.0264433    
0.0788324    0.13294    0.122982    0.0264433    0.0788324    0.13294    0.122982    0.0264433    
0.0788324    0.13294    0.122982    0.0264433    0.0788324    0.13294    0.122982    0.0264433    
0.0788324    0.13294    0.122982    0.0264433    0.0788324    0.13294    0.122982    0.0264433    
0.0788324    0.13294    0.122982    0.0264433    0.0788324    0.13294    0.122982    0.0264433    
0.0788324    0.13294    0.122982    0.0264433    0.0788324    0.13294    0.122982    0.0264433    
0.0788324    0.13294    0.122982    0.0264433    0.0788324    0.13294    0.122982    0.0264433    
0.0788324    0.13294    0.122982    0.0264433    0.0788324    0.13294    0.122982    0.0264433    
0.0788324    0.13294    0.122982    0.0264433    0.0788324    0.13294    0.122982    0.0264433    
0.0788324    0.13294    0.122982    0.0264433    0.0788324    0.13294    0.122982    0.0264433    
0.0788324    0.13294    0.122982    0.0264433    0.0788324    0.13294    0.122982    0.0264433    
0.0788324    0.13294    0.122982    0.0264433    0.0788324    0.13294    0.122982    0.0264433    
0.0788324    0.13294    0.122982    0.0264433    0.0788324    0.13294    0.122982    0.0264433    
0.0788324    0.13294    0.122982    0.0264433    0.0788324    0.13294    0.122982    0.0264433    
0.0788324    0.13294    0.122982    0.0264433    0.0788324    0.13294    0.122982    0.0264433    
0.0788324    0.13294    0.122982    0.0264433    0.0788324    0.13294    0.122982    0.0264433    
0.0788324    0.13294    0.122982    0.0264433    0.0788324    0.13294    0.122982    0.0264433    
0.0788324    0.13294    0.122982    0.0264433    0.0788324    0.13294    0.122982    0.0264433    
0.0788324    0.13294    0.122982    0.0264433    0.0788324    0.13294    0.122982    0.0264433    
0.0788324    0.13294    0.122982    0.0264433    0.0788324    0.13294    0.122982    0.0264433    
0.0788324    0.13294    0.122982    0.0264433    0.0788324    0.13294    0.122982    0.0264433    
0.0788324    0.13294    0.122982    0.0264433    0.0788324    0.13294    0.122982    0.0264433    
0.0788324    0.13294    0.122982    0.0264433    0.0788324    0.13294    0.122982    0.0264433    
0.0788324    0.13294    0.122982    0.0264433    0.0788324    0.13294    0.122982    0.0264433    
0.0788324    0.13294    0.122982    0.0264433    0.0788324    0.13294    0.122982    0.0264433    
0.0788324    0.13294    0.122982    0.0264433    0.0788324    0.13294    0.122982    0.0264433    
0.0788324    0.13294    0.122982    0.0264433    0.0788324    0.13294    0.122982    0.0264433    
0.0788324    0.13294    0.122982    0.0264433    0.0788324    0.13294    0.122982    0.0264433    
0.0788324    0.13294    0.122982    0.0264433    0.0788324    0.13294    0.122982    0.0264433    
0.0788324    0.13294    0.122982    0.0264433    0.0788324    0.13294    0.122982    0.0264433    
0.0788324    0.13294    0.122982    0.0264433    0.0788324    0.13294    0.122982    0.0264433    
0.0788324    0.13294    0.122982    0.0264433    0.0788324    0.13294    0.122982    0.0264433    
0.0788324    0.13294    0.122982    0.0264433    0.0788324    0.13294    0.122982    0.0264433    
0.0788324    0.13294    0.122982    0.0264433    0.0788324    0.13294    0.122982    0.0264433    
0.0788324    0.13294    0.122982    0.0264433    0.0788324    0.13294    0.122982    0.0264433    
0.0788324    0.13294    0.122982    0.0264433    0.0788324    0.13294    0.122982    0.0264433    
0.0788324    0.13294    0.122982    0.0264433    0.0788324    0.13294    0.122982    0.0264433    
0.0788324    0.13294    0.122982    0.0264433    0.0788324    0.13294    0.122982    0.0264433    
0.0788324    0.13294    0.122982    0.0264433    0.0788324    0.13294    0.122982    0.0264433    
0.0788324    0.13294    0.122982    0.0264433    0.0788324    0.13294    0.122982    0.0264433    
0.0788324    0.13294    0.122982    0.0264433    0.0788324    0.13294    0.122982    0.0264433    
0.0788324    0.13294    0.122982    0.0264433    0.0788324    0.13294    0.122982    0.0264433    
0.0788324    0.13294    0.122982    0.0264433    0.0788324    0.13294    0.122982    0.0264433    
0.0788324    0.13294    0.122982    0.0264433    0.0788324    0.13294    0.122982    0.0264433    
0.0788324    0.13294    0.122982    0.0264433    0.0788324    0.13294    0.122982    0.0264433    
0.0788324    0.13294    0.122982    0.0264433    0.0788324    0.13294    0.122982    0.0264433    
0.0788324    0.13294    0.122982    0.0264433    0.0788324    0.13294    0.122982    0.0264433    
0.0788324    0.13294    0.122982    0.0264433    0.0788324    0.13294    0.122982    0.0264433    
0.0788324    0.13294    0.122982    0.0264433    0.0788324    0.13294    0.122982    0.0264433    
0.0788324    0.13294    0.122982    0.0264433    0.0788324    0.13294    0.122982    0.0264433    
0.0788324    0.13294    0.122982    0.0264433    0.0788324    0.13294    0.122982    0.0264433    
0.0788324    0.13294    0.122982    0.0264433    0.0788324    0.13294    0.122982    0.0264433    
0.0788324    0.13294    0.122982    0.0264433    0.0788324    0.13294    0.122982    0.0264433    
0.0788324    0.13294    0.122982    0.0264433    0.0788324    0.13294    0.122982    0.0264433    
0.0788324    0.13294    0.122982    0.0264433    0.0788324    0.13294    0.122982    0.0264433    
0.0788324    0.13294    0.122982    0.0264433    0.0788324    0.13294    0.122982    0.0264433    
0.0788324    0.13294    0.122982    0.0264433    0.0788324    0.13294    0.122982    0.0264433    
0.0788324    0.13294    0.122982    0.0264433    0.0788324    0.13294    0.122982    0.0264433    
0.0788324    0.13294    0.122982    0.0264433    0.0788324    0.13294    0.122982    0.0264433    
0.0788324    0.13294    0.122982    0.0264433    0.0788324    0.13294    0.122982    0.0264433    
0.0788324    0.13294    0.122982    0.0264433    0.0788324    0.13294    0.122982    0.0264433    
0.0788324    0.13294    0.122982    0.0264433    0.0788324    0.13294    0.122982    0.0264433    
0.0788324    0.13294    0.122982    0.0264433    0.0788324    0.13294    0.122982    0.0264433    
0.0788324    0.13294    0.122982    0.0264433    0.0788324    0.13294    0.122982    0.0264433    
0.0788324    0.13294    0.122982    0.0264433    0.0788324    0.13294    0.122982    0.0264433    
0.0788324    0.13294    0.122982    0.0264433    0.0788324    0.13294    0.122982    0.0264433    
0.0788324    0.13294    0.122982    0.0264433    0.0788324    0.13294    0.122982    0.0264433    
0.0788324    0.13294    0.122982    0.0264433    0.0788324    0.13294    0.122982    0.0264433    
0.0788324    0.13294    0.122982    0.0264433    0.0788324    0.13294    0.122982    0.0264433    
0.0788324    0.13294    0.122982    0.0264433    0.0788324    0.13294    0.122982    0.0264433    
0.0788324    0.13294    0.122982    0.0264433    0.0788324    0.13294    0.122982    0.0264433    
